i-2	i-1	i+0	i+1	i+2	Filter
167	424	670	541	544	2
424	670	541	544	421	0
670	541	544	421	373	0
541	544	421	373	385	1
544	421	373	385	922	2
421	373	385	922	401	1
373	385	922	401	716	2
385	922	401	716	413	1
922	401	716	413	653	2
401	716	413	653	530	1
716	413	653	530	529	2
413	653	530	529	408	0
653	530	529	408	374	0
530	529	408	374	875	1
529	408	374	875	541	2
408	374	875	541	541	0
374	875	541	541	412	0
875	541	541	412	386	0
541	541	412	386	902	1
541	412	386	902	409	2
412	386	902	409	720	0
386	902	409	720	548	1
902	409	720	548	549	2
409	720	548	549	409	0
720	548	549	409	362	0
548	549	409	362	894	1
549	409	362	894	428	2
409	362	894	428	646	0
362	894	428	646	545	1
894	428	646	545	537	2
428	646	545	537	420	0
646	545	537	420	673	0
545	537	420	673	534	1
537	420	673	534	548	2
420	673	534	548	444	0
673	534	548	444	346	0
534	548	444	346	953	1
548	444	346	953	440	2
444	346	953	440	704	0
346	953	440	704	572	1
953	440	704	572	549	2
440	704	572	549	424	0
704	572	549	424	782	0
572	549	424	782	409	1
549	424	782	409	727	2
424	782	409	727	592	1
782	409	727	592	552	2
409	727	592	552	397	0
727	592	552	397	366	0
592	552	397	366	852	1
552	397	366	852	576	2
397	366	852	576	514	0
366	852	576	514	529	0
852	576	514	529	525	0
576	514	529	525	518	0
514	529	525	518	525	0
529	525	518	525	514	0
525	518	525	514	517	0
518	525	514	517	529	0
525	514	517	529	545	0
514	517	529	545	440	0
517	529	545	440	346	0
529	545	440	346	856	1
545	440	346	856	545	2
440	346	856	545	544	0
346	856	545	544	417	0
856	545	544	417	677	0
545	544	417	677	412	1
544	417	677	412	670	2
417	677	412	670	521	1
677	412	670	521	529	2
412	670	521	529	405	0
670	521	529	405	350	0
521	529	405	350	817	1
529	405	350	817	455	2
405	350	817	455	588	0
350	817	455	588	517	1
817	455	588	517	518	2
455	588	517	518	377	0
588	517	518	377	685	0
517	518	377	685	409	1
518	377	685	409	650	2
377	685	409	650	432	1
685	409	650	432	630	2
409	650	432	630	424	1
650	432	630	424	642	2
432	630	424	642	428	1
630	424	642	428	654	2
424	642	428	654	397	1
642	428	654	397	681	2
428	654	397	681	431	1
654	397	681	431	658	2
397	681	431	658	397	1
681	431	658	397	681	2
431	658	397	681	377	1
658	397	681	377	681	2
397	681	377	681	420	1
681	377	681	420	619	2
377	681	420	619	518	1
681	420	619	518	389	2
420	619	518	389	362	0
619	518	389	362	817	1
518	389	362	817	471	2
389	362	817	471	560	0
362	817	471	560	373	1
817	471	560	373	343	2
471	560	373	343	821	1
560	373	343	821	404	2
373	343	821	404	627	0
343	821	404	627	510	1
821	404	627	510	498	2
404	627	510	498	498	0
627	510	498	498	498	0
510	498	498	498	494	0
498	498	498	494	498	0
498	498	494	498	486	0
498	494	498	486	491	0
494	498	486	491	397	0
498	486	491	397	338	0
486	491	397	338	759	1
491	397	338	759	393	2
397	338	759	393	603	0
338	759	393	603	486	1
759	393	603	486	483	2
393	603	486	483	486	0
603	486	483	486	479	0
486	483	486	479	455	0
483	486	479	455	510	0
486	479	455	510	385	0
479	455	510	385	584	0
455	510	385	584	459	1
510	385	584	459	517	2
385	584	459	517	370	1
584	459	517	370	335	2
459	517	370	335	774	1
517	370	335	774	486	2
370	335	774	486	487	0
335	774	486	487	474	0
774	486	487	474	483	0
486	487	474	483	479	0
487	474	483	479	470	0
474	483	479	470	397	0
483	479	470	397	564	0
479	470	397	564	475	1
470	397	564	475	479	2
397	564	475	479	471	0
564	475	479	471	474	0
475	479	471	474	382	0
479	471	474	382	334	0
471	474	382	334	739	1
474	382	334	739	374	2
382	334	739	374	607	0
334	739	374	607	393	1
739	374	607	393	572	2
374	607	393	572	444	1
607	393	572	444	517	2
393	572	444	517	432	1
572	444	517	432	506	2
444	517	432	506	467	1
517	432	506	467	463	2
432	506	467	463	459	0
506	467	463	459	479	0
467	463	459	479	482	0
463	459	479	482	467	0
459	479	482	467	471	0
479	482	467	471	471	0
482	467	471	471	474	0
467	471	471	474	479	0
471	471	474	479	381	0
471	474	479	381	549	0
474	479	381	549	366	1
479	381	549	366	607	2
381	549	366	607	354	1
549	366	607	354	576	2
366	607	354	576	400	1
607	354	576	400	541	2
354	576	400	541	362	1
576	400	541	362	572	2
400	541	362	572	451	1
541	362	572	451	456	2
362	572	451	456	420	0
572	451	456	420	486	0
451	456	420	486	409	1
456	420	486	409	490	2
420	486	409	490	393	1
486	409	490	393	510	2
409	490	393	510	401	1
490	393	510	401	470	2
393	510	401	470	444	1
510	401	470	444	440	2
401	470	444	440	358	0
470	444	440	358	311	0
444	440	358	311	661	1
440	358	311	661	343	2
358	311	661	343	525	0
311	661	343	525	432	1
661	343	525	432	436	2
343	525	432	436	428	0
525	432	436	428	432	0
432	436	428	432	377	0
436	428	432	377	494	0
428	432	377	494	390	1
432	377	494	390	470	2
377	494	390	470	436	1
494	390	470	436	432	2
390	470	436	432	432	0
470	436	432	432	432	0
436	432	432	432	362	0
432	432	432	362	311	0
432	432	362	311	623	1
432	362	311	623	393	2
362	311	623	393	478	0
311	623	393	478	432	1
623	393	478	432	432	2
393	478	432	432	377	0
478	432	432	377	483	0
432	432	377	483	443	1
432	377	483	443	413	2
377	483	443	413	389	0
483	443	413	389	471	0
443	413	389	471	432	1
413	389	471	432	428	2
389	471	432	428	439	0
471	432	428	439	405	0
432	428	439	405	424	0
428	439	405	424	424	0
439	405	424	424	347	0
405	424	424	347	498	0
424	424	347	498	420	1
424	347	498	420	424	2
347	498	420	424	420	0
498	420	424	420	424	0
420	424	420	424	366	0
424	420	424	366	483	0
420	424	366	483	420	1
424	366	483	420	416	2
366	483	420	416	421	0
483	420	416	421	428	0
420	416	421	428	330	0
416	421	428	330	522	0
421	428	330	522	424	1
428	330	522	424	428	2
330	522	424	428	424	0
522	424	428	424	428	0
424	428	424	428	319	0
428	424	428	319	533	0
424	428	319	533	428	1
428	319	533	428	428	2
319	533	428	428	428	0
533	428	428	428	428	0
428	428	428	428	428	0
428	428	428	428	428	0
428	428	428	428	432	0
428	428	428	432	428	0
428	428	432	428	432	0
428	432	428	432	432	0
432	428	432	432	432	0
428	432	432	432	440	0
432	432	432	440	428	0
432	432	440	428	443	0
432	440	428	443	428	0
440	428	443	428	428	0
428	443	428	428	432	0
443	428	428	432	436	0
428	428	432	436	432	0
428	432	436	432	432	0
432	436	432	432	346	0
436	432	432	346	521	0
432	432	346	521	432	1
432	346	521	432	432	2
346	521	432	432	339	0
521	432	432	339	529	0
432	432	339	529	432	1
432	339	529	432	432	2
339	529	432	432	338	0
529	432	432	338	529	0
432	432	338	529	428	1
432	338	529	428	432	2
338	529	428	432	436	0
529	428	432	436	432	0
428	432	436	432	346	0
432	436	432	346	537	0
436	432	346	537	397	1
432	346	537	397	479	2
346	537	397	479	447	1
537	397	479	447	444	2
397	479	447	444	342	0
479	447	444	342	557	0
447	444	342	557	346	1
444	342	557	346	552	2
342	557	346	552	452	1
557	346	552	452	443	2
346	552	452	443	397	0
552	452	443	397	514	0
452	443	397	514	444	1
443	397	514	444	451	2
397	514	444	451	373	0
514	444	451	373	530	0
444	451	373	530	354	1
451	373	530	354	564	2
373	530	354	564	459	1
530	354	564	459	459	2
354	564	459	459	331	0
564	459	459	331	603	0
459	459	331	603	467	1
459	331	603	467	467	2
331	603	467	467	366	0
603	467	467	366	583	0
467	467	366	583	409	1
467	366	583	409	525	2
366	583	409	525	475	1
583	409	525	475	471	2
409	525	475	471	350	0
525	475	471	350	599	0
475	471	350	599	486	1
471	350	599	486	483	2
350	599	486	483	479	0
599	486	483	479	490	0
486	483	479	490	482	0
483	479	490	482	502	0
479	490	482	502	335	0
490	482	502	335	654	0
482	502	335	654	389	1
502	335	654	389	626	2
335	654	389	626	487	1
654	389	626	487	486	2
389	626	487	486	506	0
626	487	486	506	498	0
487	486	506	498	486	0
486	506	498	486	494	0
506	498	486	494	386	0
498	486	494	386	603	0
486	494	386	603	381	1
494	386	603	381	599	2
386	603	381	599	494	1
603	381	599	494	475	2
381	599	494	475	358	0
599	494	475	358	646	0
494	475	358	646	412	1
475	358	646	412	553	2
358	646	412	553	338	1
646	412	553	338	654	2
412	553	338	654	490	1
553	338	654	490	495	2
338	654	490	495	490	0
654	490	495	490	510	0
490	495	490	510	354	0
495	490	510	354	669	0
490	510	354	669	385	1
510	354	669	385	654	2
354	669	385	654	514	1
669	385	654	514	509	2
385	654	514	509	514	0
654	514	509	514	517	0
514	509	514	517	366	0
509	514	517	366	677	0
514	517	366	677	397	1
517	366	677	397	642	2
366	677	397	642	514	1
677	397	642	514	525	2
397	642	514	525	350	0
642	514	525	350	716	0
514	525	350	716	378	1
525	350	716	378	688	2
350	716	378	688	529	1
716	378	688	529	537	2
378	688	529	537	518	0
688	529	537	518	545	0
529	537	518	545	373	0
537	518	545	373	740	0
518	545	373	740	393	1
545	373	740	393	712	2
373	740	393	712	393	1
740	393	712	393	673	2
393	712	393	673	525	1
712	393	673	525	521	2
393	673	525	521	522	0
673	525	521	522	533	0
525	521	522	533	393	0
521	522	533	393	331	0
522	533	393	331	863	1
533	393	331	863	393	2
393	331	863	393	662	0
331	863	393	662	517	1
863	393	662	517	526	2
393	662	517	526	521	0
662	517	526	521	502	0
517	526	521	502	514	0
526	521	502	514	521	0
521	502	514	521	502	0
502	514	521	502	385	0
514	521	502	385	666	0
521	502	385	666	521	1
502	385	666	521	529	2
385	666	521	529	537	0
666	521	529	537	525	0
521	529	537	525	444	0
529	537	525	444	603	0
537	525	444	603	518	1
525	444	603	518	513	2
444	603	518	513	502	0
603	518	513	502	514	0
518	513	502	514	502	0
513	502	514	502	506	0
502	514	502	506	505	0
514	502	506	505	510	0
502	506	505	510	401	0
506	505	510	401	603	0
505	510	401	603	366	1
510	401	603	366	634	2
401	603	366	634	366	1
603	366	634	366	611	2
366	634	366	611	404	1
634	366	611	404	565	2
366	611	404	565	424	1
611	404	565	424	529	2
404	565	424	529	354	1
565	424	529	354	584	2
424	529	354	584	408	1
529	354	584	408	526	2
354	584	408	526	365	1
584	408	526	365	568	2
408	526	365	568	421	1
526	365	568	421	502	2
365	568	421	502	420	1
568	421	502	420	486	2
421	502	420	486	416	1
502	420	486	416	491	2
420	486	416	491	358	1
486	416	491	358	548	2
416	491	358	548	362	1
491	358	548	362	533	2
358	548	362	533	358	1
548	362	533	358	553	2
362	533	358	553	358	1
533	358	553	358	545	2
358	553	358	545	404	1
553	358	545	404	494	2
358	545	404	494	351	1
545	404	494	351	540	2
404	494	351	540	444	1
494	351	540	444	436	2
351	540	444	436	385	0
540	444	436	385	498	0
444	436	385	498	354	1
436	385	498	354	514	2
385	498	354	514	385	1
498	354	514	385	502	2
354	514	385	502	389	1
514	385	502	389	471	2
385	502	389	471	405	1
502	389	471	405	455	2
389	471	405	455	350	1
471	405	455	350	514	2
405	455	350	514	408	1
455	350	514	408	409	2
350	514	408	409	389	1
514	408	409	389	463	2
408	409	389	463	389	1
409	389	463	389	502	2
389	463	389	502	358	1
463	389	502	358	494	2
389	502	358	494	342	1
502	358	494	342	502	2
358	494	342	502	323	1
494	342	502	323	522	2
342	502	323	522	369	1
502	323	522	369	370	2
323	522	369	370	319	1
522	369	370	319	634	2
369	370	319	634	421	1
370	319	634	421	416	2
319	634	421	416	335	0
634	421	416	335	505	0
421	416	335	505	335	1
416	335	505	335	502	2
335	505	335	502	331	1
505	335	502	331	486	2
335	502	331	486	432	1
502	331	486	432	393	2
331	486	432	393	416	0
486	432	393	416	440	0
432	393	416	440	335	1
393	416	440	335	315	2
416	440	335	315	564	1
440	335	315	564	416	2
335	315	564	416	374	0
315	564	416	374	447	0
564	416	374	447	421	1
416	374	447	421	295	2
374	447	421	295	510	0
447	421	295	510	428	1
421	295	510	428	389	2
295	510	428	389	339	0
510	428	389	339	471	0
428	389	339	471	408	1
389	339	471	408	416	2
339	471	408	416	405	0
471	408	416	405	413	0
408	416	405	413	408	0
416	405	413	408	409	0
405	413	408	409	408	0
413	408	409	408	409	0
408	409	408	409	408	0
409	408	409	408	417	0
408	409	408	417	401	0
409	408	417	401	412	0
408	417	401	412	405	0
417	401	412	405	412	0
401	412	405	412	374	0
412	405	412	374	451	0
405	412	374	451	366	0
412	374	451	366	455	0
374	451	366	455	412	1
451	366	455	412	409	2
366	455	412	409	416	0
455	412	409	416	405	0
412	409	416	405	409	0
409	416	405	409	381	0
416	405	409	381	440	0
405	409	381	440	416	0
409	381	440	416	412	0
381	440	416	412	409	0
440	416	412	409	412	0
416	412	409	412	405	0
412	409	412	405	413	0
409	412	405	413	404	0
412	405	413	404	343	0
405	413	404	343	478	0
413	404	343	478	413	1
404	343	478	413	412	2
343	478	413	412	311	0
478	413	412	311	510	0
413	412	311	510	397	1
412	311	510	397	416	2
311	510	397	416	491	0
510	397	416	491	319	0
397	416	491	319	424	1
416	491	319	424	404	2
491	319	424	404	335	0
319	424	404	335	486	0
424	404	335	486	409	1
404	335	486	409	409	2
335	486	409	409	311	0
486	409	409	311	514	0
409	409	311	514	404	1
409	311	514	404	413	2
311	514	404	413	323	0
514	404	413	323	494	0
404	413	323	494	416	1
413	323	494	416	413	2
323	494	416	413	322	0
494	416	413	322	510	0
416	413	322	510	382	1
413	322	510	382	416	2
322	510	382	416	346	0
510	382	416	346	533	0
382	416	346	533	362	1
416	346	533	362	479	2
346	533	362	479	362	1
533	362	479	362	474	2
362	479	362	474	386	1
479	362	474	386	459	2
362	474	386	459	319	1
474	386	459	319	295	2
386	459	319	295	681	1
459	319	295	681	323	2
319	295	681	323	561	0
295	681	323	561	334	1
681	323	561	334	553	2
323	561	334	553	327	1
561	334	553	327	544	2
334	553	327	544	362	1
553	327	544	362	529	2
327	544	362	529	312	1
544	362	529	312	583	2
362	529	312	583	378	1
529	312	583	378	529	2
312	583	378	529	358	1
583	378	529	358	556	2
378	529	358	556	362	1
529	358	556	362	545	2
358	556	362	545	327	1
556	362	545	327	587	2
362	545	327	587	456	1
545	327	587	456	459	2
327	587	456	459	342	0
587	456	459	342	576	0
456	459	342	576	463	1
459	342	576	463	459	2
342	576	463	459	362	0
576	463	459	362	603	0
463	459	362	603	350	1
459	362	603	350	627	2
362	603	350	627	366	1
603	350	627	366	611	2
350	627	366	611	358	1
627	366	611	358	610	2
366	611	358	610	448	1
611	358	610	448	514	2
358	610	448	514	474	0
610	448	514	474	475	0
448	514	474	475	377	0
514	474	475	377	580	0
474	475	377	580	444	1
475	377	580	444	533	2
377	580	444	533	369	0
580	444	533	369	619	0
444	533	369	619	487	1
533	369	619	487	494	2
369	619	487	494	334	0
619	487	494	334	658	0
487	494	334	658	401	1
494	334	658	401	576	2
334	658	401	576	350	1
658	401	576	350	630	2
401	576	350	630	490	1
576	350	630	490	491	2
350	630	490	491	494	0
630	490	491	494	494	0
490	491	494	494	354	0
491	494	494	354	669	0
494	494	354	669	370	1
494	354	669	370	634	2
354	669	370	634	498	1
669	370	634	498	498	2
370	634	498	498	343	0
634	498	498	343	673	0
498	498	343	673	373	1
498	343	673	373	635	2
343	673	373	635	358	1
673	373	635	358	649	2
373	635	358	649	370	1
635	358	649	370	623	2
358	649	370	623	393	1
649	370	623	393	591	2
370	623	393	591	486	1
623	393	591	486	499	2
393	591	486	499	350	0
591	486	499	350	692	0
486	499	350	692	405	1
499	350	692	405	650	2
350	692	405	650	389	1
692	405	650	389	646	2
405	650	389	646	498	1
650	389	646	498	506	2
389	646	498	506	447	0
646	498	506	447	588	0
498	506	447	588	334	1
506	447	588	334	693	2
447	588	334	693	405	1
588	334	693	405	618	2
334	693	405	618	510	1
693	405	618	510	514	2
405	618	510	514	521	0
618	510	514	521	537	0
510	514	521	537	346	0
514	521	537	346	728	0
521	537	346	728	393	1
537	346	728	393	669	2
346	728	393	669	382	1
728	393	669	382	665	2
393	669	382	665	416	1
669	382	665	416	615	2
382	665	416	615	502	1
665	416	615	502	510	2
416	615	502	510	412	0
615	502	510	412	615	0
502	510	412	615	397	1
510	412	615	397	622	2
412	615	397	622	413	1
615	397	622	413	619	2
397	622	413	619	338	1
622	413	619	338	689	2
413	619	338	689	346	1
619	338	689	346	693	2
338	689	346	693	358	1
689	346	693	358	673	2
346	693	358	673	358	1
693	358	673	358	681	2
358	673	358	681	338	1
673	358	681	338	693	2
358	681	338	693	377	1
681	338	693	377	670	2
338	693	377	670	400	1
693	377	670	400	646	2
377	670	400	646	413	1
670	400	646	413	646	2
400	646	413	646	416	1
646	413	646	416	669	2
413	646	416	669	389	1
646	416	669	389	708	2
416	669	389	708	436	1
669	389	708	436	642	2
389	708	436	642	541	1
708	436	642	541	545	2
436	642	541	545	436	0
642	541	545	436	661	0
541	545	436	661	350	1
545	436	661	350	763	2
436	661	350	763	374	1
661	350	763	374	739	2
350	763	374	739	370	1
763	374	739	370	731	2
374	739	370	731	339	1
739	370	731	339	751	2
370	731	339	751	346	1
731	339	751	346	704	2
339	751	346	704	366	1
751	346	704	366	677	2
346	704	366	677	416	1
704	366	677	416	615	2
366	677	416	615	358	1
677	416	615	358	335	2
416	615	358	335	887	1
615	358	335	887	354	2
358	335	887	354	739	0
335	887	354	739	354	1
887	354	739	354	736	2
354	739	354	736	354	1
739	354	736	354	735	2
354	736	354	735	362	1
736	354	735	362	720	2
354	735	362	720	350	1
735	362	720	350	724	2
362	720	350	724	331	1
720	350	724	331	747	2
350	724	331	747	416	1
724	331	747	416	658	2
331	747	416	658	361	1
747	416	658	361	709	2
416	658	361	709	424	1
658	361	709	424	650	2
361	709	424	650	350	1
709	424	650	350	743	2
424	650	350	743	335	1
650	350	743	335	770	2
350	743	335	770	432	1
743	335	770	432	677	2
335	770	432	677	467	1
770	432	677	467	650	2
432	677	467	650	346	1
677	467	650	346	778	2
467	650	346	778	389	1
650	346	778	389	743	2
346	778	389	743	417	1
778	389	743	417	700	2
389	743	417	700	374	1
743	417	700	374	762	2
417	700	374	762	366	1
700	374	762	366	751	2
374	762	366	751	362	1
762	366	751	362	743	2
366	751	362	743	557	1
751	362	743	557	552	2
362	743	557	552	541	0
743	557	552	541	564	0
557	552	541	564	409	0
552	541	564	409	751	0
541	564	409	751	420	1
564	409	751	420	720	2
409	751	420	720	401	1
751	420	720	401	716	2
420	720	401	716	455	1
720	401	716	455	638	2
401	716	455	638	354	1
716	455	638	354	335	2
455	638	354	335	891	1
638	354	335	891	369	2
354	335	891	369	724	0
335	891	369	724	424	1
891	369	724	424	638	2
369	724	424	638	354	1
724	424	638	354	331	2
424	638	354	331	880	1
638	354	331	880	463	2
354	331	880	463	622	0
331	880	463	622	354	1
880	463	622	354	712	2
463	622	354	712	467	1
622	354	712	467	596	2
354	712	467	596	447	1
712	467	596	447	619	2
467	596	447	619	365	1
596	447	619	365	713	2
447	619	365	713	408	1
619	365	713	408	673	2
365	713	408	673	444	1
713	408	673	444	630	2
408	673	444	630	432	1
673	444	630	432	642	2
444	630	432	642	401	1
630	432	642	401	673	2
432	642	401	673	436	1
642	401	673	436	661	2
401	673	436	661	413	1
673	436	661	413	665	2
436	661	413	665	479	1
661	413	665	479	599	2
413	665	479	599	370	1
665	479	599	370	735	2
479	599	370	735	447	1
599	370	735	447	666	2
370	735	447	666	467	1
735	447	666	467	661	2
447	666	467	661	452	1
666	467	661	452	696	2
467	661	452	696	436	1
661	452	696	436	716	2
452	696	436	716	436	1
696	436	716	436	696	2
436	716	436	696	560	1
716	436	696	560	572	2
436	696	560	572	561	0
696	560	572	561	420	0
560	572	561	420	704	0
572	561	420	704	401	1
561	420	704	401	747	2
420	704	401	747	385	1
704	401	747	385	763	2
401	747	385	763	358	1
747	385	763	358	759	2
385	763	358	759	365	1
763	358	759	365	755	2
358	759	365	755	374	1
759	365	755	374	724	2
365	755	374	724	389	1
755	374	724	389	720	2
374	724	389	720	396	1
724	389	720	396	709	2
389	720	396	709	412	1
720	396	709	412	708	2
396	709	412	708	452	1
709	412	708	452	669	2
412	708	452	669	358	1
708	452	669	358	797	2
452	669	358	797	440	1
669	358	797	440	716	2
358	797	440	716	572	1
797	440	716	572	389	2
440	716	572	389	813	0
716	572	389	813	448	1
572	389	813	448	743	2
389	813	448	743	436	1
813	448	743	436	743	2
448	743	436	743	572	1
743	436	743	572	576	2
436	743	572	576	580	0
743	572	576	580	576	0
572	576	580	576	416	0
576	580	576	416	751	0
580	576	416	751	401	1
576	416	751	401	755	2
416	751	401	755	369	1
751	401	755	369	759	2
401	755	369	759	389	1
755	369	759	389	743	2
369	759	389	743	389	1
759	389	743	389	736	2
389	743	389	736	381	1
743	389	736	381	743	2
389	736	381	743	382	1
736	381	743	382	747	2
381	743	382	747	397	1
743	382	747	397	727	2
382	747	397	727	553	1
747	397	727	553	541	2
397	727	553	541	552	0
727	553	541	552	572	0
553	541	552	572	385	0
541	552	572	385	833	0
552	572	385	833	436	1
572	385	833	436	712	2
385	833	436	712	572	1
833	436	712	572	595	2
436	712	572	595	596	0
712	572	595	596	443	0
572	595	596	443	747	0
595	596	443	747	444	1
596	443	747	444	727	2
443	747	444	727	378	1
747	444	727	378	759	2
444	727	378	759	389	1
727	378	759	389	739	2
378	759	389	739	374	1
759	389	739	374	750	2
389	739	374	750	382	1
739	374	750	382	735	2
374	750	382	735	389	1
750	382	735	389	701	2
382	735	389	701	404	1
735	389	701	404	670	2
389	701	404	670	416	1
701	404	670	416	650	2
404	670	416	650	533	1
670	416	650	533	552	2
416	650	533	552	432	0
650	533	552	432	759	0
533	552	432	759	584	1
552	432	759	584	607	2
432	759	584	607	424	0
759	584	607	424	794	0
584	607	424	794	603	1
607	424	794	603	599	2
424	794	603	599	623	0
794	603	599	623	642	0
603	599	623	642	638	0
599	623	642	638	642	0
623	642	638	642	665	0
642	638	642	665	665	0
638	642	665	665	654	0
642	665	665	654	650	0
665	665	654	650	654	0
665	654	650	654	642	0
654	650	654	642	661	0
650	654	642	661	413	0
654	642	661	413	863	0
642	661	413	863	390	1
661	413	863	390	852	2
413	863	390	852	599	1
863	390	852	599	591	2
390	852	599	591	440	0
852	599	591	440	712	0
599	591	440	712	377	1
591	440	712	377	744	2
440	712	377	744	393	1
712	377	744	393	716	2
377	744	393	716	385	1
744	393	716	385	708	2
393	716	385	708	401	1
716	385	708	401	696	2
385	708	401	696	417	1
708	401	696	417	704	2
401	696	417	704	405	1
696	417	704	405	727	2
417	704	405	727	440	1
704	405	727	440	685	2
405	727	440	685	494	1
727	440	685	494	622	2
440	685	494	622	370	1
685	494	622	370	366	2
494	622	370	366	953	1
622	370	366	953	580	2
370	366	953	580	595	0
366	953	580	595	385	0
953	580	595	385	829	0
580	595	385	829	432	1
595	385	829	432	775	2
385	829	432	775	420	1
829	432	775	420	774	2
432	775	420	774	413	1
775	420	774	413	778	2
420	774	413	778	393	1
774	413	778	393	739	2
413	778	393	739	444	1
778	393	739	444	751	2
393	739	444	751	393	1
739	444	751	393	778	2
444	751	393	778	412	1
751	393	778	412	778	2
393	778	412	778	409	1
778	412	778	409	747	2
412	778	409	747	486	1
778	409	747	486	693	2
409	747	486	693	436	1
747	486	693	436	724	2
486	693	436	724	486	1
693	436	724	486	685	2
436	724	486	685	432	1
724	486	685	432	743	2
486	685	432	743	572	1
685	432	743	572	587	2
432	743	572	587	580	0
743	572	587	580	483	0
572	587	580	483	665	0
587	580	483	665	576	1
580	483	665	576	599	2
483	665	576	599	424	0
665	576	599	424	747	0
576	599	424	747	401	1
599	424	747	401	755	2
424	747	401	755	564	1
747	401	755	564	557	2
401	755	564	557	439	0
755	564	557	439	685	0
564	557	439	685	557	1
557	439	685	557	564	2
439	685	557	564	408	0
685	557	564	408	712	0
557	564	408	712	432	1
564	408	712	432	693	2
408	712	432	693	412	1
712	432	693	412	662	2
432	693	412	662	432	1
693	412	662	432	708	2
412	662	432	708	389	1
662	432	708	389	712	2
432	708	389	712	389	1
708	389	712	389	708	2
389	712	389	708	382	1
712	389	708	382	716	2
389	708	382	716	393	1
708	382	716	393	708	2
382	716	393	708	385	1
716	393	708	385	724	2
393	708	385	724	397	1
708	385	724	397	735	2
385	724	397	735	393	1
724	397	735	393	767	2
397	735	393	767	393	1
735	393	767	393	751	2
393	767	393	751	428	1
767	393	751	428	708	2
393	751	428	708	548	1
751	428	708	548	553	2
428	708	548	553	475	0
708	548	553	475	700	0
548	553	475	700	412	1
553	475	700	412	748	2
475	700	412	748	412	1
700	412	748	412	755	2
412	748	412	755	397	1
748	412	755	397	751	2
412	755	397	751	385	1
755	397	751	385	751	2
397	751	385	751	408	1
751	385	751	408	732	2
385	751	408	732	385	1
751	408	732	385	739	2
408	732	385	739	401	1
732	385	739	401	712	2
385	739	401	712	417	1
739	401	712	417	696	2
401	712	417	696	397	1
712	417	696	397	716	2
417	696	397	716	405	1
696	397	716	405	723	2
397	716	405	723	390	1
716	405	723	390	743	2
405	723	390	743	416	1
723	390	743	416	712	2
390	743	416	712	405	1
743	416	712	405	720	2
416	712	405	720	385	1
712	405	720	385	716	2
405	720	385	716	443	1
720	385	716	443	670	2
385	716	443	670	544	1
716	443	670	544	557	2
443	670	544	557	436	0
670	544	557	436	708	0
544	557	436	708	502	1
557	436	708	502	630	2
436	708	502	630	483	1
708	502	630	483	665	2
502	630	483	665	408	1
630	483	665	408	763	2
483	665	408	763	397	1
665	408	763	397	782	2
408	763	397	782	378	1
763	397	782	378	782	2
397	782	378	782	400	1
782	378	782	400	755	2
378	782	400	755	389	1
782	400	755	389	728	2
400	755	389	728	389	1
755	389	728	389	724	2
389	728	389	724	401	1
728	389	724	401	723	2
389	724	401	723	401	1
724	401	723	401	743	2
401	723	401	743	393	1
723	401	743	393	744	2
401	743	393	744	420	1
743	393	744	420	692	2
393	744	420	692	452	1
744	420	692	452	650	2
420	692	452	650	490	1
692	452	650	490	622	2
452	650	490	622	417	1
650	490	622	417	712	2
490	622	417	712	564	1
622	417	712	564	580	2
417	712	564	580	432	0
712	564	580	432	755	0
564	580	432	755	447	1
580	432	755	447	693	2
432	755	447	693	560	1
755	447	693	560	568	2
447	693	560	568	393	0
693	560	568	393	805	0
560	568	393	805	452	1
568	393	805	452	716	2
393	805	452	716	572	1
805	452	716	572	587	2
452	716	572	587	417	0
716	572	587	417	867	0
572	587	417	867	467	1
587	417	867	467	755	2
417	867	467	755	599	1
867	467	755	599	615	2
467	755	599	615	603	0
755	599	615	603	627	0
599	615	603	627	634	0
615	603	627	634	658	0
603	627	634	658	428	0
627	634	658	428	856	0
634	658	428	856	428	1
658	428	856	428	848	2
428	856	428	848	393	1
856	428	848	393	840	2
428	848	393	840	397	1
848	393	840	397	817	2
393	840	397	817	432	1
840	397	817	432	790	2
397	817	432	790	444	1
817	432	790	444	774	2
432	790	444	774	451	1
790	444	774	451	747	2
444	774	451	747	463	1
774	451	747	463	736	2
451	747	463	736	591	1
747	463	736	591	413	2
463	736	591	413	813	0
736	591	413	813	599	1
591	413	813	599	631	2
413	813	599	631	396	0
813	599	631	396	880	0
599	631	396	880	436	1
631	396	880	436	801	2
396	880	436	801	413	1
880	436	801	413	790	2
436	801	413	790	408	1
801	413	790	408	771	2
413	790	408	771	428	1
790	408	771	428	723	2
408	771	428	723	568	1
771	428	723	568	561	2
428	723	568	561	408	0
723	568	561	408	798	0
568	561	408	798	580	1
561	408	798	580	424	2
408	798	580	424	739	0
798	580	424	739	572	1
580	424	739	572	595	2
424	739	572	595	413	0
739	572	595	413	836	0
572	595	413	836	440	1
595	413	836	440	798	2
413	836	440	798	591	1
836	440	798	591	623	2
440	798	591	623	428	0
798	591	623	428	782	0
591	623	428	782	401	1
623	428	782	401	778	2
428	782	401	778	447	1
782	401	778	447	689	2
401	778	447	689	471	1
778	447	689	471	739	2
447	689	471	739	440	1
689	471	739	440	751	2
471	739	440	751	401	1
739	440	751	401	774	2
440	751	401	774	409	1
751	401	774	409	758	2
401	774	409	758	440	1
774	409	758	440	716	2
409	758	440	716	428	1
758	440	716	428	716	2
440	716	428	716	471	1
716	428	716	471	673	2
428	716	471	673	564	1
716	471	673	564	576	2
471	673	564	576	591	0
673	564	576	591	576	0
564	576	591	576	572	0
576	591	576	572	592	0
591	576	572	592	618	0
576	572	592	618	401	0
572	592	618	401	930	0
592	618	401	930	448	1
618	401	930	448	824	2
401	930	448	824	623	1
930	448	824	623	627	2
448	824	623	627	622	0
824	623	627	622	627	0
623	627	622	627	630	0
627	622	627	630	661	0
622	627	630	661	424	0
627	630	661	424	892	0
630	661	424	892	412	1
661	424	892	412	840	2
424	892	412	840	421	1
892	412	840	421	793	2
412	840	421	793	401	1
840	421	793	401	798	2
421	793	401	798	416	1
793	401	798	416	755	2
401	798	416	755	455	1
798	416	755	455	689	2
416	755	455	689	463	1
755	455	689	463	681	2
455	689	463	681	572	1
689	463	681	572	572	2
463	681	572	572	397	0
681	572	572	397	833	0
572	572	397	833	478	1
572	397	833	478	767	2
397	833	478	767	611	1
833	478	767	611	642	2
478	767	611	642	649	0
767	611	642	649	662	0
611	642	649	662	432	0
642	649	662	432	887	0
649	662	432	887	401	1
662	432	887	401	829	2
432	887	401	829	424	1
887	401	829	424	766	2
401	829	424	766	413	1
829	424	766	413	739	2
424	766	413	739	428	1
766	413	739	428	716	2
413	739	428	716	412	1
739	428	716	412	736	2
428	716	412	736	432	1
716	412	736	432	723	2
412	736	432	723	569	1
736	432	723	569	583	2
432	723	569	583	401	0
723	569	583	401	934	0
569	583	401	934	626	1
583	401	934	626	685	2
401	934	626	685	416	0
934	626	685	416	1055	0
626	685	416	1055	463	1
685	416	1055	463	910	2
416	1055	463	910	643	1
1055	463	910	643	649	2
463	910	643	649	654	0
910	643	649	654	661	0
643	649	654	661	670	0
649	654	661	670	463	0
654	661	670	463	867	0
661	670	463	867	436	1
670	463	867	436	825	2
463	867	436	825	405	1
867	436	825	405	805	2
436	825	405	805	421	1
825	405	805	421	770	2
405	805	421	770	455	1
805	421	770	455	693	2
421	770	455	693	459	1
770	455	693	459	700	2
455	693	459	700	565	1
693	459	700	565	579	2
459	700	565	579	409	0
700	565	579	409	370	0
565	579	409	370	976	1
579	409	370	976	603	2
409	370	976	603	611	0
370	976	603	611	389	0
976	603	611	389	872	0
603	611	389	872	463	1
611	389	872	463	798	2
389	872	463	798	610	1
872	463	798	610	646	2
463	798	610	646	425	0
798	610	646	425	918	0
610	646	425	918	471	1
646	425	918	471	828	2
425	918	471	828	448	1
918	471	828	448	782	2
471	828	448	782	420	1
828	448	782	420	759	2
448	782	420	759	440	1
782	420	759	440	685	2
420	759	440	685	455	1
759	440	685	455	634	2
440	685	455	634	537	1
685	455	634	537	541	2
455	634	537	541	377	0
634	537	541	377	343	0
537	541	377	343	887	1
541	377	343	887	447	2
377	343	887	447	666	0
343	887	447	666	482	1
887	447	666	482	642	2
447	666	482	642	490	1
666	482	642	490	677	2
482	642	490	677	471	1
642	490	677	471	728	2
490	677	471	728	482	1
677	471	728	482	689	2
471	728	482	689	506	1
728	482	689	506	650	2
482	689	506	650	576	1
689	506	650	576	404	2
506	650	576	404	747	0
650	576	404	747	436	1
576	404	747	436	666	2
404	747	436	666	548	1
747	436	666	548	389	2
436	666	548	389	681	0
666	548	389	681	432	1
548	389	681	432	623	2
389	681	432	623	533	1
681	432	623	533	517	2
432	623	533	517	401	0
623	533	517	401	673	0
533	517	401	673	529	1
517	401	673	529	549	2
401	673	529	549	389	0
673	529	549	389	308	0
529	549	389	308	910	1
549	389	308	910	444	2
389	308	910	444	665	0
308	910	444	665	459	1
910	444	665	459	619	2
444	665	459	619	478	1
665	459	619	478	588	2
459	619	478	588	459	1
619	478	588	459	599	2
478	588	459	599	370	1
588	459	599	370	693	2
459	599	370	693	432	1
599	370	693	432	657	2
370	693	432	657	432	1
693	432	657	432	623	2
432	657	432	623	447	1
657	432	623	447	619	2
432	623	447	619	525	1
623	447	619	525	533	2
447	619	525	533	401	0
619	525	533	401	311	0
525	533	401	311	883	1
533	401	311	883	440	2
401	311	883	440	642	0
311	883	440	642	362	1
883	440	642	362	708	2
440	642	362	708	428	1
642	362	708	428	646	2
362	708	428	646	366	1
708	428	646	366	696	2
428	646	366	696	343	1
646	366	696	343	731	2
366	696	343	731	440	1
696	343	731	440	630	2
343	731	440	630	358	1
731	440	630	358	747	2
440	630	358	747	358	1
630	358	747	358	814	2
358	747	358	814	396	1
747	358	814	396	748	2
358	814	396	748	424	1
814	396	748	424	700	2
396	748	424	700	498	1
748	424	700	498	615	2
424	700	498	615	502	1
700	498	615	502	630	2
498	615	502	630	568	1
615	502	630	568	576	2
502	630	568	576	603	0
630	568	576	603	467	0
568	576	603	467	743	0
576	603	467	743	362	1
603	467	743	362	814	2
467	743	362	814	459	1
743	362	814	459	700	2
362	814	459	700	576	1
814	459	700	576	576	2
459	700	576	576	576	0
700	576	576	576	583	0
576	576	576	583	428	0
576	576	583	428	790	0
576	583	428	790	397	1
583	428	790	397	790	2
428	790	397	790	416	1
790	397	790	416	767	2
397	790	416	767	416	1
790	416	767	416	763	2
416	767	416	763	459	1
767	416	763	459	712	2
416	763	459	712	471	1
763	459	712	471	696	2
459	712	471	696	498	1
712	471	696	498	697	2
471	696	498	697	370	1
696	498	697	370	863	2
498	697	370	863	362	1
697	370	863	362	864	2
370	863	362	864	459	1
863	362	864	459	701	2
362	864	459	701	435	1
864	459	701	435	712	2
459	701	435	712	425	1
701	435	712	425	712	2
435	712	425	712	432	1
712	425	712	432	692	2
425	712	432	692	420	1
712	432	692	420	697	2
432	692	420	697	397	1
692	420	697	397	727	2
420	697	397	727	397	1
697	397	727	397	743	2
397	727	397	743	386	1
727	397	743	386	723	2
397	743	386	723	413	1
743	386	723	413	716	2
386	723	413	716	408	1
723	413	716	408	712	2
413	716	408	712	409	1
716	408	712	409	708	2
408	712	409	708	432	1
712	409	708	432	689	2
409	708	432	689	432	1
708	432	689	432	700	2
432	689	432	700	475	1
689	432	700	475	654	2
432	700	475	654	552	1
700	475	654	552	560	2
475	654	552	560	424	0
654	552	560	424	732	0
552	560	424	732	409	1
560	424	732	409	712	2
424	732	409	712	435	1
732	409	712	435	681	2
409	712	435	681	428	1
712	435	681	428	709	2
435	681	428	709	474	1
681	428	709	474	693	2
428	709	474	693	385	1
709	474	693	385	802	2
474	693	385	802	455	1
693	385	802	455	739	2
385	802	455	739	525	1
802	455	739	525	658	2
455	739	525	658	370	1
739	525	658	370	365	2
525	658	370	365	1004	1
658	370	365	1004	479	2
370	365	1004	479	747	0
365	1004	479	747	580	1
1004	479	747	580	603	2
479	747	580	603	615	0
747	580	603	615	650	0
580	603	615	650	463	0
603	615	650	463	914	0
615	650	463	914	455	1
650	463	914	455	806	2
463	914	455	806	486	1
914	455	806	486	743	2
455	806	486	743	448	1
806	486	743	448	786	2
486	743	448	786	443	1
743	448	786	443	813	2
448	786	443	813	444	1
786	443	813	444	821	2
443	813	444	821	436	1
813	444	821	436	798	2
444	821	436	798	459	1
821	436	798	459	755	2
436	798	459	755	447	1
798	459	755	447	712	2
459	755	447	712	506	1
755	447	712	506	650	2
447	712	506	650	509	1
712	506	650	509	666	2
506	650	509	666	471	1
650	509	666	471	708	2
509	666	471	708	486	1
666	471	708	486	708	2
471	708	486	708	463	1
708	486	708	463	701	2
486	708	463	701	428	1
708	463	701	428	704	2
463	701	428	704	428	1
701	428	704	428	673	2
428	704	428	673	467	1
704	428	673	467	638	2
428	673	467	638	467	1
673	467	638	467	689	2
467	638	467	689	432	1
638	467	689	432	724	2
467	689	432	724	443	1
689	432	724	443	712	2
432	724	443	712	455	1
724	443	712	455	701	2
443	712	455	701	572	1
712	455	701	572	607	2
455	701	572	607	626	0
701	572	607	626	603	0
572	607	626	603	619	0
607	626	603	619	463	0
626	603	619	463	821	0
603	619	463	821	420	1
619	463	821	420	794	2
463	821	420	794	424	1
821	420	794	424	767	2
420	794	424	767	432	1
794	424	767	432	731	2
424	767	432	731	459	1
767	432	731	459	681	2
432	731	459	681	475	1
731	459	681	475	669	2
459	681	475	669	374	1
681	475	669	374	377	2
475	669	374	377	440	1
669	374	377	440	385	2
374	377	440	385	918	1
377	440	385	918	448	2
440	385	918	448	689	0
385	918	448	689	470	1
918	448	689	470	658	2
448	689	470	658	451	1
689	470	658	451	677	2
470	658	451	677	425	1
658	451	677	425	712	2
451	677	425	712	467	1
677	425	712	467	692	2
425	712	467	692	514	1
712	467	692	514	731	2
467	692	514	731	366	1
692	514	731	366	1016	2
514	731	366	1016	350	1
731	366	1016	350	934	2
366	1016	350	934	459	1
1016	350	934	459	759	2
350	934	459	759	396	1
934	459	759	396	751	2
459	759	396	751	382	1
759	396	751	382	759	2
396	751	382	759	381	1
751	382	759	381	720	2
382	759	381	720	420	1
759	381	720	420	708	2
381	720	420	708	413	1
720	420	708	413	704	2
420	708	413	704	440	1
708	413	704	440	680	2
413	704	440	680	471	1
704	440	680	471	631	2
440	680	471	631	377	1
680	471	631	377	448	2
471	631	377	448	361	1
631	377	448	361	915	2
377	448	361	915	478	1
448	361	915	478	635	2
361	915	478	635	552	1
915	478	635	552	557	2
478	635	552	557	404	0
635	552	557	404	417	0
552	557	404	417	393	1
557	404	417	393	914	2
404	417	393	914	510	1
417	393	914	510	591	2
393	914	510	591	370	1
914	510	591	370	401	2
510	591	370	401	416	1
591	370	401	416	370	2
370	401	416	370	895	1
401	416	370	895	408	2
416	370	895	408	654	0
370	895	408	654	513	1
895	408	654	513	537	2
408	654	513	537	417	0
654	513	537	417	385	0
513	537	417	385	381	1
537	417	385	381	354	2
417	385	381	354	401	1
385	381	354	401	366	2
381	354	401	366	385	1
354	401	366	385	428	2
401	366	385	428	378	1
366	385	428	378	856	2
385	428	378	856	455	1
428	378	856	455	599	2
378	856	455	599	362	1
856	455	599	362	358	2
455	599	362	358	833	1
599	362	358	833	459	2
362	358	833	459	572	0
358	833	459	572	377	1
833	459	572	377	343	2
459	572	377	343	879	1
572	377	343	879	354	2
377	343	879	354	739	0
343	879	354	739	510	1
879	354	739	510	599	2
354	739	510	599	389	1
739	510	599	389	331	2
510	599	389	331	965	1
599	389	331	965	479	2
389	331	965	479	669	0
331	965	479	669	377	1
965	479	669	377	335	2
479	669	377	335	910	1
669	377	335	910	436	2
377	335	910	436	685	0
335	910	436	685	557	1
910	436	685	557	416	2
436	685	557	416	385	0
685	557	416	385	393	1
557	416	385	393	938	2
416	385	393	938	436	1
385	393	938	436	704	2
393	938	436	704	366	1
938	436	704	366	755	2
436	704	366	755	435	1
704	366	755	435	689	2
366	755	435	689	377	1
755	435	689	377	370	2
435	689	377	370	895	1
689	377	370	895	362	2
377	370	895	362	770	0
370	895	362	770	362	1
895	362	770	362	775	2
362	770	362	775	358	1
770	362	775	358	774	2
362	775	358	774	366	1
775	358	774	366	782	2
358	774	366	782	362	1
774	366	782	362	797	2
366	782	362	797	362	1
782	362	797	362	782	2
362	797	362	782	479	1
797	362	782	479	654	2
362	782	479	654	373	1
782	479	654	373	409	2
479	654	373	409	354	1
654	373	409	354	922	2
373	409	354	922	436	1
409	354	922	436	688	2
354	922	436	688	541	1
922	436	688	541	553	2
436	688	541	553	439	0
688	541	553	439	806	0
541	553	439	806	362	1
553	439	806	362	350	2
439	806	362	350	977	1
806	362	350	977	358	2
362	350	977	358	813	0
350	977	358	813	369	1
977	358	813	369	775	2
358	813	369	775	366	1
813	369	775	366	365	2
369	775	366	365	911	1
775	366	365	911	362	2
366	365	911	362	758	0
365	911	362	758	374	1
911	362	758	374	720	2
362	758	374	720	369	1
758	374	720	369	751	2
374	720	369	751	370	1
720	369	751	370	790	2
369	751	370	790	385	1
751	370	790	385	786	2
370	790	385	786	370	1
790	385	786	370	813	2
385	786	370	813	358	1
786	370	813	358	841	2
370	813	358	841	365	1
813	358	841	365	829	2
358	841	365	829	366	1
841	365	829	366	817	2
365	829	366	817	377	1
829	366	817	377	790	2
366	817	377	790	491	1
817	377	790	491	684	2
377	790	491	684	397	1
790	491	684	397	401	2
491	684	397	401	420	1
684	397	401	420	374	2
397	401	420	374	969	1
401	420	374	969	439	2
420	374	969	439	716	0
374	969	439	716	549	1
969	439	716	549	556	2
439	716	549	556	432	0
716	549	556	432	409	0
549	556	432	409	408	1
556	432	409	408	382	2
432	409	408	382	416	1
409	408	382	416	370	2
408	382	416	370	922	1
382	416	370	922	463	2
416	370	922	463	650	0
370	922	463	650	373	1
922	463	650	373	712	2
463	650	373	712	374	1
650	373	712	374	377	2
373	712	374	377	845	1
712	374	377	845	365	2
374	377	845	365	732	0
377	845	365	732	370	1
845	365	732	370	408	2
365	732	370	408	891	1
732	370	408	891	382	2
370	408	891	382	404	0
408	891	382	404	883	1
891	382	404	883	374	2
382	404	883	374	401	0
404	883	374	401	875	1
883	374	401	875	362	2
374	401	875	362	747	0
401	875	362	747	343	1
875	362	747	343	766	2
362	747	343	766	350	1
747	343	766	350	767	2
343	766	350	767	455	1
766	350	767	455	646	2
350	767	455	646	397	1
767	455	646	397	385	2
455	646	397	385	413	1
646	397	385	413	381	2
397	385	413	381	397	1
385	413	381	397	926	2
413	381	397	926	471	1
381	397	926	471	646	2
397	926	471	646	381	1
926	471	646	381	735	2
471	646	381	735	374	1
646	381	735	374	412	2
381	735	374	412	351	1
735	374	412	351	910	2
374	412	351	910	354	1
412	351	910	354	751	2
351	910	354	751	440	1
910	354	751	440	630	2
354	751	440	630	389	1
751	440	630	389	397	2
440	630	389	397	397	1
630	389	397	397	374	2
389	397	397	374	879	1
397	397	374	879	362	2
397	374	879	362	436	0
374	879	362	436	365	1
879	362	436	365	899	2
362	436	365	899	366	1
436	365	899	366	755	2
365	899	366	755	354	1
899	366	755	354	432	2
366	755	354	432	354	1
755	354	432	354	965	2
354	432	354	965	389	1
432	354	965	389	385	2
354	965	389	385	903	1
965	389	385	903	385	2
389	385	903	385	405	0
385	903	385	405	373	1
903	385	405	373	946	2
385	405	373	946	370	1
405	373	946	370	385	2
373	946	370	385	926	1
946	370	385	926	366	2
370	385	926	366	762	0
385	926	366	762	358	1
926	366	762	358	420	2
366	762	358	420	386	1
762	358	420	386	895	2
358	420	386	895	354	1
420	386	895	354	743	2
386	895	354	743	389	1
895	354	743	389	424	2
354	743	389	424	409	1
743	389	424	409	373	2
389	424	409	373	424	1
424	409	373	424	362	2
409	373	424	362	942	1
373	424	362	942	350	2
424	362	942	350	790	0
362	942	350	790	366	1
942	350	790	366	743	2
350	790	366	743	366	1
790	366	743	366	412	2
366	743	366	412	374	1
743	366	412	374	895	2
366	412	374	895	358	1
412	374	895	358	739	2
374	895	358	739	354	1
895	358	739	354	735	2
358	739	354	735	358	1
739	354	735	358	417	2
354	735	358	417	365	1
735	358	417	365	907	2
358	417	365	907	358	1
417	365	907	358	759	2
365	907	358	759	362	1
907	358	759	362	747	2
358	759	362	747	362	1
759	362	747	362	474	2
362	747	362	474	366	1
747	362	474	366	891	2
362	474	366	891	374	1
474	366	891	374	719	2
366	891	374	719	366	1
891	374	719	366	401	2
374	719	366	401	362	1
719	366	401	362	914	2
366	401	362	914	358	1
401	362	914	358	778	2
362	914	358	778	358	1
914	358	778	358	747	2
358	778	358	747	362	1
778	358	747	362	401	2
358	747	362	401	401	1
747	362	401	401	910	2
362	401	401	910	370	1
401	401	910	370	416	2
401	910	370	416	370	1
910	370	416	370	895	2
370	416	370	895	370	1
416	370	895	370	739	2
370	895	370	739	370	1
895	370	739	370	385	2
370	739	370	385	875	1
739	370	385	875	358	2
370	385	875	358	736	0
385	875	358	736	365	1
875	358	736	365	716	2
358	736	365	716	397	1
736	365	716	397	405	2
365	716	397	405	397	1
716	397	405	397	381	2
397	405	397	381	957	1
405	397	381	957	351	2
397	381	957	351	821	0
381	957	351	821	354	1
957	351	821	354	782	2
351	821	354	782	385	1
821	354	782	385	755	2
354	782	385	755	377	1
782	385	755	377	417	2
385	755	377	417	891	1
755	377	417	891	362	2
377	417	891	362	762	0
417	891	362	762	343	1
891	362	762	343	766	2
362	762	343	766	362	1
762	343	766	362	428	2
343	766	362	428	350	1
766	362	428	350	911	2
362	428	350	911	362	1
428	350	911	362	747	2
350	911	362	747	369	1
911	362	747	369	405	2
362	747	369	405	366	1
747	369	405	366	902	2
369	405	366	902	362	1
405	366	902	362	389	2
366	902	362	389	845	1
902	362	389	845	377	2
362	389	845	377	436	0
389	845	377	436	370	1
845	377	436	370	875	2
377	436	370	875	378	1
436	370	875	378	443	2
370	875	378	443	366	1
875	378	443	366	891	2
378	443	366	891	374	1
443	366	891	374	404	2
366	891	374	404	370	1
891	374	404	370	910	2
374	404	370	910	362	1
404	370	910	362	755	2
370	910	362	755	370	1
910	362	755	370	420	2
362	755	370	420	354	1
755	370	420	354	961	2
370	420	354	961	366	1
420	354	961	366	786	2
354	961	366	786	377	1
961	366	786	377	786	2
366	786	377	786	386	1
786	377	786	386	443	2
377	786	386	443	354	1
786	386	443	354	1043	2
386	443	354	1043	366	1
443	354	1043	366	864	2
354	1043	366	864	377	1
1043	366	864	377	424	2
366	864	377	424	374	1
864	377	424	374	945	2
377	424	374	945	370	1
424	374	945	370	817	2
374	945	370	817	366	1
945	370	817	366	424	2
370	817	366	424	358	1
817	366	424	358	965	2
366	424	358	965	366	1
424	358	965	366	342	2
358	965	366	342	969	1
965	366	342	969	362	2
366	342	969	362	758	0
342	969	362	758	393	1
969	362	758	393	456	2
362	758	393	456	373	1
758	393	456	373	926	2
393	456	373	926	389	1
456	373	926	389	724	2
373	926	389	724	385	1
926	389	724	385	405	2
389	724	385	405	856	1
724	385	405	856	393	2
385	405	856	393	724	0
405	856	393	724	381	1
856	393	724	381	401	2
393	724	381	401	875	1
724	381	401	875	374	2
381	401	875	374	412	0
401	875	374	412	860	1
875	374	412	860	374	2
374	412	860	374	727	0
412	860	374	727	366	1
860	374	727	366	740	2
374	727	366	740	396	1
727	366	740	396	401	2
366	740	396	401	409	1
740	396	401	409	381	2
396	401	409	381	899	1
401	409	381	899	358	2
409	381	899	358	751	0
381	899	358	751	362	1
899	358	751	362	731	2
358	751	362	731	370	1
751	362	731	370	420	2
362	731	370	420	350	1
731	370	420	350	915	2
370	420	350	915	369	1
420	350	915	369	720	2
350	915	369	720	370	1
915	369	720	370	708	2
369	720	370	708	381	1
720	370	708	381	421	2
370	708	381	421	875	1
708	381	421	875	393	2
381	421	875	393	763	0
421	875	393	763	408	1
875	393	763	408	409	2
393	763	408	409	930	1
763	408	409	930	369	2
408	409	930	369	397	0
409	930	369	397	417	1
930	369	397	417	377	2
369	397	417	377	393	1
397	417	377	393	930	2
417	377	393	930	467	1
377	393	930	467	654	2
393	930	467	654	369	1
930	467	654	369	744	2
467	654	369	744	556	1
654	369	744	556	541	2
369	744	556	541	443	0
744	556	541	443	393	0
556	541	443	393	436	1
541	443	393	436	382	2
443	393	436	382	400	1
393	436	382	400	887	2
436	382	400	887	421	1
382	400	887	421	673	2
400	887	421	673	525	1
887	421	673	525	529	2
421	673	525	529	386	0
673	525	529	386	369	0
525	529	386	369	817	1
529	386	369	817	432	2
386	369	817	432	623	0
369	817	432	623	397	1
817	432	623	397	653	2
432	623	397	653	518	1
623	397	653	518	517	2
397	653	518	517	393	0
653	518	517	393	339	0
518	517	393	339	868	1
517	393	339	868	463	2
393	339	868	463	630	0
339	868	463	630	545	1
868	463	630	545	537	2
463	630	545	537	552	0
630	545	537	552	576	0
545	537	552	576	451	0
537	552	576	451	370	0
552	576	451	370	879	1
576	451	370	879	366	2
451	370	879	366	778	0
370	879	366	778	444	1
879	366	778	444	681	2
366	778	444	681	432	1
778	444	681	432	669	2
444	681	432	669	401	1
681	432	669	401	689	2
432	669	401	689	385	1
669	401	689	385	712	2
401	689	385	712	377	1
689	385	712	377	709	2
385	712	377	709	385	1
712	377	709	385	681	2
377	709	385	681	385	1
709	385	681	385	685	2
385	681	385	685	381	1
681	385	685	381	685	2
385	685	381	685	385	1
685	381	685	385	673	2
381	685	385	673	397	1
685	385	673	397	673	2
385	673	397	673	401	1
673	397	673	401	642	2
397	673	401	642	440	1
673	401	642	440	618	2
401	642	440	618	467	1
642	440	618	467	600	2
440	618	467	600	358	1
618	467	600	358	704	2
467	600	358	704	354	1
600	358	704	354	751	2
358	704	354	751	346	1
704	354	751	346	802	2
354	751	346	802	478	1
751	346	802	478	709	2
346	802	478	709	583	1
802	478	709	583	603	2
478	709	583	603	611	0
709	583	603	611	638	0
583	603	611	638	673	0
603	611	638	673	670	0
611	638	673	670	665	0
638	673	670	665	646	0
673	670	665	646	455	0
670	665	646	455	771	0
665	646	455	771	459	1
646	455	771	459	727	2
455	771	459	727	428	1
771	459	727	428	736	2
459	727	428	736	397	1
727	428	736	397	747	2
428	736	397	747	436	1
736	397	747	436	704	2
397	747	436	704	455	1
747	436	704	455	669	2
436	704	455	669	561	1
704	455	669	561	580	2
455	669	561	580	393	0
669	561	580	393	365	0
561	580	393	365	1000	1
580	393	365	1000	374	2
393	365	1000	374	794	0
365	1000	374	794	369	1
1000	374	794	369	763	2
374	794	369	763	440	1
794	369	763	440	704	2
369	763	440	704	424	1
763	440	704	424	716	2
440	704	424	716	401	1
704	424	716	401	723	2
424	716	401	723	463	1
716	401	723	463	654	2
401	723	463	654	483	1
723	463	654	483	634	2
463	654	483	634	552	1
654	483	634	552	592	2
483	634	552	592	626	0
634	552	592	626	635	0
552	592	626	635	463	0
592	626	635	463	774	0
626	635	463	774	595	1
635	463	774	595	584	2
463	774	595	584	467	0
774	595	584	467	677	0
595	584	467	677	412	1
584	467	677	412	728	2
467	677	412	728	385	1
677	412	728	385	747	2
412	728	385	747	385	1
728	385	747	385	689	2
385	747	385	689	452	1
747	385	689	452	692	2
385	689	452	692	397	1
689	452	692	397	708	2
452	692	397	708	397	1
692	397	708	397	700	2
397	708	397	700	444	1
708	397	700	444	673	2
397	700	444	673	424	1
700	444	673	424	705	2
444	673	424	705	412	1
673	424	705	412	685	2
424	705	412	685	556	1
705	412	685	556	553	2
412	685	556	553	459	0
685	556	553	459	669	0
556	553	459	669	413	1
553	459	669	413	708	2
459	669	413	708	455	1
669	413	708	455	669	2
413	708	455	669	421	1
708	455	669	421	688	2
455	669	421	688	456	1
669	421	688	456	626	2
421	688	456	626	545	1
688	456	626	545	533	2
456	626	545	533	467	0
626	545	533	467	615	0
545	533	467	615	428	1
533	467	615	428	630	2
467	615	428	630	451	1
615	428	630	451	615	2
428	630	451	615	522	1
630	451	615	522	533	2
451	615	522	533	381	0
615	522	533	381	370	0
522	533	381	370	879	1
533	381	370	879	451	2
381	370	879	451	650	0
370	879	451	650	483	1
879	451	650	483	610	2
451	650	483	610	444	1
650	483	610	444	634	2
483	610	444	634	448	1
610	444	634	448	634	2
444	634	448	634	436	1
634	448	634	436	642	2
448	634	436	642	393	1
634	436	642	393	665	2
436	642	393	665	378	1
642	393	665	378	684	2
393	665	378	684	386	1
665	378	684	386	661	2
378	684	386	661	413	1
684	386	661	413	618	2
386	661	413	618	417	1
661	413	618	417	611	2
413	618	417	611	517	1
618	417	611	517	521	2
417	611	517	521	479	0
611	517	521	479	580	0
517	521	479	580	447	1
521	479	580	447	627	2
479	580	447	627	408	1
580	447	627	408	685	2
447	627	408	685	378	1
627	408	685	378	696	2
408	685	378	696	381	1
685	378	696	381	689	2
378	696	381	689	413	1
696	381	689	413	645	2
381	689	413	645	514	1
689	413	645	514	514	2
413	645	514	514	385	0
645	514	514	385	673	0
514	514	385	673	506	1
514	385	673	506	545	2
385	673	506	545	435	0
673	506	545	435	374	0
506	545	435	374	949	1
545	435	374	949	378	2
435	374	949	378	805	0
374	949	378	805	382	1
949	378	805	382	778	2
378	805	382	778	568	1
805	382	778	568	576	2
382	778	568	576	416	0
778	568	576	416	813	0
568	576	416	813	588	1
576	416	813	588	595	2
416	813	588	595	452	0
813	588	595	452	848	0
588	595	452	848	607	1
595	452	848	607	619	2
452	848	607	619	428	0
848	607	619	428	809	0
607	619	428	809	467	1
619	428	809	467	735	2
428	809	467	735	584	1
809	467	735	584	591	2
467	735	584	591	459	0
735	584	591	459	709	0
584	591	459	709	568	1
591	459	709	568	576	2
459	709	568	576	575	0
709	568	576	575	576	0
568	576	575	576	568	0
576	575	576	568	565	0
575	576	568	565	404	0
576	568	565	404	724	0
568	565	404	724	412	1
565	404	724	412	693	2
404	724	412	693	564	1
724	412	693	564	557	2
412	693	564	557	424	0
693	564	557	424	708	0
564	557	424	708	451	1
557	424	708	451	670	2
424	708	451	670	424	1
708	451	670	424	688	2
451	670	424	688	393	1
670	424	688	393	763	2
424	688	393	763	440	1
688	393	763	440	712	2
393	763	440	712	408	1
763	440	712	408	705	2
440	712	408	705	451	1
712	408	705	451	662	2
408	705	451	662	377	1
705	451	662	377	420	2
451	662	377	420	428	1
662	377	420	428	366	2
377	420	428	366	401	1
420	428	366	401	366	2
428	366	401	366	922	1
366	401	366	922	365	2
401	366	922	365	786	0
366	922	365	786	382	1
922	365	786	382	786	2
365	786	382	786	572	1
786	382	786	572	622	2
382	786	572	622	467	0
786	572	622	467	358	0
572	622	467	358	1078	1
622	467	358	1078	377	2
467	358	1078	377	981	0
358	1078	377	981	409	1
1078	377	981	409	871	2
377	981	409	871	603	1
981	409	871	603	627	2
409	871	603	627	455	0
871	603	627	455	358	0
603	627	455	358	1132	1
627	455	358	1132	378	2
455	358	1132	378	1109	0
358	1132	378	1109	385	1
1132	378	1109	385	1000	2
378	1109	385	1000	626	1
1109	385	1000	626	701	2
385	1000	626	701	478	0
1000	626	701	478	989	0
626	701	478	989	404	1
701	478	989	404	370	2
478	989	404	370	1035	1
989	404	370	1035	428	2
404	370	1035	428	778	0
370	1035	428	778	580	1
1035	428	778	580	572	2
428	778	580	572	401	0
778	580	572	401	716	0
580	572	401	716	548	1
572	401	716	548	557	2
401	716	548	557	401	0
716	548	557	401	692	0
548	557	401	692	428	1
557	401	692	428	669	2
401	692	428	669	549	1
692	428	669	549	560	2
428	669	549	560	561	0
669	549	560	561	560	0
549	560	561	560	568	0
560	561	560	568	572	0
561	560	568	572	440	0
560	568	572	440	696	0
568	572	440	696	385	1
572	440	696	385	724	2
440	696	385	724	514	1
696	385	724	514	576	2
385	724	514	576	537	0
724	514	576	537	537	0
514	576	537	537	537	0
576	537	537	537	486	0
537	537	537	486	595	0
537	537	486	595	498	1
537	486	595	498	611	2
486	595	498	611	459	1
595	498	611	459	732	2
498	611	459	732	428	1
611	459	732	428	735	2
459	732	428	735	401	1
732	428	735	401	724	2
428	735	401	724	385	1
735	401	724	385	720	2
401	724	385	720	385	1
724	385	720	385	712	2
385	720	385	712	385	1
720	385	712	385	693	2
385	712	385	693	389	1
712	385	693	389	697	2
385	693	389	697	396	1
693	389	697	396	701	2
389	697	396	701	393	1
697	396	701	393	720	2
396	701	393	720	385	1
701	393	720	385	720	2
393	720	385	720	404	1
720	385	720	404	689	2
385	720	404	689	397	1
720	404	689	397	700	2
404	689	397	700	393	1
689	397	700	393	685	2
397	700	393	685	409	1
700	393	685	409	681	2
393	685	409	681	401	1
685	409	681	401	677	2
409	681	401	677	416	1
681	401	677	416	677	2
401	677	416	677	405	1
677	416	677	405	681	2
416	677	405	681	393	1
677	405	681	393	696	2
405	681	393	696	389	1
681	393	696	389	689	2
393	696	389	689	405	1
696	389	689	405	665	2
389	689	405	665	397	1
689	405	665	397	669	2
405	665	397	669	420	1
665	397	669	420	642	2
397	669	420	642	522	1
669	420	642	522	537	2
420	642	522	537	365	0
642	522	537	365	728	0
522	537	365	728	498	1
537	365	728	498	588	2
365	728	498	588	377	1
728	498	588	377	428	2
498	588	377	428	817	1
588	377	428	817	487	2
377	428	817	487	587	0
428	817	487	587	541	1
817	487	587	541	529	2
487	587	541	529	401	0
587	541	529	401	650	0
541	529	401	650	439	1
529	401	650	439	693	2
401	650	439	693	416	1
650	439	693	416	693	2
439	693	416	693	545	1
693	416	693	545	560	2
416	693	545	560	572	0
693	545	560	572	595	0
545	560	572	595	631	0
560	572	595	631	642	0
572	595	631	642	436	0
595	631	642	436	805	0
631	642	436	805	475	1
642	436	805	475	743	2
436	805	475	743	451	1
805	475	743	451	724	2
475	743	451	724	580	1
743	451	724	580	615	2
451	724	580	615	451	0
724	580	615	451	829	0
580	615	451	829	611	1
615	451	829	611	665	2
451	829	611	665	463	0
829	611	665	463	942	0
611	665	463	942	486	1
665	463	942	486	829	2
463	942	486	829	622	1
942	486	829	622	677	2
486	829	622	677	463	0
829	622	677	463	876	0
622	677	463	876	634	1
677	463	876	634	677	2
463	876	634	677	444	0
876	634	677	444	848	0
634	677	444	848	463	1
677	444	848	463	798	2
444	848	463	798	420	1
848	463	798	420	821	2
463	798	420	821	432	1
798	420	821	432	805	2
420	821	432	805	440	1
821	432	805	440	790	2
432	805	440	790	432	1
805	440	790	432	786	2
440	790	432	786	443	1
790	432	786	443	779	2
432	786	443	779	435	1
786	443	779	435	783	2
443	779	435	783	412	1
779	435	783	412	767	2
435	783	412	767	455	1
783	412	767	455	685	2
412	767	455	685	556	1
767	455	685	556	580	2
455	685	556	580	424	0
685	556	580	424	1004	0
556	580	424	1004	665	1
580	424	1004	665	712	2
424	1004	665	712	409	0
1004	665	712	409	1008	0
665	712	409	1008	646	1
712	409	1008	646	665	2
409	1008	646	665	657	0
1008	646	665	657	674	0
646	665	657	674	494	0
665	657	674	494	832	0
657	674	494	832	615	1
674	494	832	615	658	2
494	832	615	658	471	0
832	615	658	471	809	0
615	658	471	809	486	1
658	471	809	486	759	2
471	809	486	759	494	1
809	486	759	494	763	2
486	759	494	763	436	1
759	494	763	436	774	2
494	763	436	774	451	1
763	436	774	451	720	2
436	774	451	720	572	1
774	451	720	572	584	2
451	720	572	584	440	0
720	572	584	440	809	0
572	584	440	809	595	1
584	440	809	595	611	2
440	809	595	611	448	0
809	595	611	448	867	0
595	611	448	867	549	1
611	448	867	549	700	2
448	867	549	700	401	1
867	549	700	401	907	2
549	700	401	907	615	1
700	401	907	615	642	2
401	907	615	642	439	0
907	615	642	439	930	0
615	642	439	930	490	1
642	439	930	490	798	2
439	930	490	798	619	1
930	490	798	619	634	2
490	798	619	634	424	0
798	619	634	424	903	0
619	634	424	903	498	1
634	424	903	498	790	2
424	903	498	790	619	1
903	498	790	619	661	2
498	790	619	661	424	0
790	619	661	424	922	0
619	661	424	922	463	1
661	424	922	463	829	2
424	922	463	829	432	1
922	463	829	432	790	2
463	829	432	790	451	1
829	432	790	451	708	2
432	790	451	708	553	1
790	451	708	553	560	2
451	708	553	560	568	0
708	553	560	568	600	0
553	560	568	600	478	0
560	568	600	478	856	0
568	600	478	856	385	1
600	478	856	385	382	2
478	856	385	382	961	1
856	385	382	961	494	2
385	382	961	494	665	0
382	961	494	665	553	1
961	494	665	553	552	2
494	665	553	552	417	0
665	553	552	417	727	0
553	552	417	727	557	1
552	417	727	557	587	2
417	727	557	587	417	1
727	557	587	417	373	2
557	587	417	373	915	1
587	417	373	915	521	2
417	373	915	521	623	0
373	915	521	623	564	1
915	521	623	564	576	2
521	623	564	576	408	0
623	564	576	408	743	0
564	576	408	743	460	1
576	408	743	460	665	2
408	743	460	665	556	1
743	460	665	556	553	2
460	665	556	553	459	0
665	556	553	459	409	0
556	553	459	409	813	1
553	459	409	813	478	2
459	409	813	478	631	0
409	813	478	631	537	1
813	478	631	537	556	2
478	631	537	556	553	0
631	537	556	553	556	0
537	556	553	556	568	0
556	553	556	568	553	0
553	556	568	553	529	0
556	568	553	529	638	0
568	553	529	638	440	1
553	529	638	440	669	2
529	638	440	669	545	1
638	440	669	545	552	2
440	669	545	552	413	0
669	545	552	413	700	0
545	552	413	700	440	1
552	413	700	440	665	2
413	700	440	665	413	1
700	440	665	413	681	2
440	665	413	681	389	1
665	413	681	389	685	2
413	681	389	685	393	1
681	389	685	393	665	2
389	685	393	665	397	1
685	393	665	397	650	2
393	665	397	650	424	1
665	397	650	424	630	2
397	650	424	630	455	1
650	424	630	455	588	2
424	630	455	588	517	1
630	455	588	517	553	2
455	588	517	553	408	0
588	517	553	408	366	0
517	553	408	366	965	1
553	408	366	965	444	2
408	366	965	444	759	0
366	965	444	759	428	1
965	444	759	428	719	2
444	759	428	719	401	1
759	428	719	401	708	2
428	719	401	708	424	1
719	401	708	424	662	2
401	708	424	662	412	1
708	424	662	412	681	2
424	662	412	681	401	1
662	412	681	401	693	2
412	681	401	693	381	1
681	401	693	381	712	2
401	693	381	712	385	1
693	381	712	385	701	2
381	712	385	701	385	1
712	385	701	385	693	2
385	701	385	693	396	1
701	385	693	396	670	2
385	693	396	670	389	1
693	396	670	389	657	2
396	670	389	657	393	1
670	389	657	393	639	2
389	657	393	639	404	1
657	393	639	404	611	2
393	639	404	611	409	1
639	404	611	409	607	2
404	611	409	607	404	1
611	409	607	404	615	2
409	607	404	615	405	1
607	404	615	405	626	2
404	615	405	626	409	1
615	405	626	409	630	2
405	626	409	630	440	1
626	409	630	440	611	2
409	630	440	611	459	1
630	440	611	459	599	2
440	611	459	599	483	1
611	459	599	483	595	2
459	599	483	595	459	1
599	483	595	459	654	2
483	595	459	654	447	1
595	459	654	447	662	2
459	654	447	662	471	1
654	447	662	471	645	2
447	662	471	645	428	1
662	471	645	428	677	2
471	645	428	677	452	1
645	428	677	452	669	2
428	677	452	669	451	1
677	452	669	451	670	2
452	669	451	670	432	1
669	451	670	432	688	2
451	670	432	688	448	1
670	432	688	448	692	2
432	688	448	692	444	1
688	448	692	444	697	2
448	692	444	697	478	1
692	444	697	478	708	2
444	697	478	708	475	1
697	478	708	475	720	2
478	708	475	720	506	1
708	475	720	506	653	2
475	720	506	653	580	1
720	506	653	580	607	2
506	653	580	607	393	0
653	580	607	393	389	0
580	607	393	389	965	1
607	393	389	965	479	2
393	389	965	479	677	0
389	965	479	677	373	1
965	479	677	373	786	2
479	677	373	786	428	1
677	373	786	428	728	2
373	786	428	728	560	1
786	428	728	560	568	2
428	728	560	568	452	0
728	560	568	452	712	0
560	568	452	712	576	1
568	452	712	576	587	2
452	712	576	587	456	0
712	576	587	456	727	0
576	587	456	727	580	1
587	456	727	580	580	2
456	727	580	580	459	0
727	580	580	459	747	0
580	580	459	747	385	1
580	459	747	385	393	2
459	747	385	393	961	1
747	385	393	961	522	2
385	393	961	522	661	0
393	961	522	661	409	1
961	522	661	409	805	2
522	661	409	805	381	1
661	409	805	381	833	2
409	805	381	833	385	1
805	381	833	385	382	2
381	833	385	382	930	1
833	385	382	930	373	2
385	382	930	373	841	0
382	930	373	841	587	1
930	373	841	587	669	2
373	841	587	669	491	0
841	587	669	491	1210	0
587	669	491	1210	385	1
669	491	1210	385	385	2
491	1210	385	385	1101	1
1210	385	385	1101	650	2
385	385	1101	650	662	0
385	1101	650	662	478	0
1101	650	662	478	1125	0
650	662	478	1125	381	1
662	478	1125	381	393	2
478	1125	381	393	1125	1
1125	381	393	1125	389	2
381	393	1125	389	961	0
393	1125	389	961	626	1
1125	389	961	626	724	2
389	961	626	724	479	0
961	626	724	479	365	0
626	724	479	365	1043	1
724	479	365	1043	382	2
479	365	1043	382	389	0
365	1043	382	389	1144	1
1043	382	389	1144	540	2
382	389	1144	540	899	0
389	1144	540	899	401	1
1144	540	899	401	1004	2
540	899	401	1004	654	1
899	401	1004	654	836	2
401	1004	654	836	471	0
1004	654	836	471	389	0
654	836	471	389	1164	1
836	471	389	1164	723	2
471	389	1164	723	712	0
389	1164	723	712	448	0
1164	723	712	448	1117	0
723	712	448	1117	533	1
712	448	1117	533	937	2
448	1117	533	937	401	1
1117	533	937	401	413	2
533	937	401	413	1116	1
937	401	413	1116	502	2
401	413	1116	502	782	0
413	1116	502	782	397	1
1116	502	782	397	911	2
502	782	397	911	408	1
782	397	911	408	926	2
397	911	408	926	639	1
911	408	926	639	762	2
408	926	639	762	436	0
926	639	762	436	397	0
639	762	436	397	1128	1
762	436	397	1128	526	2
436	397	1128	526	875	0
397	1128	526	875	397	1
1128	526	875	397	942	2
526	875	397	942	630	1
875	397	942	630	747	2
397	942	630	747	467	0
942	630	747	467	1230	0
630	747	467	1230	770	1
747	467	1230	770	770	2
467	1230	770	770	448	0
1230	770	770	448	393	0
770	770	448	393	1144	1
770	448	393	1144	498	2
448	393	1144	498	829	0
393	1144	498	829	622	1
1144	498	829	622	638	2
498	829	622	638	444	0
829	622	638	444	393	0
622	638	444	393	1004	1
638	444	393	1004	611	2
444	393	1004	611	626	0
393	1004	611	626	401	0
1004	611	626	401	381	0
611	626	401	381	989	1
626	401	381	989	463	2
401	381	989	463	735	0
381	989	463	735	471	1
989	463	735	471	712	2
463	735	471	712	475	1
735	471	712	475	692	2
471	712	475	692	580	1
712	475	692	580	595	2
475	692	580	595	635	0
692	580	595	635	416	0
580	595	635	416	373	0
595	635	416	373	1000	1
635	416	373	1000	444	2
416	373	1000	444	774	0
373	1000	444	774	584	1
1000	444	774	584	599	2
444	774	584	599	428	0
774	584	599	428	393	0
584	599	428	393	1059	1
599	428	393	1059	389	2
428	393	1059	389	945	0
393	1059	389	945	393	1
1059	389	945	393	891	2
389	945	393	891	623	1
945	393	891	623	681	2
393	891	623	681	420	0
891	623	681	420	385	0
623	681	420	385	1133	1
681	420	385	1133	474	2
420	385	1133	474	922	0
385	1133	474	922	650	1
1133	474	922	650	705	2
474	922	650	705	412	0
922	650	705	412	374	0
650	705	412	374	1124	1
705	412	374	1124	510	2
412	374	1124	510	840	0
374	1124	510	840	634	1
1124	510	840	634	693	2
510	840	634	693	424	0
840	634	693	424	382	0
634	693	424	382	1116	1
693	424	382	1116	514	2
424	382	1116	514	817	0
382	1116	514	817	619	1
1116	514	817	619	618	2
514	817	619	618	642	0
817	619	618	642	642	0
619	618	642	642	654	0
618	642	642	654	646	0
642	642	654	646	642	0
642	654	646	642	634	0
654	646	642	634	646	0
646	642	634	646	642	0
642	634	646	642	506	0
634	646	642	506	735	0
646	642	506	735	487	1
642	506	735	487	708	2
506	735	487	708	584	1
735	487	708	584	595	2
487	708	584	595	424	0
708	584	595	424	409	0
584	595	424	409	1031	1
595	424	409	1031	634	2
424	409	1031	634	662	0
409	1031	634	662	645	0
1031	634	662	645	444	0
634	662	645	444	891	0
662	645	444	891	471	1
645	444	891	471	836	2
444	891	471	836	452	1
891	471	836	452	809	2
471	836	452	809	413	1
836	452	809	413	805	2
452	809	413	805	471	1
809	413	805	471	700	2
413	805	471	700	459	1
805	471	700	459	697	2
471	700	459	697	568	1
700	459	697	568	591	2
459	697	568	591	456	0
697	568	591	456	397	0
568	591	456	397	1023	1
591	456	397	1023	405	2
456	397	1023	405	898	0
397	1023	405	898	611	1
1023	405	898	611	658	2
405	898	611	658	447	0
898	611	658	447	954	0
611	658	447	954	529	1
658	447	954	529	747	2
447	954	529	747	611	1
954	529	747	611	638	2
529	747	611	638	401	0
747	611	638	401	362	0
611	638	401	362	1058	1
638	401	362	1058	502	2
401	362	1058	502	782	0
362	1058	502	782	607	1
1058	502	782	607	626	2
502	782	607	626	464	0
782	607	626	464	817	0
607	626	464	817	432	1
626	464	817	432	797	2
464	817	432	797	455	1
817	432	797	455	759	2
432	797	455	759	440	1
797	455	759	440	751	2
455	759	440	751	459	1
759	440	751	459	720	2
440	751	459	720	451	1
751	459	720	451	712	2
459	720	451	712	440	1
720	451	712	440	724	2
451	712	440	724	432	1
712	440	724	432	727	2
440	724	432	727	420	1
724	432	727	420	736	2
432	727	420	736	412	1
727	420	736	412	724	2
420	736	412	724	494	1
736	412	724	494	627	2
412	724	494	627	560	1
724	494	627	560	545	2
494	627	560	545	482	0
627	560	545	482	701	0
560	545	482	701	397	1
545	482	701	397	875	2
482	701	397	875	385	1
701	397	875	385	448	2
397	875	385	448	1019	1
875	385	448	1019	611	2
385	448	1019	611	646	0
448	1019	611	646	401	0
1019	611	646	401	420	0
611	646	401	420	1035	1
646	401	420	1035	510	2
401	420	1035	510	778	0
420	1035	510	778	611	1
1035	510	778	611	661	2
510	778	611	661	452	0
778	611	661	452	1035	0
611	661	452	1035	583	1
661	452	1035	583	821	2
452	1035	583	821	409	1
1035	583	821	409	428	2
583	821	409	428	455	1
821	409	428	455	401	2
409	428	455	401	1132	1
428	455	401	1132	479	2
455	401	1132	479	895	0
401	1132	479	895	506	1
1132	479	895	506	809	2
479	895	506	809	630	1
895	506	809	630	689	2
506	809	630	689	424	0
809	630	689	424	405	0
630	689	424	405	408	1
689	424	405	408	1094	2
424	405	408	1094	494	1
405	408	1094	494	837	2
408	1094	494	837	630	1
1094	494	837	630	681	2
494	837	630	681	521	0
837	630	681	521	903	0
630	681	521	903	389	1
681	521	903	389	946	2
521	903	389	946	634	1
903	389	946	634	650	2
389	946	634	650	646	0
946	634	650	646	638	0
634	650	646	638	653	0
650	646	638	653	619	0
646	638	653	619	626	0
638	653	619	626	646	0
653	619	626	646	650	0
619	626	646	650	420	0
626	646	650	420	390	0
646	650	420	390	1038	1
650	420	390	1038	495	2
420	390	1038	495	782	0
390	1038	495	782	424	1
1038	495	782	424	786	2
495	782	424	786	443	1
782	424	786	443	732	2
424	786	443	732	459	1
786	443	732	459	693	2
443	732	459	693	467	1
732	459	693	467	673	2
459	693	467	673	451	1
693	467	673	451	693	2
467	673	451	693	564	1
673	451	693	564	595	2
451	693	564	595	409	0
693	564	595	409	366	0
564	595	409	366	1007	1
595	409	366	1007	479	2
409	366	1007	479	786	0
366	1007	479	786	494	1
1007	479	786	494	681	2
479	786	494	681	475	1
786	494	681	475	692	2
494	681	475	692	393	1
681	475	692	393	428	2
475	692	393	428	425	1
692	393	428	425	945	2
393	428	425	945	475	1
428	425	945	475	708	2
425	945	475	708	510	1
945	475	708	510	657	2
475	708	510	657	580	1
708	510	657	580	595	2
510	657	580	595	596	0
657	580	595	596	435	0
580	595	596	435	417	0
595	596	435	417	961	1
596	435	417	961	397	2
435	417	961	397	825	0
417	961	397	825	447	1
961	397	825	447	739	2
397	825	447	739	584	1
825	447	739	584	615	2
447	739	584	615	420	0
739	584	615	420	370	0
584	615	420	370	1043	1
615	420	370	1043	381	2
420	370	1043	381	895	0
370	1043	381	895	595	1
1043	381	895	595	596	2
381	895	595	596	591	0
895	595	596	591	603	0
595	596	591	603	634	0
596	591	603	634	401	0
591	603	634	401	346	0
603	634	401	346	1028	1
634	401	346	1028	443	2
401	346	1028	443	817	0
346	1028	443	817	448	1
1028	443	817	448	743	2
443	817	448	743	447	1
817	448	743	447	713	2
448	743	447	713	400	1
743	447	713	400	724	2
447	713	400	724	506	1
713	400	724	506	599	2
400	724	506	599	541	1
724	506	599	541	552	2
506	599	541	552	565	0
599	541	552	565	579	0
541	552	565	579	588	0
552	565	579	588	603	0
565	579	588	603	409	0
579	588	603	409	369	0
588	603	409	369	1000	1
603	409	369	1000	491	2
409	369	1000	491	727	0
369	1000	491	727	584	1
1000	491	727	584	568	2
491	727	584	568	444	0
727	584	568	444	727	0
584	568	444	727	405	1
568	444	727	405	774	2
444	727	405	774	584	1
727	405	774	584	607	2
405	774	584	607	377	0
774	584	607	377	444	0
584	607	377	444	976	1
607	377	444	976	467	2
377	444	976	467	740	0
444	976	467	740	474	1
976	467	740	474	685	2
467	740	474	685	572	1
740	474	685	572	615	2
474	685	572	615	946	0
685	572	615	946	431	0
572	615	946	431	401	0
615	946	431	401	981	1
946	431	401	981	385	2
431	401	981	385	409	0
401	981	385	409	1046	1
981	385	409	1046	378	2
385	409	1046	378	906	0
409	1046	378	906	475	1
1046	378	906	475	778	2
378	906	475	778	483	1
906	475	778	483	790	2
475	778	483	790	486	1
778	483	790	486	770	2
483	790	486	770	483	1
790	486	770	483	731	2
486	770	483	731	471	1
770	483	731	471	720	2
483	731	471	720	393	1
731	471	720	393	424	2
471	720	393	424	420	1
720	393	424	420	989	2
393	424	420	989	486	1
424	420	989	486	747	2
420	989	486	747	592	1
989	486	747	592	649	2
486	747	592	649	432	0
747	592	649	432	374	0
592	649	432	374	1062	1
649	432	374	1062	471	2
432	374	1062	471	899	0
374	1062	471	899	537	1
1062	471	899	537	720	2
471	899	537	720	393	1
899	537	720	393	404	2
537	720	393	404	1047	1
720	393	404	1047	482	2
393	404	1047	482	798	0
404	1047	482	798	405	1
1047	482	798	405	389	2
482	798	405	389	1023	1
798	405	389	1023	389	2
405	389	1023	389	864	0
389	1023	389	864	607	1
1023	389	864	607	424	2
389	864	607	424	903	0
864	607	424	903	623	1
607	424	903	623	669	2
424	903	623	669	451	0
903	623	669	451	996	0
623	669	451	996	487	1
669	451	996	487	821	2
451	996	487	821	622	1
996	487	821	622	658	2
487	821	622	658	397	0
821	622	658	397	354	0
622	658	397	354	1047	1
658	397	354	1047	431	2
397	354	1047	431	833	0
354	1047	431	833	498	1
1047	431	833	498	739	2
431	833	498	739	393	1
833	498	739	393	401	2
498	739	393	401	981	1
739	393	401	981	389	2
393	401	981	389	848	0
401	981	389	848	452	1
981	389	848	452	762	2
389	848	452	762	393	1
848	452	762	393	817	2
452	762	393	817	385	1
762	393	817	385	405	2
393	817	385	405	965	1
817	385	405	965	420	2
385	405	965	420	736	0
405	965	420	736	572	1
965	420	736	572	560	2
420	736	572	560	463	0
736	572	560	463	693	0
572	560	463	693	572	1
560	463	693	572	583	2
463	693	572	583	467	0
693	572	583	467	763	0
572	583	467	763	591	1
583	467	763	591	592	2
467	763	591	592	447	0
763	591	592	447	782	0
591	592	447	782	475	1
592	447	782	475	708	2
447	782	475	708	401	1
782	475	708	401	770	2
475	708	401	770	580	1
708	401	770	580	576	2
401	770	580	576	584	0
770	580	576	584	607	0
580	576	584	607	404	0
576	584	607	404	358	0
584	607	404	358	1004	1
607	404	358	1004	436	2
404	358	1004	436	782	0
358	1004	436	782	401	1
1004	436	782	401	712	2
436	782	401	712	467	1
782	401	712	467	708	2
401	712	467	708	452	1
712	467	708	452	723	2
467	708	452	723	428	1
708	452	723	428	771	2
452	723	428	771	435	1
723	428	771	435	748	2
428	771	435	748	470	1
771	435	748	470	697	2
435	748	470	697	397	1
748	470	697	397	424	2
470	697	397	424	416	1
697	397	424	416	397	2
397	424	416	397	428	1
424	416	397	428	420	2
416	397	428	420	421	1
397	428	420	421	941	2
428	420	421	941	440	1
420	421	941	440	724	2
421	941	440	724	576	1
941	440	724	576	618	2
440	724	576	618	436	0
724	576	618	436	389	0
576	618	436	389	1097	1
618	436	389	1097	393	2
436	389	1097	393	1121	0
389	1097	393	1121	689	1
1097	393	1121	689	436	2
393	1121	689	436	1190	0
1121	689	436	1190	529	1
689	436	1190	529	1055	2
436	1190	529	1055	739	1
1190	529	1055	739	455	2
529	1055	739	455	1187	0
1055	739	455	1187	498	1
739	455	1187	498	977	2
455	1187	498	977	638	1
1187	498	977	638	642	2
498	977	638	642	432	0
977	638	642	432	428	0
638	642	432	428	1136	1
642	432	428	1136	946	2
432	428	1136	946	443	0
428	1136	946	443	1199	0
1136	946	443	1199	513	1
946	443	1199	513	876	2
443	1199	513	876	650	1
1199	513	876	650	665	2
513	876	650	665	420	0
876	650	665	420	977	0
650	665	420	977	486	1
665	420	977	486	856	2
420	977	486	856	479	1
977	486	856	479	794	2
486	856	479	794	400	1
856	479	794	400	923	2
479	794	400	923	642	1
794	400	923	642	739	2
400	923	642	739	475	0
923	642	739	475	1089	0
642	739	475	1089	681	1
739	475	1089	681	720	2
475	1089	681	720	455	0
1089	681	720	455	1012	0
681	720	455	1012	661	1
720	455	1012	661	693	2
455	1012	661	693	447	0
1012	661	693	447	1020	0
661	693	447	1020	525	1
693	447	1020	525	856	2
447	1020	525	856	413	1
1020	525	856	413	412	2
525	856	413	412	428	1
856	413	412	428	428	2
413	412	428	428	440	1
412	428	428	440	1035	2
428	428	440	1035	443	1
428	440	1035	443	849	2
440	1035	443	849	498	1
1035	443	849	498	797	2
443	849	498	797	397	1
849	498	797	397	1008	2
498	797	397	1008	409	1
797	397	1008	409	389	2
397	1008	409	389	1066	1
1008	409	389	1066	397	2
409	389	1066	397	918	0
389	1066	397	918	626	1
1066	397	918	626	666	2
397	918	626	666	467	0
918	626	666	467	1062	0
626	666	467	1062	405	1
666	467	1062	405	385	2
467	1062	405	385	1097	1
1062	405	385	1097	393	2
405	385	1097	393	961	0
385	1097	393	961	627	1
1097	393	961	627	611	2
393	961	627	611	432	0
961	627	611	432	883	0
627	611	432	883	638	1
611	432	883	638	766	2
432	883	638	766	440	0
883	638	766	440	1097	0
638	766	440	1097	689	1
766	440	1097	689	759	2
440	1097	689	759	451	0
1097	689	759	451	1066	0
689	759	451	1066	674	1
759	451	1066	674	716	2
451	1066	674	716	439	0
1066	674	716	439	996	0
674	716	439	996	518	1
716	439	996	518	817	2
439	996	518	817	409	1
996	518	817	409	972	2
518	817	409	972	658	1
817	409	972	658	770	2
409	972	658	770	444	0
972	658	770	444	1144	0
658	770	444	1144	482	1
770	444	1144	482	958	2
444	1144	482	958	657	1
1144	482	958	657	677	2
482	958	657	677	471	0
958	657	677	471	1039	0
657	677	471	1039	541	1
677	471	1039	541	871	2
471	1039	541	871	428	1
1039	541	871	428	996	2
541	871	428	996	510	1
871	428	996	510	876	2
428	996	510	876	408	1
996	510	876	408	1004	2
510	876	408	1004	677	1
876	408	1004	677	767	2
408	1004	677	767	428	0
1004	677	767	428	1070	0
677	767	428	1070	669	1
767	428	1070	669	669	2
428	1070	669	669	444	0
1070	669	669	444	1008	0
669	669	444	1008	486	1
