i-2	i-1	i+0	i+1	i+2	Filter
813	922	895	895	763	0
922	895	895	763	502	0
895	895	763	502	1261	0
895	763	502	1261	867	1
763	502	1261	867	782	2
502	1261	867	782	510	0
1261	867	782	510	891	0
867	782	510	891	736	1
782	510	891	736	824	2
510	891	736	824	518	0
891	736	824	518	1109	0
736	824	518	1109	790	1
824	518	1109	790	704	2
518	1109	790	704	522	0
1109	790	704	522	840	0
790	704	522	840	696	1
704	522	840	696	841	2
522	840	696	841	778	0
840	696	841	778	809	0
696	841	778	809	724	0
841	778	809	724	693	0
778	809	724	693	766	0
809	724	693	766	872	0
724	693	766	872	533	0
693	766	872	533	1101	0
766	872	533	1101	673	1
872	533	1101	673	810	2
533	1101	673	810	521	0
1101	673	810	521	1152	0
673	810	521	1152	860	1
810	521	1152	860	692	2
521	1152	860	692	510	0
1152	860	692	510	856	0
860	692	510	856	704	1
692	510	856	704	856	2
510	856	704	856	806	0
856	704	856	806	840	0
704	856	806	840	747	0
856	806	840	747	724	0
806	840	747	724	518	0
840	747	724	518	1233	0
747	724	518	1233	759	1
724	518	1233	759	739	2
518	1233	759	739	514	0
1233	759	739	514	1085	0
759	739	514	1085	670	1
739	514	1085	670	871	2
514	1085	670	871	806	0
1085	670	871	806	829	0
670	871	806	829	727	0
871	806	829	727	673	0
806	829	727	673	670	0
829	727	673	670	747	0
727	673	670	747	856	0
673	670	747	856	533	0
670	747	856	533	1124	0
747	856	533	1124	708	1
856	533	1124	708	697	2
533	1124	708	697	833	0
1124	708	697	833	825	0
708	697	833	825	836	0
697	833	825	836	755	0
833	825	836	755	739	0
825	836	755	739	494	0
836	755	739	494	1269	0
755	739	494	1269	747	1
739	494	1269	747	856	2
494	1269	747	856	693	0
1269	747	856	693	653	0
747	856	693	653	666	0
856	693	653	666	506	0
693	653	666	506	1171	0
653	666	506	1171	794	1
666	506	1171	794	778	2
506	1171	794	778	685	0
1171	794	778	685	645	0
794	778	685	645	642	0
778	685	645	642	526	0
685	645	642	526	910	0
645	642	526	910	798	1
642	526	910	798	782	2
526	910	798	782	778	0
910	798	782	778	759	0
798	782	778	759	697	0
782	778	759	697	638	0
778	759	697	638	649	0
759	697	638	649	689	0
697	638	649	689	712	0
638	649	689	712	673	0
649	689	712	673	666	0
689	712	673	666	646	0
712	673	666	646	642	0
673	666	646	642	626	0
666	646	642	626	739	0
646	642	626	739	674	0
642	626	739	674	716	0
626	739	674	716	688	0
739	674	716	688	712	0
674	716	688	712	685	0
716	688	712	685	533	0
688	712	685	533	880	0
712	685	533	880	712	1
685	533	880	712	696	2
533	880	712	696	708	0
880	712	696	708	681	0
712	696	708	681	728	0
696	708	681	728	696	0
708	681	728	696	724	0
681	728	696	724	732	0
728	696	724	732	751	0
696	724	732	751	712	0
724	732	751	712	731	0
732	751	712	731	525	0
751	712	731	525	962	0
712	731	525	962	657	1
731	525	962	657	669	2
525	962	657	669	670	0
962	657	669	670	688	0
657	669	670	688	693	0
669	670	688	693	739	0
670	688	693	739	779	0
688	693	739	779	778	0
693	739	779	778	743	0
739	779	778	743	747	0
779	778	743	747	751	0
778	743	747	751	739	0
743	747	751	739	724	0
747	751	739	724	747	0
751	739	724	747	739	0
739	724	747	739	740	0
724	747	739	740	735	0
747	739	740	735	732	0
739	740	735	732	747	0
740	735	732	747	723	0
735	732	747	723	748	0
732	747	723	748	731	0
747	723	748	731	728	0
723	748	731	728	735	0
748	731	728	735	743	0
731	728	735	743	724	0
728	735	743	724	724	0
735	743	724	724	766	0
743	724	724	766	732	0
724	724	766	732	731	0
724	766	732	731	740	0
766	732	731	740	719	0
732	731	740	719	716	0
731	740	719	716	728	0
740	719	716	728	708	0
719	716	728	708	708	0
716	728	708	708	709	0
728	708	708	709	712	0
708	708	709	712	696	0
708	709	712	696	724	0
709	712	696	724	533	0
712	696	724	533	887	0
696	724	533	887	697	1
724	533	887	697	712	2
533	887	697	712	521	0
887	697	712	521	907	0
697	712	521	907	696	1
712	521	907	696	708	2
521	907	696	708	720	0
907	696	708	720	724	0
696	708	720	724	720	0
708	720	724	720	712	0
720	724	720	712	712	0
724	720	712	712	708	0
720	712	712	708	724	0
712	712	708	724	525	0
712	708	724	525	926	0
708	724	525	926	728	1
724	525	926	728	723	2
525	926	728	723	720	0
926	728	723	720	732	0
728	723	720	732	517	0
723	720	732	517	961	0
720	732	517	961	709	1
732	517	961	709	716	2
517	961	709	716	509	0
961	709	716	509	942	0
709	716	509	942	716	1
716	509	942	716	731	2
509	942	716	731	709	0
942	716	731	709	739	0
716	731	709	739	510	0
731	709	739	510	933	0
709	739	510	933	709	1
739	510	933	709	719	2
510	933	709	719	518	0
933	709	719	518	903	0
709	719	518	903	712	1
719	518	903	712	731	2
518	903	712	731	724	0
903	712	731	724	735	0
712	731	724	735	502	0
731	724	735	502	973	0
724	735	502	973	693	1
735	502	973	693	743	2
502	973	693	743	502	0
973	693	743	502	934	0
693	743	502	934	716	1
743	502	934	716	716	2
502	934	716	716	723	0
934	716	716	723	732	0
716	716	723	732	720	0
716	723	732	720	735	0
723	732	720	735	743	0
732	720	735	743	736	0
720	735	743	736	704	0
735	743	736	704	689	0
743	736	704	689	712	0
736	704	689	712	969	0
704	689	712	969	509	0
689	712	969	509	1125	0
712	969	509	1125	521	1
969	509	1125	521	950	2
509	1125	521	950	774	1
1125	521	950	774	876	2
521	950	774	876	505	0
950	774	876	505	1109	0
774	876	505	1109	658	1
876	505	1109	658	693	2
505	1109	658	693	832	0
1109	658	693	832	518	0
658	693	832	518	1120	0
693	832	518	1120	817	1
832	518	1120	817	720	2
518	1120	817	720	685	0
1120	817	720	685	771	0
817	720	685	771	875	0
720	685	771	875	514	0
685	771	875	514	1109	0
771	875	514	1109	883	1
875	514	1109	883	692	2
514	1109	883	692	681	0
1109	883	692	681	876	0
883	692	681	876	510	0
692	681	876	510	1167	0
681	876	510	1167	704	1
876	510	1167	704	662	2
510	1167	704	662	669	0
1167	704	662	669	712	0
704	662	669	712	821	0
662	669	712	821	518	0
669	712	821	518	1116	0
712	821	518	1116	716	1
821	518	1116	716	693	2
518	1116	716	693	891	0
1116	716	693	891	798	0
716	693	891	798	832	0
693	891	798	832	510	0
891	798	832	510	942	0
798	832	510	942	688	1
832	510	942	688	740	2
510	942	688	740	502	0
942	688	740	502	1000	0
688	740	502	1000	692	1
740	502	1000	692	681	2
502	1000	692	681	685	0
1000	692	681	685	677	0
692	681	685	677	677	0
681	685	677	677	712	0
685	677	677	712	720	0
677	677	712	720	724	0
677	712	720	724	708	0
712	720	724	708	739	0
720	724	708	739	724	0
724	708	739	724	716	0
708	739	724	716	724	0
739	724	716	724	716	0
724	716	724	716	704	0
716	724	716	704	720	0
724	716	704	720	708	0
716	704	720	708	704	0
704	720	708	704	716	0
720	708	704	716	708	0
708	704	716	708	708	0
704	716	708	708	709	0
716	708	708	709	513	0
708	708	709	513	926	0
708	709	513	926	708	1
709	513	926	708	701	2
513	926	708	701	498	0
926	708	701	498	930	0
708	701	498	930	692	1
701	498	930	692	709	2
498	930	692	709	712	0
930	692	709	712	727	0
692	709	712	727	518	0
709	712	727	518	965	0
712	727	518	965	724	1
727	518	965	724	750	2
518	965	724	750	736	0
965	724	750	736	755	0
724	750	736	755	681	0
750	736	755	681	665	0
736	755	681	665	665	0
755	681	665	665	712	0
681	665	665	712	771	0
665	665	712	771	751	0
665	712	771	751	731	0
712	771	751	731	728	0
771	751	731	728	759	0
751	731	728	759	751	0
731	728	759	751	751	0
728	759	751	751	762	0
759	751	751	762	709	0
751	751	762	709	537	0
751	762	709	537	1007	0
762	709	537	1007	794	1
709	537	1007	794	732	2
537	1007	794	732	754	0
1007	794	732	754	736	0
794	732	754	736	669	0
732	754	736	669	669	0
754	736	669	669	666	0
736	669	669	666	852	0
669	669	666	852	525	0
669	666	852	525	1136	0
666	852	525	1136	709	1
852	525	1136	709	723	2
525	1136	709	723	494	0
1136	709	723	494	1160	0
709	723	494	1160	494	1
723	494	1160	494	553	2
494	1160	494	553	836	1
1160	494	553	836	794	2
494	553	836	794	661	0
553	836	794	661	798	0
836	794	661	798	821	0
794	661	798	821	529	0
661	798	821	529	1102	0
798	821	529	1102	731	1
821	529	1102	731	654	2
529	1102	731	654	692	0
1102	731	654	692	817	0
731	654	692	817	514	0
654	692	817	514	1109	0
692	817	514	1109	778	1
817	514	1109	778	790	2
514	1109	778	790	506	0
1109	778	790	506	1054	0
778	790	506	1054	689	1
790	506	1054	689	860	2
506	1054	689	860	802	0
1054	689	860	802	825	0
689	860	802	825	832	0
860	802	825	832	868	0
802	825	832	868	883	0
825	832	868	883	697	0
832	868	883	697	513	0
868	883	697	513	1277	0
883	697	513	1277	751	1
697	513	1277	751	980	2
513	1277	751	980	806	0
1277	751	980	806	848	0
751	980	806	848	844	0
980	806	848	844	821	0
806	848	844	821	841	0
848	844	821	841	832	0
844	821	841	832	887	0
821	841	832	887	915	0
841	832	887	915	906	0
832	887	915	906	903	0
887	915	906	903	883	0
915	906	903	883	888	0
906	903	883	888	860	0
903	883	888	860	852	0
883	888	860	852	840	0
888	860	852	840	833	0
860	852	840	833	770	0
852	840	833	770	720	0
840	833	770	720	498	0
833	770	720	498	1164	0
770	720	498	1164	786	1
720	498	1164	786	766	2
498	1164	786	766	747	0
1164	786	766	747	747	0
786	766	747	747	514	0
766	747	747	514	1054	0
747	747	514	1054	786	1
747	514	1054	786	755	2
514	1054	786	755	545	0
1054	786	755	545	1074	0
786	755	545	1074	817	1
755	545	1074	817	805	2
545	1074	817	805	794	0
1074	817	805	794	813	0
817	805	794	813	771	0
805	794	813	771	712	0
794	813	771	712	517	0
813	771	712	517	1117	0
771	712	517	1117	880	1
712	517	1117	880	490	2
517	1117	880	490	1342	0
1117	880	490	1342	880	1
880	490	1342	880	474	2
490	1342	880	474	1016	0
1342	880	474	1016	790	0
880	474	1016	790	988	0
474	1016	790	988	790	0
1016	790	988	790	704	0
790	988	790	704	526	0
988	790	704	526	1120	0
790	704	526	1120	708	1
704	526	1120	708	775	2
526	1120	708	775	529	0
1120	708	775	529	907	0
708	775	529	907	859	1
775	529	907	859	802	2
529	907	859	802	825	0
907	859	802	825	836	0
859	802	825	836	814	0
802	825	836	814	825	0
825	836	814	825	832	0
836	814	825	832	810	0
814	825	832	810	852	0
825	832	810	852	844	0
832	810	852	844	817	0
810	852	844	817	771	0
852	844	817	771	529	0
844	817	771	529	1043	0
817	771	529	1043	681	1
771	529	1043	681	673	2
529	1043	681	673	852	0
1043	681	673	852	525	0
681	673	852	525	1222	0
673	852	525	1222	942	1
852	525	1222	942	505	2
525	1222	942	505	1222	0
1222	942	505	1222	829	1
942	505	1222	829	837	2
505	1222	829	837	824	0
1222	829	837	824	802	0
829	837	824	802	525	0
837	824	802	525	915	0
824	802	525	915	883	1
802	525	915	883	763	2
525	915	883	763	525	0
915	883	763	525	1000	0
883	763	525	1000	712	1
763	525	1000	712	665	2
525	1000	712	665	495	0
1000	712	665	495	1031	0
712	665	495	1031	642	1
665	495	1031	642	805	2
495	1031	642	805	662	0
1031	642	805	662	805	0
642	805	662	805	521	0
805	662	805	521	872	0
662	805	521	872	809	1
805	521	872	809	689	2
521	872	809	689	946	0
872	809	689	946	817	0
809	689	946	817	766	0
689	946	817	766	720	0
946	817	766	720	693	0
817	766	720	693	681	0
766	720	693	681	681	0
720	693	681	681	509	0
693	681	681	509	794	0
681	681	509	794	646	1
681	509	794	646	654	2
509	794	646	654	646	0
794	646	654	646	832	0
646	654	646	832	526	0
654	646	832	526	1089	0
646	832	526	1089	759	1
832	526	1089	759	735	2
526	1089	759	735	522	0
1089	759	735	522	941	0
759	735	522	941	705	1
735	522	941	705	712	2
522	941	705	712	681	0
941	705	712	681	630	0
705	712	681	630	751	0
712	681	630	751	728	0
681	630	751	728	719	0
630	751	728	719	705	0
751	728	719	705	700	0
728	719	705	700	669	0
719	705	700	669	685	0
705	700	669	685	689	0
700	669	685	689	689	0
669	685	689	689	688	0
685	689	689	688	708	0
689	689	688	708	716	0
689	688	708	716	689	0
688	708	716	689	665	0
708	716	689	665	658	0
716	689	665	658	751	0
689	665	658	751	790	0
665	658	751	790	801	0
658	751	790	801	720	0
751	790	801	720	658	0
790	801	720	658	700	0
801	720	658	700	806	0
720	658	700	806	525	0
658	700	806	525	1261	0
700	806	525	1261	797	1
806	525	1261	797	806	2
525	1261	797	806	517	0
1261	797	806	517	1203	0
797	806	517	1203	860	1
806	517	1203	860	486	2
517	1203	860	486	895	0
1203	860	486	895	669	1
860	486	895	669	724	2
486	895	669	724	514	0
895	669	724	514	1144	0
669	724	514	1144	727	1
724	514	1144	727	720	2
514	1144	727	720	860	0
1144	727	720	860	696	0
727	720	860	696	697	0
720	860	696	697	716	0
860	696	697	716	871	0
696	697	716	871	818	0
697	716	871	818	743	0
716	871	818	743	525	0
871	818	743	525	1319	0
818	743	525	1319	833	1
743	525	1319	833	844	2
525	1319	833	844	845	0
1319	833	844	845	758	0
833	844	845	758	747	0
844	845	758	747	891	0
845	758	747	891	821	0
758	747	891	821	818	0
747	891	821	818	789	0
891	821	818	789	720	0
821	818	789	720	537	0
818	789	720	537	876	0
789	720	537	876	692	1
720	537	876	692	852	2
537	876	692	852	798	0
876	692	852	798	778	0
692	852	798	778	740	0
852	798	778	740	700	0
798	778	740	700	533	0
778	740	700	533	1191	0
740	700	533	1191	731	1
700	533	1191	731	891	2
533	1191	731	891	689	0
1191	731	891	689	665	0
731	891	689	665	677	0
891	689	665	677	670	0
689	665	677	670	759	0
665	677	670	759	529	0
677	670	759	529	1221	0
670	759	529	1221	779	1
759	529	1221	779	949	2
529	1221	779	949	763	0
1221	779	949	763	731	0
779	949	763	731	510	0
949	763	731	510	1089	0
763	731	510	1089	825	1
731	510	1089	825	786	2
510	1089	825	786	802	0
1089	825	786	802	739	0
825	786	802	739	526	0
786	802	739	526	813	0
802	739	526	813	661	1
739	526	813	661	693	2
526	813	661	693	490	0
813	661	693	490	1082	0
661	693	490	1082	782	1
693	490	1082	782	774	2
490	1082	782	774	747	0
1082	782	774	747	744	0
782	774	747	744	529	0
774	747	744	529	813	0
747	744	529	813	646	1
744	529	813	646	677	2
529	813	646	677	498	0
813	646	677	498	1012	0
646	677	498	1012	754	1
677	498	1012	754	709	2
498	1012	754	709	533	0
1012	754	709	533	961	0
754	709	533	961	677	1
709	533	961	677	626	2
533	961	677	626	514	0
961	677	626	514	731	0
677	626	514	731	607	1
626	514	731	607	666	2
514	731	607	666	708	0
731	607	666	708	770	0
607	666	708	770	767	0
666	708	770	767	716	0
708	770	767	716	766	0
770	767	716	766	810	0
767	716	766	810	673	0
716	766	810	673	517	0
766	810	673	517	895	0
810	673	517	895	709	1
673	517	895	709	856	2
517	895	709	856	774	0
895	709	856	774	755	0
709	856	774	755	848	0
856	774	755	848	700	0
774	755	848	700	518	0
755	848	700	518	1051	0
848	700	518	1051	789	1
700	518	1051	789	744	2
518	1051	789	744	517	0
1051	789	744	517	1055	0
789	744	517	1055	723	1
744	517	1055	723	701	2
517	1055	723	701	498	0
1055	723	701	498	1132	0
723	701	498	1132	712	1
701	498	1132	712	813	2
498	1132	712	813	526	0
1132	712	813	526	961	0
712	813	526	961	774	1
813	526	961	774	770	2
526	961	774	770	518	0
961	774	770	518	1031	0
774	770	518	1031	654	1
770	518	1031	654	576	2
518	1031	654	576	587	0
1031	654	576	587	627	0
654	576	587	627	646	0
576	587	627	646	688	0
587	627	646	688	681	0
627	646	688	681	755	0
646	688	681	755	809	0
688	681	755	809	779	0
681	755	809	779	762	0
755	809	779	762	720	0
809	779	762	720	654	0
779	762	720	654	774	0
762	720	654	774	767	0
720	654	774	767	735	0
654	774	767	735	736	0
774	767	735	736	750	0
767	735	736	750	771	0
735	736	750	771	669	0
736	750	771	669	654	0
750	771	669	654	677	0
771	669	654	677	696	0
669	654	677	696	821	0
654	677	696	821	530	0
677	696	821	530	1066	0
696	821	530	1066	708	1
821	530	1066	708	650	2
530	1066	708	650	642	0
1066	708	650	642	661	0
708	650	642	661	701	0
650	642	661	701	762	0
642	661	701	762	522	0
661	701	762	522	1027	0
701	762	522	1027	747	1
762	522	1027	747	735	2
522	1027	747	735	728	0
1027	747	735	728	510	0
747	735	728	510	891	0
735	728	510	891	607	1
728	510	891	607	622	2
510	891	607	622	627	0
891	607	622	627	502	0
607	622	627	502	1050	0
622	627	502	1050	720	1
627	502	1050	720	732	2
502	1050	720	732	712	0
1050	720	732	712	731	0
720	732	712	731	662	0
732	712	731	662	622	0
712	731	662	622	646	0
731	662	622	646	514	0
662	622	646	514	988	0
622	646	514	988	767	1
646	514	988	767	770	2
514	988	767	770	763	0
988	767	770	763	689	0
767	770	763	689	649	0
770	763	689	649	662	0
763	689	649	662	790	0
689	649	662	790	790	0
649	662	790	790	770	0
662	790	790	770	759	0
790	790	770	759	673	0
790	770	759	673	560	0
770	759	673	560	716	0
759	673	560	716	650	1
673	560	716	650	704	2
560	716	650	704	775	0
716	650	704	775	754	0
650	704	775	754	736	0
704	775	754	736	747	0
775	754	736	747	696	0
754	736	747	696	631	0
736	747	696	631	669	0
747	696	631	669	521	0
696	631	669	521	1035	0
631	669	521	1035	732	1
669	521	1035	732	743	2
521	1035	732	743	720	0
1035	732	743	720	658	0
732	743	720	658	634	0
743	720	658	634	638	0
720	658	634	638	681	0
658	634	638	681	801	0
634	638	681	801	526	0
638	681	801	526	980	0
681	801	526	980	724	1
801	526	980	724	646	2
526	980	724	646	630	0
980	724	646	630	654	0
724	646	630	654	724	0
646	630	654	724	755	0
630	654	724	755	739	0
654	724	755	739	728	0
724	755	739	728	517	0
755	739	728	517	907	0
739	728	517	907	626	1
728	517	907	626	638	2
517	907	626	638	654	0
907	626	638	654	689	0
626	638	654	689	762	0
638	654	689	762	747	0
654	689	762	747	740	0
689	762	747	740	731	0
762	747	740	731	732	0
747	740	731	732	650	0
740	731	732	650	614	0
731	732	650	614	627	0
732	650	614	627	630	0
650	614	627	630	712	0
614	627	630	712	771	0
627	630	712	771	747	0
630	712	771	747	747	0
712	771	747	747	751	0
771	747	747	751	525	0
747	747	751	525	806	0
747	751	525	806	638	1
751	525	806	638	665	2
525	806	638	665	739	0
806	638	665	739	779	0
638	665	739	779	762	0
665	739	779	762	483	0
739	779	762	483	1031	0
779	762	483	1031	653	1
762	483	1031	653	631	2
483	1031	653	631	630	0
1031	653	631	630	646	0
653	631	630	646	736	0
631	630	646	736	529	0
630	646	736	529	1054	0
646	736	529	1054	693	1
736	529	1054	693	821	2
529	1054	693	821	673	0
1054	693	821	673	658	0
693	821	673	658	661	0
821	673	658	661	767	0
673	658	661	767	805	0
658	661	767	805	805	0
661	767	805	805	510	0
767	805	805	510	965	0
805	805	510	965	658	1
805	510	965	658	696	2
510	965	658	696	798	0
965	658	696	798	506	0
658	696	798	506	1097	0
696	798	506	1097	724	1
798	506	1097	724	661	2
506	1097	724	661	658	0
1097	724	661	658	762	0
724	661	658	762	502	0
661	658	762	502	1008	0
658	762	502	1008	771	1
762	502	1008	771	649	2
502	1008	771	649	642	0
1008	771	649	642	732	0
771	649	642	732	798	0
649	642	732	798	509	0
642	732	798	509	1004	0
732	798	509	1004	666	1
798	509	1004	666	642	2
509	1004	666	642	665	0
1004	666	642	665	786	0
666	642	665	786	514	0
642	665	786	514	1039	0
665	786	514	1039	762	1
786	514	1039	762	689	2
514	1039	762	689	650	0
1039	762	689	650	665	0
762	689	650	665	786	0
689	650	665	786	521	0
650	665	786	521	1008	0
665	786	521	1008	775	1
786	521	1008	775	708	2
521	1008	775	708	642	0
1008	775	708	642	626	0
775	708	642	626	634	0
708	642	626	634	642	0
642	626	634	642	650	0
626	634	642	650	759	0
634	642	650	759	786	0
642	650	759	786	782	0
650	759	786	782	763	0
759	786	782	763	700	0
786	782	763	700	654	0
782	763	700	654	677	0
763	700	654	677	833	0
700	654	677	833	513	0
654	677	833	513	1078	0
677	833	513	1078	716	1
833	513	1078	716	673	2
513	1078	716	673	759	0
1078	716	673	759	513	0
716	673	759	513	1125	0
673	759	513	1125	782	1
759	513	1125	782	673	2
513	1125	782	673	498	0
1125	782	673	498	775	0
782	673	498	775	626	1
673	498	775	626	654	2
498	775	626	654	790	0
775	626	654	790	774	0
626	654	790	774	790	0
654	790	774	790	798	0
790	774	790	798	708	0
774	790	798	708	805	0
790	798	708	805	876	0
798	708	805	876	832	0
708	805	876	832	755	0
805	876	832	755	720	0
876	832	755	720	833	0
832	755	720	833	805	0
755	720	833	805	771	0
720	833	805	771	712	0
833	805	771	712	665	0
805	771	712	665	483	0
771	712	665	483	824	0
712	665	483	824	627	1
665	483	824	627	735	2
483	824	627	735	724	0
824	627	735	724	724	0
627	735	724	724	743	0
735	724	724	743	739	0
724	724	743	739	775	0
724	743	739	775	824	0
743	739	775	824	794	0
739	775	824	794	864	0
775	824	794	864	798	0
824	794	864	798	786	0
794	864	798	786	778	0
864	798	786	778	747	0
798	786	778	747	774	0
786	778	747	774	510	0
778	747	774	510	1163	0
747	774	510	1163	763	1
774	510	1163	763	841	2
510	1163	763	841	700	0
1163	763	841	700	700	0
763	841	700	700	853	0
841	700	700	853	801	0
700	700	853	801	798	0
700	853	801	798	513	0
853	801	798	513	954	0
801	798	513	954	638	1
798	513	954	638	669	2
513	954	638	669	778	0
954	638	669	778	514	0
638	669	778	514	1066	0
669	778	514	1066	747	1
778	514	1066	747	728	2
514	1066	747	728	506	0
1066	747	728	506	972	0
747	728	506	972	623	1
728	506	972	623	619	2
506	972	623	619	653	0
972	623	619	653	514	0
623	619	653	514	1047	0
619	653	514	1047	758	1
653	514	1047	758	744	2
514	1047	758	744	509	0
1047	758	744	509	884	0
758	744	509	884	626	1
744	509	884	626	661	2
509	884	626	661	685	0
884	626	661	685	825	0
626	661	685	825	782	0
661	685	825	782	798	0
685	825	782	798	498	0
825	782	798	498	856	0
782	798	498	856	658	1
798	498	856	658	684	2
498	856	658	684	853	0
856	658	684	853	817	0
658	684	853	817	790	0
684	853	817	790	743	0
853	817	790	743	677	0
817	790	743	677	685	0
790	743	677	685	797	0
743	677	685	797	510	0
677	685	797	510	1148	0
685	797	510	1148	833	1
797	510	1148	833	692	2
510	1148	833	692	506	0
1148	833	692	506	852	0
833	692	506	852	864	1
692	506	852	864	833	2
506	852	864	833	844	0
852	864	833	844	739	0
864	833	844	739	712	0
833	844	739	712	915	0
844	739	712	915	868	0
739	712	915	868	762	0
712	915	868	762	697	0
915	868	762	697	879	0
868	762	697	879	860	0
762	697	879	860	829	0
697	879	860	829	735	0
879	860	829	735	689	0
860	829	735	689	510	0
829	735	689	510	1101	0
735	689	510	1101	821	1
689	510	1101	821	786	2
510	1101	821	786	525	0
1101	821	786	525	973	0
821	786	525	973	654	1
786	525	973	654	719	2
525	973	654	719	506	0
973	654	719	506	1183	0
654	719	506	1183	813	1
719	506	1183	813	724	2
506	1183	813	724	514	0
1183	813	724	514	1054	0
813	724	514	1054	844	1
724	514	1054	844	833	2
514	1054	844	833	759	0
1054	844	833	759	786	0
844	833	759	786	938	0
833	759	786	938	879	0
759	786	938	879	809	0
786	938	879	809	938	0
938	879	809	938	864	0
879	809	938	864	860	0
809	938	864	860	755	0
938	864	860	755	708	0
864	860	755	708	494	0
860	755	708	494	1261	0
755	708	494	1261	840	1
708	494	1261	840	813	2
494	1261	840	813	716	0
1261	840	813	716	712	0
840	813	716	712	506	0
813	716	712	506	1234	0
716	712	506	1234	840	1
712	506	1234	840	817	2
506	1234	840	817	709	0
1234	840	817	709	708	0
840	817	709	708	494	0
817	709	708	494	1175	0
709	708	494	1175	805	1
708	494	1175	805	771	2
494	1175	805	771	513	0
1175	805	771	513	993	0
805	771	513	993	665	1
771	513	993	665	708	2
513	993	665	708	498	0
993	665	708	498	1156	0
665	708	498	1156	782	1
708	498	1156	782	794	2
498	1156	782	794	801	0
1156	782	794	801	705	0
782	794	801	705	513	0
794	801	705	513	1090	0
801	705	513	1090	840	1
705	513	1090	840	810	2
513	1090	840	810	817	0
1090	840	810	817	700	0
840	810	817	700	673	0
810	817	700	673	704	0
817	700	673	704	923	0
700	673	704	923	852	0
673	704	923	852	778	0
704	923	852	778	759	0
923	852	778	759	980	0
852	778	759	980	872	0
778	759	980	872	790	0
759	980	872	790	938	0
980	872	790	938	879	0
872	790	938	879	883	0
790	938	879	883	887	0
938	879	883	887	876	0
879	883	887	876	875	0
883	887	876	875	872	0
887	876	875	872	774	0
876	875	872	774	708	0
875	872	774	708	895	0
872	774	708	895	833	0
774	708	895	833	848	0
708	895	833	848	833	0
895	833	848	833	708	0
833	848	833	708	522	0
848	833	708	522	906	0
833	708	522	906	732	1
708	522	906	732	832	2
522	906	732	832	849	0
906	732	832	849	844	0
732	832	849	844	747	0
832	849	844	747	712	0
849	844	747	712	510	0
844	747	712	510	1257	0
747	712	510	1257	825	1
712	510	1257	825	801	2
510	1257	825	801	708	0
1257	825	801	708	673	0
825	801	708	673	666	0
801	708	673	666	739	0
708	673	666	739	860	0
673	666	739	860	798	0
666	739	860	798	809	0
739	860	798	809	506	0
860	798	809	506	868	0
798	809	506	868	653	1
809	506	868	653	666	2
506	868	653	666	700	0
868	653	666	700	514	0
653	666	700	514	996	0
666	700	514	996	688	1
700	514	996	688	674	2
514	996	688	674	649	0
996	688	674	649	646	0
688	674	649	646	744	0
674	649	646	744	540	0
649	646	744	540	895	0
646	744	540	895	697	1
744	540	895	697	727	2
540	895	697	727	498	0
895	697	727	498	930	0
697	727	498	930	701	1
727	498	930	701	720	2
498	930	701	720	529	0
930	701	720	529	906	0
701	720	529	906	697	1
720	529	906	697	728	2
529	906	697	728	533	0
906	697	728	533	914	0
697	728	533	914	708	1
728	533	914	708	720	2
533	914	708	720	525	0
914	708	720	525	915	0
708	720	525	915	708	1
720	525	915	708	689	2
525	915	708	689	688	0
915	708	689	688	705	0
708	689	688	705	716	0
689	688	705	716	529	0
688	705	716	529	922	0
705	716	529	922	732	1
716	529	922	732	731	2
529	922	732	731	514	0
922	732	731	514	941	0
732	731	514	941	708	1
731	514	941	708	740	2
514	941	708	740	517	0
941	708	740	517	950	0
708	740	517	950	727	1
740	517	950	727	728	2
517	950	727	728	521	0
950	727	728	521	938	0
727	728	521	938	708	1
728	521	938	708	712	2
521	938	708	712	522	0
938	708	712	522	945	0
708	712	522	945	697	1
712	522	945	697	735	2
522	945	697	735	525	0
945	697	735	525	864	0
697	735	525	864	634	1
735	525	864	634	693	2
525	864	634	693	490	0
864	634	693	490	1210	0
634	693	490	1210	814	1
693	490	1210	814	720	2
490	1210	814	720	525	0
1210	814	720	525	805	0
814	720	525	805	666	1
720	525	805	666	735	2
525	805	666	735	502	0
805	666	735	502	1171	0
666	735	502	1171	778	1
735	502	1171	778	712	2
502	1171	778	712	510	0
1171	778	712	510	829	0
778	712	510	829	751	1
712	510	829	751	829	2
510	829	751	829	801	0
829	751	829	801	798	0
751	829	801	798	732	0
829	801	798	732	669	0
801	798	732	669	685	0
798	732	669	685	867	0
732	669	685	867	829	0
669	685	867	829	802	0
685	867	829	802	517	0
867	829	802	517	860	0
829	802	517	860	662	1
802	517	860	662	786	2
517	860	662	786	494	0
860	662	786	494	790	0
662	786	494	790	1159	1
786	494	790	1159	673	2
494	790	1159	673	646	0
790	1159	673	646	646	0
1159	673	646	646	786	0
673	646	646	786	778	0
646	646	786	778	782	0
646	786	778	782	771	0
786	778	782	771	692	0
778	782	771	692	658	0
782	771	692	658	654	0
771	692	658	654	700	0
692	658	654	700	790	0
658	654	700	790	735	0
654	700	790	735	748	0
700	790	735	748	739	0
790	735	748	739	727	0
735	748	739	727	674	0
748	739	727	674	638	0
739	727	674	638	665	0
727	674	638	665	755	0
674	638	665	755	763	0
638	665	755	763	533	0
665	755	763	533	1011	0
755	763	533	1011	677	1
763	533	1011	677	642	2
533	1011	677	642	670	0
1011	677	642	670	774	0
677	642	670	774	514	0
642	670	774	514	1101	0
670	774	514	1101	704	1
774	514	1101	704	673	2
514	1101	704	673	848	0
1101	704	673	848	810	0
704	673	848	810	805	0
673	848	810	805	732	0
848	810	805	732	696	0
810	805	732	696	880	0
805	732	696	880	840	0
732	696	880	840	771	0
696	880	840	771	774	0
880	840	771	774	926	0
840	771	774	926	825	0
771	774	926	825	797	0
774	926	825	797	876	0
926	825	797	876	798	0
825	797	876	798	836	0
797	876	798	836	728	0
876	798	836	728	517	0
798	836	728	517	946	0
836	728	517	946	712	1
728	517	946	712	720	2
517	946	712	720	502	0
946	712	720	502	1303	0
712	720	502	1303	685	1
720	502	1303	685	697	2
502	1303	685	697	502	0
1303	685	697	502	922	0
685	697	502	922	696	1
697	502	922	696	767	2
502	922	696	767	517	0
922	696	767	517	1039	0
696	767	517	1039	716	1
767	517	1039	716	735	2
517	1039	716	735	514	0
1039	716	735	514	1012	0
716	735	514	1012	727	1
735	514	1012	727	681	2
514	1012	727	681	502	0
1012	727	681	502	884	0
727	681	502	884	657	1
681	502	884	657	704	2
502	884	657	704	755	0
884	657	704	755	814	0
657	704	755	814	525	0
704	755	814	525	1031	0
755	814	525	1031	696	1
814	525	1031	696	662	2
525	1031	696	662	766	0
1031	696	662	766	518	0
696	662	766	518	1035	0
662	766	518	1035	755	1
766	518	1035	755	727	2
518	1035	755	727	514	0
1035	755	727	514	817	0
755	727	514	817	650	1
727	514	817	650	658	2
514	817	650	658	766	0
817	650	658	766	522	0
650	658	766	522	1081	0
658	766	522	1081	767	1
766	522	1081	767	685	2
522	1081	767	685	505	0
1081	767	685	505	794	0
767	685	505	794	642	1
685	505	794	642	720	2
505	794	642	720	510	0
794	642	720	510	1097	0
642	720	510	1097	778	1
720	510	1097	778	716	2
510	1097	778	716	522	0
1097	778	716	522	856	0
778	716	522	856	852	1
716	522	856	852	813	2
522	856	852	813	825	0
856	852	813	825	728	0
852	813	825	728	521	0
813	825	728	521	1000	0
825	728	521	1000	821	1
728	521	1000	821	786	2
521	1000	821	786	759	0
1000	821	786	759	743	0
821	786	759	743	510	0
786	759	743	510	840	0
759	743	510	840	634	1
743	510	840	634	689	2
510	840	634	689	806	0
840	634	689	806	525	0
634	689	806	525	1023	0
689	806	525	1023	747	1
806	525	1023	747	666	2
525	1023	747	666	502	0
1023	747	666	502	797	0
747	666	502	797	747	1
666	502	797	747	814	2
502	797	747	814	786	0
797	747	814	786	797	0
747	814	786	797	697	0
814	786	797	697	669	0
786	797	697	669	739	0
797	697	669	739	849	0
697	669	739	849	801	0
669	739	849	801	809	0
739	849	801	809	705	0
849	801	809	705	704	0
801	809	705	704	856	0
809	705	704	856	821	0
705	704	856	821	805	0
704	856	821	805	728	0
856	821	805	728	685	0
821	805	728	685	731	0
805	728	685	731	849	0
728	685	731	849	813	0
685	731	849	813	813	0
731	849	813	813	790	0
849	813	813	790	700	0
813	813	790	700	502	0
813	790	700	502	981	0
790	700	502	981	778	1
700	502	981	778	786	2
502	981	778	786	786	0
981	778	786	786	759	0
778	786	786	759	696	0
786	786	759	696	650	0
786	759	696	650	658	0
759	696	650	658	759	0
696	650	658	759	797	0
650	658	759	797	786	0
658	759	797	786	778	0
759	797	786	778	759	0
797	786	778	759	681	0
786	778	759	681	681	0
778	759	681	681	809	0
759	681	681	809	802	0
681	681	809	802	786	0
681	809	802	786	778	0
809	802	786	778	716	0
802	786	778	716	658	0
786	778	716	658	646	0
778	716	658	646	680	0
716	658	646	680	818	0
658	646	680	818	758	0
646	680	818	758	767	0
680	818	758	767	766	0
818	758	767	766	716	0
758	767	766	716	689	0
767	766	716	689	841	0
766	716	689	841	813	0
716	689	841	813	794	0
689	841	813	794	789	0
841	813	794	789	689	0
813	794	789	689	662	0
794	789	689	662	673	0
789	689	662	673	731	0
689	662	673	731	518	0
662	673	731	518	1082	0
673	731	518	1082	735	1
731	518	1082	735	766	2
518	1082	735	766	670	0
1082	735	766	670	657	0
735	766	670	657	635	0
766	670	657	635	498	0
670	657	635	498	1085	0
657	635	498	1085	790	1
635	498	1085	790	806	2
498	1085	790	806	680	0
1085	790	806	680	666	0
790	806	680	666	716	0
806	680	666	716	517	0
680	666	716	517	950	0
666	716	517	950	685	1
716	517	950	685	677	2
517	950	685	677	677	0
950	685	677	677	669	0
685	677	677	669	677	0
677	677	669	677	677	0
677	669	677	677	689	0
669	677	677	689	677	0
677	677	689	677	794	0
677	689	677	794	719	0
689	677	794	719	767	0
677	794	719	767	739	0
794	719	767	739	751	0
719	767	739	751	739	0
767	739	751	739	767	0
739	751	739	767	732	0
751	739	767	732	758	0
739	767	732	758	755	0
767	732	758	755	755	0
732	758	755	755	693	0
758	755	755	693	716	0
755	755	693	716	708	0
755	693	716	708	770	0
693	716	708	770	825	0
716	708	770	825	537	0
708	770	825	537	996	0
770	825	537	996	498	1
825	537	996	498	1024	2
537	996	498	1024	735	1
996	498	1024	735	786	2
498	1024	735	786	506	0
1024	735	786	506	984	0
735	786	506	984	677	1
786	506	984	677	708	2
506	984	677	708	487	0
984	677	708	487	1198	0
677	708	487	1198	798	1
708	487	1198	798	798	2
487	1198	798	798	723	0
1198	798	798	723	697	0
798	798	723	697	498	0
798	723	697	498	1253	0
723	697	498	1253	832	1
697	498	1253	832	759	2
498	1253	832	759	518	0
1253	832	759	518	1008	0
832	759	518	1008	824	1
759	518	1008	824	798	2
518	1008	824	798	794	0
1008	824	798	794	708	0
824	798	794	708	506	0
798	794	708	506	825	0
794	708	506	825	704	1
708	506	825	704	841	2
506	825	704	841	789	0
825	704	841	789	790	0
704	841	789	790	779	0
841	789	790	779	688	0
789	790	779	688	494	0
790	779	688	494	1008	0
779	688	494	1008	794	1
688	494	1008	794	759	2
494	1008	794	759	758	0
1008	794	759	758	759	0
794	759	758	759	685	0
759	758	759	685	662	0
758	759	685	662	700	0
759	685	662	700	517	0
685	662	700	517	1129	0
662	700	517	1129	801	1
700	517	1129	801	732	2
517	1129	801	732	517	0
1129	801	732	517	845	0
801	732	517	845	716	1
732	517	845	716	840	2
517	845	716	840	829	0
845	716	840	829	805	0
716	840	829	805	693	0
840	829	805	693	673	0
829	805	693	673	701	0
805	693	673	701	751	0
693	673	701	751	863	0
673	701	751	863	841	0
701	751	863	841	724	0
751	863	841	724	684	0
863	841	724	684	728	0
841	724	684	728	821	0
724	684	728	821	514	0
684	728	821	514	1198	0
728	821	514	1198	728	1
821	514	1198	728	688	2
514	1198	728	688	779	0
1198	728	688	779	505	0
728	688	779	505	1214	0
688	779	505	1214	728	1
779	505	1214	728	677	2
505	1214	728	677	490	0
1214	728	677	490	1113	0
728	677	490	1113	806	1
677	490	1113	806	766	2
490	1113	806	766	778	0
1113	806	766	778	685	0
806	766	778	685	514	0
766	778	685	514	930	0
778	685	514	930	766	1
685	514	930	766	814	2
514	930	766	814	801	0
930	766	814	801	790	0
766	814	801	790	704	0
814	801	790	704	674	0
801	790	704	674	494	0
790	704	674	494	1159	0
704	674	494	1159	810	1
674	494	1159	810	778	2
494	1159	810	778	727	0
1159	810	778	727	666	0
810	778	727	666	490	0
778	727	666	490	1078	0
727	666	490	1078	805	1
666	490	1078	805	806	2
490	1078	805	806	801	0
1078	805	806	801	701	0
805	806	801	701	646	0
806	801	701	646	661	0
801	701	646	661	735	0
701	646	661	735	518	0
646	661	735	518	1226	0
661	735	518	1226	797	1
735	518	1226	797	693	2
518	1226	797	693	521	0
1226	797	693	521	1070	0
797	693	521	1070	806	1
693	521	1070	806	825	2
521	1070	806	825	700	0
1070	806	825	700	681	0
806	825	700	681	693	0
825	700	681	693	688	0
700	681	693	688	697	0
681	693	688	697	696	0
693	688	697	696	732	0
688	697	696	732	759	0
697	696	732	759	537	0
696	732	759	537	906	0
732	759	537	906	514	1
759	537	906	514	864	2
537	906	514	864	677	1
906	514	864	677	661	2
514	864	677	661	634	0
864	677	661	634	736	0
677	661	634	736	692	0
661	634	736	692	541	0
634	736	692	541	891	0
736	692	541	891	736	1
692	541	891	736	716	2
541	891	736	716	486	0
891	736	716	486	973	0
736	716	486	973	724	1
716	486	973	724	692	2
486	973	724	692	514	0
973	724	692	514	895	0
724	692	514	895	770	1
692	514	895	770	708	2
514	895	770	708	510	0
895	770	708	510	961	0
770	708	510	961	716	1
708	510	961	716	716	2
510	961	716	716	525	0
961	716	716	525	946	0
716	716	525	946	708	1
716	525	946	708	700	2
525	946	708	700	705	0
946	708	700	705	731	0
708	700	705	731	522	0
700	705	731	522	961	0
705	731	522	961	723	1
731	522	961	723	736	2
522	961	723	736	728	0
961	723	736	728	743	0
723	736	728	743	723	0
736	728	743	723	736	0
728	743	723	736	700	0
743	723	736	700	685	0
723	736	700	685	514	0
736	700	685	514	867	0
700	685	514	867	736	1
685	514	867	736	782	2
514	867	736	782	751	0
867	736	782	751	739	0
736	782	751	739	728	0
782	751	739	728	712	0
751	739	728	712	739	0
739	728	712	739	739	0
728	712	739	739	736	0
712	739	739	736	743	0
739	739	736	743	739	0
739	736	743	739	732	0
736	743	739	732	739	0
743	739	732	739	755	0
739	732	739	755	774	0
732	739	755	774	751	0
739	755	774	751	767	0
755	774	751	767	755	0
774	751	767	755	735	0
751	767	755	735	739	0
767	755	735	739	740	0
755	735	739	740	755	0
735	739	740	755	735	0
739	740	755	735	728	0
740	755	735	728	731	0
755	735	728	731	743	0
735	728	731	743	747	0
728	731	743	747	748	0
731	743	747	748	739	0
743	747	748	739	739	0
747	748	739	739	747	0
748	739	739	747	759	0
739	739	747	759	743	0
739	747	759	743	751	0
747	759	743	751	747	0
759	743	751	747	498	0
743	751	747	498	981	0
751	747	498	981	724	1
747	498	981	724	715	2
498	981	724	715	526	0
981	724	715	526	914	0
724	715	526	914	693	1
715	526	914	693	712	2
526	914	693	712	517	0
914	693	712	517	907	0
693	712	517	907	704	1
712	517	907	704	701	2
517	907	704	701	529	0
907	704	701	529	864	0
704	701	529	864	673	1
701	529	864	673	696	2
529	864	673	696	697	0
864	673	696	697	704	0
673	696	697	704	529	0
696	697	704	529	864	0
697	704	529	864	693	1
704	529	864	693	700	2
529	864	693	700	700	0
864	693	700	700	724	0
693	700	700	724	728	0
700	700	724	728	731	0
700	724	728	731	677	0
724	728	731	677	654	0
728	731	677	654	685	0
731	677	654	685	747	0
677	654	685	747	541	0
654	685	747	541	1152	0
685	747	541	1152	809	1
747	541	1152	809	696	2
541	1152	809	696	530	0
1152	809	696	530	751	0
809	696	530	751	638	1
696	530	751	638	634	2
530	751	638	634	677	0
751	638	634	677	517	0
638	634	677	517	1074	0
634	677	517	1074	771	1
677	517	1074	771	735	2
517	1074	771	735	720	0
1074	771	735	720	697	0
771	735	720	697	517	0
735	720	697	517	747	0
720	697	517	747	654	1
697	517	747	654	665	2
517	747	654	665	806	0
747	654	665	806	797	0
654	665	806	797	790	0
665	806	797	790	786	0
806	797	790	786	697	0
797	790	786	697	688	0
790	786	697	688	856	0
786	697	688	856	798	0
697	688	856	798	821	0
688	856	798	821	712	0
856	798	821	712	693	0
798	821	712	693	502	0
821	712	693	502	1237	0
712	693	502	1237	809	1
693	502	1237	809	724	2
502	1237	809	724	669	0
1237	809	724	669	678	0
809	724	669	678	844	0
724	669	678	844	801	0
669	678	844	801	798	0
678	844	801	798	732	0
844	801	798	732	681	0
801	798	732	681	677	0
798	732	681	677	793	0
732	681	677	793	779	0
681	677	793	779	789	0
677	793	779	789	786	0
793	779	789	786	716	0
779	789	786	716	654	0
789	786	716	654	658	0
786	716	654	658	673	0
716	654	658	673	790	0
654	658	673	790	782	0
658	673	790	782	766	0
673	790	782	766	767	0
790	782	766	767	704	0
782	766	767	704	662	0
766	767	704	662	642	0
767	704	662	642	661	0
704	662	642	661	767	0
662	642	661	767	774	0
642	661	767	774	767	0
661	767	774	767	747	0
767	774	767	747	747	0
774	767	747	747	673	0
767	747	747	673	630	0
747	747	673	630	619	0
747	673	630	619	630	0
673	630	619	630	623	0
630	619	630	623	630	0
619	630	623	630	631	0
630	623	630	631	645	0
623	630	631	645	674	0
630	631	645	674	716	0
631	645	674	716	680	0
645	674	716	680	666	0
674	716	680	666	502	0
716	680	666	502	821	0
680	666	502	821	665	1
666	502	821	665	669	2
502	821	665	669	670	0
821	665	669	670	669	0
665	669	670	669	685	0
669	670	669	685	685	0
670	669	685	685	681	0
669	685	685	681	494	0
685	685	681	494	895	0
685	681	494	895	673	1
681	494	895	673	692	2
494	895	673	692	681	0
895	673	692	681	689	0
673	692	681	689	693	0
692	681	689	693	684	0
681	689	693	684	697	0
689	693	684	697	700	0
693	684	697	700	518	0
684	697	700	518	836	0
697	700	518	836	635	1
700	518	836	635	657	2
518	836	635	657	662	0
836	635	657	662	860	0
635	657	662	860	801	0
657	662	860	801	806	0
662	860	801	806	684	0
860	801	806	684	670	0
801	806	684	670	821	0
806	684	670	821	852	0
684	670	821	852	856	0
670	821	852	856	755	0
821	852	856	755	770	0
852	856	755	770	961	0
856	755	770	961	923	0
755	770	961	923	774	0
770	961	923	774	510	0
961	923	774	510	1291	0
923	774	510	1291	763	1
774	510	1291	763	817	2
510	1291	763	817	506	0
1291	763	817	506	809	0
763	817	506	809	494	1
817	506	809	494	821	2
506	809	494	821	639	1
809	494	821	639	801	2
494	821	639	801	810	0
821	639	801	810	513	0
639	801	810	513	1047	0
801	810	513	1047	685	1
810	513	1047	685	875	2
513	1047	685	875	848	0
1047	685	875	848	837	0
685	875	848	837	514	0
875	848	837	514	1260	0
848	837	514	1260	829	1
837	514	1260	829	891	2
514	1260	829	891	736	0
1260	829	891	736	859	0
829	891	736	859	502	0
891	736	859	502	1246	0
736	859	502	1246	898	1
859	502	1246	898	728	2
502	1246	898	728	521	0
1246	898	728	521	1020	0
898	728	521	1020	848	1
728	521	1020	848	833	2
521	1020	848	833	821	0
1020	848	833	821	724	0
848	833	821	724	505	0
833	821	724	505	825	0
821	724	505	825	673	1
724	505	825	673	876	2
505	825	673	876	813	0
825	673	876	813	813	0
673	876	813	813	728	0
876	813	813	728	724	0
813	813	728	724	914	0
813	728	724	914	841	0
728	724	914	841	852	0
724	914	841	852	782	0
914	841	852	782	910	0
841	852	782	910	860	0
852	782	910	860	864	0
782	910	860	864	747	0
910	860	864	747	724	0
860	864	747	724	945	0
864	747	724	945	821	0
747	724	945	821	888	0
724	945	821	888	731	0
945	821	888	731	724	0
821	888	731	724	926	0
888	731	724	926	868	0
731	724	926	868	774	0
724	926	868	774	521	0
926	868	774	521	1172	0
868	774	521	1172	859	1
774	521	1172	859	845	2
521	1172	859	845	805	0
1172	859	845	805	907	0
859	845	805	907	860	0
845	805	907	860	864	0
805	907	860	864	863	0
907	860	864	863	779	0
860	864	863	779	743	0
864	863	779	743	980	0
863	779	743	980	853	0
779	743	980	853	856	0
743	980	853	856	758	0
980	853	856	758	720	0
853	856	758	720	502	0
856	758	720	502	1288	0
758	720	502	1288	825	1
720	502	1288	825	817	2
502	1288	825	817	755	0
1288	825	817	755	685	0
825	817	755	685	498	0
817	755	685	498	1152	0
755	685	498	1152	930	1
685	498	1152	930	482	2
498	1152	930	482	1128	0
1152	930	482	1128	856	1
930	482	1128	856	868	2
482	1128	856	868	841	0
1128	856	868	841	828	0
856	868	841	828	712	0
868	841	828	712	693	0
841	828	712	693	498	0
828	712	693	498	1160	0
712	693	498	1160	828	1
693	498	1160	828	810	2
498	1160	828	810	801	0
1160	828	810	801	701	0
828	810	801	701	525	0
810	801	701	525	883	0
801	701	525	883	856	1
701	525	883	856	841	2
525	883	856	841	829	0
883	856	841	829	840	0
856	841	829	840	759	0
841	829	840	759	930	0
829	840	759	930	864	0
840	759	930	864	867	0
759	930	864	867	845	0
930	864	867	845	875	0
864	867	845	875	860	0
867	845	875	860	841	0
845	875	860	841	844	0
875	860	841	844	786	0
860	841	844	786	696	0
841	844	786	696	681	0
844	786	696	681	724	0
786	696	681	724	514	0
696	681	724	514	1194	0
681	724	514	1194	845	1
724	514	1194	845	828	2
514	1194	845	828	751	0
1194	845	828	751	814	0
845	828	751	814	898	0
828	751	814	898	891	0
751	814	898	891	853	0
814	898	891	853	751	0
898	891	853	751	723	0
891	853	751	723	938	0
853	751	723	938	856	0
751	723	938	856	833	0
723	938	856	833	825	0
938	856	833	825	708	0
856	833	825	708	692	0
833	825	708	692	701	0
825	708	692	701	498	0
708	692	701	498	1253	0
692	701	498	1253	840	1
701	498	1253	840	821	2
498	1253	840	821	712	0
1253	840	821	712	670	0
840	821	712	670	529	0
821	712	670	529	1105	0
712	670	529	1105	829	1
670	529	1105	829	832	2
529	1105	829	832	837	0
1105	829	832	837	759	0
829	832	837	759	906	0
832	837	759	906	849	0
837	759	906	849	836	0
759	906	849	836	841	0
906	849	836	841	824	0
849	836	841	824	845	0
836	841	824	845	836	0
841	824	845	836	814	0
824	845	836	814	809	0
845	836	814	809	809	0
836	814	809	809	775	0
814	809	809	775	677	0
809	809	775	677	541	0
809	775	677	541	859	0
775	677	541	859	720	1
677	541	859	720	911	2
541	859	720	911	848	0
859	720	911	848	841	0
720	911	848	841	715	0
911	848	841	715	705	0
848	841	715	705	957	0
841	715	705	957	860	0
715	705	957	860	856	0
705	957	860	856	798	0
957	860	856	798	910	0
860	856	798	910	911	0
856	798	910	911	828	0
798	910	911	828	891	0
910	911	828	891	771	0
911	828	891	771	727	0
828	891	771	727	977	0
891	771	727	977	876	0
771	727	977	876	871	0
727	977	876	871	751	0
977	876	871	751	751	0
876	871	751	751	953	0
871	751	751	953	892	0
751	751	953	892	813	0
751	953	892	813	856	0
953	892	813	856	751	0
892	813	856	751	755	0
813	856	751	755	891	0
856	751	755	891	926	0
751	755	891	926	856	0
755	891	926	856	871	0
891	926	856	871	775	0
926	856	871	775	731	0
856	871	775	731	848	0
871	775	731	848	860	0
775	731	848	860	849	0
731	848	860	849	821	0
848	860	849	821	809	0
860	849	821	809	724	0
849	821	809	724	677	0
821	809	724	677	712	0
809	724	677	712	871	0
724	677	712	871	864	0
677	712	871	864	845	0
712	871	864	845	817	0
871	864	845	817	747	0
864	845	817	747	708	0
845	817	747	708	856	0
817	747	708	856	903	0
747	708	856	903	825	0
708	856	903	825	832	0
856	903	825	832	759	0
903	825	832	759	700	0
825	832	759	700	888	0
832	759	700	888	867	0
759	700	888	867	845	0
700	888	867	845	832	0
888	867	845	832	728	0
867	845	832	728	700	0
845	832	728	700	751	0
832	728	700	751	915	0
728	700	751	915	867	0
700	751	915	867	849	0
751	915	867	849	758	0
915	867	849	758	693	0
867	849	758	693	704	0
849	758	693	704	907	0
758	693	704	907	864	0
693	704	907	864	848	0
704	907	864	848	848	0
907	864	848	848	743	0
864	848	848	743	697	0
848	848	743	697	716	0
848	743	697	716	766	0
743	697	716	766	829	0
697	716	766	829	848	0
716	766	829	848	837	0
766	829	848	837	829	0
829	848	837	829	724	0
848	837	829	724	665	0
837	829	724	665	673	0
829	724	665	673	704	0
724	665	673	704	814	0
665	673	704	814	860	0
673	704	814	860	828	0
704	814	860	828	802	0
814	860	828	802	739	0
860	828	802	739	755	0
828	802	739	755	887	0
802	739	755	887	817	0
739	755	887	817	849	0
755	887	817	849	848	0
887	817	849	848	790	0
817	849	848	790	891	0
849	848	790	891	506	0
848	790	891	506	1190	0
790	891	506	1190	837	1
891	506	1190	837	778	2
506	1190	837	778	697	0
1190	837	778	697	778	0
837	778	697	778	638	0
778	697	778	638	1066	0
697	778	638	1066	778	1
778	638	1066	778	782	2
638	1066	778	782	685	0
1066	778	782	685	642	0
778	782	685	642	498	0
782	685	642	498	895	0
685	642	498	895	716	1
642	498	895	716	829	2
498	895	716	829	790	0
895	716	829	790	801	0
716	829	790	801	802	0
829	790	801	802	704	0
790	801	802	704	716	0
801	802	704	716	942	0
802	704	716	942	864	0
704	716	942	864	883	0
716	942	864	883	786	0
942	864	883	786	875	0
864	883	786	875	942	0
883	786	875	942	529	0
786	875	942	529	1218	0
875	942	529	1218	720	1
942	529	1218	720	708	2
529	1218	720	708	790	0
1218	720	708	790	903	0
720	708	790	903	840	0
708	790	903	840	856	0
790	903	840	856	860	0
903	840	856	860	704	0
840	856	860	704	709	0
856	860	704	709	727	0
860	704	709	727	529	0
704	709	727	529	958	0
709	727	529	958	844	1
727	529	958	844	840	2
529	958	844	840	849	0
958	844	840	849	860	0
844	840	849	860	743	0
840	849	860	743	743	0
849	860	743	743	973	0
860	743	743	973	883	0
743	743	973	883	872	0
743	973	883	872	809	0
973	883	872	809	817	0
883	872	809	817	984	0
872	809	817	984	907	0
809	817	984	907	891	0
817	984	907	891	786	0
984	907	891	786	751	0
907	891	786	751	981	0
891	786	751	981	891	0
786	751	981	891	875	0
751	981	891	875	802	0
981	891	875	802	731	0
891	875	802	731	763	0
875	802	731	763	953	0
802	731	763	953	911	0
731	763	953	911	879	0
763	953	911	879	879	0
953	911	879	879	755	0
911	879	879	755	747	0
879	879	755	747	853	0
879	755	747	853	918	0
755	747	853	918	914	0
747	853	918	914	860	0
853	918	914	860	880	0
918	914	860	880	762	0
914	860	880	762	736	0
860	880	762	736	852	0
880	762	736	852	895	0
762	736	852	895	879	0
736	852	895	879	864	0
852	895	879	864	852	0
895	879	864	852	739	0
879	864	852	739	728	0
864	852	739	728	864	0
852	739	728	864	902	0
739	728	864	902	892	0
728	864	902	892	521	0
864	902	892	521	1229	0
902	892	521	1229	759	1
892	521	1229	759	716	2
521	1229	759	716	736	0
1229	759	716	736	778	0
759	716	736	778	875	0
716	736	778	875	852	0
736	778	875	852	849	0
778	875	852	849	840	0
875	852	849	840	841	0
852	849	840	841	758	0
849	840	841	758	701	0
840	841	758	701	716	0
841	758	701	716	856	0
758	701	716	856	844	0
701	716	856	844	841	0
716	856	844	841	832	0
856	844	841	832	821	0
844	841	832	821	814	0
841	832	821	814	805	0
832	821	814	805	817	0
821	814	805	817	732	0
814	805	817	732	688	0
805	817	732	688	697	0
817	732	688	697	786	0
732	688	697	786	871	0
688	697	786	871	841	0
697	786	871	841	836	0
786	871	841	836	829	0
871	841	836	829	810	0
841	836	829	810	731	0
836	829	810	731	658	0
829	810	731	658	677	0
810	731	658	677	521	0
731	658	677	521	915	0
658	677	521	915	723	1
677	521	915	723	860	2
521	915	723	860	825	0
915	723	860	825	825	0
723	860	825	825	829	0
860	825	825	829	813	0
825	825	829	813	767	0
825	829	813	767	688	0
829	813	767	688	708	0
813	767	688	708	763	0
767	688	708	763	864	0
688	708	763	864	844	0
708	763	864	844	852	0
763	864	844	852	818	0
864	844	852	818	723	0
844	852	818	723	673	0
852	818	723	673	705	0
818	723	673	705	751	0
723	673	705	751	790	0
673	705	751	790	828	0
705	751	790	828	817	0
751	790	828	817	806	0
790	828	817	806	790	0
828	817	806	790	762	0
817	806	790	762	693	0
806	790	762	693	728	0
790	762	693	728	770	0
762	693	728	770	852	0
693	728	770	852	837	0
728	770	852	837	832	0
770	852	837	832	802	0
852	837	832	802	802	0
837	832	802	802	735	0
832	802	802	735	677	0
802	802	735	677	712	0
802	735	677	712	771	0
735	677	712	771	856	0
677	712	771	856	821	0
712	771	856	821	840	0
771	856	821	840	841	0
856	821	840	841	770	0
821	840	841	770	712	0
840	841	770	712	735	0
841	770	712	735	845	0
770	712	735	845	809	0
712	735	845	809	798	0
735	845	809	798	786	0
845	809	798	786	786	0
809	798	786	786	786	0
798	786	786	786	778	0
786	786	786	778	774	0
786	786	778	774	732	0
786	778	774	732	685	0
778	774	732	685	688	0
774	732	685	688	837	0
732	685	688	837	875	0
685	688	837	875	833	0
688	837	875	833	813	0
837	875	833	813	802	0
875	833	813	802	809	0
833	813	802	809	728	0
813	802	809	728	685	0
802	809	728	685	696	0
809	728	685	696	743	0
728	685	696	743	864	0
685	696	743	864	845	0
696	743	864	845	813	0
743	864	845	813	805	0
864	845	813	805	802	0
845	813	805	802	766	0
813	805	802	766	701	0
805	802	766	701	755	0
802	766	701	755	894	0
766	701	755	894	853	0
701	755	894	853	832	0
755	894	853	832	817	0
894	853	832	817	802	0
853	832	817	802	720	0
832	817	802	720	665	0
817	802	720	665	669	0
802	720	665	669	514	0
720	665	669	514	946	0
665	669	514	946	805	1
669	514	946	805	817	2
514	946	805	817	833	0
946	805	817	833	817	0
805	817	833	817	805	0
817	833	817	805	724	0
833	817	805	724	673	0
817	805	724	673	693	0
805	724	673	693	821	0
724	673	693	821	860	0
673	693	821	860	856	0
693	821	860	856	860	0
821	860	856	860	747	0
860	856	860	747	720	0
856	860	747	720	910	0
860	747	720	910	876	0
747	720	910	876	860	0
720	910	876	860	860	0
910	876	860	860	774	0
876	860	860	774	724	0
860	860	774	724	906	0
860	774	724	906	895	0
774	724	906	895	868	0
724	906	895	868	868	0
906	895	868	868	793	0
895	868	868	793	771	0
868	868	793	771	922	0
868	793	771	922	883	0
793	771	922	883	845	0
771	922	883	845	832	0
922	883	845	832	841	0
883	845	832	841	805	0
845	832	841	805	728	0
832	841	805	728	864	0
841	805	728	864	937	0
805	728	864	937	868	0
728	864	937	868	848	0
864	937	868	848	817	0
937	868	848	817	767	0
868	848	817	767	918	0
848	817	767	918	880	0
817	767	918	880	852	0
767	918	880	852	836	0
918	880	852	836	837	0
880	852	836	837	802	0
852	836	837	802	692	0
836	837	802	692	728	0
837	802	692	728	650	0
802	692	728	650	696	0
692	728	650	696	732	0
728	650	696	732	871	0
650	696	732	871	845	0
696	732	871	845	840	0
732	871	845	840	817	0
871	845	840	817	798	0
845	840	817	798	801	0
840	817	798	801	736	0
817	798	801	736	688	0
798	801	736	688	728	0
801	736	688	728	514	0
736	688	728	514	1151	0
688	728	514	1151	891	1
728	514	1151	891	818	2
514	1151	891	818	805	0
1151	891	818	805	759	0
891	818	805	759	692	0
818	805	759	692	724	0
805	759	692	724	802	0
759	692	724	802	879	0
692	724	802	879	844	0
724	802	879	844	860	0
802	879	844	860	845	0
879	844	860	845	747	0
844	860	845	747	704	0
860	845	747	704	708	0
845	747	704	708	743	0
747	704	708	743	856	0
704	708	743	856	845	0
708	743	856	845	829	0
743	856	845	829	809	0
856	845	829	809	805	0
845	829	809	805	748	0
829	809	805	748	677	0
809	805	748	677	680	0
805	748	677	680	705	0
748	677	680	705	864	0
677	680	705	864	852	0
680	705	864	852	856	0
705	864	852	856	829	0
864	852	856	829	758	0
852	856	829	758	708	0
856	829	758	708	716	0
829	758	708	716	880	0
758	708	716	880	875	0
708	716	880	875	860	0
716	880	875	860	852	0
880	875	860	852	763	0
875	860	852	763	704	0
860	852	763	704	747	0
852	763	704	747	899	0
763	704	747	899	895	0
704	747	899	895	510	0
747	899	895	510	1171	0
899	895	510	1171	790	1
895	510	1171	790	712	2
510	1171	790	712	712	0
1171	790	712	712	778	0
790	712	712	778	895	0
712	712	778	895	841	0
712	778	895	841	809	0
778	895	841	809	809	0
895	841	809	809	798	0
841	809	809	798	805	0
809	809	798	805	759	0
809	798	805	759	673	0
798	805	759	673	705	0
805	759	673	705	766	0
759	673	705	766	852	0
673	705	766	852	837	0
705	766	852	837	856	0
766	852	837	856	840	0
852	837	856	840	771	0
837	856	840	771	696	0
856	840	771	696	693	0
840	771	696	693	766	0
771	696	693	766	845	0
696	693	766	845	836	0
693	766	845	836	829	0
766	845	836	829	813	0
845	836	829	813	802	0
836	829	813	802	767	0
829	813	802	767	684	0
813	802	767	684	697	0
802	767	684	697	727	0
767	684	697	727	845	0
684	697	727	845	829	0
697	727	845	829	825	0
727	845	829	825	817	0
845	829	825	817	797	0
829	825	817	797	790	0
825	817	797	790	732	0
817	797	790	732	665	0
797	790	732	665	677	0
790	732	665	677	743	0
732	665	677	743	849	0
665	677	743	849	828	0
677	743	849	828	806	0
743	849	828	806	797	0
849	828	806	797	802	0
828	806	797	802	743	0
806	797	802	743	677	0
797	802	743	677	712	0
802	743	677	712	868	0
743	677	712	868	837	0
677	712	868	837	840	0
712	868	837	840	821	0
868	837	840	821	724	0
837	840	821	724	681	0
840	821	724	681	700	0
821	724	681	700	825	0
724	681	700	825	852	0
681	700	825	852	852	0
700	825	852	852	817	0
825	852	852	817	821	0
852	852	817	821	697	0
852	817	821	697	669	0
817	821	697	669	654	0
821	697	669	654	716	0
697	669	654	716	825	0
669	654	716	825	805	0
654	716	825	805	775	0
716	825	805	775	786	0
825	805	775	786	770	0
805	775	786	770	767	0
775	786	770	767	754	0
786	770	767	754	728	0
770	767	754	728	875	0
767	754	728	875	814	0
754	728	875	814	801	0
728	875	814	801	802	0
875	814	801	802	809	0
814	801	802	809	817	0
801	802	809	817	833	0
802	809	817	833	848	0
809	817	833	848	841	0
817	833	848	841	836	0
833	848	841	836	849	0
848	841	836	849	786	0
841	836	849	786	817	0
836	849	786	817	902	0
849	786	817	902	837	0
786	817	902	837	840	0
817	902	837	840	845	0
902	837	840	845	774	0
837	840	845	774	728	0
840	845	774	728	969	0
845	774	728	969	887	0
774	728	969	887	864	0
728	969	887	864	793	0
969	887	864	793	751	0
887	864	793	751	957	0
864	793	751	957	907	0
793	751	957	907	895	0
751	957	907	895	841	0
957	907	895	841	789	0
907	895	841	789	981	0
895	841	789	981	891	0
841	789	981	891	879	0
789	981	891	879	876	0
981	891	879	876	829	0
891	879	876	829	758	0
879	876	829	758	946	0
876	829	758	946	895	0
829	758	946	895	856	0
758	946	895	856	856	0
946	895	856	856	852	0
895	856	856	852	856	0
856	856	852	856	782	0
856	852	856	782	739	0
852	856	782	739	985	0
856	782	739	985	891	0
782	739	985	891	875	0
739	985	891	875	868	0
985	891	875	868	860	0
891	875	868	860	790	0
875	868	860	790	743	0
868	860	790	743	837	0
