i-2	i-1	i+0	i+1	i+2	Filter
868	852	845	832	1269	0
852	845	832	1269	1194	0
845	832	1269	1194	1187	0
832	1269	1194	1187	1109	0
1269	1194	1187	1109	907	0
1194	1187	1109	907	867	0
1187	1109	907	867	864	0
1109	907	867	864	864	0
907	867	864	864	840	0
867	864	864	840	849	0
864	864	840	849	891	0
864	840	849	891	899	0
840	849	891	899	863	0
849	891	899	863	841	0
891	899	863	841	1074	0
899	863	841	1074	1152	0
863	841	1074	1152	1089	0
841	1074	1152	1089	961	0
1074	1152	1089	961	903	0
1152	1089	961	903	879	0
1089	961	903	879	845	0
961	903	879	845	1011	0
903	879	845	1011	1136	0
879	845	1011	1136	1105	0
845	1011	1136	1105	1008	0
1011	1136	1105	1008	1020	0
1136	1105	1008	1020	972	0
1105	1008	1020	972	911	0
1008	1020	972	911	879	0
1020	972	911	879	841	0
972	911	879	841	817	0
911	879	841	817	856	0
879	841	817	856	875	0
841	817	856	875	884	0
817	856	875	884	860	0
856	875	884	860	863	0
875	884	860	863	845	0
884	860	863	845	821	0
860	863	845	821	801	0
863	845	821	801	794	0
845	821	801	794	790	0
821	801	794	790	774	0
801	794	790	774	763	0
794	790	774	763	770	0
790	774	763	770	775	0
774	763	770	775	759	0
763	770	775	759	782	0
770	775	759	782	1054	0
775	759	782	1054	1000	0
759	782	1054	1000	996	0
782	1054	1000	996	922	0
1054	1000	996	922	845	0
1000	996	922	845	817	0
996	922	845	817	798	0
922	845	817	798	778	0
845	817	798	778	805	0
817	798	778	805	810	0
798	778	805	810	821	0
778	805	810	821	813	0
805	810	821	813	809	0
810	821	813	809	813	0
821	813	809	813	856	0
813	809	813	856	860	0
809	813	856	860	856	0
813	856	860	856	845	0
856	860	856	845	817	0
860	856	845	817	848	0
856	845	817	848	1004	0
845	817	848	1004	1047	0
817	848	1004	1047	1000	0
848	1004	1047	1000	945	0
1004	1047	1000	945	891	0
1047	1000	945	891	856	0
1000	945	891	856	817	0
945	891	856	817	794	0
891	856	817	794	778	0
856	817	794	778	759	0
817	794	778	759	771	0
794	778	759	771	789	0
778	759	771	789	833	0
759	771	789	833	829	0
771	789	833	829	821	0
789	833	829	821	1144	0
833	829	821	1144	1136	0
829	821	1144	1136	1082	0
821	1144	1136	1082	1004	0
1144	1136	1082	1004	906	0
1136	1082	1004	906	833	0
1082	1004	906	833	829	0
1004	906	833	829	809	0
906	833	829	809	829	0
833	829	809	829	883	0
829	809	829	883	887	0
809	829	883	887	872	0
829	883	887	872	852	0
883	887	872	852	1183	0
887	872	852	1183	1159	0
872	852	1183	1159	1168	0
852	1183	1159	1168	1132	0
1183	1159	1168	1132	1055	0
1159	1168	1132	1055	941	0
1168	1132	1055	941	852	0
1132	1055	941	852	821	0
1055	941	852	821	798	0
941	852	821	798	786	0
852	821	798	786	778	0
821	798	786	778	794	0
798	786	778	794	829	0
786	778	794	829	844	0
778	794	829	844	837	0
794	829	844	837	852	0
829	844	837	852	1284	0
844	837	852	1284	1152	0
837	852	1284	1152	1132	0
852	1284	1152	1132	1109	0
1284	1152	1132	1109	1082	0
1152	1132	1109	1082	941	0
1132	1109	1082	941	852	0
1109	1082	941	852	810	0
1082	941	852	810	790	0
941	852	810	790	813	0
852	810	790	813	836	0
810	790	813	836	856	0
790	813	836	856	849	0
813	836	856	849	836	0
836	856	849	836	1222	0
856	849	836	1222	1047	0
849	836	1222	1047	1062	0
836	1222	1047	1062	1027	0
1222	1047	1062	1027	1043	0
1047	1062	1027	1043	1012	0
1062	1027	1043	1012	887	0
1027	1043	1012	887	891	0
1043	1012	887	891	1206	0
1012	887	891	1206	1086	0
887	891	1206	1086	1085	0
891	1206	1086	1085	1055	0
1206	1086	1085	1055	922	0
1086	1085	1055	922	860	0
1085	1055	922	860	825	0
1055	922	860	825	809	0
922	860	825	809	981	0
860	825	809	981	957	0
825	809	981	957	934	0
809	981	957	934	910	0
981	957	934	910	860	0
957	934	910	860	848	0
934	910	860	848	841	0
910	860	848	841	844	0
860	848	841	844	825	0
848	841	844	825	798	0
841	844	825	798	805	0
844	825	798	805	814	0
825	798	805	814	801	0
798	805	814	801	786	0
805	814	801	786	786	0
814	801	786	786	790	0
801	786	786	790	794	0
786	786	790	794	805	0
786	790	794	805	802	0
790	794	805	802	786	0
794	805	802	786	805	0
805	802	786	805	813	0
802	786	805	813	825	0
786	805	813	825	825	0
805	813	825	825	806	0
813	825	825	806	790	0
825	825	806	790	778	0
825	806	790	778	747	0
806	790	778	747	751	0
790	778	747	751	712	0
778	747	751	712	720	0
747	751	712	720	716	0
751	712	720	716	716	0
712	720	716	716	727	0
720	716	716	727	732	0
716	716	727	732	727	0
716	727	732	727	747	0
727	732	727	747	748	0
732	727	747	748	770	0
727	747	748	770	778	0
747	748	770	778	813	0
748	770	778	813	837	0
770	778	813	837	825	0
778	813	837	825	821	0
813	837	825	821	1089	0
837	825	821	1089	1133	0
825	821	1089	1133	1074	0
821	1089	1133	1074	1027	0
1089	1133	1074	1027	1000	0
1133	1074	1027	1000	949	0
1074	1027	1000	949	876	0
1027	1000	949	876	821	0
1000	949	876	821	809	0
949	876	821	809	790	0
876	821	809	790	809	0
821	809	790	809	845	0
809	790	809	845	856	0
790	809	845	856	848	0
809	845	856	848	833	0
845	856	848	833	1241	0
856	848	833	1241	1132	0
848	833	1241	1132	1136	0
833	1241	1132	1136	1055	0
1241	1132	1136	1055	1039	0
1132	1136	1055	1039	1004	0
1136	1055	1039	1004	898	0
1055	1039	1004	898	822	0
1039	1004	898	822	817	0
1004	898	822	817	836	0
898	822	817	836	856	0
822	817	836	856	876	0
817	836	856	876	840	0
836	856	876	840	1035	0
856	876	840	1035	1261	0
876	840	1035	1261	1175	0
840	1035	1261	1175	1156	0
1035	1261	1175	1156	1050	0
1261	1175	1156	1050	981	0
1175	1156	1050	981	856	0
1156	1050	981	856	860	0
1050	981	856	860	840	0
981	856	860	840	825	0
856	860	840	825	813	0
860	840	825	813	1020	0
840	825	813	1020	1222	0
825	813	1020	1222	1050	0
813	1020	1222	1050	961	0
1020	1222	1050	961	1016	0
1222	1050	961	1016	945	0
1050	961	1016	945	903	0
961	1016	945	903	837	0
1016	945	903	837	828	0
945	903	837	828	845	0
903	837	828	845	852	0
837	828	845	852	825	0
828	845	852	825	976	0
845	852	825	976	1234	0
852	825	976	1234	1194	0
825	976	1234	1194	1098	0
976	1234	1194	1098	1019	0
1234	1194	1098	1019	934	0
1194	1098	1019	934	899	0
1098	1019	934	899	883	0
1019	934	899	883	887	0
934	899	883	887	868	0
899	883	887	868	841	0
883	887	868	841	821	0
887	868	841	821	852	0
868	841	821	852	1163	0
841	821	852	1163	1113	0
821	852	1163	1113	1078	0
852	1163	1113	1078	988	0
1163	1113	1078	988	907	0
1113	1078	988	907	860	0
1078	988	907	860	848	0
988	907	860	848	860	0
907	860	848	860	852	0
860	848	860	852	833	0
848	860	852	833	817	0
860	852	833	817	821	0
852	833	817	821	805	0
833	817	821	805	852	0
817	821	805	852	1230	0
821	805	852	1230	1117	0
805	852	1230	1117	1074	0
852	1230	1117	1074	930	0
1230	1117	1074	930	891	0
1117	1074	930	891	844	0
1074	930	891	844	813	0
930	891	844	813	809	0
891	844	813	809	798	0
844	813	809	798	767	0
813	809	798	767	793	0
809	798	767	793	814	0
798	767	793	814	840	0
767	793	814	840	860	0
793	814	840	860	844	0
814	840	860	844	833	0
840	860	844	833	825	0
860	844	833	825	1000	0
844	833	825	1000	1109	0
833	825	1000	1109	1125	0
825	1000	1109	1125	1085	0
1000	1109	1125	1085	969	0
1109	1125	1085	969	872	0
1125	1085	969	872	828	0
1085	969	872	828	821	0
969	872	828	821	895	0
872	828	821	895	860	0
828	821	895	860	872	0
821	895	860	872	836	0
895	860	872	836	825	0
860	872	836	825	1175	0
872	836	825	1175	1137	0
836	825	1175	1137	1109	0
825	1175	1137	1109	1093	0
1175	1137	1109	1093	977	0
1137	1109	1093	977	891	0
1109	1093	977	891	836	0
1093	977	891	836	806	0
977	891	836	806	782	0
891	836	806	782	766	0
836	806	782	766	779	0
806	782	766	779	770	0
782	766	779	770	778	0
766	779	770	778	767	0
779	770	778	767	758	0
770	778	767	758	891	0
778	767	758	891	1032	0
767	758	891	1032	1042	0
758	891	1032	1042	1059	0
891	1032	1042	1059	1015	0
1032	1042	1059	1015	903	0
1042	1059	1015	903	844	0
1059	1015	903	844	810	0
1015	903	844	810	794	0
903	844	810	794	824	0
844	810	794	824	814	0
810	794	824	814	801	0
794	824	814	801	798	0
824	814	801	798	1128	0
814	801	798	1128	1133	0
801	798	1128	1133	1066	0
798	1128	1133	1066	1023	0
1128	1133	1066	1023	961	0
1133	1066	1023	961	926	0
1066	1023	961	926	860	0
1023	961	926	860	860	0
961	926	860	860	802	0
926	860	860	802	790	0
860	860	802	790	809	0
860	802	790	809	860	0
802	790	809	860	829	0
790	809	860	829	852	0
809	860	829	852	860	0
860	829	852	860	840	0
829	852	860	840	809	0
852	860	840	809	810	0
860	840	809	810	797	0
840	809	810	797	794	0
809	810	797	794	798	0
810	797	794	798	798	0
797	794	798	798	786	0
794	798	798	786	782	0
798	798	786	782	778	0
798	786	782	778	782	0
786	782	778	782	1124	0
782	778	782	1124	1094	0
778	782	1124	1094	1050	0
782	1124	1094	1050	938	0
1124	1094	1050	938	864	0
1094	1050	938	864	840	0
1050	938	864	840	829	0
938	864	840	829	814	0
864	840	829	814	809	0
840	829	814	809	813	0
829	814	809	813	837	0
814	809	813	837	860	0
809	813	837	860	848	0
813	837	860	848	825	0
837	860	848	825	860	0
860	848	825	860	1112	0
848	825	860	1112	1036	0
825	860	1112	1036	984	0
860	1112	1036	984	961	0
1112	1036	984	961	911	0
1036	984	961	911	887	0
984	961	911	887	844	0
961	911	887	844	829	0
911	887	844	829	891	0
887	844	829	891	1039	0
844	829	891	1039	965	0
829	891	1039	965	910	0
891	1039	965	910	860	0
1039	965	910	860	833	0
965	910	860	833	840	0
910	860	833	840	853	0
860	833	840	853	883	0
833	840	853	883	926	0
840	853	883	926	922	0
853	883	926	922	899	0
883	926	922	899	910	0
926	922	899	910	872	0
922	899	910	872	837	0
899	910	872	837	859	0
910	872	837	859	853	0
872	837	859	853	813	0
837	859	853	813	813	0
859	853	813	813	829	0
853	813	813	829	840	0
813	813	829	840	837	0
813	829	840	837	825	0
829	840	837	825	813	0
840	837	825	813	809	0
837	825	813	809	884	0
825	813	809	884	1027	0
813	809	884	1027	1222	0
809	884	1027	1222	1144	0
884	1027	1222	1144	1147	0
1027	1222	1144	1147	1148	0
1222	1144	1147	1148	1133	0
1144	1147	1148	1133	1249	0
1147	1148	1133	1249	1249	0
1148	1133	1249	1249	1093	1
1133	1249	1249	1093	1055	2
1249	1249	1093	1055	976	1
1249	1093	1055	976	934	2
1093	1055	976	934	895	1
1055	976	934	895	875	2
976	934	895	875	860	1
934	895	875	860	860	2
895	875	860	860	899	1
875	860	860	899	911	2
860	860	899	911	969	1
860	899	911	969	1007	2
899	911	969	1007	985	1
911	969	1007	985	1008	2
969	1007	985	1008	992	1
1007	985	1008	992	957	2
985	1008	992	957	860	1
1008	992	957	860	759	2
992	957	860	759	747	0
957	860	759	747	743	0
860	759	747	743	747	0
759	747	743	747	763	0
747	743	747	763	762	0
743	747	763	762	814	0
747	763	762	814	813	0
763	762	814	813	1159	0
762	814	813	1159	1101	0
814	813	1159	1101	1094	0
813	1159	1101	1094	1027	0
1159	1101	1094	1027	864	0
1101	1094	1027	864	833	0
1094	1027	864	833	801	0
1027	864	833	801	786	0
864	833	801	786	763	0
833	801	786	763	852	0
801	786	763	852	1163	0
786	763	852	1163	1152	0
763	852	1163	1152	1090	0
852	1163	1152	1090	1042	0
1163	1152	1090	1042	973	0
1152	1090	1042	973	922	0
1090	1042	973	922	864	0
1042	973	922	864	841	0
973	922	864	841	797	0
922	864	841	797	810	0
864	841	797	810	793	0
841	797	810	793	802	0
797	810	793	802	801	0
810	793	802	801	783	0
793	802	801	783	782	0
802	801	783	782	778	0
801	783	782	778	782	0
783	782	778	782	774	0
782	778	782	774	775	0
778	782	774	775	898	0
782	774	775	898	1094	0
774	775	898	1094	1058	0
775	898	1094	1058	1012	0
898	1094	1058	1012	945	0
1094	1058	1012	945	895	0
1058	1012	945	895	841	0
1012	945	895	841	805	0
945	895	841	805	786	0
895	841	805	786	778	0
841	805	786	778	786	0
805	786	778	786	771	0
786	778	786	771	770	0
778	786	771	770	810	0
786	771	770	810	793	0
771	770	810	793	794	0
770	810	793	794	786	0
810	793	794	786	790	0
793	794	786	790	778	0
794	786	790	778	763	0
786	790	778	763	751	0
790	778	763	751	743	0
778	763	751	743	736	0
763	751	743	736	735	0
751	743	736	735	856	0
743	736	735	856	1082	0
736	735	856	1082	1023	0
735	856	1082	1023	1019	0
856	1082	1023	1019	1008	0
1082	1023	1019	1008	899	0
1023	1019	1008	899	813	0
1019	1008	899	813	798	0
1008	899	813	798	794	0
899	813	798	794	805	0
813	798	794	805	810	0
798	794	805	810	824	0
794	805	810	824	802	0
805	810	824	802	802	0
810	824	802	802	824	0
824	802	802	824	837	0
802	802	824	837	844	0
802	824	837	844	845	0
824	837	844	845	829	0
837	844	845	829	817	0
844	845	829	817	852	0
845	829	817	852	1105	0
829	817	852	1105	992	0
817	852	1105	992	930	0
852	1105	992	930	903	0
1105	992	930	903	1089	0
992	930	903	1089	973	0
930	903	1089	973	852	0
903	1089	973	852	802	0
1089	973	852	802	797	0
973	852	802	797	802	0
852	802	797	802	809	0
802	797	802	809	821	0
797	802	809	821	802	0
802	809	821	802	801	0
809	821	802	801	825	0
821	802	801	825	802	0
802	801	825	802	794	0
801	825	802	794	797	0
825	802	794	797	802	0
802	794	797	802	801	0
794	797	802	801	794	0
797	802	801	794	802	0
802	801	794	802	794	0
801	794	802	794	801	0
794	802	794	801	782	0
802	794	801	782	798	0
794	801	782	798	825	0
801	782	798	825	860	0
782	798	825	860	805	0
798	825	860	805	802	0
825	860	805	802	809	0
860	805	802	809	844	0
805	802	809	844	876	0
802	809	844	876	1050	0
809	844	876	1050	1012	0
844	876	1050	1012	1043	0
876	1050	1012	1043	1023	0
1050	1012	1043	1023	965	0
1012	1043	1023	965	961	0
1043	1023	965	961	884	0
1023	965	961	884	828	0
965	961	884	828	806	0
961	884	828	806	798	0
884	828	806	798	848	0
828	806	798	848	1218	0
806	798	848	1218	1085	0
798	848	1218	1085	977	0
848	1218	1085	977	879	0
1218	1085	977	879	825	0
1085	977	879	825	802	0
977	879	825	802	801	0
879	825	802	801	806	0
825	802	801	806	821	0
802	801	806	821	825	0
801	806	821	825	813	0
806	821	825	813	801	0
821	825	813	801	802	0
825	813	801	802	782	0
813	801	802	782	786	0
801	802	782	786	798	0
802	782	786	798	794	0
782	786	798	794	793	0
786	798	794	793	1055	0
798	794	793	1055	961	0
794	793	1055	961	961	0
793	1055	961	961	883	0
1055	961	961	883	829	0
961	961	883	829	794	0
961	883	829	794	794	0
883	829	794	794	719	0
829	794	794	719	740	0
794	794	719	740	727	0
794	719	740	727	755	0
719	740	727	755	743	0
740	727	755	743	767	0
727	755	743	767	755	0
755	743	767	755	755	0
743	767	755	755	743	0
767	755	755	743	743	0
755	755	743	743	728	0
755	743	743	728	743	0
743	743	728	743	755	0
743	728	743	755	751	0
728	743	755	751	727	0
743	755	751	727	724	0
755	751	727	724	708	0
751	727	724	708	685	0
727	724	708	685	689	0
724	708	685	689	681	0
708	685	689	681	669	0
685	689	681	669	677	0
689	681	669	677	693	0
681	669	677	693	692	0
669	677	693	692	705	0
677	693	692	705	754	0
693	692	705	754	775	0
692	705	754	775	801	0
705	754	775	801	810	0
754	775	801	810	840	0
775	801	810	840	841	0
801	810	840	841	805	0
810	840	841	805	868	0
840	841	805	868	922	0
841	805	868	922	871	0
805	868	922	871	888	0
868	922	871	888	860	0
922	871	888	860	817	0
871	888	860	817	836	0
888	860	817	836	786	0
860	817	836	786	755	0
817	836	786	755	759	0
836	786	755	759	770	0
786	755	759	770	802	0
755	759	770	802	794	0
759	770	802	794	797	0
770	802	794	797	876	0
802	794	797	876	969	0
794	797	876	969	937	0
797	876	969	937	934	0
876	969	937	934	946	1
969	937	934	946	934	2
937	934	946	934	906	1
934	946	934	906	899	2
946	934	906	899	895	1
934	906	899	895	879	2
906	899	895	879	907	1
899	895	879	907	852	2
895	879	907	852	817	1
879	907	852	817	817	2
907	852	817	817	841	1
852	817	817	841	871	2
817	817	841	871	884	1
817	841	871	884	922	2
841	871	884	922	879	1
871	884	922	879	860	2
884	922	879	860	817	1
922	879	860	817	798	2
879	860	817	798	770	1
860	817	798	770	744	2
817	798	770	744	731	1
798	770	744	731	708	2
770	744	731	708	701	1
744	731	708	701	692	2
731	708	701	692	693	1
708	701	692	693	681	2
701	692	693	681	677	1
692	693	681	677	677	2
693	681	677	677	669	1
681	677	677	669	666	2
677	677	669	666	673	1
677	669	666	673	646	2
669	666	673	646	579	1
666	673	646	579	565	2
673	646	579	565	564	0
646	579	565	564	560	0
579	565	564	560	576	0
565	564	560	576	576	0
564	560	576	576	576	0
560	576	576	576	583	0
576	576	576	583	596	0
576	576	583	596	611	0
576	583	596	611	599	0
583	596	611	599	611	0
596	611	599	611	607	0
611	599	611	607	614	0
599	611	607	614	615	0
611	607	614	615	611	0
607	614	615	611	619	0
614	615	611	619	619	0
615	611	619	619	618	0
611	619	619	618	615	0
619	619	618	615	619	0
619	618	615	619	622	0
618	615	619	622	615	0
615	619	622	615	623	0
619	622	615	623	634	0
622	615	623	634	634	0
615	623	634	634	634	0
623	634	634	634	635	0
634	634	634	635	626	0
634	634	635	626	623	0
634	635	626	623	622	0
635	626	623	622	615	0
626	623	622	615	607	0
623	622	615	607	607	0
622	615	607	607	591	0
615	607	607	591	588	0
607	607	591	588	591	0
607	591	588	591	584	0
591	588	591	584	584	0
588	591	584	584	572	0
591	584	584	572	572	0
584	584	572	572	572	0
584	572	572	572	572	0
572	572	572	572	556	0
572	572	572	556	564	0
572	572	556	564	564	0
572	556	564	564	561	0
556	564	564	561	564	0
564	564	561	564	560	0
564	561	564	560	568	0
561	564	560	568	565	0
564	560	568	565	560	0
560	568	565	560	564	0
568	565	560	564	564	0
565	560	564	564	557	0
560	564	564	557	568	0
564	564	557	568	576	0
564	557	568	576	579	0
557	568	576	579	584	0
568	576	579	584	580	0
576	579	584	580	591	0
579	584	580	591	596	0
584	580	591	596	587	0
580	591	596	587	588	0
591	596	587	588	587	0
596	587	588	587	584	0
587	588	587	584	584	0
588	587	584	584	579	0
587	584	584	579	584	0
584	584	579	584	580	0
584	579	584	580	583	0
579	584	580	583	580	0
584	580	583	580	580	0
580	583	580	580	588	0
583	580	580	588	587	0
580	580	588	587	588	0
580	588	587	588	587	0
588	587	588	587	595	0
587	588	587	595	596	0
588	587	595	596	595	0
587	595	596	595	595	0
595	596	595	595	596	0
596	595	595	596	595	0
595	595	596	595	592	0
595	596	595	592	599	0
596	595	592	599	630	0
595	592	599	630	630	0
592	599	630	630	639	0
599	630	630	639	646	0
630	630	639	646	645	0
630	639	646	645	650	0
639	646	645	650	662	0
646	645	650	662	638	0
645	650	662	638	634	0
650	662	638	634	646	0
662	638	634	646	654	0
638	634	646	654	634	0
634	646	654	634	646	0
646	654	634	646	638	0
654	634	646	638	634	0
634	646	638	634	627	0
646	638	634	627	622	0
638	634	627	622	627	0
634	627	622	627	646	0
627	622	627	646	646	0
622	627	646	646	661	0
627	646	646	661	662	0
646	646	661	662	649	0
646	661	662	649	658	0
661	662	649	658	650	0
662	649	658	650	630	0
649	658	650	630	630	0
658	650	630	630	623	0
650	630	630	623	623	0
630	630	623	623	614	0
630	623	623	614	615	0
623	623	614	615	623	0
623	614	615	623	622	0
614	615	623	622	623	0
615	623	622	623	634	0
623	622	623	634	630	0
622	623	634	630	631	0
623	634	630	631	634	0
634	630	631	634	658	0
630	631	634	658	661	0
631	634	658	661	685	0
634	658	661	685	689	0
658	661	685	689	681	0
661	685	689	681	688	0
685	689	681	688	697	0
689	681	688	697	677	0
681	688	697	677	669	0
688	697	677	669	673	0
697	677	669	673	650	0
677	669	673	650	654	0
669	673	650	654	650	0
673	650	654	650	661	0
650	654	650	661	654	0
654	650	661	654	653	0
650	661	654	653	674	0
661	654	653	674	669	0
654	653	674	669	677	0
653	674	669	677	673	0
674	669	677	673	665	0
669	677	673	665	681	0
677	673	665	681	658	0
673	665	681	658	665	0
665	681	658	665	658	0
681	658	665	658	681	0
658	665	658	681	685	0
665	658	681	685	684	0
658	681	685	684	697	0
681	685	684	697	685	0
685	684	697	685	669	0
684	697	685	669	665	0
697	685	669	665	670	0
685	669	665	670	669	0
669	665	670	669	669	0
665	670	669	669	673	0
670	669	669	673	681	0
669	669	673	681	685	0
669	673	681	685	697	0
673	681	685	697	684	0
681	685	697	684	705	0
685	697	684	705	696	0
697	684	705	696	701	0
684	705	696	701	677	0
705	696	701	677	681	0
696	701	677	681	684	0
701	677	681	684	693	0
677	681	684	693	681	0
681	684	693	681	673	0
684	693	681	673	677	0
693	681	673	677	677	0
681	673	677	677	669	0
673	677	677	669	674	0
677	677	669	674	696	0
677	669	674	696	697	0
669	674	696	697	731	0
674	696	697	731	724	0
696	697	731	724	712	0
697	731	724	712	704	0
731	724	712	704	704	0
724	712	704	704	693	0
712	704	704	693	689	0
704	704	693	689	673	0
704	693	689	673	669	0
693	689	673	669	701	0
689	673	669	701	735	0
673	669	701	735	732	0
669	701	735	732	789	0
701	735	732	789	751	0
735	732	789	751	744	0
732	789	751	744	766	0
789	751	744	766	751	0
751	744	766	751	774	0
744	766	751	774	786	0
766	751	774	786	763	0
751	774	786	763	755	0
774	786	763	755	794	0
786	763	755	794	793	0
763	755	794	793	767	0
755	794	793	767	751	0
794	793	767	751	766	0
793	767	751	766	748	0
767	751	766	748	716	0
751	766	748	716	743	0
766	748	716	743	805	0
748	716	743	805	848	0
716	743	805	848	895	0
743	805	848	895	884	0
805	848	895	884	789	0
848	895	884	789	786	0
895	884	789	786	783	0
884	789	786	783	778	0
789	786	783	778	774	0
786	783	778	774	802	0
783	778	774	802	793	0
778	774	802	793	790	0
774	802	793	790	782	0
802	793	790	782	763	0
793	790	782	763	782	0
790	782	763	782	767	0
782	763	782	767	751	0
763	782	767	751	755	0
782	767	751	755	747	0
767	751	755	747	731	0
751	755	747	731	755	0
755	747	731	755	724	0
747	731	755	724	755	0
731	755	724	755	723	0
755	724	755	723	736	0
724	755	723	736	743	0
755	723	736	743	735	0
723	736	743	735	732	0
736	743	735	732	739	0
743	735	732	739	732	0
735	732	739	732	743	0
732	739	732	743	735	0
739	732	743	735	728	0
732	743	735	728	728	0
743	735	728	728	731	0
735	728	728	731	732	0
728	728	731	732	727	0
728	731	732	727	740	0
731	732	727	740	743	0
732	727	740	743	731	0
727	740	743	731	720	0
740	743	731	720	716	0
743	731	720	716	697	0
731	720	716	697	708	0
720	716	697	708	720	0
716	697	708	720	739	0
697	708	720	739	747	0
708	720	739	747	747	0
720	739	747	747	743	0
739	747	747	743	732	0
747	747	743	732	723	0
747	743	732	723	716	0
743	732	723	716	709	0
732	723	716	709	743	0
723	716	709	743	747	0
716	709	743	747	751	0
709	743	747	751	778	0
743	747	751	778	782	0
747	751	778	782	778	0
751	778	782	778	814	0
778	782	778	814	844	0
782	778	814	844	836	0
778	814	844	836	860	0
814	844	836	860	853	0
844	836	860	853	898	0
836	860	853	898	969	0
860	853	898	969	1000	0
853	898	969	1000	810	0
898	969	1000	810	922	0
969	1000	810	922	1128	0
1000	810	922	1128	1059	0
810	922	1128	1059	1050	0
922	1128	1059	1050	1090	0
1128	1059	1050	1090	1081	0
1059	1050	1090	1081	1117	0
1050	1090	1081	1117	1195	0
1090	1081	1117	1195	1338	0
1081	1117	1195	1338	1191	0
1117	1195	1338	1191	1152	0
1195	1338	1191	1152	1077	0
1338	1191	1152	1077	1055	0
1191	1152	1077	1055	1019	0
1152	1077	1055	1019	1039	0
1077	1055	1019	1039	938	0
1055	1019	1039	938	895	0
1019	1039	938	895	860	0
1039	938	895	860	825	0
938	895	860	825	809	0
895	860	825	809	798	0
860	825	809	798	817	0
825	809	798	817	813	0
809	798	817	813	856	0
798	817	813	856	724	0
817	813	856	724	673	0
813	856	724	673	665	0
856	724	673	665	670	0
724	673	665	670	739	0
673	665	670	739	755	0
665	670	739	755	825	0
670	739	755	825	809	0
739	755	825	809	770	0
755	825	809	770	736	0
825	809	770	736	743	0
809	770	736	743	735	0
770	736	743	735	732	0
736	743	735	732	728	0
743	735	732	728	739	0
735	732	728	739	704	0
732	728	739	704	704	0
728	739	704	704	693	0
739	704	704	693	697	0
704	704	693	697	708	0
704	693	697	708	720	0
693	697	708	720	789	0
697	708	720	789	786	0
708	720	789	786	775	0
720	789	786	775	797	0
789	786	775	797	806	0
786	775	797	806	790	0
775	797	806	790	790	0
797	806	790	790	786	0
806	790	790	786	782	0
790	790	786	782	762	0
790	786	782	762	751	0
786	782	762	751	744	0
782	762	751	744	758	0
762	751	744	758	767	0
751	744	758	767	766	0
744	758	767	766	747	0
758	767	766	747	751	0
767	766	747	751	806	0
766	747	751	806	852	0
747	751	806	852	872	0
751	806	852	872	863	0
806	852	872	863	899	0
852	872	863	899	895	0
872	863	899	895	845	0
863	899	895	845	817	0
899	895	845	817	790	0
895	845	817	790	774	0
845	817	790	774	766	0
817	790	774	766	783	0
790	774	766	783	801	0
774	766	783	801	813	0
766	783	801	813	802	0
783	801	813	802	790	0
801	813	802	790	797	0
813	802	790	797	759	0
802	790	797	759	759	0
790	797	759	759	747	0
797	759	759	747	735	0
759	759	747	735	724	0
759	747	735	724	728	0
747	735	724	728	727	0
735	724	728	727	736	0
724	728	727	736	731	0
728	727	736	731	728	0
727	736	731	728	712	0
736	731	728	712	704	0
731	728	712	704	708	0
728	712	704	708	720	0
712	704	708	720	720	0
704	708	720	720	716	0
708	720	720	716	716	0
720	720	716	716	720	0
720	716	716	720	716	0
716	716	720	716	704	0
716	720	716	704	677	0
720	716	704	677	701	0
716	704	677	701	731	0
704	677	701	731	774	0
677	701	731	774	775	0
701	731	774	775	786	0
731	774	775	786	782	0
774	775	786	782	751	0
775	786	782	751	739	0
786	782	751	739	720	0
782	751	739	720	728	0
751	739	720	728	716	0
739	720	728	716	712	0
720	728	716	712	708	0
728	716	712	708	700	0
716	712	708	700	701	0
712	708	700	701	700	0
708	700	701	700	708	0
700	701	700	708	708	0
701	700	708	708	720	0
700	708	708	720	716	0
708	708	720	716	716	0
708	720	716	716	700	0
720	716	716	700	693	0
716	716	700	693	689	0
716	700	693	689	685	0
700	693	689	685	700	0
693	689	685	700	728	0
689	685	700	728	731	0
685	700	728	731	747	0
700	728	731	747	755	0
728	731	747	755	743	0
731	747	755	743	732	0
747	755	743	732	720	0
755	743	732	720	716	0
743	732	720	716	719	0
732	720	716	719	716	0
720	716	719	716	716	0
716	719	716	716	728	0
719	716	716	728	739	0
716	716	728	739	743	0
716	728	739	743	736	0
728	739	743	736	724	0
739	743	736	724	716	0
743	736	724	716	712	0
736	724	716	712	700	0
724	716	712	700	689	0
716	712	700	689	681	0
712	700	689	681	688	0
700	689	681	688	677	0
689	681	688	677	693	0
681	688	677	693	716	0
688	677	693	716	720	0
677	693	716	720	739	0
693	716	720	739	743	0
716	720	739	743	732	0
720	739	743	732	739	0
739	743	732	739	759	0
743	732	739	759	724	0
732	739	759	724	731	0
739	759	724	731	724	0
759	724	731	724	724	0
724	731	724	724	716	0
731	724	724	716	723	0
724	724	716	723	712	0
724	716	723	712	705	0
716	723	712	705	696	0
723	712	705	696	693	0
712	705	696	693	688	0
705	696	693	688	693	0
696	693	688	693	681	0
693	688	693	681	673	0
688	693	681	673	681	0
693	681	673	681	673	0
681	673	681	673	662	0
673	681	673	662	665	0
681	673	662	665	669	0
673	662	665	669	712	0
662	665	669	712	720	0
665	669	712	720	751	0
669	712	720	751	767	0
712	720	751	767	751	0
720	751	767	751	755	0
751	767	751	755	747	0
767	751	755	747	735	0
751	755	747	735	716	0
755	747	735	716	712	0
747	735	716	712	708	0
735	716	712	708	701	0
716	712	708	701	704	0
712	708	701	704	696	0
708	701	704	696	681	0
701	704	696	681	673	0
704	696	681	673	689	0
696	681	673	689	627	0
681	673	689	627	653	0
673	689	627	653	642	0
689	627	653	642	646	0
627	653	642	646	631	0
653	642	646	631	626	0
642	646	631	626	634	0
646	631	626	634	650	0
631	626	634	650	646	0
626	634	650	646	673	0
634	650	646	673	689	0
650	646	673	689	658	0
646	673	689	658	665	0
673	689	658	665	669	0
689	658	665	669	666	0
658	665	669	666	653	0
665	669	666	653	662	0
669	666	653	662	661	0
666	653	662	661	650	0
653	662	661	650	646	0
662	661	650	646	646	0
661	650	646	646	650	0
650	646	646	650	642	0
646	646	650	642	634	0
646	650	642	634	646	0
650	642	634	646	650	0
642	634	646	650	642	0
634	646	650	642	642	0
646	650	642	642	646	0
650	642	642	646	638	0
642	642	646	638	646	0
642	646	638	646	646	0
646	638	646	646	638	0
638	646	646	638	638	0
646	646	638	638	642	0
646	638	638	642	650	0
638	638	642	650	638	0
638	642	650	638	657	0
642	650	638	657	666	0
650	638	657	666	681	0
638	657	666	681	673	0
657	666	681	673	665	0
666	681	673	665	669	0
681	673	665	669	677	0
673	665	669	677	685	0
665	669	677	685	685	0
669	677	685	685	665	0
677	685	685	665	670	0
685	685	665	670	653	0
685	665	670	653	650	0
665	670	653	650	650	0
670	653	650	650	642	0
653	650	650	642	650	0
650	650	642	650	638	0
650	642	650	638	642	0
642	650	638	642	642	0
650	638	642	642	654	0
638	642	642	654	642	0
642	642	654	642	653	0
642	654	642	653	654	0
654	642	653	654	650	0
642	653	654	650	646	0
653	654	650	646	665	0
654	650	646	665	642	0
650	646	665	642	654	0
646	665	642	654	642	0
665	642	654	642	638	0
642	654	642	638	623	0
654	642	638	623	622	0
642	638	623	622	627	0
638	623	622	627	607	0
623	622	627	607	615	0
622	627	607	615	618	0
627	607	615	618	673	0
607	615	618	673	662	0
615	618	673	662	646	0
618	673	662	646	646	0
673	662	646	646	653	0
662	646	646	653	677	0
646	646	653	677	650	0
646	653	677	650	654	0
653	677	650	654	646	0
677	650	654	646	642	0
650	654	646	642	634	0
654	646	642	634	627	0
646	642	634	627	638	0
642	634	627	638	614	0
634	627	638	614	623	0
627	638	614	623	638	0
638	614	623	638	631	0
614	623	638	631	642	0
623	638	631	642	607	0
638	631	642	607	638	0
631	642	607	638	634	0
642	607	638	634	634	0
607	638	634	634	634	0
638	634	634	634	623	0
634	634	634	623	634	0
634	634	623	634	623	0
634	623	634	623	630	0
623	634	623	630	611	0
634	623	630	611	634	0
623	630	611	634	627	0
630	611	634	627	607	0
611	634	627	607	622	0
634	627	607	622	611	0
627	607	622	611	627	0
607	622	611	627	634	0
622	611	627	634	622	0
611	627	634	622	619	0
627	634	622	619	623	0
634	622	619	623	622	0
622	619	623	622	619	0
619	623	622	619	626	0
623	622	619	626	627	0
622	619	626	627	619	0
619	626	627	619	618	0
626	627	619	618	619	0
627	619	618	619	619	0
619	618	619	619	614	0
618	619	619	614	627	0
619	619	614	627	626	0
619	614	627	626	631	0
614	627	626	631	618	0
627	626	631	618	631	0
626	631	618	631	622	0
631	618	631	622	615	0
618	631	622	615	615	0
631	622	615	615	618	0
622	615	615	618	619	0
615	615	618	619	619	0
615	618	619	619	615	0
618	619	619	615	622	0
619	619	615	622	623	0
619	615	622	623	622	0
615	622	623	622	627	0
622	623	622	627	653	0
623	622	627	653	678	0
622	627	653	678	688	0
627	653	678	688	704	0
653	678	688	704	716	0
678	688	704	716	685	0
688	704	716	685	708	0
704	716	685	708	716	0
716	685	708	716	720	0
685	708	716	720	716	0
708	716	720	716	708	0
716	720	716	708	701	0
720	716	708	701	677	0
716	708	701	677	689	0
708	701	677	689	680	0
701	677	689	680	654	0
677	689	680	654	666	0
689	680	654	666	661	0
680	654	666	661	650	0
654	666	661	650	685	0
666	661	650	685	649	0
661	650	685	649	670	0
650	685	649	670	681	0
685	649	670	681	688	0
649	670	681	688	677	0
670	681	688	677	689	0
681	688	677	689	681	0
688	677	689	681	681	0
677	689	681	681	696	0
689	681	681	696	701	0
681	681	696	701	696	0
681	696	701	696	697	0
696	701	696	697	720	0
701	696	697	720	770	0
696	697	720	770	763	0
697	720	770	763	751	0
720	770	763	751	883	0
770	763	751	883	1000	0
763	751	883	1000	953	0
751	883	1000	953	1008	0
883	1000	953	1008	992	0
1000	953	1008	992	954	0
953	1008	992	954	891	0
1008	992	954	891	887	0
992	954	891	887	856	0
954	891	887	856	840	0
891	887	856	840	856	0
887	856	840	856	837	0
856	840	856	837	801	0
840	856	837	801	790	0
856	837	801	790	771	0
837	801	790	771	762	0
801	790	771	762	744	0
790	771	762	744	731	0
771	762	744	731	747	0
762	744	731	747	740	0
744	731	747	740	747	0
731	747	740	747	751	0
747	740	747	751	747	0
740	747	751	747	755	0
747	751	747	755	754	0
751	747	755	754	701	0
747	755	754	701	626	0
755	754	701	626	627	0
754	701	626	627	622	0
701	626	627	622	611	0
626	627	622	611	615	0
627	622	611	615	630	0
622	611	615	630	623	0
611	615	630	623	626	0
615	630	623	626	627	0
630	623	626	627	646	0
623	626	627	646	657	0
626	627	646	657	670	0
627	646	657	670	665	0
646	657	670	665	665	0
657	670	665	665	681	0
670	665	665	681	673	0
665	665	681	673	666	0
665	681	673	666	661	0
681	673	666	661	650	0
673	666	661	650	673	0
666	661	650	673	704	0
661	650	673	704	759	0
650	673	704	759	763	0
673	704	759	763	763	0
704	759	763	763	778	0
759	763	763	778	782	0
763	763	778	782	774	0
763	778	782	774	759	0
778	782	774	759	763	0
782	774	759	763	758	0
774	759	763	758	743	0
759	763	758	743	736	0
763	758	743	736	735	0
758	743	736	735	732	0
743	736	735	732	720	0
736	735	732	720	735	0
735	732	720	735	735	0
732	720	735	735	732	0
720	735	735	732	735	0
735	735	732	735	736	0
735	732	735	736	739	0
732	735	736	739	732	0
735	736	739	732	731	0
736	739	732	731	724	0
739	732	731	724	720	0
732	731	724	720	704	0
731	724	720	704	697	0
724	720	704	697	743	0
720	704	697	743	813	0
704	697	743	813	844	0
697	743	813	844	810	0
743	813	844	810	817	0
813	844	810	817	817	0
844	810	817	817	778	0
810	817	817	778	767	0
817	817	778	767	762	0
817	778	767	762	755	0
778	767	762	755	712	0
767	762	755	712	704	0
762	755	712	704	720	0
755	712	704	720	716	0
712	704	720	716	720	0
704	720	716	720	693	0
720	716	720	693	700	0
716	720	693	700	685	0
720	693	700	685	673	0
693	700	685	673	673	0
700	685	673	673	677	0
685	673	673	677	681	0
673	673	677	681	681	0
673	677	681	681	693	0
677	681	681	693	716	0
681	681	693	716	723	0
681	693	716	723	709	0
693	716	723	709	712	0
716	723	709	712	716	0
723	709	712	716	727	0
709	712	716	727	720	0
712	716	727	720	708	0
716	727	720	708	697	0
727	720	708	697	692	0
720	708	697	692	689	0
708	697	692	689	677	0
697	692	689	677	685	0
692	689	677	685	700	0
689	677	685	700	732	0
677	685	700	732	747	0
685	700	732	747	731	0
700	732	747	731	748	0
732	747	731	748	739	0
747	731	748	739	727	0
731	748	739	727	736	0
748	739	727	736	720	0
739	727	736	720	708	0
727	736	720	708	708	0
736	720	708	708	697	0
720	708	708	697	700	0
708	708	697	700	685	0
708	697	700	685	692	0
697	700	685	692	697	0
700	685	692	697	700	0
685	692	697	700	701	0
692	697	700	701	712	0
697	700	701	712	708	0
700	701	712	708	708	0
701	712	708	708	724	0
712	708	708	724	704	0
708	708	724	704	697	0
708	724	704	697	700	0
724	704	697	700	689	0
704	697	700	689	685	0
697	700	689	685	688	0
700	689	685	688	689	0
689	685	688	689	677	0
685	688	689	677	693	0
688	689	677	693	688	0
689	677	693	688	681	0
677	693	688	681	685	0
693	688	681	685	685	0
688	681	685	685	689	0
681	685	685	689	692	0
685	685	689	692	693	0
685	689	692	693	692	0
689	692	693	692	681	0
692	693	692	681	677	0
693	692	681	677	674	0
692	681	677	674	665	0
681	677	674	665	689	0
677	674	665	689	704	0
674	665	689	704	689	0
665	689	704	689	688	0
689	704	689	688	705	0
704	689	688	705	696	0
689	688	705	696	708	0
688	705	696	708	716	0
705	696	708	716	708	0
696	708	716	708	709	0
708	716	708	709	719	0
716	708	709	719	701	0
708	709	719	701	696	0
709	719	701	696	701	0
719	701	696	701	685	0
701	696	701	685	677	0
696	701	685	677	669	0
701	685	677	669	689	0
685	677	669	689	708	0
677	669	689	708	723	0
669	689	708	723	744	0
689	708	723	744	743	0
708	723	744	743	727	0
723	744	743	727	732	0
744	743	727	732	728	0
743	727	732	728	708	0
727	732	728	708	704	0
732	728	708	704	708	0
728	708	704	708	689	0
708	704	708	689	696	0
704	708	689	696	697	0
708	689	696	697	681	0
689	696	697	681	693	0
696	697	681	693	688	0
697	681	693	688	681	0
681	693	688	681	689	0
693	688	681	689	673	0
688	681	689	673	665	0
681	689	673	665	662	0
689	673	665	662	654	0
673	665	662	654	669	0
665	662	654	669	669	0
662	654	669	669	658	0
654	669	669	658	673	0
669	669	658	673	677	0
669	658	673	677	657	0
658	673	677	657	666	0
673	677	657	666	661	0
677	657	666	661	650	0
657	666	661	650	646	0
666	661	650	646	638	0
661	650	646	638	631	0
650	646	638	631	642	0
646	638	631	642	684	0
638	631	642	684	697	0
631	642	684	697	712	0
642	684	697	712	720	0
684	697	712	720	708	0
697	712	720	708	696	0
712	720	708	696	689	0
720	708	696	689	689	0
708	696	689	689	681	0
696	689	689	681	669	0
689	689	681	669	681	0
689	681	669	681	665	0
681	669	681	665	677	0
669	681	665	677	677	0
681	665	677	677	658	0
665	677	677	658	665	0
677	677	658	665	674	0
677	658	665	674	680	0
658	665	674	680	697	0
665	674	680	697	693	0
674	680	697	693	696	0
680	697	693	696	708	0
697	693	696	708	689	0
693	696	708	689	685	0
696	708	689	685	673	0
708	689	685	673	661	0
689	685	673	661	674	0
685	673	661	674	692	0
673	661	674	692	697	0
661	674	692	697	681	0
674	692	697	681	665	0
692	697	681	665	658	0
697	681	665	658	638	0
681	665	658	638	638	0
665	658	638	638	622	0
658	638	638	622	646	0
638	638	622	646	662	0
638	622	646	662	766	0
622	646	662	766	755	0
646	662	766	755	666	0
662	766	755	666	669	0
766	755	666	669	669	0
755	666	669	669	665	0
666	669	669	665	662	0
669	669	665	662	658	0
669	665	662	658	665	0
665	662	658	665	677	0
662	658	665	677	661	0
658	665	677	661	662	0
665	677	661	662	657	0
677	661	662	657	650	0
661	662	657	650	638	0
662	657	650	638	627	0
657	650	638	627	646	0
650	638	627	646	677	0
638	627	646	677	669	0
627	646	677	669	665	0
646	677	669	665	681	0
677	669	665	681	681	0
669	665	681	681	693	0
665	681	681	693	685	0
681	681	693	685	681	0
681	693	685	681	681	0
693	685	681	681	681	0
685	681	681	681	673	0
681	681	681	673	669	0
681	681	673	669	669	0
681	673	669	669	681	0
673	669	669	681	685	0
669	669	681	685	677	0
669	681	685	677	662	0
681	685	677	662	665	0
685	677	662	665	657	0
677	662	665	657	666	0
662	665	657	666	704	0
665	657	666	704	708	0
657	666	704	708	708	0
666	704	708	708	697	0
704	708	708	697	708	0
708	708	697	708	728	0
708	697	708	728	766	0
697	708	728	766	759	0
708	728	766	759	763	0
728	766	759	763	786	0
766	759	763	786	735	0
759	763	786	735	747	0
763	786	735	747	743	0
786	735	747	743	732	0
735	747	743	732	731	0
747	743	732	731	740	0
743	732	731	740	716	0
732	731	740	716	692	0
731	740	716	692	701	0
740	716	692	701	716	0
716	692	701	716	751	0
692	701	716	751	762	0
701	716	751	762	740	0
716	751	762	740	716	0
751	762	740	716	719	0
762	740	716	719	720	0
740	716	719	720	708	0
716	719	720	708	689	0
719	720	708	689	681	0
720	708	689	681	673	0
708	689	681	673	689	0
689	681	673	689	735	0
681	673	689	735	755	0
673	689	735	755	739	0
689	735	755	739	713	0
735	755	739	713	704	0
755	739	713	704	716	0
739	713	704	716	708	0
713	704	716	708	700	0
704	716	708	700	705	0
716	708	700	705	700	0
708	700	705	700	700	0
700	705	700	700	685	0
705	700	700	685	677	0
700	700	685	677	673	0
700	685	677	673	674	0
685	677	673	674	665	0
677	673	674	665	665	0
673	674	665	665	693	0
674	665	665	693	696	0
665	665	693	696	693	0
665	693	696	693	693	0
693	696	693	693	692	0
696	693	693	692	697	0
693	693	692	697	700	0
693	692	697	700	697	0
692	697	700	697	692	0
697	700	697	692	677	0
700	697	692	677	666	0
697	692	677	666	653	0
692	677	666	653	646	0
677	666	653	646	634	0
666	653	646	634	627	0
653	646	634	627	634	0
646	634	627	634	619	0
634	627	634	619	626	0
627	634	619	626	631	0
634	619	626	631	622	0
619	626	631	622	631	0
626	631	622	631	622	0
631	622	631	622	619	0
622	631	622	619	626	0
631	622	619	626	619	0
622	619	626	619	626	0
619	626	619	626	615	0
626	619	626	615	615	0
619	626	615	615	615	0
626	615	615	615	618	0
615	615	615	618	619	0
615	615	618	619	642	0
615	618	619	642	677	0
618	619	642	677	677	0
619	642	677	677	662	0
642	677	677	662	685	0
677	677	662	685	677	0
677	662	685	677	669	0
662	685	677	669	654	0
685	677	669	654	638	0
677	669	654	638	642	0
669	654	638	642	626	0
654	638	642	626	630	0
638	642	626	630	619	0
642	626	630	619	619	0
626	630	619	619	603	0
630	619	619	603	607	0
619	619	603	607	599	0
619	603	607	599	596	0
603	607	599	596	603	0
607	599	596	603	603	0
599	596	603	603	595	0
596	603	603	595	595	0
603	603	595	595	600	0
603	595	595	600	591	0
595	595	600	591	599	0
595	600	591	599	615	0
600	591	599	615	576	0
591	599	615	576	591	0
599	615	576	591	596	0
615	576	591	596	599	0
576	591	596	599	591	0
591	596	599	591	592	0
596	599	591	592	595	0
599	591	592	595	584	0
591	592	595	584	591	0
592	595	584	591	603	0
595	584	591	603	615	0
584	591	603	615	623	0
591	603	615	623	622	0
603	615	623	622	619	0
615	623	622	619	634	0
623	622	619	634	627	0
622	619	634	627	634	0
619	634	627	634	607	0
634	627	634	607	615	0
627	634	607	615	603	0
634	607	615	603	595	0
607	615	603	595	595	0
615	603	595	595	596	0
603	595	595	596	591	0
595	595	596	591	588	0
595	596	591	588	583	0
596	591	588	583	588	0
591	588	583	588	595	0
588	583	588	595	596	0
583	588	595	596	595	0
588	595	596	595	603	0
595	596	595	603	603	0
596	595	603	603	607	0
595	603	603	607	611	0
603	603	607	611	615	0
603	607	611	615	619	0
607	611	615	619	622	0
611	615	619	622	615	0
615	619	622	615	611	0
619	622	615	611	611	0
622	615	611	611	607	0
615	611	611	607	603	0
611	611	607	603	615	0
611	607	603	615	622	0
607	603	615	622	634	0
603	615	622	634	642	0
615	622	634	642	642	0
622	634	642	642	650	0
634	642	642	650	654	0
642	642	650	654	646	0
642	650	654	646	642	0
650	654	646	642	638	0
654	646	642	638	630	0
646	642	638	630	631	0
642	638	630	631	630	0
638	630	631	630	634	0
630	631	630	634	654	0
631	630	634	654	662	0
630	634	654	662	669	0
634	654	662	669	685	0
654	662	669	685	704	0
662	669	685	704	712	0
669	685	704	712	759	0
685	704	712	759	825	0
704	712	759	825	852	0
712	759	825	852	852	0
759	825	852	852	852	0
825	852	852	852	840	0
852	852	852	840	821	0
852	852	840	821	802	0
852	840	821	802	798	0
840	821	802	798	762	0
821	802	798	762	736	0
802	798	762	736	747	0
798	762	736	747	747	0
762	736	747	747	739	0
736	747	747	739	728	0
747	747	739	728	716	0
747	739	728	716	724	0
739	728	716	724	731	0
728	716	724	731	743	0
716	724	731	743	751	0
724	731	743	751	747	0
731	743	751	747	767	0
743	751	747	767	798	0
751	747	767	798	782	0
747	767	798	782	739	0
767	798	782	739	728	0
798	782	739	728	719	0
782	739	728	719	701	0
739	728	719	701	673	0
728	719	701	673	696	0
719	701	673	696	674	0
701	673	696	674	657	0
673	696	674	657	654	0
696	674	657	654	642	0
674	657	654	642	646	0
657	654	642	646	642	0
654	642	646	642	650	0
642	646	642	650	579	0
646	642	650	579	557	0
642	650	579	557	556	0
650	579	557	556	572	0
579	557	556	572	564	0
557	556	572	564	565	0
556	572	564	565	564	0
572	564	565	564	572	0
564	565	564	572	572	0
565	564	572	572	580	0
564	572	572	580	583	0
572	572	580	583	588	0
572	580	583	588	603	0
580	583	588	603	603	0
583	588	603	603	603	0
588	603	603	603	607	0
603	603	603	607	611	0
603	603	607	611	619	0
603	607	611	619	614	0
607	611	619	614	611	0
611	619	614	611	600	0
619	614	611	600	603	0
614	611	600	603	583	0
611	600	603	583	584	0
600	603	583	584	588	0
603	583	584	588	579	0
583	584	588	579	584	0
584	588	579	584	588	0
588	579	584	588	587	0
579	584	588	587	584	0
584	588	587	584	580	0
588	587	584	580	599	0
587	584	580	599	583	0
584	580	599	583	600	0
580	599	583	600	607	0
599	583	600	607	614	0
583	600	607	614	627	0
600	607	614	627	619	0
607	614	627	619	614	0
614	627	619	614	623	0
627	619	614	623	619	0
619	614	623	619	614	0
614	623	619	614	611	0
623	619	614	611	607	0
619	614	611	607	603	0
614	611	607	603	607	0
611	607	603	607	584	0
607	603	607	584	599	0
603	607	584	599	596	0
607	584	599	596	587	0
584	599	596	587	627	0
599	596	587	627	634	0
596	587	627	634	650	0
587	627	634	650	684	0
627	634	650	684	701	0
634	650	684	701	689	0
650	684	701	689	696	0
684	701	689	696	716	0
701	689	696	716	681	0
689	696	716	681	654	0
696	716	681	654	653	0
716	681	654	653	654	0
681	654	653	654	626	0
654	653	654	626	635	0
653	654	626	635	618	0
654	626	635	618	619	0
626	635	618	619	630	0
635	618	619	630	627	0
618	619	630	627	619	0
619	630	627	619	626	0
630	627	619	626	611	0
627	619	626	611	611	0
619	626	611	611	603	0
626	611	611	603	599	0
611	611	603	599	595	0
611	603	599	595	572	0
603	599	595	572	584	0
599	595	572	584	580	0
595	572	584	580	576	0
572	584	580	576	583	0
584	580	576	583	576	0
580	576	583	576	584	0
576	583	576	584	584	0
583	576	584	584	579	0
576	584	584	579	592	0
584	584	579	592	583	0
584	579	592	583	584	0
579	592	583	584	588	0
592	583	584	588	583	0
583	584	588	583	588	0
584	588	583	588	587	0
588	583	588	587	588	0
583	588	587	588	591	0
588	587	588	591	588	0
587	588	591	588	580	0
588	591	588	580	572	0
591	588	580	572	576	0
588	580	572	576	575	0
580	572	576	575	584	0
572	576	575	584	599	0
576	575	584	599	603	0
575	584	599	603	619	0
584	599	603	619	631	0
599	603	619	631	626	0
603	619	631	626	619	0
619	631	626	619	618	0
631	626	619	618	615	0
626	619	618	615	623	0
619	618	615	623	638	0
618	615	623	638	630	0
615	623	638	630	623	0
623	638	630	623	615	0
638	630	623	615	607	0
630	623	615	607	607	0
623	615	607	607	618	0
615	607	607	618	623	0
607	607	618	623	630	0
607	618	623	630	638	0
618	623	630	638	627	0
623	630	638	627	614	0
630	638	627	614	607	0
638	627	614	607	608	0
627	614	607	608	603	0
614	607	608	603	611	0
607	608	603	611	614	0
608	603	611	614	642	0
603	611	614	642	631	0
611	614	642	631	622	0
614	642	631	622	646	0
642	631	622	646	697	0
631	622	646	697	692	0
622	646	697	692	705	0
646	697	692	705	692	0
697	692	705	692	701	0
692	705	692	701	715	0
705	692	701	715	724	0
692	701	715	724	701	0
701	715	724	701	669	0
715	724	701	669	657	0
724	701	669	657	654	0
701	669	657	654	646	0
669	657	654	646	654	0
657	654	646	654	650	0
654	646	654	650	669	0
646	654	650	669	681	0
654	650	669	681	724	0
650	669	681	724	739	0
669	681	724	739	724	0
681	724	739	724	712	0
724	739	724	712	684	0
739	724	712	684	677	0
724	712	684	677	681	0
712	684	677	681	681	0
684	677	681	681	677	0
677	681	681	677	685	0
681	681	677	685	693	0
681	677	685	693	692	0
677	685	693	692	705	0
685	693	692	705	704	0
693	692	705	704	708	0
692	705	704	708	704	0
705	704	708	704	685	0
704	708	704	685	662	0
708	704	685	662	646	0
704	685	662	646	630	0
685	662	646	630	626	0
662	646	630	626	631	0
646	630	626	631	650	0
630	626	631	650	653	0
626	631	650	653	662	0
631	650	653	662	669	0
650	653	662	669	654	0
653	662	669	654	646	0
662	669	654	646	638	0
669	654	646	638	638	0
654	646	638	638	646	0
646	638	638	646	657	0
638	638	646	657	662	0
638	646	657	662	685	0
646	657	662	685	700	0
657	662	685	700	739	0
662	685	700	739	786	0
685	700	739	786	779	0
700	739	786	779	762	0
739	786	779	762	743	0
786	779	762	743	728	0
779	762	743	728	728	0
762	743	728	728	716	0
743	728	728	716	704	0
728	728	716	704	700	0
728	716	704	700	693	0
716	704	700	693	673	0
704	700	693	673	665	0
700	693	673	665	658	0
693	673	665	658	662	0
673	665	658	662	673	0
665	658	662	673	696	0
658	662	673	696	697	0
662	673	696	697	669	0
673	696	697	669	673	0
696	697	669	673	673	0
697	669	673	673	673	0
669	673	673	673	666	0
673	673	673	666	665	0
673	673	666	665	685	0
673	666	665	685	677	0
666	665	685	677	677	0
665	685	677	677	677	0
685	677	677	677	673	0
677	677	677	673	712	0
677	677	673	712	751	0
677	673	712	751	767	0
673	712	751	767	747	0
712	751	767	747	766	0
751	767	747	766	790	0
767	747	766	790	763	0
747	766	790	763	774	0
766	790	763	774	763	0
790	763	774	763	720	0
763	774	763	720	712	0
774	763	720	712	708	0
763	720	712	708	716	0
720	712	708	716	700	0
712	708	716	700	705	0
708	716	700	705	712	0
716	700	705	712	723	0
700	705	712	723	693	0
705	712	723	693	693	0
712	723	693	693	677	0
723	693	693	677	677	0
693	693	677	677	677	0
693	677	677	677	653	0
677	677	677	653	658	0
677	677	653	658	654	0
677	653	658	654	638	0
653	658	654	638	638	0
658	654	638	638	646	0
654	638	638	646	638	0
638	638	646	638	662	0
638	646	638	662	657	0
646	638	662	657	650	0
638	662	657	650	650	0
662	657	650	650	642	0
657	650	650	642	646	0
650	650	642	646	638	0
650	642	646	638	638	0
642	646	638	638	634	0
646	638	638	634	642	0
638	638	634	642	634	0
638	634	642	634	646	0
634	642	634	646	677	0
642	634	646	677	716	0
634	646	677	716	724	0
646	677	716	724	716	0
677	716	724	716	735	0
716	724	716	735	740	0
724	716	735	740	735	0
716	735	740	735	739	0
735	740	735	739	716	0
740	735	739	716	720	0
735	739	716	720	720	0
739	716	720	720	712	0
716	720	720	712	708	0
720	720	712	708	716	0
720	712	708	716	720	0
712	708	716	720	720	0
708	716	720	720	704	0
716	720	720	704	716	0
720	720	704	716	724	0
720	704	716	724	708	0
704	716	724	708	704	0
716	724	708	704	716	0
724	708	704	716	709	0
708	704	716	709	700	0
704	716	709	700	693	0
716	709	700	693	700	0
709	700	693	700	704	0
700	693	700	704	697	0
693	700	704	697	692	0
700	704	697	692	701	0
704	697	692	701	696	0
697	692	701	696	701	0
692	701	696	701	688	0
701	696	701	688	697	0
696	701	688	697	696	0
701	688	697	696	689	0
688	697	696	689	677	0
697	696	689	677	697	0
696	689	677	697	692	0
689	677	697	692	689	0
677	697	692	689	689	0
697	692	689	689	681	0
692	689	689	681	680	0
689	689	681	680	674	0
689	681	680	674	673	0
681	680	674	673	661	0
680	674	673	661	689	0
674	673	661	689	689	0
673	661	689	689	696	0
661	689	689	696	685	0
689	689	696	685	689	0
689	696	685	689	692	0
696	685	689	692	693	0
685	689	692	693	685	0
689	692	693	685	677	0
692	693	685	677	669	0
693	685	677	669	662	0
685	677	669	662	684	0
677	669	662	684	724	0
669	662	684	724	747	0
662	684	724	747	751	0
684	724	747	751	751	0
724	747	751	751	743	0
747	751	751	743	751	0
751	751	743	751	740	0
751	743	751	740	727	0
743	751	740	727	708	0
751	740	727	708	693	0
740	727	708	693	689	0
727	708	693	689	696	0
708	693	689	696	689	0
693	689	696	689	685	0
689	696	689	685	685	0
696	689	685	685	692	0
689	685	685	692	693	0
685	685	692	693	677	0
685	692	693	677	677	0
692	693	677	677	692	0
693	677	677	692	689	0
677	677	692	689	689	0
677	692	689	689	677	0
692	689	689	677	685	0
689	689	677	685	688	0
689	677	685	688	697	0
677	685	688	697	689	0
685	688	697	689	696	0
688	697	689	696	701	0
697	689	696	701	700	0
689	696	701	700	700	0
696	701	700	700	697	0
701	700	700	697	696	0
700	700	697	696	712	0
700	697	696	712	716	0
697	696	712	716	709	0
696	712	716	709	712	0
712	716	709	712	712	0
716	709	712	712	719	0
709	712	712	719	709	0
712	712	719	709	704	0
712	719	709	704	708	0
719	709	704	708	704	0
709	704	708	704	705	0
704	708	704	705	696	0
708	704	705	696	693	0
704	705	696	693	681	0
705	696	693	681	688	0
696	693	681	688	681	0
693	681	688	681	670	0
681	688	681	670	665	0
688	681	670	665	669	0
681	670	665	669	654	0
670	665	669	654	650	0
665	669	654	650	650	0
669	654	650	650	642	0
654	650	650	642	642	0
650	650	642	642	649	0
650	642	642	649	654	0
642	642	649	654	662	0
642	649	654	662	661	0
649	654	662	661	669	0
654	662	661	669	677	0
662	661	669	677	681	0
661	669	677	681	681	0
669	677	681	681	673	0
677	681	681	673	681	0
681	681	673	681	673	0
681	673	681	673	670	0
673	681	673	670	657	0
681	673	670	657	666	0
673	670	657	666	661	0
670	657	666	661	662	0
657	666	661	662	657	0
666	661	662	657	666	0
661	662	657	666	677	0
662	657	666	677	665	0
657	666	677	665	658	0
666	677	665	658	657	0
677	665	658	657	650	0
665	658	657	650	642	0
658	657	650	642	658	0
657	650	642	658	622	0
650	642	658	622	623	0
642	658	622	623	622	0
658	622	623	622	615	0
622	623	622	615	607	0
623	622	615	607	603	0
622	615	607	603	603	0
615	607	603	603	592	0
607	603	603	592	583	0
603	603	592	583	588	0
603	592	583	588	588	0
592	583	588	588	579	0
583	588	588	579	572	0
588	588	579	572	564	0
588	579	572	564	553	0
579	572	564	553	595	0
572	564	553	595	549	0
564	553	595	549	564	0
553	595	549	564	576	0
595	549	564	576	568	0
549	564	576	568	595	0
564	576	568	595	576	0
576	568	595	576	603	0
568	595	576	603	596	0
595	576	603	596	595	0
576	603	596	595	595	0
603	596	595	595	604	0
596	595	595	604	595	0
595	595	604	595	591	0
595	604	595	591	600	0
604	595	591	600	591	0
595	591	600	591	584	0
591	600	591	584	591	0
600	591	584	591	595	0
591	584	591	595	592	0
584	591	595	592	587	0
591	595	592	587	592	0
595	592	587	592	580	0
592	587	592	580	603	0
587	592	580	603	591	0
592	580	603	591	572	0
580	603	591	572	588	0
603	591	572	588	595	0
591	572	588	595	603	0
572	588	595	603	607	0
588	595	603	607	619	0
595	603	607	619	622	0
603	607	619	622	619	0
607	619	622	619	615	0
619	622	619	615	607	0
622	619	615	607	615	0
619	615	607	615	591	0
615	607	615	591	595	0
607	615	591	595	588	0
615	591	595	588	595	0
591	595	588	595	576	0
595	588	595	576	580	0
588	595	576	580	576	0
595	576	580	576	568	0
576	580	576	568	576	0
580	576	568	576	564	0
576	568	576	564	568	0
568	576	564	568	560	0
576	564	568	560	565	0
564	568	560	565	560	0
568	560	565	560	572	0
560	565	560	572	556	0
565	560	572	556	568	0
560	572	556	568	565	0
572	556	568	565	560	0
556	568	565	560	564	0
568	565	560	564	557	0
565	560	564	557	564	0
560	564	557	564	560	0
564	557	564	560	564	0
557	564	560	564	564	0
564	560	564	564	565	0
560	564	564	565	568	0
564	564	565	568	560	0
564	565	568	560	564	0
565	568	560	564	564	0
568	560	564	564	557	0
560	564	564	557	552	0
564	564	557	552	557	0
564	557	552	557	556	0
557	552	557	556	545	0
552	557	556	545	549	0
557	556	545	549	541	0
556	545	549	541	533	0
545	549	541	533	552	0
549	541	533	552	557	0
541	533	552	557	583	0
533	552	557	583	607	0
552	557	583	607	627	0
557	583	607	627	622	0
583	607	627	622	599	0
607	627	622	599	639	0
627	622	599	639	638	0
622	599	639	638	634	0
599	639	638	634	623	0
639	638	634	623	622	0
638	634	623	622	619	0
634	623	622	619	622	0
623	622	619	622	615	0
622	619	622	615	607	0
619	622	615	607	603	0
622	615	607	603	603	0
615	607	603	603	600	0
607	603	603	600	583	0
603	603	600	583	596	0
603	600	583	596	599	0
600	583	596	599	591	0
583	596	599	591	588	0
596	599	591	588	591	0
599	591	588	591	584	0
591	588	591	584	595	0
588	591	584	595	588	0
591	584	595	588	583	0
584	595	588	583	580	0
595	588	583	580	584	0
588	583	580	584	572	0
583	580	584	572	568	0
580	584	572	568	572	0
584	572	568	572	564	0
572	568	572	564	553	0
568	572	564	553	556	0
572	564	553	556	572	0
564	553	556	572	576	0
553	556	572	576	587	0
556	572	576	587	584	0
572	576	587	584	592	0
576	587	584	592	568	0
587	584	592	568	579	0
584	592	568	579	580	0
592	568	579	580	584	0
568	579	580	584	580	0
579	580	584	580	575	0
580	584	580	575	576	0
584	580	575	576	568	0
580	575	576	568	580	0
575	576	568	580	568	0
576	568	580	568	584	0
568	580	568	584	552	0
580	568	584	552	565	0
568	584	552	565	560	0
584	552	565	560	553	0
552	565	560	553	564	0
565	560	553	564	552	0
560	553	564	552	557	0
553	564	552	557	544	0
564	552	557	544	561	0
552	557	544	561	548	0
557	544	561	548	553	0
544	561	548	553	552	0
561	548	553	552	557	0
548	553	552	557	556	0
553	552	557	556	557	0
552	557	556	557	564	0
557	556	557	564	568	0
556	557	564	568	549	0
557	564	568	549	564	0
564	568	549	564	583	0
568	549	564	583	553	0
549	564	583	553	572	0
564	583	553	572	568	0
583	553	572	568	560	0
553	572	568	560	572	0
572	568	560	572	580	0
568	560	572	580	584	0
560	572	580	584	583	0
572	580	584	583	584	0
580	584	583	584	592	0
584	583	584	592	575	0
583	584	592	575	580	0
584	592	575	580	580	0
592	575	580	580	588	0
575	580	580	588	603	0
580	580	588	603	622	0
580	588	603	622	631	0
588	603	622	631	649	0
603	622	631	649	650	0
622	631	649	650	650	0
631	649	650	650	654	0
649	650	650	654	642	0
650	650	654	642	650	0
650	654	642	650	630	0
654	642	650	630	611	0
642	650	630	611	630	0
650	630	611	630	603	0
630	611	630	603	611	0
611	630	603	611	619	0
630	603	611	619	611	0
603	611	619	611	618	0
611	619	611	618	631	0
619	611	618	631	630	0
611	618	631	630	603	0
618	631	630	603	642	0
631	630	603	642	646	0
630	603	642	646	662	0
603	642	646	662	681	0
642	646	662	681	673	0
646	662	681	673	685	0
662	681	673	685	669	0
681	673	685	669	669	0
673	685	669	669	669	0
685	669	669	669	670	0
669	669	669	670	649	0
669	669	670	649	646	0
669	670	649	646	635	0
670	649	646	635	622	0
649	646	635	622	615	0
646	635	622	615	603	0
635	622	615	603	615	0
622	615	603	615	576	0
615	603	615	576	591	0
603	615	576	591	588	0
615	576	591	588	607	0
576	591	588	607	611	0
591	588	607	611	607	0
588	607	611	607	607	0
607	611	607	607	603	0
611	607	607	603	611	0
607	607	603	611	622	0
607	603	611	622	623	0
603	611	622	623	614	0
611	622	623	614	592	0
622	623	614	592	626	0
623	614	592	626	603	0
614	592	626	603	600	0
592	626	603	600	607	0
626	603	600	607	591	0
603	600	607	591	595	0
600	607	591	595	588	0
607	591	595	588	603	0
591	595	588	603	611	0
595	588	603	611	580	0
588	603	611	580	607	0
603	611	580	607	607	0
611	580	607	607	603	0
580	607	607	603	591	0
607	607	603	591	603	0
607	603	591	603	600	0
603	591	603	600	591	0
591	603	600	591	595	0
603	600	591	595	592	0
600	591	595	592	603	0
591	595	592	603	595	0
595	592	603	595	607	0
592	603	595	607	596	0
603	595	607	596	607	0
595	607	596	607	607	0
607	596	607	607	630	0
596	607	607	630	650	0
607	607	630	650	654	0
607	630	650	654	657	0
630	650	654	657	654	0
650	654	657	654	650	0
654	657	654	650	649	0
657	654	650	649	646	0
654	650	649	646	631	0
650	649	646	631	646	0
649	646	631	646	638	0
646	631	646	638	626	0
631	646	638	626	638	0
646	638	626	638	638	0
638	626	638	638	627	0
626	638	638	627	630	0
638	638	627	630	619	0
638	627	630	619	626	0
627	630	619	626	631	0
630	619	626	631	622	0
619	626	631	622	627	0
626	631	622	627	630	0
631	622	627	630	630	0
622	627	630	630	623	0
627	630	630	623	638	0
630	630	623	638	627	0
630	623	638	627	626	0
623	638	627	626	619	0
638	627	626	619	622	0
627	626	619	622	623	0
626	619	622	623	622	0
619	622	623	622	619	0
622	623	622	619	623	0
623	622	619	623	642	0
622	619	623	642	622	0
619	623	642	622	631	0
623	642	622	631	630	0
642	622	631	630	634	0
622	631	630	634	619	0
631	630	634	619	607	0
630	634	619	607	611	0
634	619	607	611	595	0
619	607	611	595	599	0
607	611	595	599	607	0
611	595	599	607	615	0
595	599	607	615	615	0
599	607	615	615	630	0
607	615	615	630	646	0
615	615	630	646	650	0
615	630	646	650	634	0
630	646	650	634	638	0
