i-2	i-1	i+0	i+1	i+2	Filter
669	420	1137	739	409	2
420	1137	739	409	1000	0
1137	739	409	1000	638	1
739	409	1000	638	439	2
409	1000	638	439	891	0
1000	638	439	891	650	1
638	439	891	650	642	2
439	891	650	642	670	0
891	650	642	670	677	0
650	642	670	677	680	0
642	670	677	680	658	0
670	677	680	658	654	0
677	680	658	654	669	0
680	658	654	669	412	0
658	654	669	412	1039	0
654	669	412	1039	782	1
669	412	1039	782	425	2
412	1039	782	425	996	0
1039	782	425	996	673	1
782	425	996	673	420	2
425	996	673	420	922	0
996	673	420	922	654	1
673	420	922	654	630	2
420	922	654	630	635	0
922	654	630	635	618	0
654	630	635	618	619	0
630	635	618	619	615	0
635	618	619	615	626	0
618	619	615	626	666	0
619	615	626	666	665	0
615	626	666	665	661	0
626	666	665	661	646	0
666	665	661	646	638	0
665	661	646	638	635	0
661	646	638	635	626	0
646	638	635	626	623	0
638	635	626	623	622	0
635	626	623	622	619	0
626	623	622	619	615	0
623	622	619	615	618	0
622	619	615	618	607	0
619	615	618	607	600	0
615	618	607	600	599	0
618	607	600	599	595	0
607	600	599	595	607	0
600	599	595	607	615	0
599	595	607	615	424	0
595	607	615	424	833	0
607	615	424	833	603	1
615	424	833	603	447	2
424	833	603	447	779	0
833	603	447	779	603	1
603	447	779	603	447	2
447	779	603	447	728	0
779	603	447	728	580	1
603	447	728	580	575	2
447	728	580	575	428	0
728	580	575	428	767	0
580	575	428	767	588	1
575	428	767	588	587	2
428	767	588	587	416	0
767	588	587	416	837	0
588	587	416	837	669	1
587	416	837	669	627	2
416	837	669	627	646	0
837	669	627	646	649	0
669	627	646	649	642	0
627	646	649	642	623	0
646	649	642	623	658	0
649	642	623	658	665	0
642	623	658	665	650	0
623	658	665	650	650	0
658	665	650	650	669	0
665	650	650	669	681	0
650	650	669	681	692	0
650	669	681	692	674	0
669	681	692	674	649	0
681	692	674	649	674	0
692	674	649	674	688	0
674	649	674	688	689	0
649	674	688	689	693	0
674	688	689	693	439	0
688	689	693	439	934	0
689	693	439	934	654	1
693	439	934	654	428	2
439	934	654	428	910	0
934	654	428	910	701	1
654	428	910	701	455	2
428	910	701	455	903	0
910	701	455	903	688	1
701	455	903	688	650	2
455	903	688	650	662	0
903	688	650	662	688	0
688	650	662	688	736	0
650	662	688	736	420	0
662	688	736	420	1156	0
688	736	420	1156	774	1
736	420	1156	774	424	2
420	1156	774	424	1051	0
1156	774	424	1051	661	1
774	424	1051	661	432	2
424	1051	661	432	868	0
1051	661	432	868	665	1
661	432	868	665	646	2
432	868	665	646	654	0
868	665	646	654	638	0
665	646	654	638	440	0
646	654	638	440	945	0
654	638	440	945	798	1
638	440	945	798	755	2
440	945	798	755	412	0
945	798	755	412	1070	0
798	755	412	1070	685	1
755	412	1070	685	428	2
412	1070	685	428	922	0
1070	685	428	922	681	1
685	428	922	681	673	2
428	922	681	673	417	0
922	681	673	417	918	0
681	673	417	918	654	1
673	417	918	654	431	2
417	918	654	431	888	0
918	654	431	888	661	1
654	431	888	661	646	2
431	888	661	646	412	0
888	661	646	412	973	0
661	646	412	973	786	1
646	412	973	786	794	2
412	973	786	794	416	0
973	786	794	416	545	0
786	794	416	545	697	1
794	416	545	697	432	2
416	545	697	432	350	0
545	697	432	350	840	1
697	432	350	840	774	2
432	350	840	774	783	0
350	840	774	783	424	0
840	774	783	424	1202	0
774	783	424	1202	798	1
783	424	1202	798	782	2
424	1202	798	782	412	0
1202	798	782	412	1203	0
798	782	412	1203	789	1
782	412	1203	789	794	2
412	1203	789	794	417	0
1203	789	794	417	1190	0
789	794	417	1190	775	1
794	417	1190	775	786	2
417	1190	775	786	412	0
1190	775	786	412	514	0
775	786	412	514	731	1
786	412	514	731	837	2
412	514	731	837	455	0
514	731	837	455	1237	0
731	837	455	1237	841	1
837	455	1237	841	432	2
455	1237	841	432	517	0
1237	841	432	517	712	1
841	432	517	712	817	2
432	517	712	817	806	0
517	712	817	806	405	0
712	817	806	405	1229	0
817	806	405	1229	813	1
806	405	1229	813	428	2
405	1229	813	428	510	0
1229	813	428	510	681	1
813	428	510	681	805	2
428	510	681	805	825	0
510	681	805	825	413	0
681	805	825	413	521	0
805	825	413	521	755	1
825	413	521	755	829	2
413	521	755	829	852	0
521	755	829	852	409	0
755	829	852	409	529	0
829	852	409	529	770	1
852	409	529	770	833	2
409	529	770	833	432	0
529	770	833	432	1198	0
770	833	432	1198	798	1
833	432	1198	798	782	2
432	1198	798	782	786	0
1198	798	782	786	786	0
798	782	786	786	790	0
782	786	786	790	790	0
786	786	790	790	412	0
786	790	790	412	522	0
790	790	412	522	684	1
790	412	522	684	794	2
412	522	684	794	790	0
522	684	794	790	420	0
684	794	790	420	1172	0
794	790	420	1172	789	1
790	420	1172	789	425	2
420	1172	789	425	1120	0
1172	789	425	1120	689	1
789	425	1120	689	424	2
425	1120	689	424	918	0
1120	689	424	918	642	1
689	424	918	642	611	2
424	918	642	611	420	0
918	642	611	420	845	0
642	611	420	845	618	1
611	420	845	618	428	2
420	845	618	428	825	0
845	618	428	825	607	1
618	428	825	607	600	2
428	825	607	600	447	0
825	607	600	447	751	0
607	600	447	751	591	1
600	447	751	591	592	2
447	751	591	592	591	0
751	591	592	591	603	0
591	592	591	603	417	0
592	591	603	417	910	0
591	603	417	910	677	1
603	417	910	677	452	2
417	910	677	452	875	0
910	677	452	875	631	1
677	452	875	631	645	2
452	875	631	645	650	0
875	631	645	650	619	0
631	645	650	619	638	0
645	650	619	638	677	0
650	619	638	677	673	0
619	638	677	673	413	0
638	677	673	413	1109	0
677	673	413	1109	840	1
673	413	1109	840	444	2
413	1109	840	444	1058	0
1109	840	444	1058	700	1
840	444	1058	700	448	2
444	1058	700	448	914	0
1058	700	448	914	654	1
700	448	914	654	642	2
448	914	654	642	630	0
914	654	642	630	662	0
654	642	630	662	657	0
642	630	662	657	713	0
630	662	657	713	906	0
662	657	713	906	930	0
657	713	906	930	790	0
713	906	930	790	412	0
906	930	790	412	1211	0
930	790	412	1211	778	1
790	412	1211	778	782	2
412	1211	778	782	420	0
1211	778	782	420	1140	0
778	782	420	1140	728	1
782	420	1140	728	669	2
420	1140	728	669	424	0
1140	728	669	424	1171	0
728	669	424	1171	763	1
669	424	1171	763	448	2
424	1171	763	448	1136	0
1171	763	448	1136	770	1
763	448	1136	770	463	2
448	1136	770	463	1121	0
1136	770	463	1121	786	1
770	463	1121	786	455	2
463	1121	786	455	1097	0
1121	786	455	1097	775	1
786	455	1097	775	774	2
455	1097	775	774	420	0
1097	775	774	420	1160	0
775	774	420	1160	766	1
774	420	1160	766	775	2
420	1160	766	775	420	0
1160	766	775	420	1163	0
766	775	420	1163	747	1
775	420	1163	747	779	2
420	1163	747	779	766	0
1163	747	779	766	782	0
747	779	766	782	813	0
779	766	782	813	417	0
766	782	813	417	1225	0
782	813	417	1225	810	1
813	417	1225	810	790	2
417	1225	810	790	420	0
1225	810	790	420	1202	0
810	790	420	1202	771	1
790	420	1202	771	420	2
420	1202	771	420	1171	0
1202	771	420	1171	479	1
771	420	1171	479	1093	2
420	1171	479	1093	774	1
1171	479	1093	774	767	2
479	1093	774	767	459	0
1093	774	767	459	1105	0
774	767	459	1105	763	1
767	459	1105	763	778	2
459	1105	763	778	770	0
1105	763	778	770	821	0
763	778	770	821	783	0
778	770	821	783	778	0
770	821	783	778	735	0
821	783	778	735	771	0
783	778	735	771	778	0
778	735	771	778	743	0
735	771	778	743	786	0
771	778	743	786	778	0
778	743	786	778	782	0
743	786	778	782	428	0
786	778	782	428	1121	0
778	782	428	1121	739	1
782	428	1121	739	420	2
428	1121	739	420	1000	0
1121	739	420	1000	627	1
739	420	1000	627	607	2
420	1000	627	607	607	0
1000	627	607	607	607	0
627	607	607	607	615	0
607	607	607	615	424	0
607	607	615	424	833	0
607	615	424	833	603	1
615	424	833	603	607	2
424	833	603	607	630	0
833	603	607	630	634	0
603	607	630	634	634	0
607	630	634	634	413	0
630	634	634	413	930	0
634	634	413	930	661	1
634	413	930	661	428	2
413	930	661	428	926	0
930	661	428	926	701	1
661	428	926	701	657	2
428	926	701	657	677	0
926	701	657	677	705	0
701	657	677	705	420	0
657	677	705	420	1144	0
677	705	420	1144	852	1
705	420	1144	852	813	2
420	1144	852	813	767	0
1144	852	813	767	471	0
852	813	767	471	1066	0
813	767	471	1066	762	1
767	471	1066	762	436	2
471	1066	762	436	1094	0
1066	762	436	1094	743	1
762	436	1094	743	665	2
436	1094	743	665	631	0
1094	743	665	631	622	0
743	665	631	622	654	0
665	631	622	654	720	0
631	622	654	720	805	0
622	654	720	805	802	0
654	720	805	802	455	0
720	805	802	455	1097	0
805	802	455	1097	701	1
802	455	1097	701	661	2
455	1097	701	661	634	0
1097	701	661	634	615	0
701	661	634	615	642	0
661	634	615	642	405	0
634	615	642	405	914	0
615	642	405	914	650	1
642	405	914	650	626	2
405	914	650	626	627	0
914	650	626	627	638	0
650	626	627	638	658	0
626	627	638	658	646	0
627	638	658	646	428	0
638	658	646	428	918	0
658	646	428	918	692	1
646	428	918	692	674	2
428	918	692	674	677	0
918	692	674	677	681	0
692	674	677	681	692	0
674	677	681	692	455	0
677	681	692	455	942	0
681	692	455	942	700	1
692	455	942	700	444	2
455	942	700	444	930	0
942	700	444	930	677	1
700	444	930	677	658	2
444	930	677	658	657	0
930	677	658	657	666	0
677	658	657	666	708	0
658	657	666	708	451	0
657	666	708	451	1012	0
666	708	451	1012	665	1
708	451	1012	665	631	2
451	1012	665	631	614	0
1012	665	631	614	603	0
665	631	614	603	604	0
631	614	603	604	614	0
614	603	604	614	421	0
603	604	614	421	824	0
604	614	421	824	619	1
614	421	824	619	603	2
421	824	619	603	413	0
824	619	603	413	852	0
619	603	413	852	650	1
603	413	852	650	424	2
413	852	650	424	860	0
852	650	424	860	634	1
650	424	860	634	432	2
424	860	634	432	833	0
860	634	432	833	614	1
634	432	833	614	436	2
432	833	614	436	821	0
833	614	436	821	611	1
614	436	821	611	611	2
436	821	611	611	611	0
821	611	611	611	626	0
611	611	611	626	518	0
611	611	626	518	762	0
611	626	518	762	604	1
626	518	762	604	618	2
518	762	604	618	611	0
762	604	618	611	611	0
604	618	611	611	626	0
618	611	611	626	646	0
611	611	626	646	654	0
611	626	646	654	646	0
626	646	654	646	654	0
646	654	646	654	653	0
654	646	654	653	654	0
646	654	653	654	665	0
654	653	654	665	681	0
653	654	665	681	658	0
654	665	681	658	626	0
665	681	658	626	631	0
681	658	626	631	618	0
658	626	631	618	417	0
626	631	618	417	875	0
631	618	417	875	673	1
618	417	875	673	642	2
417	875	673	642	635	0
875	673	642	635	634	0
673	642	635	634	646	0
642	635	634	646	677	0
635	634	646	677	412	0
634	646	677	412	1000	0
646	677	412	1000	716	1
677	412	1000	716	421	2
412	1000	716	421	965	0
1000	716	421	965	715	1
716	421	965	715	658	2
421	965	715	658	669	0
965	715	658	669	716	0
715	658	669	716	798	0
658	669	716	798	891	0
669	716	798	891	786	0
716	798	891	786	782	0
798	891	786	782	798	0
891	786	782	798	774	0
786	782	798	774	794	0
782	798	774	794	797	0
798	774	794	797	775	0
774	794	797	775	774	0
794	797	775	774	416	0
797	775	774	416	1172	0
775	774	416	1172	755	1
774	416	1172	755	782	2
416	1172	755	782	509	0
1172	755	782	509	950	0
755	782	509	950	747	1
782	509	950	747	727	2
509	950	747	727	436	0
950	747	727	436	1101	0
747	727	436	1101	736	1
727	436	1101	736	424	2
436	1101	736	424	957	0
1101	736	424	957	634	1
736	424	957	634	623	2
424	957	634	623	412	0
957	634	623	412	911	0
634	623	412	911	704	1
623	412	911	704	658	2
412	911	704	658	408	0
911	704	658	408	926	0
704	658	408	926	685	1
658	408	926	685	654	2
408	926	685	654	409	0
926	685	654	409	914	0
685	654	409	914	665	1
654	409	914	665	642	2
409	914	665	642	428	0
914	665	642	428	860	0
665	642	428	860	642	1
642	428	860	642	638	2
428	860	642	638	662	0
860	642	638	662	657	0
642	638	662	657	662	0
638	662	657	662	704	0
662	657	662	704	420	0
657	662	704	420	1144	0
662	704	420	1144	783	1
704	420	1144	783	420	2
420	1144	783	420	1031	0
1144	783	420	1031	677	1
783	420	1031	677	650	2
420	1031	677	650	657	0
1031	677	650	657	670	0
677	650	657	670	669	0
650	657	670	669	669	0
657	670	669	669	397	0
670	669	669	397	876	0
669	669	397	876	630	1
669	397	876	630	603	2
397	876	630	603	615	0
876	630	603	615	603	0
630	603	615	603	603	0
603	615	603	603	607	0
615	603	603	607	603	0
603	603	607	603	599	0
603	607	603	599	592	0
607	603	599	592	591	0
603	599	592	591	584	0
599	592	591	584	432	0
592	591	584	432	747	0
591	584	432	747	587	1
584	432	747	587	584	2
432	747	587	584	662	0
747	587	584	662	680	0
587	584	662	680	763	0
584	662	680	763	809	0
662	680	763	809	413	0
680	763	809	413	514	0
763	809	413	514	719	1
809	413	514	719	794	2
413	514	719	794	436	0
514	719	794	436	533	0
719	794	436	533	704	1
794	436	533	704	677	2
436	533	704	677	424	0
533	704	677	424	923	0
704	677	424	923	646	1
677	424	923	646	416	2
424	923	646	416	868	0
923	646	416	868	607	1
646	416	868	607	599	2
416	868	607	599	611	0
868	607	599	611	560	0
607	599	611	560	580	0
599	611	560	580	583	0
611	560	580	583	572	0
560	580	583	572	569	0
580	583	572	569	568	0
583	572	569	568	568	0
572	569	568	568	432	0
569	568	568	432	704	0
568	568	432	704	560	1
568	432	704	560	553	2
432	704	560	553	544	0
704	560	553	544	553	0
560	553	544	553	545	0
553	544	553	545	529	0
544	553	545	529	420	0
553	545	529	420	662	0
545	529	420	662	529	1
529	420	662	529	420	2
420	662	529	420	654	0
662	529	420	654	529	1
529	420	654	529	405	2
420	654	529	405	673	0
654	529	405	673	545	1
529	405	673	545	420	2
405	673	545	420	677	0
673	545	420	677	541	1
545	420	677	541	424	2
420	677	541	424	700	0
677	541	424	700	564	1
541	424	700	564	424	2
424	700	564	424	681	0
700	564	424	681	561	1
564	424	681	561	572	2
424	681	561	572	587	0
681	561	572	587	592	0
561	572	587	592	432	0
572	587	592	432	731	0
587	592	432	731	584	1
592	432	731	584	420	2
432	731	584	420	735	0
731	584	420	735	569	1
584	420	735	569	412	2
420	735	569	412	759	0
735	569	412	759	572	1
569	412	759	572	424	2
412	759	572	424	727	0
759	572	424	727	569	1
572	424	727	569	420	2
424	727	569	420	700	0
727	569	420	700	557	1
569	420	700	557	572	2
420	700	557	572	572	0
700	557	572	572	564	0
557	572	572	564	572	0
572	572	564	572	576	0
572	564	572	576	397	0
564	572	576	397	797	0
572	576	397	797	607	1
576	397	797	607	588	2
397	797	607	588	587	0
797	607	588	587	584	0
607	588	587	584	556	0
588	587	584	556	405	0
587	584	556	405	751	0
584	556	405	751	576	1
556	405	751	576	556	2
405	751	576	556	561	0
751	576	556	561	397	0
576	556	561	397	708	0
556	561	397	708	568	1
561	397	708	568	552	2
397	708	568	552	549	0
708	568	552	549	564	0
568	552	549	564	405	0
552	549	564	405	720	0
549	564	405	720	564	1
564	405	720	564	564	2
405	720	564	564	413	0
720	564	564	413	715	0
564	564	413	715	557	1
564	413	715	557	560	2
413	715	557	560	557	0
715	557	560	557	404	0
557	560	557	404	743	0
560	557	404	743	565	1
557	404	743	565	556	2
404	743	565	556	401	0
743	565	556	401	731	0
565	556	401	731	448	1
556	401	731	448	669	2
401	731	448	669	549	1
731	448	669	549	552	2
448	669	549	552	549	0
669	549	552	549	405	0
549	552	549	405	712	0
552	549	405	712	548	1
549	405	712	548	572	2
405	712	548	572	428	0
712	548	572	428	736	0
548	572	428	736	599	1
572	428	736	599	587	2
428	736	599	587	596	0
736	599	587	596	576	0
599	587	596	576	576	0
587	596	576	576	579	0
596	576	576	579	572	0
576	576	579	572	568	0
576	579	572	568	584	0
579	572	568	584	580	0
572	568	584	580	576	0
568	584	580	576	576	0
584	580	576	576	572	0
580	576	576	572	400	0
576	576	572	400	755	0
576	572	400	755	572	1
572	400	755	572	568	2
400	755	572	568	557	0
755	572	568	557	397	0
572	568	557	397	727	0
568	557	397	727	557	1
557	397	727	557	470	2
397	727	557	470	635	0
727	557	470	635	544	1
557	470	635	544	549	2
470	635	544	549	420	0
635	544	549	420	685	0
544	549	420	685	537	1
549	420	685	537	545	2
420	685	537	545	541	0
685	537	545	541	537	0
537	545	541	537	537	0
545	541	537	537	548	0
541	537	537	548	545	0
537	537	548	545	389	0
537	548	545	389	716	0
548	545	389	716	545	1
545	389	716	545	548	2
389	716	545	548	541	0
716	545	548	541	541	0
545	548	541	541	537	0
548	541	541	537	537	0
541	541	537	537	537	0
541	537	537	537	537	0
537	537	537	537	537	0
537	537	537	537	393	0
537	537	537	393	665	0
537	537	393	665	530	1
537	393	665	530	525	2
393	665	530	525	525	0
665	530	525	525	522	0
530	525	525	522	389	0
525	525	522	389	646	0
525	522	389	646	509	1
522	389	646	509	526	2
389	646	509	526	505	0
646	509	526	505	514	0
509	526	505	514	514	0
526	505	514	514	509	0
505	514	514	509	518	0
514	514	509	518	514	0
514	509	518	514	385	0
509	518	514	385	638	0
518	514	385	638	510	1
514	385	638	510	509	2
385	638	510	509	510	0
638	510	509	510	393	0
510	509	510	393	615	0
509	510	393	615	506	1
510	393	615	506	498	2
393	615	506	498	509	0
615	506	498	509	397	0
506	498	509	397	600	0
498	509	397	600	494	1
509	397	600	494	494	2
397	600	494	494	498	0
600	494	494	498	381	0
494	494	498	381	599	0
494	498	381	599	483	1
498	381	599	483	494	2
381	599	483	494	487	0
599	483	494	487	412	0
483	494	487	412	545	0
494	487	412	545	471	1
487	412	545	471	482	2
412	545	471	482	393	0
545	471	482	393	549	0
471	482	393	549	455	1
482	393	549	455	475	2
393	549	455	475	385	0
549	455	475	385	541	0
455	475	385	541	451	1
475	385	541	451	467	2
385	541	451	467	385	0
541	451	467	385	525	0
451	467	385	525	444	1
467	385	525	444	459	2
385	525	444	459	385	0
525	444	459	385	518	0
444	459	385	518	436	1
459	385	518	436	447	2
385	518	436	447	444	0
518	436	447	444	443	0
436	447	444	443	401	0
447	444	443	401	479	0
444	443	401	479	428	1
443	401	479	428	393	2
401	479	428	393	482	0
479	428	393	482	420	1
428	393	482	420	393	2
393	482	420	393	467	0
482	420	393	467	421	1
420	393	467	421	389	2
393	467	421	389	459	0
467	421	389	459	412	1
421	389	459	412	424	2
389	459	412	424	409	0
459	412	424	409	428	0
412	424	409	428	412	0
424	409	428	412	413	0
409	428	412	413	381	0
428	412	413	381	448	0
412	413	381	448	397	1
413	381	448	397	416	2
381	448	397	416	401	0
448	397	416	401	389	0
397	416	401	389	420	0
416	401	389	420	405	1
401	389	420	405	385	2
389	420	405	385	416	0
420	405	385	416	401	1
405	385	416	401	381	2
385	416	401	381	421	0
416	401	381	421	389	1
401	381	421	389	408	2
381	421	389	408	389	0
421	389	408	389	409	0
389	408	389	409	393	0
408	389	409	393	385	0
389	409	393	385	417	0
409	393	385	417	396	1
393	385	417	396	393	2
385	417	396	393	401	0
417	396	393	401	401	0
396	393	401	401	397	0
393	401	401	397	393	0
401	401	397	393	412	0
401	397	393	412	393	1
397	393	412	393	393	2
393	412	393	393	405	0
412	393	393	405	393	1
393	393	405	393	397	2
393	405	393	397	381	0
405	393	397	381	420	0
393	397	381	420	389	1
397	381	420	389	382	2
381	420	389	382	424	0
420	389	382	424	401	1
389	382	424	401	385	2
382	424	401	385	416	0
424	401	385	416	393	1
401	385	416	393	389	2
385	416	393	389	421	0
416	393	389	421	389	1
393	389	421	389	408	2
389	421	389	408	397	0
421	389	408	397	405	0
389	408	397	405	401	0
408	397	405	401	393	0
397	405	401	393	412	0
405	401	393	412	401	1
401	393	412	401	385	2
393	412	401	385	420	0
412	401	385	420	401	1
401	385	420	401	381	2
385	420	401	381	413	0
420	401	381	413	401	1
401	381	413	401	393	2
381	413	401	393	396	0
413	401	393	396	401	0
401	393	396	401	393	0
393	396	401	393	393	0
396	401	393	393	405	0
401	393	393	405	389	0
393	393	405	389	397	0
393	405	389	397	393	0
405	389	397	393	397	0
389	397	393	397	369	0
397	393	397	369	428	0
393	397	369	428	397	1
397	369	428	397	393	2
369	428	397	393	397	0
428	397	393	397	393	0
397	393	397	393	393	0
393	397	393	393	397	0
397	393	393	397	366	0
393	393	397	366	428	0
393	397	366	428	393	1
397	366	428	393	377	2
366	428	393	377	413	0
428	393	377	413	389	1
393	377	413	389	385	2
377	413	389	385	393	0
413	389	385	393	381	1
389	385	393	381	390	2
385	393	381	390	389	0
393	381	390	389	385	0
381	390	389	385	385	0
390	389	385	385	385	0
389	385	385	385	385	0
385	385	385	385	390	0
385	385	385	390	381	0
385	385	390	381	389	0
385	390	381	389	381	0
390	381	389	381	366	0
381	389	381	366	413	0
389	381	366	413	385	1
381	366	413	385	377	2
366	413	385	377	397	0
413	385	377	397	385	0
385	377	397	385	378	0
377	397	385	378	400	0
397	385	378	400	390	1
385	378	400	390	381	2
378	400	390	381	397	0
400	390	381	397	385	0
390	381	397	385	374	0
381	397	385	374	404	0
397	385	374	404	385	1
385	374	404	385	370	2
374	404	385	370	401	0
404	385	370	401	385	1
385	370	401	385	378	2
370	401	385	378	404	0
401	385	378	404	385	1
385	378	404	385	374	2
378	404	385	374	416	0
404	385	374	416	386	0
385	374	416	386	373	0
374	416	386	373	409	0
416	386	373	409	389	1
386	373	409	389	381	2
373	409	389	381	405	0
409	389	381	405	393	1
389	381	405	393	381	2
381	405	393	381	416	0
405	393	381	416	393	1
393	381	416	393	370	2
381	416	393	370	424	0
416	393	370	424	393	1
393	370	424	393	389	2
370	424	393	389	417	0
424	393	389	417	393	1
393	389	417	393	404	2
389	417	393	404	362	0
417	393	404	362	444	0
393	404	362	444	397	1
404	362	444	397	381	2
362	444	397	381	436	0
444	397	381	436	400	1
397	381	436	400	374	2
381	436	400	374	444	0
436	400	374	444	393	1
400	374	444	393	424	2
374	444	393	424	365	0
444	393	424	365	456	0
393	424	365	456	404	1
424	365	456	404	413	2
365	456	404	413	370	0
456	404	413	370	455	0
404	413	370	455	393	1
413	370	455	393	412	2
370	455	393	412	401	0
455	393	412	401	424	0
393	412	401	424	405	0
412	401	424	405	412	0
401	424	405	412	370	0
424	405	412	370	455	0
405	412	370	455	405	1
412	370	455	405	420	2
370	455	405	420	370	0
455	405	420	370	467	0
405	420	370	467	400	1
420	370	467	400	436	2
370	467	400	436	358	0
467	400	436	358	471	0
400	436	358	471	409	1
436	358	471	409	428	2
358	471	409	428	373	0
471	409	428	373	483	0
409	428	373	483	416	1
428	373	483	416	385	2
373	483	416	385	475	0
483	416	385	475	416	1
416	385	475	416	428	2
385	475	416	428	385	0
475	416	428	385	491	0
416	428	385	491	424	1
428	385	491	424	440	2
385	491	424	440	439	0
491	424	440	439	440	0
424	440	439	440	443	0
440	439	440	443	382	0
439	440	443	382	498	0
440	443	382	498	436	1
443	382	498	436	439	2
382	498	436	439	440	0
498	436	439	440	440	0
436	439	440	440	389	0
439	440	440	389	502	0
440	440	389	502	432	1
440	389	502	432	447	2
389	502	432	447	448	0
502	432	447	448	373	0
432	447	448	373	518	0
447	448	373	518	443	1
448	373	518	443	448	2
373	518	443	448	389	0
518	443	448	389	517	0
443	448	389	517	444	1
448	389	517	444	459	2
389	517	444	459	459	0
517	444	459	459	463	0
444	459	459	463	378	0
459	459	463	378	544	0
459	463	378	544	463	1
463	378	544	463	467	2
378	544	463	467	467	0
544	463	467	467	475	0
463	467	467	475	451	0
467	467	475	451	491	0
467	475	451	491	463	1
475	451	491	463	482	2
451	491	463	482	463	0
491	463	482	463	483	0
463	482	463	483	381	0
482	463	483	381	556	0
463	483	381	556	467	1
483	381	556	467	475	2
381	556	467	475	479	0
556	467	475	479	467	0
467	475	479	467	377	0
475	479	467	377	568	0
479	467	377	568	366	1
467	377	568	366	564	2
377	568	366	564	463	1
568	366	564	463	385	2
366	564	463	385	530	0
564	463	385	530	443	1
463	385	530	443	463	2
385	530	443	463	463	0
530	443	463	463	475	0
443	463	463	475	389	0
463	463	475	389	552	0
463	475	389	552	464	1
475	389	552	464	470	2
389	552	464	470	479	0
552	464	470	479	490	0
464	470	479	490	490	0
470	479	490	490	366	0
479	490	490	366	634	0
490	490	366	634	502	1
490	366	634	502	495	2
366	634	502	495	509	0
634	502	495	509	417	0
502	495	509	417	607	0
495	509	417	607	521	1
509	417	607	521	521	2
417	607	521	521	534	0
607	521	521	534	517	0
521	521	534	517	533	0
521	534	517	533	374	0
534	517	533	374	684	0
517	533	374	684	537	1
533	374	684	537	510	2
374	684	537	510	522	0
684	537	510	522	408	0
537	510	522	408	436	0
510	522	408	436	342	1
522	408	436	342	370	2
408	436	342	370	483	1
436	342	370	483	404	2
342	370	483	404	568	0
370	483	404	568	545	1
483	404	568	545	502	2
404	568	545	502	370	0
568	545	502	370	634	0
545	502	370	634	502	1
502	370	634	502	494	2
370	634	502	494	506	0
634	502	494	506	513	0
502	494	506	513	366	0
494	506	513	366	673	0
506	513	366	673	530	1
513	366	673	530	517	2
366	673	530	517	529	0
673	530	517	529	545	0
530	517	529	545	572	0
517	529	545	572	545	0
529	545	572	545	560	0
545	572	545	560	564	0
572	545	560	564	549	0
545	560	564	549	548	0
560	564	549	548	553	0
564	549	548	553	549	0
549	548	553	549	552	0
548	553	549	552	560	0
553	549	552	560	557	0
549	552	560	557	560	0
552	560	557	560	588	0
560	557	560	588	576	0
557	560	588	576	568	0
560	588	576	568	583	0
588	576	568	583	588	0
576	568	583	588	584	0
568	583	588	584	560	0
583	588	584	560	556	0
588	584	560	556	537	0
584	560	556	537	541	0
560	556	537	541	549	0
556	537	541	549	408	0
537	541	549	408	487	0
541	549	408	487	393	1
549	408	487	393	478	2
408	487	393	478	386	1
487	393	478	386	599	2
393	478	386	599	517	1
478	386	599	517	514	2
386	599	517	514	513	0
599	517	514	513	409	0
517	514	513	409	630	0
514	513	409	630	502	1
513	409	630	502	530	2
409	630	502	530	537	0
630	502	530	537	404	0
502	530	537	404	689	0
530	537	404	689	545	1
537	404	689	545	556	2
404	689	545	556	420	0
689	545	556	420	444	0
545	556	420	444	805	1
556	420	444	805	557	2
420	444	805	557	544	0
444	805	557	544	545	0
805	557	544	545	553	0
557	544	545	553	564	0
544	545	553	564	401	0
545	553	564	401	459	0
553	564	401	459	342	1
564	401	459	342	557	2
401	459	342	557	517	1
459	342	557	517	545	2
342	557	517	545	545	0
557	517	545	545	548	0
517	545	545	548	561	0
545	545	548	561	568	0
545	548	561	568	568	0
548	561	568	568	572	0
561	568	568	572	595	0
568	568	572	595	603	0
568	572	595	603	603	0
572	595	603	603	607	0
595	603	603	607	619	0
603	603	607	619	607	0
603	607	619	607	638	0
607	619	607	638	397	0
619	607	638	397	833	0
607	638	397	833	587	1
638	397	833	587	572	2
397	833	587	572	561	0
833	587	572	561	556	0
587	572	561	556	564	0
572	561	556	564	572	0
561	556	564	572	576	0
556	564	572	576	599	0
564	572	576	599	588	0
572	576	599	588	560	0
576	599	588	560	572	0
599	588	560	572	584	0
588	560	572	584	576	0
560	572	584	576	404	0
572	584	576	404	705	0
584	576	404	705	443	1
576	404	705	443	654	2
404	705	443	654	537	1
705	443	654	537	533	2
443	654	537	533	545	0
654	537	533	545	552	0
537	533	545	552	557	0
533	545	552	557	564	0
545	552	557	564	572	0
552	557	564	572	595	0
557	564	572	595	397	0
564	572	595	397	829	0
572	595	397	829	584	1
595	397	829	584	572	2
397	829	584	572	568	0
829	584	572	568	428	0
584	572	568	428	712	0
572	568	428	712	568	1
568	428	712	568	556	2
428	712	568	556	564	0
712	568	556	564	576	0
568	556	564	576	580	0
556	564	576	580	576	0
564	576	580	576	580	0
576	580	576	580	583	0
580	576	580	583	580	0
576	580	583	580	580	0
580	583	580	580	595	0
583	580	580	595	592	0
580	580	595	592	591	0
580	595	592	591	393	0
595	592	591	393	825	0
592	591	393	825	572	1
591	393	825	572	564	2
393	825	572	564	560	0
825	572	564	560	557	0
572	564	560	557	568	0
564	560	557	568	556	0
560	557	568	556	572	0
557	568	556	572	584	0
568	556	572	584	595	0
556	572	584	595	592	0
572	584	595	592	630	0
584	595	592	630	638	0
595	592	630	638	619	0
592	630	638	619	611	0
630	638	619	611	638	0
638	619	611	638	630	0
619	611	638	630	456	0
611	638	630	456	762	0
638	630	456	762	596	1
630	456	762	596	591	2
456	762	596	591	580	0
762	596	591	580	424	0
596	591	580	424	743	0
591	580	424	743	580	1
580	424	743	580	576	2
424	743	580	576	564	0
743	580	576	564	568	0
580	576	564	568	401	0
576	564	568	401	790	0
564	568	401	790	572	1
568	401	790	572	579	2
401	790	572	579	580	0
790	572	579	580	592	0
572	579	580	592	607	0
579	580	592	607	626	0
580	592	607	626	615	0
592	607	626	615	638	0
607	626	615	638	627	0
626	615	638	627	618	0
615	638	627	618	603	0
638	627	618	603	615	0
627	618	603	615	611	0
618	603	615	611	603	0
603	615	611	603	599	0
615	611	603	599	611	0
611	603	599	611	607	0
603	599	611	607	397	0
599	611	607	397	841	0
611	607	397	841	455	1
607	397	841	455	704	2
397	841	455	704	592	1
841	455	704	592	564	2
455	704	592	564	564	0
704	592	564	564	568	0
592	564	564	568	564	0
564	564	568	564	572	0
564	568	564	572	588	0
568	564	572	588	595	0
564	572	588	595	599	0
572	588	595	599	603	0
588	595	599	603	413	0
595	599	603	413	848	0
599	603	413	848	436	1
603	413	848	436	747	2
413	848	436	747	595	1
848	436	747	595	584	2
436	747	595	584	409	0
747	595	584	409	774	0
595	584	409	774	580	1
584	409	774	580	583	2
409	774	580	583	588	0
774	580	583	588	603	0
580	583	588	603	626	0
583	588	603	626	654	0
588	603	626	654	634	0
603	626	654	634	674	0
626	654	634	674	727	0
654	634	674	727	708	0
634	674	727	708	720	0
674	727	708	720	658	0
727	708	720	658	638	0
708	720	658	638	630	0
720	658	638	630	619	0
658	638	630	619	630	0
638	630	619	630	623	0
630	619	630	623	405	0
619	630	623	405	863	0
630	623	405	863	603	1
623	405	863	603	600	2
405	863	603	600	595	0
863	603	600	595	599	0
603	600	595	599	607	0
600	595	599	607	607	0
595	599	607	607	599	0
599	607	607	599	619	0
607	607	599	619	413	0
607	599	619	413	879	0
599	619	413	879	623	1
619	413	879	623	610	2
413	879	623	610	619	0
879	623	610	619	619	0
623	610	619	619	432	0
610	619	619	432	813	0
619	619	432	813	591	1
619	432	813	591	592	2
432	813	591	592	595	0
813	591	592	595	595	0
591	592	595	595	401	0
592	595	595	401	829	0
595	595	401	829	588	1
595	401	829	588	587	2
401	829	588	587	603	0
829	588	587	603	596	0
588	587	603	596	614	0
587	603	596	614	631	0
603	596	614	631	661	0
596	614	631	661	669	0
614	631	661	669	463	0
631	661	669	463	969	0
661	669	463	969	794	1
669	463	969	794	693	2
463	969	794	693	626	0
969	794	693	626	436	0
794	693	626	436	875	0
693	626	436	875	607	1
626	436	875	607	615	2
436	875	607	615	623	0
875	607	615	623	654	0
607	615	623	654	645	0
615	623	654	645	705	0
623	654	645	705	1097	0
654	645	705	1097	872	0
645	705	1097	872	400	0
705	1097	872	400	526	0
1097	872	400	526	766	1
872	400	526	766	825	2
400	526	766	825	825	0
526	766	825	825	424	0
766	825	825	424	502	0
825	825	424	502	724	1
825	424	502	724	813	2
424	502	724	813	813	0
502	724	813	813	440	0
724	813	813	440	1183	0
813	813	440	1183	786	1
813	440	1183	786	774	2
440	1183	786	774	771	0
1183	786	774	771	782	0
786	774	771	782	793	0
774	771	782	793	814	0
771	782	793	814	825	0
782	793	814	825	844	0
793	814	825	844	440	0
814	825	844	440	513	0
825	844	440	513	740	1
844	440	513	740	836	2
440	513	740	836	837	0
513	740	836	837	832	0
740	836	837	832	825	0
836	837	832	825	829	0
837	832	825	829	821	0
832	825	829	821	416	0
825	829	821	416	502	0
829	821	416	502	720	1
821	416	502	720	794	2
416	502	720	794	798	0
502	720	794	798	805	0
720	794	798	805	813	0
794	798	805	813	802	0
798	805	813	802	805	0
805	813	802	805	806	0
813	802	805	806	412	0
802	805	806	412	502	0
805	806	412	502	712	1
806	412	502	712	798	2
412	502	712	798	794	0
502	712	798	794	793	0
712	798	794	793	405	0
798	794	793	405	502	0
794	793	405	502	712	1
793	405	502	712	782	2
405	502	712	782	794	0
502	712	782	794	805	0
712	782	794	805	790	0
782	794	805	790	802	0
794	805	790	802	801	0
805	790	802	801	806	0
790	802	801	806	801	0
802	801	806	801	794	0
801	806	801	794	798	0
806	801	794	798	774	0
801	794	798	774	782	0
794	798	774	782	790	0
798	774	782	790	786	0
774	782	790	786	786	0
782	790	786	786	794	0
790	786	786	794	794	0
786	786	794	794	793	0
786	794	794	793	786	0
794	794	793	786	771	0
794	793	786	771	420	0
793	786	771	420	1113	0
786	771	420	1113	638	1
771	420	1113	638	603	2
420	1113	638	603	417	0
1113	638	603	417	832	1
638	603	417	832	596	2
603	417	832	596	634	0
417	832	596	634	642	0
832	596	634	642	689	0
596	634	642	689	758	0
634	642	689	758	825	0
642	689	758	825	891	0
689	758	825	891	421	0
758	825	891	421	587	0
825	891	421	587	806	1
891	421	587	806	840	2
421	587	806	840	829	0
587	806	840	829	412	0
806	840	829	412	510	0
840	829	412	510	677	1
829	412	510	677	794	2
412	510	677	794	797	0
510	677	794	797	821	0
677	794	797	821	755	0
794	797	821	755	810	0
797	821	755	810	809	0
821	755	810	809	747	0
755	810	809	747	420	0
810	809	747	420	572	0
809	747	420	572	537	1
747	420	572	537	712	2
420	572	537	712	716	1
572	537	712	716	712	2
537	712	716	712	417	0
712	716	712	417	953	0
716	712	417	953	654	1
712	417	953	654	646	2
417	953	654	646	649	0
953	654	646	649	662	0
654	646	649	662	677	0
646	649	662	677	681	0
649	662	677	681	700	0
662	677	681	700	705	0
677	681	700	705	665	0
681	700	705	665	696	0
700	705	665	696	405	0
705	665	696	405	949	0
665	696	405	949	662	1
696	405	949	662	642	2
405	949	662	642	654	0
949	662	642	654	649	0
662	642	654	649	666	0
642	654	649	666	700	0
654	649	666	700	740	0
649	666	700	740	789	0
666	700	740	789	463	0
700	740	789	463	615	0
740	789	463	615	821	1
789	463	615	821	852	2
463	615	821	852	829	0
615	821	852	829	810	0
821	852	829	810	809	0
852	829	810	809	790	0
829	810	809	790	797	0
810	809	790	797	794	0
809	790	797	794	790	0
790	797	794	790	798	0
797	794	790	798	805	0
794	790	798	805	806	0
790	798	805	806	813	0
798	805	806	813	813	0
805	806	813	813	821	0
806	813	813	821	806	0
813	813	821	806	813	0
813	821	806	813	809	0
821	806	813	809	806	0
806	813	809	806	805	0
813	809	806	805	805	0
809	806	805	805	794	0
806	805	805	794	810	0
805	805	794	810	813	0
805	794	810	813	809	0
794	810	813	809	813	0
810	813	809	813	806	0
813	809	813	806	817	0
809	813	806	817	813	0
813	806	817	813	813	0
806	817	813	813	802	0
817	813	813	802	813	0
813	813	802	813	806	0
813	802	813	806	805	0
802	813	806	805	813	0
813	806	805	813	806	0
806	805	813	806	801	0
805	813	806	801	440	0
813	806	801	440	502	0
806	801	440	502	669	1
801	440	502	669	751	2
440	502	669	751	669	0
502	669	751	669	646	0
669	751	669	646	642	0
751	669	646	642	639	0
669	646	642	639	657	0
646	642	639	657	420	0
642	639	657	420	919	0
639	657	420	919	661	1
657	420	919	661	650	2
420	919	661	650	654	0
919	661	650	654	657	0
661	650	654	657	650	0
650	654	657	650	665	0
654	657	650	665	666	0
657	650	665	666	677	0
650	665	666	677	673	0
665	666	677	673	681	0
666	677	673	681	681	0
677	673	681	681	692	0
673	681	681	692	685	0
681	681	692	685	452	0
681	692	685	452	930	0
692	685	452	930	673	1
685	452	930	673	653	2
452	930	673	653	413	0
930	673	653	413	903	0
673	653	413	903	642	1
653	413	903	642	463	2
413	903	642	463	836	0
903	642	463	836	627	1
642	463	836	627	649	2
463	836	627	649	658	0
836	627	649	658	677	0
627	649	658	677	720	0
649	658	677	720	875	0
658	677	720	875	1039	0
677	720	875	1039	860	0
720	875	1039	860	837	0
875	1039	860	837	836	0
1039	860	837	836	417	0
860	837	836	417	509	0
837	836	417	509	751	1
836	417	509	751	814	2
417	509	751	814	435	0
509	751	814	435	1203	0
751	814	435	1203	801	1
814	435	1203	801	775	2
435	1203	801	775	786	0
1203	801	775	786	782	0
801	775	786	782	774	0
775	786	782	774	782	0
786	782	774	782	794	0
782	774	782	794	809	0
774	782	794	809	817	0
782	794	809	817	814	0
794	809	817	814	821	0
809	817	814	821	813	0
817	814	821	813	809	0
814	821	813	809	806	0
821	813	809	806	809	0
813	809	806	809	786	0
809	806	809	786	416	0
806	809	786	416	1168	0
809	786	416	1168	673	1
786	416	1168	673	630	2
416	1168	673	630	424	0
1168	673	630	424	849	0
673	630	424	849	622	1
630	424	849	622	623	2
424	849	622	623	630	0
849	622	623	630	428	0
622	623	630	428	860	0
623	630	428	860	634	1
630	428	860	634	642	2
428	860	634	642	662	0
860	634	642	662	408	0
634	642	662	408	957	0
642	662	408	957	693	1
662	408	957	693	669	2
408	957	693	669	677	0
957	693	669	677	421	0
693	669	677	421	969	0
669	677	421	969	684	1
677	421	969	684	658	2
421	969	684	658	673	0
969	684	658	673	681	0
684	658	673	681	697	0
658	673	681	697	704	0
673	681	697	704	743	0
681	697	704	743	856	0
697	704	743	856	412	0
704	743	856	412	619	0
743	856	412	619	813	1
856	412	619	813	817	2
412	619	813	817	821	0
619	813	817	821	413	0
813	817	821	413	514	0
817	821	413	514	727	1
821	413	514	727	790	2
413	514	727	790	802	0
514	727	790	802	797	0
727	790	802	797	790	0
790	802	797	790	794	0
802	797	790	794	798	0
797	790	794	798	782	0
790	794	798	782	797	0
794	798	782	797	794	0
798	782	797	794	778	0
782	797	794	778	798	0
797	794	778	798	798	0
794	778	798	798	786	0
778	798	798	786	801	0
798	798	786	801	802	0
798	786	801	802	786	0
786	801	802	786	797	0
801	802	786	797	798	0
802	786	797	798	794	0
786	797	798	794	786	0
797	798	794	786	801	0
798	794	786	801	786	0
794	786	801	786	798	0
786	801	786	798	806	0
801	786	798	806	786	0
786	798	806	786	786	0
798	806	786	786	797	0
806	786	786	797	790	0
786	786	797	790	790	0
786	797	790	790	794	0
797	790	790	794	794	0
790	790	794	794	782	0
790	794	794	782	790	0
794	794	782	790	785	0
794	782	790	785	775	0
782	790	785	775	782	0
790	785	775	782	424	0
785	775	782	424	490	0
775	782	424	490	662	1
782	424	490	662	770	2
424	490	662	770	767	0
490	662	770	767	762	0
662	770	767	762	767	0
770	767	762	767	770	0
767	762	767	770	775	0
762	767	770	775	778	0
767	770	775	778	778	0
770	775	778	778	448	0
775	778	778	448	1116	0
778	778	448	1116	779	1
778	448	1116	779	766	2
448	1116	779	766	763	0
1116	779	766	763	743	0
779	766	763	743	689	0
766	763	743	689	684	0
763	743	689	684	685	0
743	689	684	685	701	0
689	684	685	701	716	0
684	685	701	716	727	0
685	701	716	727	743	0
701	716	727	743	744	0
716	727	743	744	424	0
727	743	744	424	992	0
743	744	424	992	708	1
744	424	992	708	677	2
424	992	708	677	669	0
992	708	677	669	677	0
708	677	669	677	666	0
677	669	677	666	665	0
669	677	666	665	673	0
677	666	665	673	674	0
666	665	673	674	680	0
665	673	674	680	685	0
673	674	680	685	685	0
674	680	685	685	697	0
680	685	685	697	704	0
685	685	697	704	696	0
685	697	704	696	697	0
697	704	696	697	704	0
704	696	697	704	708	0
696	697	704	708	697	0
697	704	708	697	689	0
704	708	697	689	696	0
708	697	689	696	685	0
697	689	696	685	408	0
689	696	685	408	926	0
696	685	408	926	674	1
685	408	926	674	657	2
408	926	674	657	658	0
926	674	657	658	661	0
674	657	658	661	670	0
657	658	661	670	673	0
658	661	670	673	420	0
661	670	673	420	969	0
670	673	420	969	704	1
673	420	969	704	677	2
420	969	704	677	479	0
969	704	677	479	899	0
704	677	479	899	681	1
677	479	899	681	661	2
479	899	681	661	677	0
899	681	661	677	697	0
681	661	677	697	719	0
661	677	697	719	744	0
677	697	719	744	1007	0
697	719	744	1007	833	0
719	744	1007	833	833	0
744	1007	833	833	825	0
1007	833	833	825	828	0
833	833	825	828	825	0
833	825	828	825	814	0
825	828	825	814	813	0
828	825	814	813	817	0
825	814	813	817	436	0
814	813	817	436	494	0
813	817	436	494	677	1
817	436	494	677	759	2
436	494	677	759	758	0
494	677	759	758	747	0
677	759	758	747	685	0
759	758	747	685	666	0
758	747	685	666	685	0
747	685	666	685	700	0
685	666	685	700	696	0
666	685	700	696	705	0
685	700	696	705	712	0
700	696	705	712	712	0
696	705	712	712	428	0
705	712	712	428	984	0
712	712	428	984	712	1
712	428	984	712	677	2
428	984	712	677	681	0
984	712	677	681	670	0
712	677	681	670	680	0
677	681	670	680	678	0
681	670	680	678	688	0
670	680	678	688	708	0
680	678	688	708	724	0
678	688	708	724	736	0
688	708	724	736	700	0
708	724	736	700	685	0
724	736	700	685	688	0
736	700	685	688	409	0
700	685	688	409	942	0
685	688	409	942	688	1
688	409	942	688	658	2
409	942	688	658	416	0
942	688	658	416	926	0
688	658	416	926	685	1
658	416	926	685	666	2
416	926	685	666	420	0
926	685	666	420	961	0
685	666	420	961	708	1
666	420	961	708	693	2
420	961	708	693	716	0
961	708	693	716	778	0
708	693	716	778	973	0
693	716	778	973	821	0
716	778	973	821	825	0
778	973	821	825	821	0
973	821	825	821	817	0
821	825	821	817	424	0
825	821	817	424	1187	0
821	817	424	1187	801	1
817	424	1187	801	424	2
424	1187	801	424	1175	0
1187	801	424	1175	771	1
801	424	1175	771	770	2
424	1175	771	770	751	0
1175	771	770	751	751	0
771	770	751	751	759	0
770	751	751	759	778	0
751	751	759	778	774	0
751	759	778	774	417	0
759	778	774	417	490	0
778	774	417	490	704	1
774	417	490	704	794	2
417	490	704	794	813	0
490	704	794	813	444	0
704	794	813	444	1187	0
794	813	444	1187	801	1
813	444	1187	801	782	2
444	1187	801	782	790	0
1187	801	782	790	782	0
801	782	790	782	771	0
782	790	782	771	774	0
790	782	771	774	767	0
782	771	774	767	416	0
771	774	767	416	1156	0
774	767	416	1156	778	1
767	416	1156	778	759	2
416	1156	778	759	770	0
1156	778	759	770	763	0
778	759	770	763	432	0
759	770	763	432	1011	0
770	763	432	1011	681	1
763	432	1011	681	658	2
432	1011	681	658	673	0
1011	681	658	673	681	0
681	658	673	681	428	0
658	673	681	428	1004	0
673	681	428	1004	723	1
681	428	1004	723	697	2
428	1004	723	697	712	0
1004	723	697	712	735	0
723	697	712	735	732	0
697	712	735	732	751	0
712	735	732	751	825	0
735	732	751	825	969	0
732	751	825	969	825	0
751	825	969	825	821	0
825	969	825	821	809	0
969	825	821	809	801	0
825	821	809	801	810	0
821	809	801	810	805	0
809	801	810	805	794	0
801	810	805	794	786	0
810	805	794	786	790	0
805	794	786	790	798	0
794	786	790	798	797	0
786	790	798	797	790	0
790	798	797	790	806	0
798	797	790	806	809	0
797	790	806	809	805	0
790	806	809	805	798	0
806	809	805	798	802	0
809	805	798	802	805	0
805	798	802	805	798	0
798	802	805	798	805	0
802	805	798	805	806	0
805	798	805	806	801	0
798	805	806	801	806	0
805	806	801	806	797	0
806	801	806	797	802	0
801	806	797	802	805	0
806	797	802	805	802	0
797	802	805	802	451	0
802	805	802	451	1164	0
805	802	451	1164	782	1
802	451	1164	782	478	2
451	1164	782	478	1090	0
1164	782	478	1090	766	1
782	478	1090	766	424	2
478	1090	766	424	1074	0
1090	766	424	1074	662	1
766	424	1074	662	630	2
424	1074	662	630	638	0
1074	662	630	638	650	0
662	630	638	650	685	0
630	638	650	685	416	0
638	650	685	416	1121	0
650	685	416	1121	864	1
685	416	1121	864	416	2
416	1121	864	416	557	0
1121	864	416	557	774	1
864	416	557	774	813	2
416	557	774	813	424	0
557	774	813	424	526	0
774	813	424	526	704	1
813	424	526	704	805	2
424	526	704	805	444	0
526	704	805	444	1187	0
704	805	444	1187	782	1
805	444	1187	782	793	2
444	1187	782	793	775	0
1187	782	793	775	778	0
782	793	775	778	770	0
793	775	778	770	763	0
775	778	770	763	490	0
778	770	763	490	1039	0
770	763	490	1039	767	1
763	490	1039	767	759	2
490	1039	767	759	743	0
1039	767	759	743	432	0
767	759	743	432	397	0
759	743	432	397	673	1
743	432	397	673	638	2
432	397	673	638	630	0
397	673	638	630	631	0
673	638	630	631	634	0
638	630	631	634	630	0
630	631	634	630	630	0
631	634	630	630	635	0
634	630	630	635	412	0
630	630	635	412	915	0
630	635	412	915	673	1
635	412	915	673	447	2
412	915	673	447	887	0
915	673	447	887	646	1
673	447	887	646	420	2
447	887	646	420	907	0
887	646	420	907	654	1
646	420	907	654	428	2
420	907	654	428	953	0
907	654	428	953	763	1
654	428	953	763	436	2
428	953	763	436	1120	0
953	763	436	1120	817	1
763	436	1120	817	424	2
436	1120	817	424	1055	0
1120	817	424	1055	708	1
817	424	1055	708	420	2
424	1055	708	420	965	0
1055	708	420	965	681	1
708	420	965	681	669	2
420	965	681	669	678	0
965	681	669	678	684	0
681	669	678	684	709	0
669	678	684	709	727	0
678	684	709	727	420	0
684	709	727	420	1175	0
709	727	420	1175	888	1
727	420	1175	888	828	2
420	1175	888	828	783	0
1175	888	828	783	782	0
888	828	783	782	786	0
828	783	782	786	786	0
783	782	786	786	789	0
782	786	786	789	798	0
786	786	789	798	798	0
786	789	798	798	794	0
789	798	798	794	805	0
798	798	794	805	798	0
798	794	805	798	782	0
794	805	798	782	774	0
805	798	782	774	767	0
798	782	774	767	774	0
782	774	767	774	409	0
774	767	774	409	1159	0
767	774	409	1159	774	1
774	409	1159	774	771	2
409	1159	774	771	759	0
1159	774	771	759	770	0
774	771	759	770	786	0
771	759	770	786	798	0
759	770	786	798	809	0
770	786	798	809	809	0
786	798	809	809	821	0
798	809	809	821	806	0
809	809	821	806	813	0
809	821	806	813	825	0
821	806	813	825	817	0
806	813	825	817	821	0
813	825	817	821	817	0
825	817	821	817	813	0
817	821	817	813	794	0
821	817	813	794	806	0
817	813	794	806	797	0
813	794	806	797	786	0
794	806	797	786	798	0
806	797	786	798	805	0
797	786	798	805	798	0
786	798	805	798	794	0
798	805	798	794	794	0
805	798	794	794	801	0
798	794	794	801	802	0
794	794	801	802	797	0
794	801	802	797	802	0
801	802	797	802	790	0
802	797	802	790	790	0
797	802	790	790	782	0
802	790	790	782	451	0
790	790	782	451	1129	0
790	782	451	1129	778	1
782	451	1129	778	451	2
451	1129	778	451	1109	0
1129	778	451	1109	739	1
778	451	1109	739	677	2
451	1109	739	677	685	0
1109	739	677	685	697	0
739	677	685	697	724	0
677	685	697	724	412	0
685	697	724	412	599	0
697	724	412	599	813	1
724	412	599	813	845	2
412	599	813	845	860	0
599	813	845	860	867	0
813	845	860	867	853	0
845	860	867	853	852	0
860	867	853	852	832	0
867	853	852	832	833	0
853	852	832	833	821	0
852	832	833	821	809	0
832	833	821	809	814	0
833	821	809	814	813	0
821	809	814	813	813	0
809	814	813	813	794	0
814	813	813	794	809	0
813	813	794	809	810	0
813	794	809	810	793	0
794	809	810	793	790	0
809	810	793	790	798	0
810	793	790	798	786	0
793	790	798	786	798	0
790	798	786	798	797	0
798	786	798	797	794	0
786	798	797	794	794	0
798	797	794	794	794	0
797	794	794	794	789	0
794	794	794	789	428	0
794	794	789	428	1156	0
794	789	428	1156	782	1
789	428	1156	782	448	2
428	1156	782	448	1101	0
1156	782	448	1101	759	1
782	448	1101	759	447	2
448	1101	759	447	1016	0
1101	759	447	1016	653	1
759	447	1016	653	638	2
447	1016	653	638	720	0
1016	653	638	720	771	1
653	638	720	771	875	2
638	720	771	875	930	0
720	771	875	930	856	0
771	875	930	856	856	0
875	930	856	856	459	0
930	856	856	459	549	0
856	856	459	549	712	1
856	459	549	712	829	2
459	549	712	829	844	0
549	712	829	844	837	0
712	829	844	837	486	0
829	844	837	486	1167	0
844	837	486	1167	810	1
837	486	1167	810	416	2
486	1167	810	416	1183	0
1167	810	416	1183	782	1
810	416	1183	782	767	2
416	1183	782	767	766	0
1183	782	767	766	775	0
782	767	766	775	782	0
767	766	775	782	490	0
766	775	782	490	1093	0
775	782	490	1093	786	1
782	490	1093	786	440	2
490	1093	786	440	1136	0
1093	786	440	1136	782	1
786	440	1136	782	420	2
440	1136	782	420	1141	0
1136	782	420	1141	782	1
782	420	1141	782	412	2
420	1141	782	412	1144	0
1141	782	412	1144	782	1
782	412	1144	782	413	2
412	1144	782	413	1140	0
1144	782	413	1140	755	1
782	413	1140	755	420	2
413	1140	755	420	969	0
1140	755	420	969	673	1
755	420	969	673	673	2
420	969	673	673	700	0
969	673	673	700	747	0
673	673	700	747	868	0
673	700	747	868	942	0
700	747	868	942	825	0
747	868	942	825	805	0
868	942	825	805	825	0
942	825	805	825	825	0
825	805	825	825	829	0
805	825	825	829	809	0
825	825	829	809	817	0
825	829	809	817	436	0
829	809	817	436	1191	0
809	817	436	1191	758	1
817	436	1191	758	767	2
436	1191	758	767	774	0
1191	758	767	774	767	0
758	767	774	767	428	0
767	774	767	428	1120	0
774	767	428	1120	775	1
767	428	1120	775	420	2
428	1120	775	420	1004	0
1120	775	420	1004	661	1
775	420	1004	661	424	2
420	1004	661	424	853	0
1004	661	424	853	626	1
661	424	853	626	440	2
424	853	626	440	871	0
853	626	440	871	662	1
626	440	871	662	432	2
440	871	662	432	934	0
871	662	432	934	712	1
662	432	934	712	432	2
432	934	712	432	996	0
934	712	432	996	720	1
712	432	996	720	431	2
432	996	720	431	1012	0
996	720	431	1012	720	1
720	431	1012	720	428	2
431	1012	720	428	984	0
1012	720	428	984	716	1
720	428	984	716	424	2
428	984	716	424	1032	0
984	716	424	1032	797	1
716	424	1032	797	440	2
424	1032	797	440	1062	0
1032	797	440	1062	728	1
797	440	1062	728	420	2
440	1062	728	420	1055	0
1062	728	420	1055	735	1
728	420	1055	735	420	2
420	1055	735	420	1031	0
1055	735	420	1031	712	1
735	420	1031	712	425	2
420	1031	712	425	1085	0
1031	712	425	1085	883	1
712	425	1085	883	425	2
425	1085	883	425	1198	0
1085	883	425	1198	774	1
883	425	1198	774	413	2
425	1198	774	413	1163	0
1198	774	413	1163	763	1
774	413	1163	763	420	2
413	1163	763	420	1160	0
1163	763	420	1160	770	1
763	420	1160	770	424	2
420	1160	770	424	1148	0
1160	770	424	1148	786	1
770	424	1148	786	420	2
424	1148	786	420	1156	0
1148	786	420	1156	797	1
786	420	1156	797	421	2
420	1156	797	421	1179	0
1156	797	421	1179	786	1
797	421	1179	786	778	2
421	1179	786	778	786	0
1179	786	778	786	790	0
786	778	786	790	424	0
778	786	790	424	1183	0
786	790	424	1183	801	1
790	424	1183	801	794	2
424	1183	801	794	790	0
1183	801	794	790	790	0
801	794	790	790	801	0
794	790	790	801	806	0
790	790	801	806	798	0
790	801	806	798	813	0
801	806	798	813	817	0
806	798	813	817	817	0
798	813	817	817	813	0
813	817	817	813	798	0
817	817	813	798	813	0
817	813	798	813	798	0
813	798	813	798	797	0
798	813	798	797	790	0
813	798	797	790	802	0
798	797	790	802	798	0
797	790	802	798	793	0
790	802	798	793	763	0
802	798	793	763	786	0
798	793	763	786	786	0
793	763	786	786	739	0
763	786	786	739	782	0
786	786	739	782	463	0
786	739	782	463	1098	0
739	782	463	1098	774	1
782	463	1098	774	420	2
463	1098	774	420	1109	0
1098	774	420	1109	767	1
774	420	1109	767	420	2
420	1109	767	420	1012	0
1109	767	420	1012	677	1
767	420	1012	677	650	2
420	1012	677	650	684	0
1012	677	650	684	728	0
677	650	684	728	977	0
650	684	728	977	836	0
684	728	977	836	845	0
728	977	836	845	844	0
977	836	845	844	467	0
836	845	844	467	1190	0
845	844	467	1190	822	1
844	467	1190	822	416	2
467	1190	822	416	1194	0
1190	822	416	1194	786	1
822	416	1194	786	417	2
416	1194	786	417	1148	0
1194	786	417	1148	770	1
786	417	1148	770	716	2
417	1148	770	716	677	0
1148	770	716	677	665	0
770	716	677	665	689	0
716	677	665	689	444	0
677	665	689	444	1218	0
665	689	444	1218	891	1
689	444	1218	891	428	2
444	1218	891	428	1194	0
1218	891	428	1194	798	1
891	428	1194	798	763	2
428	1194	798	763	782	0
1194	798	763	782	778	0
798	763	782	778	424	0
763	782	778	424	1148	0
782	778	424	1148	774	1
778	424	1148	774	413	2
424	1148	774	413	1151	0
1148	774	413	1151	763	1
774	413	1151	763	770	2
413	1151	763	770	775	0
1151	763	770	775	778	0
763	770	775	778	778	0
770	775	778	778	786	0
775	778	778	786	806	0
778	778	786	806	805	0
778	786	806	805	809	0
786	806	805	809	409	0
806	805	809	409	521	0
805	809	409	521	693	1
809	409	521	693	794	2
409	521	693	794	786	0
521	693	794	786	782	0
693	794	786	782	770	0
794	786	782	770	786	0
786	782	770	786	778	0
782	770	786	778	771	0
770	786	778	771	778	0
786	778	771	778	778	0
778	771	778	778	778	0
771	778	778	778	779	0
778	778	778	779	782	0
778	778	779	782	774	0
778	779	782	774	774	0
779	782	774	774	783	0
782	774	774	783	778	0
774	774	783	778	766	0
774	783	778	766	775	0
783	778	766	775	766	0
778	766	775	766	767	0
766	775	766	767	755	0
775	766	767	755	770	0
766	767	755	770	770	0
767	755	770	770	771	0
755	770	770	771	766	0
770	770	771	766	771	0
770	771	766	771	774	0
771	766	771	774	767	0
766	771	774	767	770	0
771	774	767	770	771	0
774	767	770	771	766	0
767	770	771	766	770	0
770	771	766	770	759	0
771	766	770	759	759	0
766	770	759	759	755	0
770	759	759	755	751	0
759	759	755	751	743	0
759	755	751	743	735	0
755	751	743	735	740	0
751	743	735	740	739	0
743	735	740	739	743	0
735	740	739	743	728	0
740	739	743	728	424	0
739	743	728	424	1035	0
743	728	424	1035	743	1
728	424	1035	743	704	2
424	1035	743	704	705	0
1035	743	704	705	692	0
743	704	705	692	720	0
704	705	692	720	786	0
705	692	720	786	957	0
692	720	786	957	817	0
720	786	957	817	810	0
786	957	817	810	801	0
957	817	810	801	802	0
817	810	801	802	790	0
810	801	802	790	766	0
801	802	790	766	771	0
802	790	766	771	774	0
790	766	771	774	767	0
766	771	774	767	755	0
771	774	767	755	762	0
774	767	755	762	767	0
767	755	762	767	782	0
755	762	767	782	790	0
762	767	782	790	801	0
767	782	790	801	806	0
782	790	801	806	793	0
790	801	806	793	794	0
801	806	793	794	782	0
806	793	794	782	790	0
793	794	782	790	782	0
794	782	790	782	771	0
782	790	782	771	762	0
790	782	771	762	514	0
782	771	762	514	1043	0
771	762	514	1043	766	1
762	514	1043	766	424	2
514	1043	766	424	942	0
1043	766	424	942	634	1
766	424	942	634	631	2
424	942	634	631	638	0
942	634	631	638	657	0
634	631	638	657	440	0
631	638	657	440	1039	0
638	657	440	1039	840	1
657	440	1039	840	425	2
440	1039	840	425	1167	0
1039	840	425	1167	798	1
840	425	1167	798	420	2
425	1167	798	420	1120	0
1167	798	420	1120	759	1
798	420	1120	759	704	2
420	1120	759	704	654	0
1120	759	704	654	666	0
759	704	654	666	684	0
704	654	666	684	751	0
654	666	684	751	942	0
666	684	751	942	802	0
684	751	942	802	786	0
751	942	802	786	786	0
942	802	786	786	482	0
802	786	786	482	1125	0
786	786	482	1125	789	1
786	482	1125	789	421	2
482	1125	789	421	1155	0
1125	789	421	1155	778	1
789	421	1155	778	417	2
421	1155	778	417	1144	0
1155	778	417	1144	762	1
778	417	1144	762	425	2
417	1144	762	425	1085	0
1144	762	425	1085	669	1
762	425	1085	669	713	2
425	1085	669	713	883	0
1085	669	713	883	801	0
669	713	883	801	471	0
713	883	801	471	1183	0
883	801	471	1183	813	1
801	471	1183	813	417	2
471	1183	813	417	1202	0
1183	813	417	1202	786	1
813	417	1202	786	774	2
417	1202	786	774	782	0
1202	786	774	782	779	0
786	774	782	779	428	0
774	782	779	428	1163	0
782	779	428	1163	774	1
779	428	1163	774	790	2
428	1163	774	790	782	0
1163	774	790	782	790	0
774	790	782	790	794	0
790	782	790	794	798	0
782	790	794	798	809	0
790	794	798	809	813	0
794	798	809	813	821	0
798	809	813	821	813	0
809	813	821	813	814	0
813	821	813	814	817	0
821	813	814	817	813	0
813	814	817	813	790	0
814	817	813	790	805	0
817	813	790	805	806	0
813	790	805	806	797	0
790	805	806	797	448	0
805	806	797	448	1148	0
806	797	448	1148	778	1
797	448	1148	778	782	2
448	1148	778	782	771	0
1148	778	782	771	766	0
778	782	771	766	767	0
782	771	766	767	412	0
771	766	767	412	1140	0
766	767	412	1140	774	1
767	412	1140	774	413	2
412	1140	774	413	1121	0
1140	774	413	1121	762	1
774	413	1121	762	417	2
413	1121	762	417	1112	0
1121	762	417	1112	763	1
762	417	1112	763	412	2
417	1112	763	412	1129	0
1112	763	412	1129	743	1
763	412	1129	743	420	2
412	1129	743	420	1148	0
1129	743	420	1148	794	1
743	420	1148	794	416	2
420	1148	794	416	1187	0
1148	794	416	1187	798	1
794	416	1187	798	801	2
416	1187	798	801	806	0
1187	798	801	806	805	0
798	801	806	805	416	0
801	806	805	416	1222	0
806	805	416	1222	806	1
805	416	1222	806	797	2
416	1222	806	797	794	0
1222	806	797	794	794	0
806	797	794	794	801	0
797	794	794	801	479	0
794	794	801	479	1128	0
794	801	479	1128	802	1
801	479	1128	802	428	2
479	1128	802	428	1163	0
1128	802	428	1163	771	1
802	428	1163	771	416	2
428	1163	771	416	1144	0
1163	771	416	1144	771	1
771	416	1144	771	762	2
416	1144	771	762	779	0
1144	771	762	779	789	0
771	762	779	789	814	0
762	779	789	814	832	0
779	789	814	832	864	0
789	814	832	864	475	0
814	832	864	475	1253	0
832	864	475	1253	844	1
864	475	1253	844	829	2
475	1253	844	829	809	0
1253	844	829	809	821	0
844	829	809	821	821	0
829	809	821	821	821	0
809	821	821	821	814	0
821	821	821	814	821	0
821	821	814	821	824	0
821	814	821	824	825	0
814	821	824	825	817	0
821	824	825	817	814	0
824	825	817	814	813	0
825	817	814	813	801	0
817	814	813	801	798	0
814	813	801	798	790	0
813	801	798	790	774	0
801	798	790	774	790	0
798	790	774	790	790	0
790	774	790	790	798	0
774	790	790	798	794	0
790	790	798	794	797	0
790	798	794	797	802	0
798	794	797	802	797	0
794	797	802	797	790	0
797	802	797	790	782	0
802	797	790	782	779	0
797	790	782	779	797	0
790	782	779	797	786	0
782	779	797	786	421	0
779	797	786	421	1140	0
797	786	421	1140	774	1
786	421	1140	774	428	2
421	1140	774	428	1117	0
1140	774	428	1117	731	1
774	428	1117	731	420	2
428	1117	731	420	961	0
1117	731	420	961	701	1
731	420	961	701	712	2
420	961	701	712	755	0
961	701	712	755	774	0
701	712	755	774	771	0
712	755	774	771	735	0
755	774	771	735	751	0
774	771	735	751	766	0
771	735	751	766	786	0
735	751	766	786	911	0
751	766	786	911	805	0
766	786	911	805	814	0
786	911	805	814	813	0
911	805	814	813	794	0
805	814	813	794	801	0
814	813	794	801	802	0
813	794	801	802	794	0
794	801	802	794	782	0
801	802	794	782	793	0
802	794	782	793	794	0
794	782	793	794	790	0
782	793	794	790	782	0
793	794	790	782	790	0
794	790	782	790	790	0
790	782	790	790	790	0
782	790	790	790	774	0
790	790	790	774	786	0
790	790	774	786	782	0
790	774	786	782	778	0
774	786	782	778	783	0
786	782	778	783	786	0
782	778	783	786	786	0
778	783	786	786	786	0
783	786	786	786	789	0
786	786	786	789	790	0
786	786	789	790	786	0
786	789	790	786	786	0
789	790	786	786	778	0
790	786	786	778	779	0
786	786	778	779	782	0
786	778	779	782	786	0
778	779	782	786	770	0
779	782	786	770	786	0
782	786	770	786	778	0
786	770	786	778	790	0
770	786	778	790	794	0
786	778	790	794	786	0
778	790	794	786	782	0
790	794	786	782	790	0
794	786	782	790	794	0
786	782	790	794	790	0
782	790	794	790	786	0
790	794	790	786	790	0
794	790	786	790	793	0
790	786	790	793	782	0
786	790	793	782	790	0
790	793	782	790	786	0
793	782	790	786	786	0
782	790	786	786	786	0
790	786	786	786	790	0
786	786	786	790	794	0
786	786	790	794	782	0
786	790	794	782	794	0
790	794	782	794	798	0
794	782	794	798	782	0
782	794	798	782	793	0
794	798	782	793	798	0
798	782	793	798	448	0
782	793	798	448	1147	0
793	798	448	1147	786	1
798	448	1147	786	775	2
448	1147	786	775	778	0
1147	786	775	778	778	0
786	775	778	778	778	0
775	778	778	778	775	0
778	778	778	775	782	0
778	778	775	782	790	0
778	775	782	790	797	0
775	782	790	797	798	0
782	790	797	798	802	0
790	797	798	802	789	0
797	798	802	789	798	0
798	802	789	798	448	0
802	789	798	448	1147	0
789	798	448	1147	786	1
798	448	1147	786	782	2
448	1147	786	782	783	0
1147	786	782	783	455	0
786	782	783	455	1113	0
782	783	455	1113	782	1
783	455	1113	782	766	2
455	1113	782	766	782	0
1113	782	766	782	786	0
782	766	782	786	802	0
766	782	786	802	809	0
782	786	802	809	825	0
786	802	809	825	833	0
802	809	825	833	836	0
809	825	833	836	845	0
825	833	836	845	829	0
833	836	845	829	840	0
836	845	829	840	837	0
845	829	840	837	828	0
829	840	837	828	825	0
840	837	828	825	817	0
837	828	825	817	810	0
828	825	817	810	813	0
825	817	810	813	809	0
817	810	813	809	806	0
810	813	809	806	805	0
813	809	806	805	806	0
809	806	805	806	797	0
806	805	806	797	806	0
805	806	797	806	813	0
806	797	806	813	809	0
797	806	813	809	806	0
806	813	809	806	813	0
813	809	806	813	817	0
809	806	813	817	810	0
806	813	817	810	817	0
813	817	810	817	813	0
817	810	817	813	813	0
810	817	813	813	813	0
817	813	813	813	802	0
813	813	813	802	813	0
813	813	802	813	809	0
813	802	813	809	810	0
802	813	809	810	794	0
813	809	810	794	809	0
809	810	794	809	805	0
810	794	809	805	810	0
794	809	805	810	809	0
809	805	810	809	806	0
805	810	809	806	805	0
810	809	806	805	790	0
809	806	805	790	801	0
806	805	790	801	786	0
805	790	801	786	794	0
790	801	786	794	802	0
801	786	794	802	793	0
786	794	802	793	802	0
794	802	793	802	802	0
802	793	802	802	789	0
793	802	802	789	798	0
802	802	789	798	798	0
802	789	798	798	801	0
789	798	798	801	806	0
798	798	801	806	809	0
798	801	806	809	794	0
801	806	809	794	798	0
806	809	794	798	801	0
809	794	798	801	802	0
794	798	801	802	801	0
798	801	802	801	806	0
801	802	801	806	790	0
802	801	806	790	786	0
801	806	790	786	786	0
806	790	786	786	782	0
790	786	786	782	790	0
786	786	782	790	774	0
786	782	790	774	798	0
782	790	774	798	801	0
790	774	798	801	806	0
774	798	801	806	813	0
798	801	806	813	813	0
801	806	813	813	802	0
806	813	813	802	813	0
813	813	802	813	813	0
813	802	813	813	809	0
802	813	813	809	802	0
813	813	809	802	805	0
813	809	802	805	806	0
809	802	805	806	797	0
802	805	806	797	802	0
805	806	797	802	802	0
806	797	802	802	428	0
797	802	802	428	1194	0
802	802	428	1194	798	1
802	428	1194	798	786	2
428	1194	798	786	782	0
1194	798	786	782	436	0
798	786	782	436	1140	0
786	782	436	1140	774	1
782	436	1140	774	771	2
436	1140	774	771	774	0
1140	774	771	774	782	0
774	771	774	782	794	0
771	774	782	794	797	0
774	782	794	797	821	0
782	794	797	821	833	0
794	797	821	833	837	0
797	821	833	837	832	0
821	833	837	832	837	0
833	837	832	837	833	0
837	832	837	833	432	0
832	837	833	432	509	0
837	833	432	509	716	1
833	432	509	716	798	2
432	509	716	798	809	0
509	716	798	809	806	0
716	798	809	806	805	0
798	809	806	805	786	0
809	806	805	786	778	0
806	805	786	778	779	0
805	786	778	779	778	0
786	778	779	778	770	0
778	779	778	770	786	0
779	778	770	786	790	0
778	770	786	790	778	0
770	786	790	778	802	0
786	790	778	802	805	0
790	778	802	805	806	0
778	802	805	806	809	0
802	805	806	809	428	0
805	806	809	428	1210	0
806	809	428	1210	806	1
809	428	1210	806	790	2
428	1210	806	790	793	0
1210	806	790	793	786	0
806	790	793	786	794	0
790	793	786	794	798	0
793	786	794	798	809	0
786	794	798	809	805	0
794	798	809	805	818	0
798	809	805	818	809	0
809	805	818	809	821	0
805	818	809	821	805	0
818	809	821	805	802	0
809	821	805	802	813	0
821	805	802	813	810	0
805	802	813	810	797	0
802	813	810	797	806	0
813	810	797	806	805	0
810	797	806	805	806	0
797	806	805	806	813	0
806	805	806	813	813	0
805	806	813	813	432	0
806	813	813	432	514	0
813	813	432	514	704	1
813	432	514	704	817	2
432	514	704	817	817	0
514	704	817	817	821	0
704	817	817	821	813	0
817	817	821	813	821	0
817	821	813	821	821	0
821	813	821	821	821	0
813	821	821	821	821	0
821	821	821	821	825	0
821	821	821	825	813	0
821	821	825	813	818	0
821	825	813	818	809	0
825	813	818	809	809	0
813	818	809	809	810	0
818	809	809	810	805	0
809	809	810	805	813	0
809	810	805	813	432	0
810	805	813	432	1195	0
805	813	432	1195	813	1
813	432	1195	813	805	2
432	1195	813	805	806	0
1195	813	805	806	798	0
813	805	806	798	805	0
805	806	798	805	802	0
806	798	805	802	805	0
798	805	802	805	817	0
805	802	805	817	825	0
802	805	817	825	821	0
805	817	825	821	817	0
817	825	821	817	825	0
825	821	817	825	817	0
821	817	825	817	810	0
817	825	817	810	813	0
825	817	810	813	813	0
817	810	813	813	813	0
