i-2	i-1	i+0	i+1	i+2	Filter
249	1175	1175	1175	1175	0
1175	1175	1175	1175	1164	0
1175	1175	1175	1164	1163	0
1175	1175	1164	1163	1199	0
1175	1164	1163	1199	1202	0
1164	1163	1199	1202	1183	0
1163	1199	1202	1183	1195	0
1199	1202	1183	1195	1206	0
1202	1183	1195	1206	1210	0
1183	1195	1206	1210	1179	0
1195	1206	1210	1179	1191	0
1206	1210	1179	1191	1194	0
1210	1179	1191	1194	1187	0
1179	1191	1194	1187	1163	0
1191	1194	1187	1163	1187	0
1194	1187	1163	1187	1202	0
1187	1163	1187	1202	1203	0
1163	1187	1202	1203	1190	0
1187	1202	1203	1190	1203	0
1202	1203	1190	1203	1210	0
1203	1190	1203	1210	1183	0
1190	1203	1210	1183	1155	0
1203	1210	1183	1155	1168	0
1210	1183	1155	1168	1151	0
1183	1155	1168	1151	1144	0
1155	1168	1151	1144	1152	0
1168	1151	1144	1152	1164	0
1151	1144	1152	1164	1179	0
1144	1152	1164	1179	1171	0
1152	1164	1179	1171	517	0
1164	1179	1171	517	1354	0
1179	1171	517	1354	1199	1
1171	517	1354	1199	1183	2
517	1354	1199	1183	1171	0
1354	1199	1183	1171	1187	0
1199	1183	1171	1187	1194	0
1183	1171	1187	1194	1203	0
1171	1187	1194	1203	1179	0
1187	1194	1203	1179	1182	0
1194	1203	1179	1182	1191	0
1203	1179	1182	1191	1175	0
1179	1182	1191	1175	1167	0
1182	1191	1175	1167	1152	0
1191	1175	1167	1152	1160	0
1175	1167	1152	1160	1155	0
1167	1152	1160	1155	1137	0
1152	1160	1155	1137	1144	0
1160	1155	1137	1144	1163	0
1155	1137	1144	1163	1175	0
1137	1144	1163	1175	1156	0
1144	1163	1175	1156	1159	0
1163	1175	1156	1159	1171	0
1175	1156	1159	1171	1183	0
1156	1159	1171	1183	1156	0
1159	1171	1183	1156	1160	0
1171	1183	1156	1160	1175	0
1183	1156	1160	1175	1183	0
1156	1160	1175	1183	1155	0
1160	1175	1183	1155	1160	0
1175	1183	1155	1160	1179	0
1183	1155	1160	1179	1194	0
1155	1160	1179	1194	1183	0
1160	1179	1194	1183	1179	0
1179	1194	1183	1179	1183	0
1194	1183	1179	1183	1206	0
1183	1179	1183	1206	1183	0
1179	1183	1206	1183	1175	0
1183	1206	1183	1175	1183	0
1206	1183	1175	1183	1175	0
1183	1175	1183	1175	1187	0
1175	1183	1175	1187	1175	0
1183	1175	1187	1175	1175	0
1175	1187	1175	1175	1187	0
1187	1175	1175	1187	1191	0
1175	1175	1187	1191	1186	0
1175	1187	1191	1186	1199	0
1187	1191	1186	1199	1233	0
1191	1186	1199	1233	1214	0
1186	1199	1233	1214	522	0
1199	1233	1214	522	1323	0
1233	1214	522	1323	1225	1
1214	522	1323	1225	1191	2
522	1323	1225	1191	1179	0
1323	1225	1191	1179	1156	0
1225	1191	1179	1156	1159	0
1191	1179	1156	1159	1167	0
1179	1156	1159	1167	1172	0
1156	1159	1167	1172	1151	0
1159	1167	1172	1151	1160	0
1167	1172	1151	1160	1179	0
1172	1151	1160	1179	1179	0
1151	1160	1179	1179	1171	0
1160	1179	1179	1171	1179	0
1179	1179	1171	1179	1206	0
1179	1171	1179	1206	1195	0
1171	1179	1206	1195	1171	0
1179	1206	1195	1171	1202	0
1206	1195	1171	1202	1203	0
1195	1171	1202	1203	1198	0
1171	1202	1203	1198	1171	0
1202	1203	1198	1171	1183	0
1203	1198	1171	1183	1164	0
1198	1171	1183	1164	1159	0
1171	1183	1164	1159	1164	0
1183	1164	1159	1164	1163	0
1164	1159	1164	1163	1148	0
1159	1164	1163	1148	1167	0
1164	1163	1148	1167	1175	0
1163	1148	1167	1175	1156	0
1148	1167	1175	1156	1152	0
1167	1175	1156	1152	1183	0
1175	1156	1152	1183	1186	0
1156	1152	1183	1186	1179	0
1152	1183	1186	1179	1191	0
1183	1186	1179	1191	1167	0
1186	1179	1191	1167	1160	0
1179	1191	1167	1160	1175	0
1191	1167	1160	1175	1179	0
1167	1160	1175	1179	1171	0
1160	1175	1179	1171	1175	0
1175	1179	1171	1175	1199	0
1179	1171	1175	1199	1218	0
1171	1175	1199	1218	1206	0
1175	1199	1218	1206	1190	0
1199	1218	1206	1190	1234	0
1218	1206	1190	1234	1241	0
1206	1190	1234	1241	1206	0
1190	1234	1241	1206	1187	0
1234	1241	1206	1187	1206	0
1241	1206	1187	1206	1218	0
1206	1187	1206	1218	1203	0
1187	1206	1218	1203	1186	0
1206	1218	1203	1186	1199	0
1218	1203	1186	1199	1194	0
1203	1186	1199	1194	1176	0
1186	1199	1194	1176	1163	0
1199	1194	1176	1163	521	0
1194	1176	1163	521	705	0
1176	1163	521	705	560	1
1163	521	705	560	1704	2
521	705	560	1704	1199	1
705	560	1704	1199	1186	2
560	1704	1199	1186	1195	0
1704	1199	1186	1195	1167	0
1199	1186	1195	1167	1179	0
1186	1195	1167	1179	1175	0
1195	1167	1179	1175	1172	0
1167	1179	1175	1172	1175	0
1179	1175	1172	1175	1194	0
1175	1172	1175	1194	1199	0
1172	1175	1194	1199	1179	0
1175	1194	1199	1179	1206	0
1194	1199	1179	1206	1202	0
1199	1179	1206	1202	1183	0
1179	1206	1202	1183	1171	0
1206	1202	1183	1171	1179	0
1202	1183	1171	1179	1179	0
1183	1171	1179	1179	1152	0
1171	1179	1179	1152	1156	0
1179	1179	1152	1156	1175	0
1179	1152	1156	1175	1159	0
1152	1156	1175	1159	1152	0
1156	1175	1159	1152	1171	0
1175	1159	1152	1171	1175	0
1159	1152	1171	1175	1168	0
1152	1171	1175	1168	1163	0
1171	1175	1168	1163	1175	0
1175	1168	1163	1175	1191	0
1168	1163	1175	1191	1191	0
1163	1175	1191	1191	1159	0
1175	1191	1191	1159	1156	0
1191	1191	1159	1156	1136	0
1191	1159	1156	1136	1132	0
1159	1156	1136	1132	1129	0
1156	1136	1132	1129	1155	0
1136	1132	1129	1155	1164	0
1132	1129	1155	1164	1163	0
1129	1155	1164	1163	1171	0
1155	1164	1163	1171	1203	0
1164	1163	1171	1203	1206	0
1163	1171	1203	1206	1202	0
1171	1203	1206	1202	1206	0
1203	1206	1202	1206	1218	0
1206	1202	1206	1218	1222	0
1202	1206	1218	1222	1214	0
1206	1218	1222	1214	1218	0
1218	1222	1214	1218	1226	0
1222	1214	1218	1226	1229	0
1214	1218	1226	1229	1199	0
1218	1226	1229	1199	1202	0
1226	1229	1199	1202	1210	0
1229	1199	1202	1210	1214	0
1199	1202	1210	1214	1191	0
1202	1210	1214	1191	1183	0
1210	1214	1191	1183	1190	0
1214	1191	1183	1190	1199	0
1191	1183	1190	1199	1190	0
1183	1190	1199	1190	1176	0
1190	1199	1190	1176	1198	0
1199	1190	1176	1198	1187	0
1190	1176	1198	1187	1190	0
1176	1198	1187	1190	1183	0
1198	1187	1190	1183	1183	0
1187	1190	1183	1183	1191	0
1190	1183	1183	1191	1163	0
1183	1183	1191	1163	1171	0
1183	1191	1163	1171	1187	0
1191	1163	1171	1187	1187	0
1163	1171	1187	1187	1175	0
1171	1187	1187	1175	1175	0
1187	1187	1175	1175	1199	0
1187	1175	1175	1199	1202	0
1175	1175	1199	1202	1175	0
1175	1199	1202	1175	1179	0
1199	1202	1175	1179	1175	0
1202	1175	1179	1175	1164	0
1175	1179	1175	1164	1167	0
1179	1175	1164	1167	1171	0
1175	1164	1167	1171	1175	0
1164	1167	1171	1175	1171	0
1167	1171	1175	1171	526	0
1171	1175	1171	526	1350	0
1175	1171	526	1350	1175	1
1171	526	1350	1175	1175	2
526	1350	1175	1175	1164	0
1350	1175	1175	1164	1182	0
1175	1175	1164	1182	1187	0
1175	1164	1182	1187	1175	0
1164	1182	1187	1175	1171	0
1182	1187	1175	1171	1191	0
1187	1175	1171	1191	1183	0
1175	1171	1191	1183	1187	0
1171	1191	1183	1187	1175	0
1191	1183	1187	1175	1187	0
1183	1187	1175	1187	1194	0
1187	1175	1187	1194	1179	0
1175	1187	1194	1179	1164	0
1187	1194	1179	1164	1163	0
1194	1179	1164	1163	1179	0
1179	1164	1163	1179	1167	0
1164	1163	1179	1167	1152	0
1163	1179	1167	1152	1171	0
1179	1167	1152	1171	1187	0
1167	1152	1171	1187	1179	0
1152	1171	1187	1179	1179	0
1171	1187	1179	1179	1199	0
1187	1179	1179	1199	1151	0
1179	1179	1199	1151	1152	0
1179	1199	1151	1152	1160	0
1199	1151	1152	1160	1163	0
1151	1152	1160	1163	1148	0
1152	1160	1163	1148	1155	0
1160	1163	1148	1155	1176	0
1163	1148	1155	1176	1182	0
1148	1155	1176	1182	1164	0
1155	1176	1182	1164	1171	0
1176	1182	1164	1171	1167	0
1182	1164	1171	1167	1160	0
1164	1171	1167	1160	1140	0
1171	1167	1160	1140	1144	0
1167	1160	1140	1144	1160	0
1160	1140	1144	1160	1163	0
1140	1144	1160	1163	1159	0
1144	1160	1163	1159	1160	0
1160	1163	1159	1160	1175	0
1163	1159	1160	1175	1187	0
1159	1160	1175	1187	1183	0
1160	1175	1187	1183	1167	0
1175	1187	1183	1167	1199	0
1187	1183	1167	1199	1217	0
1183	1167	1199	1217	1211	0
1167	1199	1217	1211	1179	0
1199	1217	1211	1179	1171	0
1217	1211	1179	1171	1175	0
1211	1179	1171	1175	1179	0
1179	1171	1175	1179	1171	0
1171	1175	1179	1171	1171	0
1175	1179	1171	1171	1175	0
1179	1171	1171	1175	1187	0
1171	1171	1175	1187	1171	0
1171	1175	1187	1171	1179	0
1175	1187	1171	1179	1203	0
1187	1171	1179	1203	1221	0
1171	1179	1203	1221	1183	0
1179	1203	1221	1183	1175	0
1203	1221	1183	1175	1210	0
1221	1183	1175	1210	1191	0
1183	1175	1210	1191	1199	0
1175	1210	1191	1199	1186	0
1210	1191	1199	1186	1203	0
1191	1199	1186	1203	1210	0
1199	1186	1203	1210	1187	0
1186	1203	1210	1187	1163	0
1203	1210	1187	1163	1179	0
1210	1187	1163	1179	1179	0
1187	1163	1179	1179	1179	0
1163	1179	1179	1179	1163	0
1179	1179	1179	1163	1179	0
1179	1179	1163	1179	1183	0
1179	1163	1179	1183	1171	0
1163	1179	1183	1171	1176	0
1179	1183	1171	1176	1182	0
1183	1171	1176	1182	1176	0
1171	1176	1182	1176	1167	0
1176	1182	1176	1167	1175	0
1182	1176	1167	1175	1183	0
1176	1167	1175	1183	1179	0
1167	1175	1183	1179	1159	0
1175	1183	1179	1159	1172	0
1183	1179	1159	1172	1194	0
1179	1159	1172	1194	1199	0
1159	1172	1194	1199	1194	0
1172	1194	1199	1194	1191	0
1194	1199	1194	1191	1214	0
1199	1194	1191	1214	1214	0
1194	1191	1214	1214	1198	0
1191	1214	1214	1198	1214	0
1214	1214	1198	1214	1191	0
1214	1198	1214	1191	1194	0
1198	1214	1191	1194	1168	0
1214	1191	1194	1168	1171	0
1191	1194	1168	1171	1171	0
1194	1168	1171	1171	1160	0
1168	1171	1171	1160	1151	0
1171	1171	1160	1151	1144	0
1171	1160	1151	1144	1164	0
1160	1151	1144	1164	1163	0
1151	1144	1164	1163	1156	0
1144	1164	1163	1156	1152	0
1164	1163	1156	1152	1167	0
1163	1156	1152	1167	1175	0
1156	1152	1167	1175	1175	0
1152	1167	1175	1175	1168	0
1167	1175	1175	1168	1175	0
1175	1175	1168	1175	1182	0
1175	1168	1175	1182	1168	0
1168	1175	1182	1168	1163	0
1175	1182	1168	1163	1183	0
1182	1168	1163	1183	1187	0
1168	1163	1183	1187	1171	0
1163	1183	1187	1171	1179	0
1183	1187	1171	1179	1195	0
1187	1171	1179	1195	1179	0
1171	1179	1195	1179	1179	0
1179	1195	1179	1179	1194	0
1195	1179	1179	1194	1195	0
1179	1179	1194	1195	1171	0
1179	1194	1195	1171	1159	0
1194	1195	1171	1159	1168	0
1195	1171	1159	1168	1171	0
1171	1159	1168	1171	1163	0
1159	1168	1171	1163	1160	0
1168	1171	1163	1160	1179	0
1171	1163	1160	1179	1171	0
1163	1160	1179	1171	1152	0
1160	1179	1171	1152	1163	0
1179	1171	1152	1163	1179	0
1171	1152	1163	1179	1171	0
1152	1163	1179	1171	1172	0
1163	1179	1171	1172	1175	0
1179	1171	1172	1175	1187	0
1171	1172	1175	1187	1190	0
1172	1175	1187	1190	1171	0
1175	1187	1190	1171	1195	0
1187	1190	1171	1195	1195	0
1190	1171	1195	1195	1194	0
1171	1195	1195	1194	1175	0
1195	1195	1194	1175	1195	0
1195	1194	1175	1195	1210	0
1194	1175	1195	1210	1191	0
1175	1195	1210	1191	1175	0
1195	1210	1191	1175	1190	0
1210	1191	1175	1190	1195	0
1191	1175	1190	1195	1183	0
1175	1190	1195	1183	1159	0
1190	1195	1183	1159	1183	0
1195	1183	1159	1183	1179	0
1183	1159	1183	1179	1156	0
1159	1183	1179	1156	1171	0
1183	1179	1156	1171	1195	0
1179	1156	1171	1195	1198	0
1156	1171	1195	1198	1179	0
1171	1195	1198	1179	1194	0
1195	1198	1179	1194	1191	0
1198	1179	1194	1191	1187	0
1179	1194	1191	1187	1167	0
1194	1191	1187	1167	1183	0
1191	1187	1167	1183	1171	0
1187	1167	1183	1171	1183	0
1167	1183	1171	1183	1140	0
1183	1171	1183	1140	1129	0
1171	1183	1140	1129	478	0
1183	1140	1129	478	619	0
1140	1129	478	619	623	1
1129	478	619	623	478	2
478	619	623	478	1673	1
619	623	478	1673	1171	2
623	478	1673	1171	1125	0
478	1673	1171	1125	1113	0
1673	1171	1125	1113	1105	0
1171	1125	1113	1105	1136	0
1125	1113	1105	1136	1175	0
1113	1105	1136	1175	1171	0
1105	1136	1175	1171	1168	0
1136	1175	1171	1168	1190	0
1175	1171	1168	1190	1199	0
1171	1168	1190	1199	1171	0
1168	1190	1199	1171	1191	0
1190	1199	1171	1191	1198	0
1199	1171	1191	1198	1187	0
1171	1191	1198	1187	1167	0
1191	1198	1187	1167	1179	0
1198	1187	1167	1179	1187	0
1187	1167	1179	1187	1179	0
1167	1179	1187	1179	1159	0
1179	1187	1179	1159	1176	0
1187	1179	1159	1176	1186	0
1179	1159	1176	1186	1199	0
1159	1176	1186	1199	1175	0
1176	1186	1199	1175	1179	0
1186	1199	1175	1179	1194	0
1199	1175	1179	1194	1203	0
1175	1179	1194	1203	1148	0
1179	1194	1203	1148	1132	0
1194	1203	1148	1132	1152	0
1203	1148	1132	1152	1175	0
1148	1132	1152	1175	910	0
1132	1152	1175	910	1382	0
1152	1175	910	1382	1179	1
1175	910	1382	1179	1186	2
910	1382	1179	1186	1179	0
1382	1179	1186	1179	1113	0
1179	1186	1179	1113	1109	0
1186	1179	1113	1109	1113	0
1179	1113	1109	1113	1144	0
1113	1109	1113	1144	1195	0
1109	1113	1144	1195	1214	0
1113	1144	1195	1214	1214	0
1144	1195	1214	1214	1175	0
1195	1214	1214	1175	1221	0
1214	1214	1175	1221	1234	0
1214	1175	1221	1234	1233	0
1175	1221	1234	1233	1222	0
1221	1234	1233	1222	1241	0
1234	1233	1222	1241	1257	0
1233	1222	1241	1257	1234	0
1222	1241	1257	1234	1194	0
1241	1257	1234	1194	1171	0
1257	1234	1194	1171	1195	0
1234	1194	1171	1195	1167	0
1194	1171	1195	1167	1187	0
1171	1195	1167	1187	1167	0
1195	1167	1187	1167	1195	0
1167	1187	1167	1195	1218	0
1187	1167	1195	1218	1233	0
1167	1195	1218	1233	1214	0
1195	1218	1233	1214	1234	0
1218	1233	1214	1234	1245	0
1233	1214	1234	1245	1237	0
1214	1234	1245	1237	1249	0
1234	1245	1237	1249	1199	0
1245	1237	1249	1199	1210	0
1237	1249	1199	1210	1237	0
1249	1199	1210	1237	1241	0
1199	1210	1237	1241	1234	0
1210	1237	1241	1234	1218	0
1237	1241	1234	1218	1249	0
1241	1234	1218	1249	1229	0
1234	1218	1249	1229	1214	0
1218	1249	1229	1214	1179	0
1249	1229	1214	1179	1199	0
1229	1214	1179	1199	1202	0
1214	1179	1199	1202	1191	0
1179	1199	1202	1191	1163	0
1199	1202	1191	1163	1187	0
1202	1191	1163	1187	1202	0
1191	1163	1187	1202	1210	0
1163	1187	1202	1210	1199	0
1187	1202	1210	1199	1194	0
1202	1210	1199	1194	1199	0
1210	1199	1194	1199	1183	0
1199	1194	1199	1183	1175	0
1194	1199	1183	1175	1198	0
1199	1183	1175	1198	1214	0
1183	1175	1198	1214	1214	0
1175	1198	1214	1214	1203	0
1198	1214	1214	1203	1218	0
1214	1214	1203	1218	1225	0
1214	1203	1218	1225	1218	0
1203	1218	1225	1218	1199	0
1218	1225	1218	1199	1186	0
1225	1218	1199	1186	1199	0
1218	1199	1186	1199	1179	0
1199	1186	1199	1179	1163	0
1186	1199	1179	1163	1179	0
1199	1179	1163	1179	1187	0
1179	1163	1179	1187	1195	0
1163	1179	1187	1195	1182	0
1179	1187	1195	1182	1214	0
1187	1195	1182	1214	1218	0
1195	1182	1214	1218	1191	0
1182	1214	1218	1191	1171	0
1214	1218	1191	1171	1199	0
1218	1191	1171	1199	1190	0
1191	1171	1199	1190	1187	0
1171	1199	1190	1187	1187	0
1199	1190	1187	1187	1198	0
1190	1187	1187	1198	1199	0
1187	1187	1198	1199	1183	0
1187	1198	1199	1183	1210	0
1198	1199	1183	1210	1225	0
1199	1183	1210	1225	1234	0
1183	1210	1225	1234	1226	0
1210	1225	1234	1226	1210	0
1225	1234	1226	1210	1233	0
1234	1226	1210	1233	1241	0
1226	1210	1233	1241	1222	0
1210	1233	1241	1222	1195	0
1233	1241	1222	1195	1229	0
1241	1222	1195	1229	1210	0
1222	1195	1229	1210	1203	0
1195	1229	1210	1203	1179	0
1229	1210	1203	1179	1194	0
1210	1203	1179	1194	1195	0
1203	1179	1194	1195	1194	0
1179	1194	1195	1194	1179	0
1194	1195	1194	1179	1172	0
1195	1194	1179	1172	1202	0
1194	1179	1172	1202	1210	0
1179	1172	1202	1210	1187	0
1172	1202	1210	1187	1183	0
1202	1210	1187	1183	1225	0
1210	1187	1183	1225	1218	0
1187	1183	1225	1218	1210	0
1183	1225	1218	1210	1187	0
1225	1218	1210	1187	1195	0
1218	1210	1187	1195	1206	0
1210	1187	1195	1206	1187	0
1187	1195	1206	1187	1179	0
1195	1206	1187	1179	1202	0
1206	1187	1179	1202	1198	0
1187	1179	1202	1198	1179	0
1179	1202	1198	1179	1160	0
1202	1198	1179	1160	1175	0
1198	1179	1160	1175	1156	0
1179	1160	1175	1156	1155	0
1160	1175	1156	1155	1074	0
1175	1156	1155	1074	1160	0
1156	1155	1074	1160	1050	0
1155	1074	1160	1050	1140	0
1074	1160	1050	1140	1106	0
1160	1050	1140	1106	1042	0
1050	1140	1106	1042	1098	0
1140	1106	1042	1098	1112	0
1106	1042	1098	1112	1199	0
1042	1098	1112	1199	1035	0
1098	1112	1199	1035	1070	0
1112	1199	1035	1070	1210	0
1199	1035	1070	1210	1070	0
1035	1070	1210	1070	1171	0
1070	1210	1070	1171	1113	0
1210	1070	1171	1113	1129	0
1070	1171	1113	1129	1237	0
1171	1113	1129	1237	1105	0
1113	1129	1237	1105	1113	0
1129	1237	1105	1113	1054	0
1237	1105	1113	1054	1101	0
1105	1113	1054	1101	1117	0
1113	1054	1101	1117	300	0
1054	1101	1117	300	229	0
1101	1117	300	229	720	1
1117	300	229	720	689	2
300	229	720	689	735	0
229	720	689	735	685	0
720	689	735	685	771	0
689	735	685	771	930	0
735	685	771	930	937	0
685	771	930	937	1101	0
771	930	937	1101	740	0
930	937	1101	740	735	0
937	1101	740	735	463	0
1101	740	735	463	428	0
740	735	463	428	510	0
735	463	428	510	416	0
463	428	510	416	985	0
428	510	416	985	817	0
510	416	985	817	704	0
416	985	817	704	588	0
985	817	704	588	1218	0
817	704	588	1218	463	0
704	588	1218	463	474	0
588	1218	463	474	852	0
1218	463	474	852	806	0
463	474	852	806	763	0
474	852	806	763	824	0
852	806	763	824	654	0
806	763	824	654	1027	0
763	824	654	1027	779	0
824	654	1027	779	649	0
654	1027	779	649	814	0
1027	779	649	814	1054	0
779	649	814	1054	646	0
649	814	1054	646	704	0
814	1054	646	704	576	0
1054	646	704	576	487	0
646	704	576	487	774	0
704	576	487	774	681	0
576	487	774	681	521	0
487	774	681	521	463	0
774	681	521	463	736	0
681	521	463	736	716	0
521	463	736	716	447	0
463	736	716	447	879	0
736	716	447	879	463	0
716	447	879	463	440	0
447	879	463	440	716	0
879	463	440	716	498	0
463	440	716	498	716	0
440	716	498	716	837	0
716	498	716	837	817	0
498	716	837	817	669	0
716	837	817	669	868	0
837	817	669	868	537	0
817	669	868	537	739	0
669	868	537	739	934	0
868	537	739	934	704	0
537	739	934	704	545	0
739	934	704	545	875	0
934	704	545	875	635	0
704	545	875	635	809	0
545	875	635	809	821	0
875	635	809	821	728	0
635	809	821	728	482	0
809	821	728	482	953	0
821	728	482	953	880	0
728	482	953	880	576	0
482	953	880	576	914	0
953	880	576	914	444	0
880	576	914	444	895	0
576	914	444	895	735	0
914	444	895	735	630	0
444	895	735	630	709	0
895	735	630	709	712	0
735	630	709	712	447	0
630	709	712	447	712	0
709	712	447	712	533	0
712	447	712	533	981	0
447	712	533	981	778	0
712	533	981	778	739	0
533	981	778	739	631	0
981	778	739	631	618	0
778	739	631	618	471	0
739	631	618	471	518	0
631	618	471	518	591	0
618	471	518	591	771	0
471	518	591	771	894	0
518	591	771	894	1043	0
591	771	894	1043	841	0
771	894	1043	841	867	0
894	1043	841	867	747	0
1043	841	867	747	464	0
841	867	747	464	618	0
867	747	464	618	747	0
747	464	618	747	693	0
464	618	747	693	510	0
618	747	693	510	459	0
747	693	510	459	416	0
693	510	459	416	397	0
510	459	416	397	809	0
459	416	397	809	849	0
416	397	809	849	540	0
397	809	849	540	498	0
809	849	540	498	619	0
849	540	498	619	467	0
540	498	619	467	634	0
498	619	467	634	693	0
619	467	634	693	716	0
467	634	693	716	677	0
634	693	716	677	494	0
693	716	677	494	782	0
716	677	494	782	802	0
677	494	782	802	537	0
494	782	802	537	420	0
782	802	537	420	377	0
802	537	420	377	899	0
537	420	377	899	876	0
420	377	899	876	669	0
377	899	876	669	506	0
899	876	669	506	510	0
876	669	506	510	817	0
669	506	510	817	474	0
506	510	817	474	405	0
510	817	474	405	802	0
817	474	405	802	1303	0
474	405	802	1303	774	0
405	802	1303	774	709	0
802	1303	774	709	610	0
1303	774	709	610	464	0
774	709	610	464	859	0
709	610	464	859	444	0
610	464	859	444	447	0
464	859	444	447	751	0
859	444	447	751	736	0
444	447	751	736	774	0
447	751	736	774	860	0
751	736	774	860	677	0
736	774	860	677	654	0
774	860	677	654	541	0
860	677	654	541	751	0
677	654	541	751	646	0
654	541	751	646	1050	0
541	751	646	1050	631	0
751	646	1050	631	614	0
646	1050	631	614	666	0
1050	631	614	666	486	0
631	614	666	486	584	0
614	666	486	584	770	0
666	486	584	770	409	0
486	584	770	409	439	0
584	770	409	439	658	0
770	409	439	658	673	0
409	439	658	673	930	0
439	658	673	930	697	0
658	673	930	697	572	0
673	930	697	572	634	0
930	697	572	634	541	0
697	572	634	541	529	0
572	634	541	529	934	0
634	541	529	934	525	0
541	529	934	525	891	0
529	934	525	891	1020	0
934	525	891	1020	478	0
525	891	1020	478	405	0
891	1020	478	405	661	0
1020	478	405	661	642	0
478	405	661	642	588	0
405	661	642	588	580	0
661	642	588	580	560	0
642	588	580	560	408	0
588	580	560	408	537	0
580	560	408	537	849	0
560	408	537	849	688	0
408	537	849	688	810	0
537	849	688	810	509	0
849	688	810	509	631	0
688	810	509	631	743	0
810	509	631	743	1272	1
509	631	743	1272	1226	2
631	743	1272	1226	1191	0
743	1272	1226	1191	1202	0
1272	1226	1191	1202	1183	0
1226	1191	1202	1183	1156	0
1191	1202	1183	1156	1175	0
1202	1183	1156	1175	1202	0
1183	1156	1175	1202	1183	0
1156	1175	1202	1183	1171	0
1175	1202	1183	1171	1171	0
1202	1183	1171	1171	1207	0
1183	1171	1171	1207	1182	0
1171	1171	1207	1182	1168	0
1171	1207	1182	1168	1163	0
1207	1182	1168	1163	1179	0
1182	1168	1163	1179	1179	0
1168	1163	1179	1179	1171	0
1163	1179	1179	1171	1152	0
1179	1179	1171	1152	1167	0
1179	1171	1152	1167	1175	0
1171	1152	1167	1175	1172	0
1152	1167	1175	1172	1155	0
1167	1175	1172	1155	1183	0
1175	1172	1155	1183	1171	0
1172	1155	1183	1171	1160	0
1155	1183	1171	1160	1144	0
1183	1171	1160	1144	1163	0
1171	1160	1144	1163	1172	0
1160	1144	1163	1172	1190	0
1144	1163	1172	1190	1160	0
1163	1172	1190	1160	1175	0
1172	1190	1160	1175	1179	0
1190	1160	1175	1179	1179	0
1160	1175	1179	1179	1148	0
1175	1179	1179	1148	1167	0
1179	1179	1148	1167	1179	0
1179	1148	1167	1179	1191	0
1148	1167	1179	1191	1163	0
1167	1179	1191	1163	1191	0
1179	1191	1163	1191	1190	0
1191	1163	1191	1190	1179	0
1163	1191	1190	1179	1144	0
1191	1190	1179	1144	1164	0
1190	1179	1144	1164	1171	0
1179	1144	1164	1171	1163	0
1144	1164	1171	1163	1144	0
1164	1171	1163	1144	1067	0
1171	1163	1144	1067	1101	0
1163	1144	1067	1101	1113	0
1144	1067	1101	1113	1112	0
1067	1101	1113	1112	1067	0
1101	1113	1112	1067	1097	0
1113	1112	1067	1097	1128	0
1112	1067	1097	1128	1160	0
1067	1097	1128	1160	1159	0
1097	1128	1160	1159	1078	0
1128	1160	1159	1078	1132	0
1160	1159	1078	1132	1113	0
1159	1078	1132	1113	1136	0
1078	1132	1113	1136	1086	0
1132	1113	1136	1086	1086	0
1113	1136	1086	1086	1120	0
1136	1086	1086	1120	1144	0
1086	1086	1120	1144	1070	0
1086	1120	1144	1070	1113	0
1120	1144	1070	1113	1152	0
1144	1070	1113	1152	1097	0
1070	1113	1152	1097	1086	0
1113	1152	1097	1086	1136	0
1152	1097	1086	1136	1124	0
1097	1086	1136	1124	1090	0
1086	1136	1124	1090	1051	0
1136	1124	1090	1051	1081	0
1124	1090	1051	1081	1105	0
1090	1051	1081	1105	1121	0
1051	1081	1105	1121	1062	0
1081	1105	1121	1062	1097	0
1105	1121	1062	1097	1137	0
1121	1062	1097	1137	1155	0
1062	1097	1137	1155	1109	0
1097	1137	1155	1109	1062	0
1137	1155	1109	1062	1117	0
1155	1109	1062	1117	1132	0
1109	1062	1117	1132	1106	0
1062	1117	1132	1106	1077	0
1117	1132	1106	1077	1133	0
1132	1106	1077	1133	1249	0
1106	1077	1133	1249	1085	0
1077	1133	1249	1085	1059	0
1133	1249	1085	1059	1136	0
1249	1085	1059	1136	1117	0
1085	1059	1136	1117	1140	0
1059	1136	1117	1140	1089	0
1136	1117	1140	1089	1253	0
1117	1140	1089	1253	1132	0
1140	1089	1253	1132	1257	0
1089	1253	1132	1257	1082	0
1253	1132	1257	1082	1163	0
1132	1257	1082	1163	1172	0
1257	1082	1163	1172	1182	0
1082	1163	1172	1182	1074	0
1163	1172	1182	1074	1144	0
1172	1182	1074	1144	1129	0
1182	1074	1144	1129	1128	0
1074	1144	1129	1128	1062	0
1144	1129	1128	1062	1144	0
1129	1128	1062	1144	1140	0
1128	1062	1144	1140	1121	0
1062	1144	1140	1121	1074	0
1144	1140	1121	1074	1113	0
1140	1121	1074	1113	1159	0
1121	1074	1113	1159	1121	0
1074	1113	1159	1121	1097	0
1113	1159	1121	1097	1249	0
1159	1121	1097	1249	1082	0
1121	1097	1249	1082	1113	0
1097	1249	1082	1113	1078	0
1249	1082	1113	1078	1116	0
1082	1113	1078	1116	1148	0
1113	1078	1116	1148	1105	0
1078	1116	1148	1105	1070	0
1116	1148	1105	1070	1207	0
1148	1105	1070	1207	1046	0
1105	1070	1207	1046	1156	0
1070	1207	1046	1156	1082	0
1207	1046	1156	1082	1116	0
1046	1156	1082	1116	1152	0
1156	1082	1116	1152	1132	0
1082	1116	1152	1132	1070	0
1116	1152	1132	1070	1214	0
1152	1132	1070	1214	1102	0
1132	1070	1214	1102	1256	0
1070	1214	1102	1256	1059	0
1214	1102	1256	1059	1132	0
1102	1256	1059	1132	1156	0
1256	1059	1132	1156	1074	0
1059	1132	1156	1074	1128	0
1132	1156	1074	1128	1249	0
1156	1074	1128	1249	1125	0
1074	1128	1249	1125	1159	0
1128	1249	1125	1159	1097	0
1249	1125	1159	1097	1144	0
1125	1159	1097	1144	1175	0
1159	1097	1144	1175	1152	0
1097	1144	1175	1152	1086	0
1144	1175	1152	1086	1039	0
1175	1152	1086	1039	1085	0
1152	1086	1039	1085	1109	0
1086	1039	1085	1109	1171	0
1039	1085	1109	1171	1156	0
1085	1109	1171	1156	1094	0
1109	1171	1156	1094	1252	0
1171	1156	1094	1252	1102	0
1156	1094	1252	1102	1245	0
1094	1252	1102	1245	1062	0
1252	1102	1245	1062	1101	0
1102	1245	1062	1101	1117	0
1245	1062	1101	1117	1171	0
1062	1101	1117	1171	1109	0
1101	1117	1171	1109	1261	0
1117	1171	1109	1261	1175	0
1171	1109	1261	1175	1264	0
1109	1261	1175	1264	1152	0
1261	1175	1264	1152	1167	0
1175	1264	1152	1167	1183	0
1264	1152	1167	1183	1172	0
1152	1167	1183	1172	1112	0
1167	1183	1172	1112	1246	0
1183	1172	1112	1246	1120	0
1172	1112	1246	1120	1195	0
1112	1246	1120	1195	1140	0
1246	1120	1195	1140	1159	0
1120	1195	1140	1159	1183	0
1195	1140	1159	1183	1148	0
1140	1159	1183	1148	1113	0
1159	1183	1148	1113	1167	0
1183	1148	1113	1167	1183	0
1148	1113	1167	1183	1191	0
1113	1167	1183	1191	1117	0
1167	1183	1191	1117	1120	0
1183	1191	1117	1120	1144	0
1191	1117	1120	1144	1144	0
1117	1120	1144	1144	1097	0
1120	1144	1144	1097	1245	0
1144	1144	1097	1245	1133	0
1144	1097	1245	1133	1206	0
1097	1245	1133	1206	1117	0
1245	1133	1206	1117	1128	0
1133	1206	1117	1128	1152	0
1206	1117	1128	1152	1183	0
1117	1128	1152	1183	1089	0
1128	1152	1183	1089	1218	0
1152	1183	1089	1218	1109	0
1183	1089	1218	1109	1175	0
1089	1218	1109	1175	1097	0
1218	1109	1175	1097	1141	0
1109	1175	1097	1141	1140	0
1175	1097	1141	1140	1144	0
1097	1141	1140	1144	1070	0
1141	1140	1144	1070	1124	0
1140	1144	1070	1124	1136	0
1144	1070	1124	1136	1113	0
1070	1124	1136	1113	1059	0
1124	1136	1113	1059	1210	0
1136	1113	1059	1210	1042	0
1113	1059	1210	1042	1242	0
1059	1210	1042	1242	1054	0
1210	1042	1242	1054	1238	0
1042	1242	1054	1238	1147	0
1242	1054	1238	1147	1207	0
1054	1238	1147	1207	1120	0
1238	1147	1207	1120	1164	0
1147	1207	1120	1164	1175	0
1207	1120	1164	1175	1132	0
1120	1164	1175	1132	1086	0
1164	1175	1132	1086	521	0
1175	1132	1086	521	1350	0
1132	1086	521	1350	1179	1
1086	521	1350	1179	1191	2
521	1350	1179	1191	1206	0
1350	1179	1191	1206	1183	0
1179	1191	1206	1183	1183	0
1191	1206	1183	1183	1179	0
1206	1183	1183	1179	1183	0
1183	1183	1179	1183	1175	0
1183	1179	1183	1175	1202	0
1179	1183	1175	1202	1187	0
1183	1175	1202	1187	1179	0
1175	1202	1187	1179	1171	0
1202	1187	1179	1171	522	0
1187	1179	1171	522	1358	0
1179	1171	522	1358	1186	1
1171	522	1358	1186	1160	2
522	1358	1186	1160	1155	0
1358	1186	1160	1155	1164	0
1186	1160	1155	1164	1156	0
1160	1155	1164	1156	1155	0
1155	1164	1156	1155	1168	0
1164	1156	1155	1168	521	0
1156	1155	1168	521	1311	0
1155	1168	521	1311	1140	1
1168	521	1311	1140	1156	2
521	1311	1140	1156	1163	0
1311	1140	1156	1163	1140	0
1140	1156	1163	1140	1144	0
1156	1163	1140	1144	1168	0
1163	1140	1144	1168	1183	0
1140	1144	1168	1183	1182	0
1144	1168	1183	1182	1164	0
1168	1183	1182	1164	1175	0
1183	1182	1164	1175	1183	0
1182	1164	1175	1183	1175	0
1164	1175	1183	1175	1163	0
1175	1183	1175	1163	1152	0
1183	1175	1163	1152	522	0
1175	1163	1152	522	1319	0
1163	1152	522	1319	1136	1
1152	522	1319	1136	1124	2
522	1319	1136	1124	1144	0
1319	1136	1124	1144	1156	0
1136	1124	1144	1156	1187	0
1124	1144	1156	1187	1175	0
1144	1156	1187	1175	1210	0
1156	1187	1175	1210	1229	0
1187	1175	1210	1229	1199	0
1175	1210	1229	1199	1198	0
1210	1229	1199	1198	1199	0
1229	1199	1198	1199	1183	0
1199	1198	1199	1183	1186	0
1198	1199	1183	1186	1164	0
1199	1183	1186	1164	1183	0
1183	1186	1164	1183	1179	0
1186	1164	1183	1179	1187	0
1164	1183	1179	1187	1151	0
1183	1179	1187	1151	1160	0
1179	1187	1151	1160	1171	0
1187	1151	1160	1171	1160	0
1151	1160	1171	1160	1144	0
1160	1171	1160	1144	1151	0
1171	1160	1144	1151	1152	0
1160	1144	1151	1152	1128	0
1144	1151	1152	1128	1063	0
1151	1152	1128	1063	1198	0
1152	1128	1063	1198	1086	0
1128	1063	1198	1086	1109	0
1063	1198	1086	1109	521	0
1198	1086	1109	521	1370	0
1086	1109	521	1370	1198	1
1109	521	1370	1198	1175	2
521	1370	1198	1175	1199	0
1370	1198	1175	1199	1190	0
1198	1175	1199	1190	1179	0
1175	1199	1190	1179	1191	0
1199	1190	1179	1191	1156	0
1190	1179	1191	1156	1175	0
1179	1191	1156	1175	1175	0
1191	1156	1175	1175	1183	0
1156	1175	1175	1183	1171	0
1175	1175	1183	1171	1179	0
1175	1183	1171	1179	1175	0
1183	1171	1179	1175	1175	0
1171	1179	1175	1175	1164	0
1179	1175	1175	1164	1171	0
1175	1175	1164	1171	1187	0
1175	1164	1171	1187	1175	0
1164	1171	1187	1175	1155	0
1171	1187	1175	1155	522	0
1187	1175	1155	522	1330	0
1175	1155	522	1330	1160	1
1155	522	1330	1160	1148	2
522	1330	1160	1148	521	0
1330	1160	1148	521	1323	0
1160	1148	521	1323	1167	1
1148	521	1323	1167	1152	2
521	1323	1167	1152	1144	0
1323	1167	1152	1144	1160	0
1167	1152	1144	1160	517	0
1152	1144	1160	517	1409	0
1144	1160	517	1409	1132	1
1160	517	1409	1132	1164	2
517	1409	1132	1164	1175	0
1409	1132	1164	1175	1140	0
1132	1164	1175	1140	1151	0
1164	1175	1140	1151	1183	0
1175	1140	1151	1183	1179	0
1140	1151	1183	1179	1183	0
1151	1183	1179	1183	522	0
1183	1179	1183	522	1447	0
1179	1183	522	1447	1156	1
1183	522	1447	1156	1151	2
522	1447	1156	1151	1144	0
1447	1156	1151	1144	1094	0
1156	1151	1144	1094	1128	0
1151	1144	1094	1128	1140	0
1144	1094	1128	1140	1094	0
1094	1128	1140	1094	1221	0
1128	1140	1094	1221	1133	0
1140	1094	1221	1133	1190	0
1094	1221	1133	1190	1121	0
1221	1133	1190	1121	1167	0
1133	1190	1121	1167	1179	0
1190	1121	1167	1179	1140	0
1121	1167	1179	1140	1067	0
1167	1179	1140	1067	1136	0
1179	1140	1067	1136	1113	0
1140	1067	1136	1113	1132	0
1067	1136	1113	1132	1058	0
1136	1113	1132	1058	1098	0
1113	1132	1058	1098	1093	0
1132	1058	1098	1093	1105	0
1058	1098	1093	1105	1051	0
1098	1093	1105	1051	1081	0
1093	1105	1051	1081	1206	0
1105	1051	1081	1206	1043	0
1051	1081	1206	1043	1066	0
1081	1206	1043	1066	1195	0
1206	1043	1066	1195	1035	0
1043	1066	1195	1035	1206	0
1066	1195	1035	1206	1031	0
1195	1035	1206	1031	1218	0
1035	1206	1031	1218	1082	0
1206	1031	1218	1082	1124	0
1031	1218	1082	1124	1059	0
1218	1082	1124	1059	1214	0
1082	1124	1059	1214	1070	0
1124	1059	1214	1070	1124	0
1059	1214	1070	1124	1051	0
1214	1070	1124	1051	1105	0
1070	1124	1051	1105	1206	0
1124	1051	1105	1206	1055	0
1051	1105	1206	1055	1066	0
1105	1206	1055	1066	1113	0
1206	1055	1066	1113	1233	0
1055	1066	1113	1233	1059	0
1066	1113	1233	1059	1085	0
1113	1233	1059	1085	1222	0
1233	1059	1085	1222	1070	0
1059	1085	1222	1070	1128	0
1085	1222	1070	1128	1098	0
1222	1070	1128	1098	521	0
1070	1128	1098	521	1354	0
1128	1098	521	1354	1195	1
1098	521	1354	1195	1190	2
521	1354	1195	1190	1175	0
1354	1195	1190	1175	1156	0
1195	1190	1175	1156	1074	0
1190	1175	1156	1074	1066	0
1175	1156	1074	1066	1094	0
1156	1074	1066	1094	1097	0
1074	1066	1094	1097	1109	0
1066	1094	1097	1109	1062	0
1094	1097	1109	1062	1093	0
1097	1109	1062	1093	1113	0
1109	1062	1093	1113	1121	0
1062	1093	1113	1121	1093	0
1093	1113	1121	1093	1047	0
1113	1121	1093	1047	1082	0
1121	1093	1047	1082	1101	0
1093	1047	1082	1101	1089	0
1047	1082	1101	1089	1070	0
1082	1101	1089	1070	1102	0
1101	1089	1070	1102	517	0
1089	1070	1102	517	1350	0
1070	1102	517	1350	1195	1
1102	517	1350	1195	1198	2
517	1350	1195	1198	1168	0
1350	1195	1198	1168	1124	0
1195	1198	1168	1124	1051	0
1198	1168	1124	1051	521	0
1168	1124	1051	521	1335	0
1124	1051	521	1335	1151	1
1051	521	1335	1151	1164	2
521	1335	1151	1164	1163	0
1335	1151	1164	1163	1164	0
1151	1164	1163	1164	1136	0
1164	1163	1164	1136	1136	0
1163	1164	1136	1136	1179	0
1164	1136	1136	1179	1090	0
1136	1136	1179	1090	291	0
1136	1179	1090	291	222	0
1179	1090	291	222	759	1
1090	291	222	759	805	2
291	222	759	805	697	0
222	759	805	697	630	0
759	805	697	630	456	0
805	697	630	456	778	0
697	630	456	778	797	0
630	456	778	797	1012	0
456	778	797	1012	735	0
778	797	1012	735	674	0
797	1012	735	674	673	0
1012	735	674	673	910	0
735	674	673	910	849	0
674	673	910	849	930	0
673	910	849	930	723	0
910	849	930	723	1164	0
849	930	723	1164	758	0
930	723	1164	758	1039	0
723	1164	758	1039	537	0
1164	758	1039	537	588	0
758	1039	537	588	856	0
1039	537	588	856	899	0
537	588	856	899	1221	1
588	856	899	1221	600	2
856	899	1221	600	552	0
899	1221	600	552	514	1
1221	600	552	514	731	2
600	552	514	731	666	0
552	514	731	666	486	0
514	731	666	486	712	0
731	666	486	712	634	0
666	486	712	634	658	0
486	712	634	658	654	0
712	634	658	654	618	0
634	658	654	618	977	0
658	654	618	977	848	0
654	618	977	848	705	0
618	977	848	705	1237	0
977	848	705	1237	467	0
848	705	1237	467	475	0
705	1237	467	475	533	0
1237	467	475	533	529	0
467	475	533	529	502	0
475	533	529	502	432	0
533	529	502	432	428	0
529	502	432	428	1350	1
502	432	428	1350	1226	2
432	428	1350	1226	1202	0
428	1350	1226	1202	1159	0
1350	1226	1202	1159	1172	0
1226	1202	1159	1172	1163	0
1202	1159	1172	1163	1148	0
1159	1172	1163	1148	1167	0
1172	1163	1148	1167	1171	0
1163	1148	1167	1171	1179	0
1148	1167	1171	1179	1160	0
1167	1171	1179	1160	1140	0
1171	1179	1160	1140	1156	0
1179	1160	1140	1156	1151	0
1160	1140	1156	1151	1141	0
1140	1156	1151	1141	1143	0
1156	1151	1141	1143	1156	0
1151	1141	1143	1156	1175	0
1141	1143	1156	1175	1148	0
1143	1156	1175	1148	1152	0
1156	1175	1148	1152	1179	0
1175	1148	1152	1179	1159	0
1148	1152	1179	1159	1148	0
1152	1179	1159	1148	1144	0
1179	1159	1148	1144	1156	0
1159	1148	1144	1156	1187	0
1148	1144	1156	1187	1159	0
1144	1156	1187	1159	1144	0
1156	1187	1159	1144	1140	0
1187	1159	1144	1140	1167	0
1159	1144	1140	1167	1176	0
1144	1140	1167	1176	1151	0
1140	1167	1176	1151	1156	0
1167	1176	1151	1156	1167	0
1176	1151	1156	1167	1172	0
1151	1156	1167	1172	1159	0
1156	1167	1172	1159	1152	0
1167	1172	1159	1152	1163	0
1172	1159	1152	1163	1175	0
1159	1152	1163	1175	1160	0
1152	1163	1175	1160	1136	0
1163	1175	1160	1136	1136	0
1175	1160	1136	1136	1148	0
1160	1136	1136	1148	1144	0
1136	1136	1148	1144	1113	0
1136	1148	1144	1113	1015	0
1148	1144	1113	1015	1024	0
1144	1113	1015	1024	1023	0
1113	1015	1024	1023	1027	0
1015	1024	1023	1027	1024	0
1024	1023	1027	1024	1187	0
1023	1027	1024	1187	1011	0
1027	1024	1187	1011	1117	0
1024	1187	1011	1117	1047	0
1187	1011	1117	1047	1093	0
1011	1117	1047	1093	1117	0
1117	1047	1093	1117	1128	0
1047	1093	1117	1128	1086	0
1093	1117	1128	1086	1054	0
1117	1128	1086	1054	1094	0
1128	1086	1054	1094	1105	0
1086	1054	1094	1105	1120	0
1054	1094	1105	1120	1051	0
1094	1105	1120	1051	1210	0
1105	1120	1051	1210	1035	0
1120	1051	1210	1035	1132	0
1051	1210	1035	1132	1059	0
1210	1035	1132	1059	1093	0
1035	1132	1059	1093	1128	0
1132	1059	1093	1128	1144	0
1059	1093	1128	1144	1082	0
1093	1128	1144	1082	1066	0
1128	1144	1082	1066	1125	0
1144	1082	1066	1125	1117	0
1082	1066	1125	1117	1070	0
1066	1125	1117	1070	1050	0
1125	1117	1070	1050	1105	0
1117	1070	1050	1105	1113	0
1070	1050	1105	1113	1136	0
1050	1105	1113	1136	1082	0
1105	1113	1136	1082	1128	0
1113	1136	1082	1128	1125	0
1136	1082	1128	1125	1152	0
1082	1128	1125	1152	1093	0
1128	1125	1152	1093	1074	0
1125	1152	1093	1074	1109	0
1152	1093	1074	1109	1120	0
1093	1074	1109	1120	1148	0
1074	1109	1120	1148	1055	0
1109	1120	1148	1055	1093	0
1120	1148	1055	1093	1117	0
1148	1055	1093	1117	1128	0
1055	1093	1117	1128	1109	0
1093	1117	1128	1109	1051	0
1117	1128	1109	1051	1070	0
1128	1109	1051	1070	1086	0
1109	1051	1070	1086	1140	0
1051	1070	1086	1140	1066	0
1070	1086	1140	1066	1062	0
1086	1140	1066	1062	1105	0
1140	1066	1062	1105	1237	0
1066	1062	1105	1237	1024	0
1062	1105	1237	1024	1109	0
1105	1237	1024	1109	1124	0
1237	1024	1109	1124	1094	0
1024	1109	1124	1094	1097	0
1109	1124	1094	1097	1062	0
1124	1094	1097	1062	1047	0
1094	1097	1062	1047	1222	0
1097	1062	1047	1222	1046	0
1062	1047	1222	1046	1148	0
1047	1222	1046	1148	1074	0
1222	1046	1148	1074	1078	0
1046	1148	1074	1078	1117	0
1148	1074	1078	1117	1105	0
1074	1078	1117	1105	1101	0
1078	1117	1105	1101	1043	0
1117	1105	1101	1043	1264	0
1105	1101	1043	1264	1144	0
1101	1043	1264	1144	1156	0
1043	1264	1144	1156	1078	0
1264	1144	1156	1078	1089	0
1144	1156	1078	1089	1109	0
1156	1078	1089	1109	1152	0
1078	1089	1109	1152	1086	0
1089	1109	1152	1086	1097	0
1109	1152	1086	1097	517	0
1152	1086	1097	517	1358	0
1086	1097	517	1358	1187	1
1097	517	1358	1187	1171	2
517	1358	1187	1171	1168	0
1358	1187	1171	1168	1140	0
1187	1171	1168	1140	1046	0
1171	1168	1140	1046	1063	0
1168	1140	1046	1063	1109	0
1140	1046	1063	1109	1241	0
1046	1063	1109	1241	1070	0
1063	1109	1241	1070	1109	0
1109	1241	1070	1109	1136	0
1241	1070	1109	1136	1144	0
1070	1109	1136	1144	1093	0
1109	1136	1144	1093	1074	0
1136	1144	1093	1074	1226	0
1144	1093	1074	1226	1047	0
1093	1074	1226	1047	1097	0
1074	1226	1047	1097	1066	0
1226	1047	1097	1066	1016	0
1047	1097	1066	1016	1066	0
1097	1066	1016	1066	1074	0
1066	1016	1066	1074	1050	0
1016	1066	1074	1050	1094	0
1066	1074	1050	1094	1101	0
1074	1050	1094	1101	1124	0
1050	1094	1101	1124	1082	0
1094	1101	1124	1082	518	0
1101	1124	1082	518	1342	0
1124	1082	518	1342	517	1
1082	518	1342	517	1339	2
518	1342	517	1339	1179	1
1342	517	1339	1179	1156	2
517	1339	1179	1156	1144	0
1339	1179	1156	1144	1128	0
1179	1156	1144	1128	1140	0
1156	1144	1128	1140	1144	0
1144	1128	1140	1144	1140	0
1128	1140	1144	1140	1144	0
1140	1144	1140	1144	1156	0
1144	1140	1144	1156	1151	0
1140	1144	1156	1151	1133	0
1144	1156	1151	1133	1155	0
1156	1151	1133	1155	1160	0
1151	1133	1155	1160	1113	0
1133	1155	1160	1113	1120	0
1155	1160	1113	1120	1059	0
1160	1113	1120	1059	1218	0
1113	1120	1059	1218	1078	0
1120	1059	1218	1078	1101	0
1059	1218	1078	1101	1007	0
1218	1078	1101	1007	522	0
1078	1101	1007	522	1311	0
1101	1007	522	1311	1148	1
1007	522	1311	1148	1140	2
522	1311	1148	1140	1132	0
1311	1148	1140	1132	1152	0
1148	1140	1132	1152	1129	0
1140	1132	1152	1129	1132	0
1132	1152	1129	1132	1101	0
1152	1129	1132	1101	525	0
1129	1132	1101	525	1331	0
1132	1101	525	1331	1160	1
1101	525	1331	1160	1167	2
525	1331	1160	1167	1171	0
1331	1160	1167	1171	1171	0
1160	1167	1171	1171	1148	0
1167	1171	1171	1148	1171	0
1171	1171	1148	1171	522	0
1171	1148	1171	522	1346	0
1148	1171	522	1346	1183	1
1171	522	1346	1183	1163	2
522	1346	1183	1163	1172	0
1346	1183	1163	1172	1182	0
1183	1163	1172	1182	1183	0
1163	1172	1182	1183	1164	0
1172	1182	1183	1164	1175	0
1182	1183	1164	1175	1183	0
1183	1164	1175	1183	525	0
1164	1175	1183	525	1331	0
1175	1183	525	1331	1167	1
1183	525	1331	1167	1175	2
525	1331	1167	1175	1171	0
1331	1167	1175	1171	1144	0
1167	1175	1171	1144	1140	0
1175	1171	1144	1140	1098	0
1171	1144	1140	1098	517	0
1144	1140	1098	517	1327	0
1140	1098	517	1327	1156	1
1098	517	1327	1156	1167	2
517	1327	1156	1167	1160	0
1327	1156	1167	1160	1140	0
1156	1167	1160	1140	1093	0
1167	1160	1140	1093	1051	0
1160	1140	1093	1051	1124	0
1140	1093	1051	1124	1144	0
1093	1051	1124	1144	1140	0
1051	1124	1144	1140	1066	0
1124	1144	1140	1066	1117	0
1144	1140	1066	1117	1132	0
1140	1066	1117	1132	1109	0
1066	1117	1132	1109	1074	0
1117	1132	1109	1074	1117	0
1132	1109	1074	1117	1128	0
1109	1074	1117	1128	1125	0
1074	1117	1128	1125	521	0
1117	1128	1125	521	1362	0
1128	1125	521	1362	1187	1
1125	521	1362	1187	1183	2
521	1362	1187	1183	1183	0
1362	1187	1183	1183	1183	0
1187	1183	1183	1183	1179	0
1183	1183	1183	1179	1159	0
1183	1183	1179	1159	1163	0
1183	1179	1159	1163	1168	0
1179	1159	1163	1168	1163	0
1159	1163	1168	1163	1074	0
1163	1168	1163	1074	1097	0
1168	1163	1074	1097	1121	0
1163	1074	1097	1121	1066	0
1074	1097	1121	1066	522	0
1097	1121	1066	522	1342	0
1121	1066	522	1342	1175	1
1066	522	1342	1175	1144	2
522	1342	1175	1144	1140	0
1342	1175	1144	1140	1148	0
1175	1144	1140	1148	1117	0
1144	1140	1148	1117	1081	0
1140	1148	1117	1081	1043	0
1148	1117	1081	1043	522	0
1117	1081	1043	522	1330	0
1081	1043	522	1330	1175	1
1043	522	1330	1175	1156	2
522	1330	1175	1156	1160	0
1330	1175	1156	1160	1151	0
1175	1156	1160	1151	1152	0
1156	1160	1151	1152	1117	0
1160	1151	1152	1117	1070	0
1151	1152	1117	1070	1066	0
1152	1117	1070	1066	1078	0
1117	1070	1066	1078	1089	0
1070	1066	1078	1089	1039	0
1066	1078	1089	1039	1035	0
1078	1089	1039	1035	1055	0
1089	1039	1035	1055	1058	0
1039	1035	1055	1058	1043	0
1035	1055	1058	1043	996	0
1055	1058	1043	996	1031	0
1058	1043	996	1031	1055	0
1043	996	1031	1055	525	0
996	1031	1055	525	1331	0
1031	1055	525	1331	1163	1
1055	525	1331	1163	1148	2
525	1331	1163	1148	1074	0
1331	1163	1148	1074	1019	0
1163	1148	1074	1019	1063	0
1148	1074	1019	1063	1183	0
1074	1019	1063	1183	1042	0
1019	1063	1183	1042	1094	0
1063	1183	1042	1094	1218	0
1183	1042	1094	1218	1070	0
1042	1094	1218	1070	1148	0
1094	1218	1070	1148	1085	0
1218	1070	1148	1085	1051	0
1070	1148	1085	1051	1097	0
1148	1085	1051	1097	1148	0
1085	1051	1097	1148	1074	0
1051	1097	1148	1074	1023	0
1097	1148	1074	1023	1191	0
1148	1074	1023	1191	1039	0
1074	1023	1191	1039	1113	0
1023	1191	1039	1113	1066	0
1191	1039	1113	1066	1093	0
1039	1113	1066	1093	1109	0
1113	1066	1093	1109	1121	0
1066	1093	1109	1121	1050	0
1093	1109	1121	1050	1082	0
1109	1121	1050	1082	1089	0
1121	1050	1082	1089	1082	0
1050	1082	1089	1082	1109	0
1082	1089	1082	1109	1047	0
1089	1082	1109	1047	1070	0
1082	1109	1047	1070	1105	0
1109	1047	1070	1105	1136	0
1047	1070	1105	1136	1066	0
1070	1105	1136	1066	1047	0
1105	1136	1066	1047	1089	0
1136	1066	1047	1089	1094	0
1066	1047	1089	1094	1124	0
1047	1089	1094	1124	1066	0
1089	1094	1124	1066	1082	0
1094	1124	1066	1082	1101	0
1124	1066	1082	1101	1109	0
1066	1082	1101	1109	1063	0
1082	1101	1109	1063	1019	0
1101	1109	1063	1019	1000	0
1109	1063	1019	1000	996	0
1063	1019	1000	996	957	0
1019	1000	996	957	938	0
1000	996	957	938	953	0
996	957	938	953	950	0
957	938	953	950	949	0
938	953	950	949	953	0
953	950	949	953	965	0
950	949	953	965	981	0
949	953	965	981	1004	0
953	965	981	1004	1000	0
965	981	1004	1000	1012	0
981	1004	1000	1012	1073	0
1004	1000	1012	1073	1250	0
1000	1012	1073	1250	1066	0
1012	1073	1250	1066	1124	0
1073	1250	1066	1124	1097	0
1250	1066	1124	1097	1133	0
1066	1124	1097	1133	1132	0
1124	1097	1133	1132	1125	0
1097	1133	1132	1125	1112	0
1133	1132	1125	1112	1078	0
1132	1125	1112	1078	1101	0
1125	1112	1078	1101	1129	0
1112	1078	1101	1129	1089	0
1078	1101	1129	1089	1078	0
1101	1129	1089	1078	1129	0
1129	1089	1078	1129	1143	0
1089	1078	1129	1143	1187	0
1078	1129	1143	1187	1144	0
1129	1143	1187	1144	1051	0
1143	1187	1144	1051	1225	0
1187	1144	1051	1225	1078	0
1144	1051	1225	1078	1133	0
1051	1225	1078	1133	1144	0
1225	1078	1133	1144	1077	0
1078	1133	1144	1077	1105	0
1133	1144	1077	1105	1156	0
1144	1077	1105	1156	1156	0
1077	1105	1156	1156	1151	0
1105	1156	1156	1151	1063	0
1156	1156	1151	1063	1097	0
1156	1151	1063	1097	1113	0
1151	1063	1097	1113	1105	0
1063	1097	1113	1105	1140	0
1097	1113	1105	1140	1035	0
1113	1105	1140	1035	1043	0
1105	1140	1035	1043	1054	0
1140	1035	1043	1054	1086	0
1035	1043	1054	1086	1113	0
1043	1054	1086	1113	1054	0
1054	1086	1113	1054	1070	0
1086	1113	1054	1070	1105	0
1113	1054	1070	1105	1136	0
1054	1070	1105	1136	1071	0
1070	1105	1136	1071	1042	0
1105	1136	1071	1042	1074	0
1136	1071	1042	1074	1098	0
1071	1042	1074	1098	1093	0
1042	1074	1098	1093	1027	0
1074	1098	1093	1027	1039	0
1098	1093	1027	1039	1058	0
1093	1027	1039	1058	1035	0
1027	1039	1058	1035	1035	0
1039	1058	1035	1035	1063	0
1058	1035	1035	1063	1097	0
1035	1035	1063	1097	1082	0
1035	1063	1097	1082	1050	0
1063	1097	1082	1050	1039	0
1097	1082	1050	1039	1086	0
1082	1050	1039	1086	1210	0
1050	1039	1086	1210	1039	0
1039	1086	1210	1039	1070	0
1086	1210	1039	1070	1074	0
1210	1039	1070	1074	1082	0
1039	1070	1074	1082	1101	0
1070	1074	1082	1101	1089	0
1074	1082	1101	1089	1035	0
1082	1101	1089	1035	1086	0
1101	1089	1035	1086	1109	0
1089	1035	1086	1109	1140	0
1035	1086	1109	1140	1097	0
1086	1109	1140	1097	1070	0
1109	1140	1097	1070	1113	0
1140	1097	1070	1113	1226	0
1097	1070	1113	1226	1035	0
1070	1113	1226	1035	1058	0
1113	1226	1035	1058	1117	0
1226	1035	1058	1117	1097	0
1035	1058	1117	1097	1074	0
1058	1117	1097	1074	1097	0
1117	1097	1074	1097	1066	0
1097	1074	1097	1066	1043	0
1074	1097	1066	1043	1051	0
1097	1066	1043	1051	1035	0
1066	1043	1051	1035	1070	0
1043	1051	1035	1070	1027	0
1051	1035	1070	1027	996	0
1035	1070	1027	996	969	0
1070	1027	996	969	992	0
1027	996	969	992	954	0
996	969	992	954	968	0
969	992	954	968	954	0
992	954	968	954	945	0
954	968	954	945	930	0
968	954	945	930	930	0
954	945	930	930	919	0
945	930	930	919	914	0
930	930	919	914	914	0
930	919	914	914	930	0
919	914	914	930	934	0
914	914	930	934	934	0
914	930	934	934	957	0
930	934	934	957	973	0
934	934	957	973	1004	0
934	957	973	1004	969	0
957	973	1004	969	972	0
973	1004	969	972	997	0
1004	969	972	997	965	0
969	972	997	965	949	0
972	997	965	949	965	0
997	965	949	965	981	0
965	949	965	981	996	0
949	965	981	996	1019	0
965	981	996	1019	1062	0
981	996	1019	1062	1074	0
996	1019	1062	1074	1082	0
1019	1062	1074	1082	1109	0
1062	1074	1082	1109	1218	0
1074	1082	1109	1218	1128	0
1082	1109	1218	1128	1203	0
1109	1218	1128	1203	1194	0
1218	1128	1203	1194	1202	0
1128	1203	1194	1202	1191	0
1203	1194	1202	1191	1156	0
1194	1202	1191	1156	1132	0
1202	1191	1156	1132	1125	0
