195	0
836	0
467	1
1202	2
833	0
825	0
817	0
825	0
486	1
1187	2
829	0
809	0
817	0
825	0
829	0
428	1
525	2
724	0
794	0
817	0
829	0
829	0
470	1
1199	2
809	0
436	1
1175	2
813	0
794	0
790	0
794	0
794	0
424	1
537	2
653	0
790	0
424	1
526	2
688	0
786	0
436	1
1202	2
814	0
416	1
533	2
732	0
817	0
447	1
1241	2
833	0
817	0
798	0
794	0
813	0
440	1
1233	2
829	0
833	0
821	0
821	0
474	1
1210	2
814	0
424	1
521	2
701	0
801	0
420	1
526	2
739	0
825	0
420	1
537	2
728	0
809	0
833	0
817	0
809	0
786	0
436	1
1152	2
797	0
425	1
501	2
677	0
790	0
463	1
1140	2
806	0
416	1
518	2
708	0
798	0
416	1
525	2
720	0
813	0
833	0
837	0
451	1
1198	2
779	0
424	1
1151	2
759	0
420	1
1102	2
758	0
755	0
755	0
767	0
790	0
447	1
1210	2
821	0
817	0
837	0
833	0
416	1
517	2
728	0
817	0
817	0
786	0
794	0
479	1
1116	2
790	0
417	1
1132	2
774	0
424	1
1086	2
735	0
779	0
766	0
767	0
789	0
802	0
802	0
813	0
817	0
809	0
821	0
814	0
809	0
801	0
802	0
802	0
782	0
786	0
470	1
1082	2
759	0
440	1
1081	2
747	0
740	0
735	0
724	0
751	0
475	1
1108	2
763	0
798	0
786	0
797	0
779	0
766	0
778	0
471	1
1117	2
790	0
797	0
790	0
790	0
786	0
767	0
755	0
494	1
1019	2
736	0
443	1
1105	2
767	0
751	0
755	0
758	0
421	1
1124	2
771	0
782	0
793	0
806	0
801	0
802	0
817	0
821	0
813	0
810	0
502	1
1109	2
793	0
779	0
762	0
775	0
774	0
774	0
778	0
786	0
794	0
798	0
782	0
790	0
794	0
790	0
455	1
1124	2
778	0
429	1
1105	2
747	0
751	0
739	0
770	0
763	0
790	0
805	0
837	0
852	0
436	1
552	2
740	0
840	0
428	1
525	2
744	0
836	0
417	1
533	2
735	0
821	0
428	1
533	2
732	0
821	0
428	1
537	2
727	0
817	0
421	1
544	2
747	0
845	0
856	0
848	0
841	0
463	1
1186	2
829	0
813	0
806	0
786	0
790	0
770	0
424	1
549	2
661	0
782	0
833	0
845	0
844	0
844	0
432	1
537	2
712	0
810	0
789	0
806	0
798	0
797	0
794	0
786	0
774	0
782	0
428	1
1152	2
778	0
421	1
1128	2
759	0
432	1
972	2
732	0
440	1
949	2
716	0
693	0
684	0
697	0
708	0
448	1
996	2
727	0
705	0
716	0
715	0
720	0
751	0
802	0
817	0
767	0
754	0
755	0
763	0
755	0
735	0
751	0
716	0
732	0
739	0
739	0
716	0
701	0
486	1
1035	2
712	0
673	0
669	0
662	0
677	0
716	0
728	0
719	0
728	0
755	0
759	0
813	0
759	0
770	0
767	0
770	0
763	0
758	0
732	0
743	0
732	0
432	1
1058	2
696	0
666	0
661	0
673	0
689	0
455	1
1098	2
766	0
755	0
747	0
747	0
751	0
767	0
762	0
775	0
774	0
778	0
775	0
766	0
767	0
754	0
759	0
740	0
747	0
743	0
727	0
736	0
735	0
413	1
1039	2
735	0
673	0
646	0
634	0
666	0
696	0
417	1
1175	2
786	0
754	0
775	0
794	0
797	0
821	0
806	0
817	0
809	0
802	0
766	0
806	0
747	0
735	0
759	0
728	0
735	0
728	0
723	0
712	0
432	1
1066	2
732	0
731	0
732	0
732	0
750	0
771	0
774	0
790	0
794	0
798	0
782	0
790	0
762	0
759	0
755	0
751	0
755	0
751	0
754	0
759	0
759	0
755	0
759	0
762	0
767	0
762	0
759	0
755	0
755	0
747	0
751	0
743	0
751	0
724	0
743	0
747	0
739	0
751	0
744	0
743	0
743	0
747	0
751	0
747	0
747	0
755	0
751	0
743	0
751	0
751	0
747	0
747	0
728	0
735	0
736	0
727	0
732	0
735	0
736	0
735	0
732	0
435	1
1051	2
728	0
731	0
716	0
736	0
735	0
751	0
755	0
766	0
767	0
782	0
782	0
786	0
786	0
790	0
790	0
432	1
1159	2
782	0
767	0
759	0
755	0
754	0
763	0
763	0
770	0
774	0
775	0
782	0
786	0
424	1
1152	2
778	0
774	0
775	0
455	1
1089	2
759	0
755	0
759	0
766	0
771	0
782	0
786	0
797	0
810	0
809	0
813	0
794	0
790	0
782	0
794	0
778	0
778	0
786	0
786	0
786	0
782	0
775	0
786	0
786	0
778	0
786	0
782	0
798	0
797	0
798	0
798	0
797	0
798	0
420	1
506	2
677	0
770	0
771	0
782	0
782	0
794	0
794	0
805	0
802	0
801	0
798	0
786	0
786	0
782	0
786	0
782	0
790	0
798	0
797	0
794	0
794	0
797	0
802	0
794	0
786	0
786	0
778	0
782	0
782	0
794	0
778	0
790	0
790	0
798	0
793	0
794	0
802	0
794	0
805	0
802	0
801	0
802	0
805	0
790	0
790	0
801	0
790	0
421	1
501	2
662	0
770	0
771	0
774	0
771	0
778	0
782	0
782	0
794	0
790	0
790	0
789	0
794	0
802	0
793	0
802	0
802	0
797	0
798	0
794	0
801	0
810	0
801	0
809	0
814	0
805	0
810	0
809	0
801	0
806	0
801	0
790	0
790	0
782	0
782	0
779	0
774	0
778	0
774	0
763	0
755	0
751	0
763	0
762	0
763	0
770	0
771	0
770	0
767	0
766	0
763	0
786	0
778	0
778	0
782	0
794	0
774	0
786	0
779	0
770	0
763	0
766	0
428	1
1105	2
767	0
755	0
755	0
758	0
763	0
770	0
779	0
786	0
790	0
786	0
789	0
790	0
782	0
460	1
1101	2
766	0
763	0
755	0
762	0
763	0
778	0
782	0
786	0
798	0
794	0
424	1
494	2
677	0
778	0
786	0
771	0
778	0
782	0
786	0
790	0
794	0
801	0
806	0
793	0
802	0
798	0
797	0
448	1
1140	2
774	0
782	0
782	0
779	0
786	0
797	0
790	0
810	0
805	0
805	0
810	0
805	0
790	0
794	0
790	0
794	0
793	0
786	0
428	1
494	2
662	0
770	0
775	0
778	0
782	0
782	0
778	0
790	0
428	1
498	2
670	0
778	0
790	0
790	0
782	0
790	0
793	0
771	0
416	1
1136	2
767	0
747	0
755	0
755	0
758	0
767	0
432	1
1109	2
770	0
763	0
770	0
767	0
778	0
786	0
798	0
420	1
494	2
700	0
794	0
806	0
801	0
798	0
794	0
793	0
814	0
828	0
829	0
825	0
825	0
821	0
805	0
814	0
813	0
809	0
802	0
490	1
1132	2
779	0
801	0
794	0
424	1
494	2
658	0
774	0
794	0
798	0
801	0
790	0
805	0
806	0
809	0
806	0
801	0
806	0
797	0
806	0
782	0
471	1
1113	2
774	0
774	0
767	0
770	0
775	0
789	0
802	0
817	0
817	0
821	0
825	0
829	0
809	0
463	1
1160	2
790	0
786	0
786	0
778	0
798	0
801	0
420	1
491	2
708	0
794	0
813	0
809	0
794	0
798	0
797	0
794	0
798	0
786	0
786	0
778	0
770	0
759	0
774	0
767	0
759	0
420	1
1070	2
743	0
739	0
736	0
432	1
1043	2
727	0
732	0
727	0
440	1
1054	2
755	0
767	0
770	0
779	0
782	0
793	0
802	0
813	0
810	0
821	0
817	0
817	0
809	0
817	0
810	0
801	0
794	0
798	0
797	0
440	1
1144	2
786	0
778	0
778	0
775	0
774	0
782	0
428	1
1156	2
778	0
766	0
767	0
755	0
766	0
775	0
778	0
774	0
771	0
786	0
774	0
778	0
774	0
460	1
1093	2
755	0
774	0
763	0
762	0
460	1
1074	2
754	0
759	0
747	0
751	0
483	1
1027	2
731	0
755	0
436	1
1066	2
751	0
755	0
771	0
424	1
1151	2
775	0
786	0
794	0
789	0
798	0
798	0
797	0
802	0
802	0
801	0
786	0
798	0
774	0
774	0
767	0
763	0
774	0
763	0
762	0
767	0
774	0
763	0
424	1
1120	2
771	0
774	0
771	0
774	0
786	0
778	0
432	1
1144	2
759	0
786	0
778	0
778	0
774	0
767	0
778	0
771	0
801	0
432	1
1148	2
786	0
778	0
782	0
775	0
774	0
778	0
428	1
494	2
662	0
778	0
774	0
771	0
751	0
774	0
759	0
735	0
739	0
751	0
744	0
755	0
754	0
751	0
755	0
755	0
767	0
751	0
739	0
743	0
735	0
436	1
1051	2
739	0
716	0
701	0
688	0
705	0
704	0
696	0
705	0
716	0
747	0
739	0
786	0
759	0
766	0
767	0
762	0
763	0
767	0
766	0
767	0
766	0
771	0
766	0
771	0
770	0
767	0
774	0
770	0
775	0
774	0
782	0
786	0
786	0
428	1
494	2
673	0
767	0
778	0
770	0
771	0
770	0
771	0
770	0
440	1
1121	2
762	0
774	0
767	0
770	0
798	0
771	0
782	0
797	0
794	0
806	0
801	0
809	0
798	0
809	0
802	0
790	0
447	1
495	2
673	0
782	0
782	0
766	0
763	0
778	0
778	0
775	0
782	0
782	0
782	0
782	0
432	1
506	2
650	0
786	0
797	0
802	0
805	0
818	0
821	0
821	0
832	0
833	0
848	0
837	0
836	0
845	0
836	0
829	0
833	0
825	0
825	0
832	0
837	0
829	0
844	0
844	0
833	0
844	0
841	0
829	0
836	0
817	0
821	0
821	0
821	0
817	0
818	0
817	0
821	0
828	0
822	0
840	0
844	0
833	0
817	0
802	0
805	0
790	0
790	0
782	0
794	0
801	0
810	0
435	1
495	2
712	0
809	0
813	0
817	0
810	0
809	0
813	0
802	0
798	0
801	0
806	0
797	0
810	0
809	0
805	0
810	0
809	0
813	0
817	0
817	0
825	0
825	0
813	0
825	0
825	0
821	0
821	0
821	0
802	0
794	0
801	0
802	0
797	0
798	0
802	0
797	0
806	0
813	0
813	0
825	0
841	0
840	0
841	0
840	0
521	1
1172	2
821	0
817	0
809	0
798	0
805	0
806	0
805	0
794	0
836	0
860	0
868	0
872	0
867	0
856	0
853	0
859	0
853	0
844	0
856	0
848	0
845	0
836	0
845	0
836	0
498	1
1191	2
829	0
825	0
817	0
813	0
805	0
817	0
436	1
514	2
727	0
837	0
852	0
856	0
852	0
845	0
471	1
1225	2
829	0
817	0
813	0
810	0
821	0
825	0
836	0
860	0
876	0
860	0
844	0
840	0
821	0
448	1
513	2
701	0
817	0
829	0
829	0
832	0
837	0
848	0
829	0
840	0
436	1
518	2
716	0
813	0
809	0
806	0
801	0
806	0
801	0
798	0
782	0
798	0
782	0
793	0
790	0
798	0
802	0
817	0
832	0
841	0
848	0
852	0
852	0
853	0
435	1
514	2
751	0
840	0
825	0
837	0
829	0
828	0
829	0
825	0
833	0
821	0
829	0
828	0
821	0
837	0
833	0
832	0
821	0
821	0
821	0
810	0
805	0
794	0
790	0
782	0
778	0
444	1
1120	2
779	0
766	0
767	0
778	0
798	0
832	0
856	0
864	0
887	0
887	0
880	0
867	0
463	1
1257	2
849	0
828	0
829	0
813	0
817	0
810	0
809	0
813	0
814	0
809	0
802	0
805	0
802	0
805	0
817	0
825	0
833	0
832	0
833	0
825	0
825	0
829	0
478	1
1164	2
793	0
444	1
1121	2
766	0
743	0
767	0
747	0
755	0
774	0
786	0
794	0
813	0
821	0
825	0
825	0
821	0
829	0
829	0
817	0
432	1
498	2
704	0
805	0
806	0
809	0
806	0
797	0
810	0
805	0
806	0
801	0
806	0
809	0
809	0
821	0
432	1
506	2
708	0
813	0
821	0
771	1
331	2
315	1
303	2
708	0
782	0
794	0
786	0
806	0
817	0
825	0
829	0
832	0
829	0
829	0
825	0
817	0
813	0
809	0
798	0
778	0
778	0
779	0
786	0
786	0
790	0
805	0
802	0
809	0
817	0
809	0
814	0
813	0
817	0
817	0
821	0
813	0
475	1
1160	2
805	0
802	0
801	0
428	1
498	2
697	0
797	0
814	0
828	0
829	0
833	0
840	0
852	0
856	0
857	0
856	0
852	0
848	0
837	0
832	0
837	0
832	0
833	0
432	1
514	2
723	0
821	0
825	0
821	0
817	0
818	0
817	0
817	0
825	0
821	0
825	0
486	1
1160	2
817	0
809	0
809	0
424	1
506	2
697	0
797	0
818	0
832	0
841	0
848	0
860	0
871	0
872	0
864	0
848	0
837	0
825	0
817	0
809	0
806	0
805	0
813	0
806	0
813	0
809	0
440	1
510	2
688	0
794	0
806	0
805	0
813	0
813	0
502	1
1133	2
805	0
806	0
801	0
806	0
809	0
821	0
840	0
853	0
860	0
871	0
872	0
871	0
860	0
848	0
833	0
825	0
817	0
810	0
817	0
443	1
533	2
650	1
786	2
794	0
790	0
786	0
782	0
782	0
782	0
786	0
786	0
794	0
805	0
810	0
813	0
817	0
817	0
813	0
821	0
424	1
502	2
709	0
801	0
806	0
805	0
817	0
813	0
810	0
825	0
824	0
825	0
821	0
810	0
809	0
809	0
506	1
1109	2
794	0
798	0
797	0
436	1
514	2
681	0
809	0
837	0
856	0
856	0
856	0
836	0
817	0
821	0
833	0
833	0
782	0
778	0
432	1
1167	2
794	0
774	0
771	0
731	0
771	0
758	0
771	0
751	0
782	0
767	0
774	0
782	0
432	1
1128	2
775	0
470	1
1020	2
724	0
719	0
732	0
424	1
1144	2
774	0
779	0
782	0
793	0
806	0
829	0
471	1
463	2
782	0
817	0
840	0
845	0
848	0
856	0
844	0
845	0
840	0
837	0
828	0
829	0
821	0
825	0
821	0
825	0
825	0
829	0
825	0
828	0
841	0
840	0
841	0
844	0
845	0
848	0
836	0
841	0
840	0
829	0
483	1
1175	2
809	0
813	0
810	0
801	0
817	0
825	0
829	0
848	0
848	0
849	0
844	0
841	0
836	0
837	0
840	0
837	0
840	0
833	0
836	0
845	0
844	0
841	0
840	0
844	0
444	1
514	2
735	0
837	0
852	0
844	0
841	0
848	0
856	0
852	0
852	0
848	0
845	0
840	0
833	0
829	0
829	0
824	0
821	0
825	0
821	0
833	0
841	0
828	0
825	0
825	0
821	0
825	0
829	0
833	0
836	0
844	0
845	0
844	0
848	0
849	0
844	0
840	0
837	0
844	0
467	1
1218	2
829	0
833	0
836	0
833	0
844	0
856	0
849	0
863	0
856	0
860	0
452	1
521	2
755	0
844	0
674	0
1031	0
852	0
836	0
833	0
837	0
832	0
841	0
844	0
841	0
856	0
856	0
856	0
486	1
1214	2
833	0
829	0
813	0
821	0
825	0
836	0
845	0
856	0
848	0
868	0
856	0
860	0
856	0
860	0
852	0
856	0
467	1
517	2
712	0
837	0
836	0
849	0
852	0
864	0
859	0
864	0
852	0
853	0
848	0
848	0
833	0
836	0
845	0
467	1
521	2
708	0
833	0
844	0
845	0
844	0
848	0
452	1
517	2
708	0
806	0
821	0
825	0
836	0
837	0
844	0
856	0
852	0
860	0
856	0
860	0
860	0
860	0
864	0
868	0
867	0
868	0
856	0
856	0
852	0
444	1
517	2
747	0
837	0
840	0
841	0
844	0
852	0
856	0
860	0
864	0
864	0
875	0
876	0
868	0
867	0
864	0
856	0
852	0
848	0
849	0
856	0
447	1
522	2
747	0
852	0
860	0
864	0
852	0
867	0
864	0
860	0
845	0
848	0
844	0
841	0
836	0
837	0
451	1
518	2
708	0
829	0
840	0
821	0
852	0
841	0
852	0
840	0
849	0
848	0
852	0
844	0
849	0
852	0
439	1
510	2
736	0
824	0
833	0
837	0
840	0
841	0
836	0
841	0
836	0
837	0
844	0
845	0
828	0
436	1
510	2
727	0
810	0
817	0
817	0
825	0
833	0
836	0
845	0
856	0
852	0
867	0
868	0
860	0
860	0
856	0
436	1
517	2
747	0
841	0
848	0
852	0
841	0
844	0
848	0
849	0
848	0
836	0
841	0
463	1
517	2
716	0
829	0
845	0
836	0
837	0
848	0
837	0
836	0
841	0
501	1
1168	2
817	0
809	0
806	0
424	1
506	2
704	0
798	0
825	0
840	0
844	0
860	0
864	0
864	0
864	0
428	1
533	2
782	0
848	0
852	0
852	0
841	0
844	0
837	0
840	0
841	0
844	0
844	0
475	1
553	2
677	0
832	0
841	0
836	0
841	0
856	0
848	0
841	0
856	0
852	0
848	0
852	0
852	0
837	0
840	0
452	1
513	2
716	0
833	0
837	0
828	0
833	0
825	0
821	0
821	0
813	0
821	0
817	0
818	0
832	0
841	0
848	0
486	1
1234	2
848	0
852	0
848	0
845	0
860	0
875	0
872	0
875	0
872	0
864	0
860	0
871	0
860	0
856	0
825	0
829	0
833	0
828	0
833	0
844	0
841	0
836	0
837	0
829	0
832	0
837	0
848	0
829	0
821	0
825	0
825	0
821	0
825	0
428	1
513	2
732	0
817	0
825	0
821	0
825	0
813	0
802	0
790	0
832	0
817	0
779	0
770	0
782	0
774	0
783	0
778	0
790	0
778	0
782	0
774	0
771	0
770	0
774	0
755	0
736	0
727	0
728	0
731	0
728	0
720	0
642	0
755	0
774	0
459	1
1035	2
732	0
700	0
673	0
689	0
448	1
945	2
697	0
692	0
697	0
739	0
809	0
849	0
809	0
809	0
810	0
817	0
447	1
1187	2
813	0
771	0
754	0
767	0
440	1
1109	2
758	0
689	0
693	0
692	0
677	0
654	0
720	0
798	0
883	0
817	0
825	0
840	0
841	0
844	0
837	0
836	0
829	0
829	0
813	0
825	0
813	0
810	0
801	0
798	0
786	0
782	0
798	0
797	0
786	0
798	0
751	0
778	0
759	0
755	0
455	1
1019	2
744	0
716	0
474	1
950	2
642	0
614	0
604	0
603	0
595	0
611	0
432	1
844	2
623	0
595	0
592	0
607	0
618	0
646	0
646	0
654	0
661	0
677	0
697	0
720	0
712	0
704	0
677	0
658	0
630	0
611	0
607	0
599	0
603	0
627	0
677	0
716	0
751	0
770	0
459	1
1070	2
693	0
681	0
692	0
444	1
1093	2
829	0
759	0
751	0
759	0
789	0
821	0
833	0
829	0
852	0
852	0
852	0
856	0
860	0
849	0
840	0
817	0
813	0
806	0
794	0
801	0
802	0
813	0
833	0
832	0
849	0
883	0
856	0
844	0
798	0
805	0
798	0
770	0
440	1
1148	2
759	0
743	0
739	0
736	0
435	1
1051	2
716	0
685	0
685	0
665	0
416	1
969	2
701	0
665	0
689	0
809	0
922	0
432	1
522	2
669	0
762	0
779	0
766	0
751	0
759	0
763	0
762	0
767	0
774	0
778	0
767	0
774	0
494	1
1070	2
771	0
762	0
767	0
759	0
432	1
1116	2
767	0
759	0
751	0
766	0
459	1
1140	2
794	0
813	0
814	0
474	1
1175	2
794	0
802	0
797	0
798	0
420	1
510	2
700	0
794	0
428	1
522	2
704	0
801	0
428	1
1176	2
766	0
782	0
782	0
786	0
452	1
1140	2
793	0
798	0
790	0
494	1
1129	2
797	0
428	1
1171	2
790	0
417	1
509	2
697	0
774	0
432	1
525	2
744	0
817	0
860	0
860	0
840	0
479	1
1186	2
821	0
821	0
818	0
809	0
794	0
774	0
440	1
1140	2
794	0
424	1
513	2
685	0
790	0
444	1
1194	2
821	0
817	0
833	0
821	0
467	1
1233	2
837	0
416	1
526	2
743	0
813	0
428	1
533	2
747	0
845	0
435	1
584	2
669	0
829	0
432	1
537	2
751	0
833	0
420	1
533	2
739	0
833	0
432	1
533	2
739	0
837	0
455	1
537	2
716	0
821	0
436	1
541	2
747	0
848	0
848	0
821	0
813	0
845	0
420	1
537	2
774	0
852	0
421	1
548	2
775	0
856	0
428	1
552	2
771	0
860	0
416	1
548	2
755	0
837	0
420	1
545	2
763	0
840	0
420	1
541	2
724	0
798	0
439	1
1203	2
821	0
420	1
521	2
697	0
797	0
