index	i-4	i-3	i-2	i-1	i+0	i+1	i+2	i+3	i+4	Filter	Time
4	953	1109	1086	1078	1101	1105	1113	1105	1132	0	5393
5	1109	1086	1078	1101	1105	1113	1105	1132	1156	0	6498
6	1086	1078	1101	1105	1113	1105	1132	1156	1175	0	7611
7	1078	1101	1105	1113	1105	1132	1156	1175	1156	0	8716
8	1101	1105	1113	1105	1132	1156	1175	1156	1147	0	9848
9	1105	1113	1105	1132	1156	1175	1156	1147	1176	0	11004
10	1113	1105	1132	1156	1175	1156	1147	1176	1198	0	12179
11	1105	1132	1156	1175	1156	1147	1176	1198	1179	0	13335
12	1132	1156	1175	1156	1147	1176	1198	1179	1140	0	14482
13	1156	1175	1156	1147	1176	1198	1179	1140	1195	0	15658
14	1175	1156	1147	1176	1198	1179	1140	1195	1194	0	16856
15	1156	1147	1176	1198	1179	1140	1195	1194	1206	0	18035
16	1147	1176	1198	1179	1140	1195	1194	1206	1183	0	19175
17	1176	1198	1179	1140	1195	1194	1206	1183	1152	0	20370
18	1198	1179	1140	1195	1194	1206	1183	1152	1183	0	21564
19	1179	1140	1195	1194	1206	1183	1152	1183	1175	0	22770
20	1140	1195	1194	1206	1183	1152	1183	1175	1163	0	23953
21	1195	1194	1206	1183	1152	1183	1175	1163	1137	0	25105
22	1194	1206	1183	1152	1183	1175	1163	1137	1124	0	26288
23	1206	1183	1152	1183	1175	1163	1137	1124	1156	0	27463
24	1183	1152	1183	1175	1163	1137	1124	1156	1155	0	28626
25	1152	1183	1175	1163	1137	1124	1156	1155	1176	0	29763
26	1183	1175	1163	1137	1124	1156	1155	1176	1147	0	30887
27	1175	1163	1137	1124	1156	1155	1176	1147	1105	0	32043
28	1163	1137	1124	1156	1155	1176	1147	1105	1148	0	33198
29	1137	1124	1156	1155	1176	1147	1105	1148	1187	0	34374
30	1124	1156	1155	1176	1147	1105	1148	1187	1179	0	35521
31	1156	1155	1176	1147	1105	1148	1187	1179	1136	0	36626
32	1155	1176	1147	1105	1148	1187	1179	1136	1113	0	37774
33	1176	1147	1105	1148	1187	1179	1136	1113	1117	0	38961
34	1147	1105	1148	1187	1179	1136	1113	1117	1113	0	40140
35	1105	1148	1187	1179	1136	1113	1117	1113	1093	0	41276
36	1148	1187	1179	1136	1113	1117	1113	1093	1078	0	42389
37	1187	1179	1136	1113	1117	1113	1093	1078	1082	0	43506
38	1179	1136	1113	1117	1113	1093	1078	1082	1081	0	44619
39	1136	1113	1117	1113	1093	1078	1082	1081	1082	0	45712
40	1113	1117	1113	1093	1078	1082	1081	1082	1051	0	46790
41	1117	1113	1093	1078	1082	1081	1082	1051	1085	0	47872
42	1113	1093	1078	1082	1081	1082	1051	1085	1090	0	48953
43	1093	1078	1082	1081	1082	1051	1085	1090	1093	0	50035
44	1078	1082	1081	1082	1051	1085	1090	1093	1062	0	51086
45	1082	1081	1082	1051	1085	1090	1093	1062	1090	0	52171
46	1081	1082	1051	1085	1090	1093	1062	1090	1097	0	53261
47	1082	1051	1085	1090	1093	1062	1090	1097	1105	0	54354
48	1051	1085	1090	1093	1062	1090	1097	1105	1066	0	55416
49	1085	1090	1093	1062	1090	1097	1105	1066	1094	0	56506
50	1090	1093	1062	1090	1097	1105	1066	1094	1128	0	57603
51	1093	1062	1090	1097	1105	1066	1094	1128	1148	0	58708
52	1062	1090	1097	1105	1066	1094	1128	1148	1136	0	59774
53	1090	1097	1105	1066	1094	1128	1148	1136	1144	0	60868
54	1097	1105	1066	1094	1128	1148	1136	1144	1179	0	61996
55	1105	1066	1094	1128	1148	1136	1144	1179	1202	0	63144
56	1066	1094	1128	1148	1136	1144	1179	1202	1187	0	64280
57	1094	1128	1148	1136	1144	1179	1202	1187	1152	0	65424
58	1128	1148	1136	1144	1179	1202	1187	1152	1195	0	66603
59	1148	1136	1144	1179	1202	1187	1152	1195	1202	0	67805
60	1136	1144	1179	1202	1187	1152	1195	1202	1202	0	68992
61	1144	1179	1202	1187	1152	1195	1202	1202	1191	0	70144
62	1179	1202	1187	1152	1195	1202	1202	1191	1148	0	71339
63	1202	1187	1152	1195	1202	1202	1191	1148	1175	0	72541
64	1187	1152	1195	1202	1202	1191	1148	1175	1210	0	73743
65	1152	1195	1202	1202	1191	1148	1175	1210	1214	0	74934
66	1195	1202	1202	1191	1148	1175	1210	1214	1175	0	76082
67	1202	1202	1191	1148	1175	1210	1214	1175	1128	0	77257
68	1202	1191	1148	1175	1210	1214	1175	1128	1148	0	78467
69	1191	1148	1175	1210	1214	1175	1128	1148	1179	0	79681
70	1148	1175	1210	1214	1175	1128	1148	1179	1199	0	80856
71	1175	1210	1214	1175	1128	1148	1179	1199	1163	0	81984
72	1210	1214	1175	1128	1148	1179	1199	1163	1148	0	83132
73	1214	1175	1128	1148	1179	1199	1163	1148	1198	0	84311
74	1175	1128	1148	1179	1199	1163	1148	1198	1199	0	85510
75	1128	1148	1179	1199	1163	1148	1198	1199	1194	0	86673
76	1148	1179	1199	1163	1148	1198	1199	1194	1152	0	87821
77	1179	1199	1163	1148	1198	1199	1194	1152	1187	0	89019
78	1199	1163	1148	1198	1199	1194	1152	1187	1206	0	90218
79	1163	1148	1198	1199	1194	1152	1187	1206	1214	0	91412
80	1148	1198	1199	1194	1152	1187	1206	1214	1175	0	92564
81	1198	1199	1194	1152	1187	1206	1214	1175	1152	0	93751
82	1199	1194	1152	1187	1206	1214	1175	1152	1187	0	94957
83	1194	1152	1187	1206	1214	1175	1152	1187	1187	0	96171
84	1152	1187	1206	1214	1175	1152	1187	1187	1186	0	97346
85	1187	1206	1214	1175	1152	1187	1187	1186	1156	0	98498
86	1206	1214	1175	1152	1187	1187	1186	1156	1136	0	99685
87	1214	1175	1152	1187	1187	1186	1156	1136	1199	0	100872
88	1175	1152	1187	1187	1186	1156	1136	1199	1221	0	102058
89	1152	1187	1187	1186	1156	1136	1199	1221	1211	0	103214
90	1187	1187	1186	1156	1136	1199	1221	1211	1151	0	104350
91	1187	1186	1156	1136	1199	1221	1211	1151	1187	0	105549
92	1186	1156	1136	1199	1221	1211	1151	1187	1195	0	106770
93	1156	1136	1199	1221	1211	1151	1187	1195	1171	0	107981
94	1136	1199	1221	1211	1151	1187	1195	1171	1128	0	109132
95	1199	1221	1211	1151	1187	1195	1171	1128	1136	0	110319
96	1221	1211	1151	1187	1195	1171	1128	1136	1183	0	111514
97	1211	1151	1187	1195	1171	1128	1136	1183	1203	0	112685
98	1151	1187	1195	1171	1128	1136	1183	1203	1183	0	113813
99	1187	1195	1171	1128	1136	1183	1203	1183	1143	0	114949
100	1195	1171	1128	1136	1183	1203	1183	1143	1187	0	116132
101	1171	1128	1136	1183	1203	1183	1143	1187	1214	0	117335
102	1128	1136	1183	1203	1183	1143	1187	1214	1234	0	118518
103	1136	1183	1203	1183	1143	1187	1214	1234	1237	0	119661
104	1183	1203	1183	1143	1187	1214	1234	1237	1300	0	120848
105	1203	1183	1143	1187	1214	1234	1237	1300	1256	0	122062
106	1183	1143	1187	1214	1234	1237	1300	1256	1211	0	123296
107	1143	1187	1214	1234	1237	1300	1256	1211	1159	0	124533
108	1187	1214	1234	1237	1300	1256	1211	1159	1195	0	125833
109	1214	1234	1237	1300	1256	1211	1159	1195	1171	0	127089
110	1234	1237	1300	1256	1211	1159	1195	1171	1171	0	128300
111	1237	1300	1256	1211	1159	1195	1171	1171	1152	0	129459
112	1300	1256	1211	1159	1195	1171	1171	1152	1136	0	130654
113	1256	1211	1159	1195	1171	1171	1152	1136	1183	0	131825
114	1211	1159	1195	1171	1171	1152	1136	1183	1179	0	132996
115	1159	1195	1171	1171	1152	1136	1183	1179	1171	0	134148
116	1195	1171	1171	1152	1136	1183	1179	1171	1144	0	135284
117	1171	1171	1152	1136	1183	1179	1171	1144	1191	0	136467
118	1171	1152	1136	1183	1179	1171	1144	1191	1183	0	137646
119	1152	1136	1183	1179	1171	1144	1191	1183	1175	0	138817
120	1136	1183	1179	1171	1144	1191	1183	1175	1140	0	139961
121	1183	1179	1171	1144	1191	1183	1175	1140	1179	0	141152
122	1179	1171	1144	1191	1183	1175	1140	1179	1183	0	142335
123	1171	1144	1191	1183	1175	1140	1179	1183	1163	0	143510
124	1144	1191	1183	1175	1140	1179	1183	1163	1144	0	144650
125	1191	1183	1175	1140	1179	1183	1163	1144	1167	0	145829
126	1183	1175	1140	1179	1183	1163	1144	1167	1160	0	147012
127	1175	1140	1179	1183	1163	1144	1167	1160	1159	0	148175
128	1140	1179	1183	1163	1144	1167	1160	1159	1156	0	149319
129	1179	1183	1163	1144	1167	1160	1159	1156	1136	0	150486
130	1183	1163	1144	1167	1160	1159	1156	1136	1164	0	151646
131	1163	1144	1167	1160	1159	1156	1136	1164	1163	0	152805
132	1144	1167	1160	1159	1156	1136	1164	1163	1160	0	153961
133	1167	1160	1159	1156	1136	1164	1163	1160	1116	0	155097
134	1160	1159	1156	1136	1164	1163	1160	1116	1168	0	156261
135	1159	1156	1136	1164	1163	1160	1116	1168	1198	0	157424
136	1156	1136	1164	1163	1160	1116	1168	1198	1191	0	158584
137	1136	1164	1163	1160	1116	1168	1198	1191	1194	0	159700
138	1164	1163	1160	1116	1168	1198	1191	1194	1230	0	160868
139	1163	1160	1116	1168	1198	1191	1194	1230	1245	0	162066
140	1160	1116	1168	1198	1191	1194	1230	1245	1214	0	163257
141	1116	1168	1198	1191	1194	1230	1245	1214	1171	0	164451
142	1168	1198	1191	1194	1230	1245	1214	1171	1218	0	165681
143	1198	1191	1194	1230	1245	1214	1171	1218	1191	0	166926
144	1191	1194	1230	1245	1214	1171	1218	1191	1183	0	168140
145	1194	1230	1245	1214	1171	1218	1191	1183	1155	0	169311
146	1230	1245	1214	1171	1218	1191	1183	1155	1129	0	170529
147	1245	1214	1171	1218	1191	1183	1155	1129	1155	0	171720
148	1214	1171	1218	1191	1183	1155	1129	1155	1168	0	172903
149	1171	1218	1191	1183	1155	1129	1155	1168	1194	0	174058
150	1218	1191	1183	1155	1129	1155	1168	1194	1164	0	175187
151	1191	1183	1155	1129	1155	1168	1194	1164	1198	0	176342
152	1183	1155	1129	1155	1168	1194	1164	1198	1210	0	177510
153	1155	1129	1155	1168	1194	1164	1198	1210	1218	0	178704
154	1129	1155	1168	1194	1164	1198	1210	1218	1144	0	179868
155	1155	1168	1194	1164	1198	1210	1218	1144	1167	0	181066
156	1168	1194	1164	1198	1210	1218	1144	1167	1164	0	182276
157	1194	1164	1198	1210	1218	1144	1167	1164	1167	0	183494
158	1164	1198	1210	1218	1144	1167	1164	1167	1132	0	184638
159	1198	1210	1218	1144	1167	1164	1167	1132	1090	0	185805
160	1210	1218	1144	1167	1164	1167	1132	1090	1078	0	186969
161	1218	1144	1167	1164	1167	1132	1090	1078	1082	0	188136
162	1144	1167	1164	1167	1132	1090	1078	1082	1085	0	189268
163	1167	1164	1167	1132	1090	1078	1082	1085	1070	0	190358
164	1164	1167	1132	1090	1078	1082	1085	1070	1101	0	191436
165	1167	1132	1090	1078	1082	1085	1070	1101	1137	0	192518
166	1132	1090	1078	1082	1085	1070	1101	1137	1140	0	193603
167	1090	1078	1082	1085	1070	1101	1137	1140	1136	0	194673
168	1078	1082	1085	1070	1101	1137	1140	1136	1175	0	195774
169	1082	1085	1070	1101	1137	1140	1136	1175	1202	0	196911
170	1085	1070	1101	1137	1140	1136	1175	1202	1183	0	198051
171	1070	1101	1137	1140	1136	1175	1202	1183	1179	0	199187
172	1101	1137	1140	1136	1175	1202	1183	1179	1214	0	200362
173	1137	1140	1136	1175	1202	1183	1179	1214	1195	0	201564
174	1140	1136	1175	1202	1183	1179	1214	1195	1179	0	202747
175	1136	1175	1202	1183	1179	1214	1195	1179	1179	0	203926
176	1175	1202	1183	1179	1214	1195	1179	1179	1210	0	205140
177	1202	1183	1179	1214	1195	1179	1179	1210	1214	0	206335
178	1183	1179	1214	1195	1179	1179	1210	1214	1187	0	207514
179	1179	1214	1195	1179	1179	1210	1214	1187	1167	0	208693
180	1214	1195	1179	1179	1210	1214	1187	1167	1179	0	209903
181	1195	1179	1179	1210	1214	1187	1167	1179	1167	0	211117
182	1179	1179	1210	1214	1187	1167	1179	1167	1160	0	212304
183	1179	1210	1214	1187	1167	1179	1167	1160	1148	0	213471
184	1210	1214	1187	1167	1179	1167	1160	1148	1159	0	214650
185	1214	1187	1167	1179	1167	1160	1148	1159	1195	0	215817
186	1187	1167	1179	1167	1160	1148	1159	1195	1214	0	216977
187	1167	1179	1167	1160	1148	1159	1195	1214	1198	0	218125
188	1179	1167	1160	1148	1159	1195	1214	1198	1198	0	219284
189	1167	1160	1148	1159	1195	1214	1198	1198	1234	0	220479
190	1160	1148	1159	1195	1214	1198	1198	1234	1230	0	221693
191	1148	1159	1195	1214	1198	1198	1234	1230	1217	0	222891
192	1159	1195	1214	1198	1198	1234	1230	1217	1168	0	224089
193	1195	1214	1198	1198	1234	1230	1217	1168	1144	0	225323
194	1214	1198	1198	1234	1230	1217	1168	1144	1163	0	226553
195	1198	1198	1234	1230	1217	1168	1144	1163	1167	0	227770
196	1198	1234	1230	1217	1168	1144	1163	1167	1172	0	228938
197	1234	1230	1217	1168	1144	1163	1167	1172	1132	0	230082
198	1230	1217	1168	1144	1163	1167	1172	1132	1121	0	231245
199	1217	1168	1144	1163	1167	1172	1132	1121	1136	0	232412
200	1168	1144	1163	1167	1172	1132	1121	1136	1132	0	233584
201	1144	1163	1167	1172	1132	1121	1136	1132	1125	0	234716
202	1163	1167	1172	1132	1121	1136	1132	1125	1105	0	235837
203	1167	1172	1132	1121	1136	1132	1125	1105	1163	0	236973
204	1172	1132	1121	1136	1132	1125	1105	1163	1198	0	238105
205	1132	1121	1136	1132	1125	1105	1163	1198	1207	0	239230
206	1121	1136	1132	1125	1105	1163	1198	1207	1144	0	240335
207	1136	1132	1125	1105	1163	1198	1207	1144	1132	0	241498
208	1132	1125	1105	1163	1198	1207	1144	1132	1167	0	242696
209	1125	1105	1163	1198	1207	1144	1132	1167	1179	0	243903
210	1105	1163	1198	1207	1144	1132	1167	1179	1136	0	245047
211	1163	1198	1207	1144	1132	1167	1179	1136	1129	0	246179
212	1198	1207	1144	1132	1167	1179	1136	1129	1156	0	247346
213	1207	1144	1132	1167	1179	1136	1129	1156	1167	0	248525
214	1144	1132	1167	1179	1136	1129	1156	1167	1144	0	249661
215	1132	1167	1179	1136	1129	1156	1167	1144	1132	0	250790
216	1167	1179	1136	1129	1156	1167	1144	1132	1167	0	251946
217	1179	1136	1129	1156	1167	1144	1132	1167	1191	0	253113
218	1136	1129	1156	1167	1144	1132	1167	1191	1179	0	254257
219	1129	1156	1167	1144	1132	1167	1191	1179	1163	0	255389
220	1156	1167	1144	1132	1167	1191	1179	1163	1187	0	256556
221	1167	1144	1132	1167	1191	1179	1163	1187	1226	0	257747
222	1144	1132	1167	1191	1179	1163	1187	1226	1218	0	258926
223	1132	1167	1191	1179	1163	1187	1226	1218	1226	0	260089
224	1167	1191	1179	1163	1187	1226	1218	1226	1233	0	261276
225	1191	1179	1163	1187	1226	1218	1226	1233	1226	0	262502
226	1179	1163	1187	1226	1218	1226	1233	1226	1225	0	263720
227	1163	1187	1226	1218	1226	1233	1226	1225	1214	0	264946
228	1187	1226	1218	1226	1233	1226	1225	1214	1222	0	266179
229	1226	1218	1226	1233	1226	1225	1214	1222	1210	0	267405
230	1218	1226	1233	1226	1225	1214	1222	1210	1191	0	268630
231	1226	1233	1226	1225	1214	1222	1210	1191	1156	0	269844
232	1233	1226	1225	1214	1222	1210	1191	1156	1167	0	271066
233	1226	1225	1214	1222	1210	1191	1156	1167	1159	0	272276
234	1225	1214	1222	1210	1191	1156	1167	1159	1152	0	273467
235	1214	1222	1210	1191	1156	1167	1159	1152	1140	0	274623
236	1222	1210	1191	1156	1167	1159	1152	1140	1125	0	275790
237	1210	1191	1156	1167	1159	1152	1140	1125	1167	0	276949
238	1191	1156	1167	1159	1152	1140	1125	1167	1183	0	278101
239	1156	1167	1159	1152	1140	1125	1167	1183	1183	0	279241
240	1167	1159	1152	1140	1125	1167	1183	1183	1144	0	280366
241	1159	1152	1140	1125	1167	1183	1183	1144	1183	0	281533
242	1152	1140	1125	1167	1183	1183	1144	1183	1198	0	282716
243	1140	1125	1167	1183	1183	1144	1183	1198	1202	0	283899
244	1125	1167	1183	1183	1144	1183	1198	1202	1179	0	285043
245	1167	1183	1183	1144	1183	1198	1202	1179	1160	0	286226
246	1183	1183	1144	1183	1198	1202	1179	1160	1183	0	287424
247	1183	1144	1183	1198	1202	1179	1160	1183	1191	0	288626
248	1144	1183	1198	1202	1179	1160	1183	1191	1167	0	289805
249	1183	1198	1202	1179	1160	1183	1191	1167	1152	0	290965
250	1198	1202	1179	1160	1183	1191	1167	1152	1179	0	292148
251	1202	1179	1160	1183	1191	1167	1152	1179	1179	0	293339
252	1179	1160	1183	1191	1167	1152	1179	1179	1179	0	294506
253	1160	1183	1191	1167	1152	1179	1179	1179	1159	0	295658
254	1183	1191	1167	1152	1179	1179	1179	1159	1179	0	296837
255	1191	1167	1152	1179	1179	1179	1159	1179	1195	0	298016
256	1167	1152	1179	1179	1179	1159	1179	1195	1179	0	299195
257	1152	1179	1179	1179	1159	1179	1195	1179	1147	0	300354
258	1179	1179	1179	1159	1179	1195	1179	1147	1183	0	301533
259	1179	1179	1159	1179	1195	1179	1147	1183	1183	0	302728
260	1179	1159	1179	1195	1179	1147	1183	1183	1191	0	303907
261	1159	1179	1195	1179	1147	1183	1183	1191	1136	0	305054
262	1179	1195	1179	1147	1183	1183	1191	1136	1171	0	306237
263	1195	1179	1147	1183	1183	1191	1136	1171	1171	0	307420
264	1179	1147	1183	1183	1191	1136	1171	1171	1164	0	308611
265	1147	1183	1183	1191	1136	1171	1171	1164	1179	0	309747
266	1183	1183	1191	1136	1171	1171	1164	1179	1124	0	310918
267	1183	1191	1136	1171	1171	1164	1179	1124	1191	0	312089
268	1191	1136	1171	1171	1164	1179	1124	1191	1210	0	313253
269	1136	1171	1171	1164	1179	1124	1191	1210	1234	0	314432
270	1171	1171	1164	1179	1124	1191	1210	1234	1190	0	315556
271	1171	1164	1179	1124	1191	1210	1234	1190	1214	0	316747
272	1164	1179	1124	1191	1210	1234	1190	1214	1226	0	317957
273	1179	1124	1191	1210	1234	1190	1214	1226	1230	0	319191
274	1124	1191	1210	1234	1190	1214	1226	1230	1217	0	320381
275	1191	1210	1234	1190	1214	1226	1230	1217	1195	0	321595
276	1210	1234	1190	1214	1226	1230	1217	1195	1222	0	322821
277	1234	1190	1214	1226	1230	1217	1195	1222	1218	0	324051
278	1190	1214	1226	1230	1217	1195	1222	1218	1210	0	325268
279	1214	1226	1230	1217	1195	1222	1218	1210	1183	0	326463
280	1226	1230	1217	1195	1222	1218	1210	1183	1210	0	327685
281	1230	1217	1195	1222	1218	1210	1183	1210	1214	0	328903
282	1217	1195	1222	1218	1210	1183	1210	1214	1214	0	330113
283	1195	1222	1218	1210	1183	1210	1214	1214	1202	0	331296
284	1222	1218	1210	1183	1210	1214	1214	1202	1179	0	332506
285	1218	1210	1183	1210	1214	1214	1202	1179	1222	0	333720
286	1210	1183	1210	1214	1214	1202	1179	1222	1214	0	334934
287	1183	1210	1214	1214	1202	1179	1222	1214	1202	0	336136
288	1210	1214	1214	1202	1179	1222	1214	1202	1172	0	337315
289	1214	1214	1202	1179	1222	1214	1202	1172	1179	0	338537
290	1214	1202	1179	1222	1214	1202	1172	1179	1194	0	339751
291	1202	1179	1222	1214	1202	1172	1179	1194	1191	0	340953
292	1179	1222	1214	1202	1172	1179	1194	1191	1171	0	342125
293	1222	1214	1202	1172	1179	1194	1191	1171	1144	0	343304
294	1214	1202	1172	1179	1194	1191	1171	1144	1167	0	344498
295	1202	1172	1179	1194	1191	1171	1144	1167	1171	0	345689
296	1172	1179	1194	1191	1171	1144	1167	1171	1168	0	346860
297	1179	1194	1191	1171	1144	1167	1171	1168	1128	0	348004
298	1194	1191	1171	1144	1167	1171	1168	1128	1144	0	349171
299	1191	1171	1144	1167	1171	1168	1128	1144	1144	0	350342
300	1171	1144	1167	1171	1168	1128	1144	1144	1156	0	351510
301	1144	1167	1171	1168	1128	1144	1144	1156	1144	0	352638
302	1167	1171	1168	1128	1144	1144	1156	1144	1136	0	353782
303	1171	1168	1128	1144	1144	1156	1144	1136	1152	0	354926
304	1168	1128	1144	1144	1156	1144	1136	1152	1159	0	356082
305	1128	1144	1144	1156	1144	1136	1152	1159	1136	0	357226
306	1144	1144	1156	1144	1136	1152	1159	1136	1125	0	358362
307	1144	1156	1144	1136	1152	1159	1136	1125	1155	0	359514
308	1156	1144	1136	1152	1159	1136	1125	1155	1152	0	360673
309	1144	1136	1152	1159	1136	1125	1155	1152	1148	0	361809
310	1136	1152	1159	1136	1125	1155	1152	1148	1109	0	362934
311	1152	1159	1136	1125	1155	1152	1148	1109	1152	0	364089
312	1159	1136	1125	1155	1152	1148	1109	1152	1167	0	365241
313	1136	1125	1155	1152	1148	1109	1152	1167	1179	0	366389
314	1125	1155	1152	1148	1109	1152	1167	1179	1125	0	367498
315	1155	1152	1148	1109	1152	1167	1179	1125	1151	0	368650
316	1152	1148	1109	1152	1167	1179	1125	1151	1179	0	369817
317	1148	1109	1152	1167	1179	1125	1151	1179	1164	0	370996
318	1109	1152	1167	1179	1125	1151	1179	1164	1120	0	372121
319	1152	1167	1179	1125	1151	1179	1164	1120	1152	0	373272
320	1167	1179	1125	1151	1179	1164	1120	1152	1164	0	374451
321	1179	1125	1151	1179	1164	1120	1152	1164	1167	0	375615
322	1125	1151	1179	1164	1120	1152	1164	1167	1144	0	376735
323	1151	1179	1164	1120	1152	1164	1167	1144	1179	0	377887
324	1179	1164	1120	1152	1164	1167	1144	1179	1202	0	379051
325	1164	1120	1152	1164	1167	1144	1179	1202	1199	0	380218
326	1120	1152	1164	1167	1144	1179	1202	1199	1179	0	381362
327	1152	1164	1167	1144	1179	1202	1199	1179	1167	0	382541
328	1164	1167	1144	1179	1202	1199	1179	1167	1191	0	383743
329	1167	1144	1179	1202	1199	1179	1167	1191	1198	0	384942
330	1144	1179	1202	1199	1179	1167	1191	1198	1152	0	386121
331	1179	1202	1199	1179	1167	1191	1198	1152	1175	0	387288
332	1202	1199	1179	1167	1191	1198	1152	1175	1187	0	388479
333	1199	1179	1167	1191	1198	1152	1175	1187	1202	0	389677
334	1179	1167	1191	1198	1152	1175	1187	1202	1202	0	390829
335	1167	1191	1198	1152	1175	1187	1202	1202	1207	0	392004
336	1191	1198	1152	1175	1187	1202	1202	1207	1229	0	393191
337	1198	1152	1175	1187	1202	1202	1207	1229	1206	0	394393
338	1152	1175	1187	1202	1202	1207	1229	1206	1195	0	395595
339	1175	1187	1202	1202	1207	1229	1206	1195	1179	0	396802
340	1187	1202	1202	1207	1229	1206	1195	1179	1183	0	398031
341	1202	1202	1207	1229	1206	1195	1179	1183	1198	0	399237
342	1202	1207	1229	1206	1195	1179	1183	1198	1168	0	400432
343	1207	1229	1206	1195	1179	1183	1198	1168	1171	0	401611
344	1229	1206	1195	1179	1183	1198	1168	1171	1179	0	402794
345	1206	1195	1179	1183	1198	1168	1171	1179	1175	0	403992
346	1195	1179	1183	1198	1168	1171	1179	1175	1171	0	405160
347	1179	1183	1198	1168	1171	1179	1175	1171	1148	0	406331
348	1183	1198	1168	1171	1179	1175	1171	1148	1179	0	407510
349	1198	1168	1171	1179	1175	1171	1148	1179	1175	0	408685
350	1168	1171	1179	1175	1171	1148	1179	1175	1175	0	409856
351	1171	1179	1175	1171	1148	1179	1175	1175	1148	0	411004
352	1179	1175	1171	1148	1179	1175	1175	1148	1121	0	412183
353	1175	1171	1148	1179	1175	1175	1148	1121	1147	0	413358
354	1171	1148	1179	1175	1175	1148	1121	1147	1172	0	414533
355	1148	1179	1175	1175	1148	1121	1147	1172	1163	0	415681
356	1179	1175	1175	1148	1121	1147	1172	1163	1136	0	416802
357	1175	1175	1148	1121	1147	1172	1163	1136	1175	0	417949
358	1175	1148	1121	1147	1172	1163	1136	1175	1210	0	419121
359	1148	1121	1147	1172	1163	1136	1175	1210	1187	0	420284
360	1121	1147	1172	1163	1136	1175	1210	1187	1160	0	421420
361	1147	1172	1163	1136	1175	1210	1187	1160	1194	0	422595
362	1172	1163	1136	1175	1210	1187	1160	1194	1210	0	423805
363	1163	1136	1175	1210	1187	1160	1194	1210	1191	0	424992
364	1136	1175	1210	1187	1160	1194	1210	1191	1183	0	426152
365	1175	1210	1187	1160	1194	1210	1191	1183	1210	0	427346
366	1210	1187	1160	1194	1210	1191	1183	1210	1206	0	428556
367	1187	1160	1194	1210	1191	1183	1210	1206	1187	0	429747
368	1160	1194	1210	1191	1183	1210	1206	1187	1206	0	430930
369	1194	1210	1191	1183	1210	1206	1187	1206	1195	0	432140
370	1210	1191	1183	1210	1206	1187	1206	1195	1206	0	433346
371	1191	1183	1210	1206	1187	1206	1195	1206	1171	0	434533
372	1183	1210	1206	1187	1206	1195	1206	1171	1195	0	435739
373	1210	1206	1187	1206	1195	1206	1171	1195	1187	0	436934
374	1206	1187	1206	1195	1206	1171	1195	1187	1194	0	438140
375	1187	1206	1195	1206	1171	1195	1187	1194	1171	0	439311
376	1206	1195	1206	1171	1195	1187	1194	1171	1121	0	440506
377	1195	1206	1171	1195	1187	1194	1171	1121	1183	0	441693
378	1206	1171	1195	1187	1194	1171	1121	1183	1191	0	442887
379	1171	1195	1187	1194	1171	1121	1183	1191	1190	0	444058
380	1195	1187	1194	1171	1121	1183	1191	1190	1179	0	445179
381	1187	1194	1171	1121	1183	1191	1190	1179	1214	0	446362
382	1194	1171	1121	1183	1191	1190	1179	1214	1214	0	447553
383	1171	1121	1183	1191	1190	1179	1214	1214	1203	0	448743
384	1121	1183	1191	1190	1179	1214	1214	1203	1151	0	449922
385	1183	1191	1190	1179	1214	1214	1203	1151	1179	0	451136
386	1191	1190	1179	1214	1214	1203	1151	1179	1175	0	452350
387	1190	1179	1214	1214	1203	1151	1179	1175	1168	0	453553
388	1179	1214	1214	1203	1151	1179	1175	1168	1132	0	454704
389	1214	1214	1203	1151	1179	1175	1168	1132	1144	0	455883
390	1214	1203	1151	1179	1175	1168	1132	1144	1156	0	457058
391	1203	1151	1179	1175	1168	1132	1144	1156	1140	0	458226
392	1151	1179	1175	1168	1132	1144	1156	1140	1093	0	459358
393	1179	1175	1168	1132	1144	1156	1140	1093	1125	0	460502
394	1175	1168	1132	1144	1156	1140	1093	1125	1151	0	461658
395	1168	1132	1144	1156	1140	1093	1125	1151	1137	0	462798
396	1132	1144	1156	1140	1093	1125	1151	1137	1128	0	463891
397	1144	1156	1140	1093	1125	1151	1137	1128	1128	0	465016
398	1156	1140	1093	1125	1151	1137	1128	1128	1183	0	466167
399	1140	1093	1125	1151	1137	1128	1128	1183	1210	0	467304
400	1093	1125	1151	1137	1128	1128	1183	1210	1207	0	468432
401	1125	1151	1137	1128	1128	1183	1210	1207	1198	0	469560
402	1151	1137	1128	1128	1183	1210	1207	1198	1206	0	470743
403	1137	1128	1128	1183	1210	1207	1198	1206	1206	0	471953
404	1128	1128	1183	1210	1207	1198	1206	1206	1187	0	473160
405	1128	1183	1210	1207	1198	1206	1206	1187	1206	0	474358
406	1183	1210	1207	1198	1206	1206	1187	1206	1207	0	475564
407	1210	1207	1198	1206	1206	1187	1206	1207	1206	0	476770
408	1207	1198	1206	1206	1187	1206	1207	1206	1194	0	477957
409	1198	1206	1206	1187	1206	1207	1206	1194	1183	0	479163
410	1206	1206	1187	1206	1207	1206	1194	1183	1234	0	480370
411	1206	1187	1206	1207	1206	1194	1183	1234	1218	0	481576
412	1187	1206	1207	1206	1194	1183	1234	1218	1186	0	482770
413	1206	1207	1206	1194	1183	1234	1218	1186	1176	0	483953
414	1207	1206	1194	1183	1234	1218	1186	1176	1194	0	485187
415	1206	1194	1183	1234	1218	1186	1176	1194	1191	0	486405
416	1194	1183	1234	1218	1186	1176	1194	1191	1179	0	487591
417	1183	1234	1218	1186	1176	1194	1191	1179	1144	0	488767
418	1234	1218	1186	1176	1194	1191	1179	1144	1151	0	489961
419	1218	1186	1176	1194	1191	1179	1144	1151	1230	0	491152
420	1186	1176	1194	1191	1179	1144	1151	1230	1233	0	492331
421	1176	1194	1191	1179	1144	1151	1230	1233	1234	0	493475
422	1194	1191	1179	1144	1151	1230	1233	1234	1218	0	494626
423	1191	1179	1144	1151	1230	1233	1234	1218	1264	0	495856
424	1179	1144	1151	1230	1233	1234	1218	1264	1265	0	497089
425	1144	1151	1230	1233	1234	1218	1264	1265	1234	0	498323
426	1151	1230	1233	1234	1218	1264	1265	1234	1198	0	499541
427	1230	1233	1234	1218	1264	1265	1234	1198	1194	0	500805
428	1233	1234	1218	1264	1265	1234	1198	1194	1203	0	502070
429	1234	1218	1264	1265	1234	1198	1194	1203	1202	0	503304
430	1218	1264	1265	1234	1198	1194	1203	1202	1210	0	504502
431	1264	1265	1234	1198	1194	1203	1202	1210	1222	0	505696
432	1265	1234	1198	1194	1203	1202	1210	1222	1206	0	506899
433	1234	1198	1194	1203	1202	1210	1222	1206	1195	0	508101
434	1198	1194	1203	1202	1210	1222	1206	1195	1187	0	509311
435	1194	1203	1202	1210	1222	1206	1195	1187	1218	0	510533
436	1203	1202	1210	1222	1206	1195	1187	1218	1186	0	511739
437	1202	1210	1222	1206	1195	1187	1218	1186	1175	0	512934
438	1210	1222	1206	1195	1187	1218	1186	1175	1172	0	514121
439	1222	1206	1195	1187	1218	1186	1175	1172	1206	0	515339
440	1206	1195	1187	1218	1186	1175	1172	1206	1214	0	516525
441	1195	1187	1218	1186	1175	1172	1206	1214	1163	0	517700
442	1187	1218	1186	1175	1172	1206	1214	1163	1187	0	518872
443	1218	1186	1175	1172	1206	1214	1163	1187	1202	0	520078
444	1186	1175	1172	1206	1214	1163	1187	1202	1195	0	521292
445	1175	1172	1206	1214	1163	1187	1202	1195	1163	0	522455
446	1172	1206	1214	1163	1187	1202	1195	1163	1203	0	523642
447	1206	1214	1163	1187	1202	1195	1163	1203	1202	0	524844
448	1214	1163	1187	1202	1195	1163	1203	1202	1167	0	526039
449	1163	1187	1202	1195	1163	1203	1202	1167	1179	0	527202
450	1187	1202	1195	1163	1203	1202	1167	1179	1242	0	528405
451	1202	1195	1163	1203	1202	1167	1179	1242	1214	0	529607
452	1195	1163	1203	1202	1167	1179	1242	1214	1155	0	530774
453	1163	1203	1202	1167	1179	1242	1214	1155	1183	0	531953
454	1203	1202	1167	1179	1242	1214	1155	1183	1214	0	533195
455	1202	1167	1179	1242	1214	1155	1183	1214	1195	0	534409
456	1167	1179	1242	1214	1155	1183	1214	1195	1155	0	535564
457	1179	1242	1214	1155	1183	1214	1195	1155	1191	0	536747
458	1242	1214	1155	1183	1214	1195	1155	1191	1218	0	537961
459	1214	1155	1183	1214	1195	1155	1191	1218	1163	0	539156
460	1155	1183	1214	1195	1155	1191	1218	1163	1098	0	540311
461	1183	1214	1195	1155	1191	1218	1163	1098	1101	0	541502
462	1214	1195	1155	1191	1218	1163	1098	1101	1105	0	542720
463	1195	1155	1191	1218	1163	1098	1101	1105	1070	0	543883
464	1155	1191	1218	1163	1098	1101	1105	1070	1035	0	544981
465	1191	1218	1163	1098	1101	1105	1070	1035	1058	0	546082
466	1218	1163	1098	1101	1105	1070	1035	1058	1078	0	547187
467	1163	1098	1101	1105	1070	1035	1058	1078	1062	0	548257
468	1098	1101	1105	1070	1035	1058	1078	1062	1059	0	549292
469	1101	1105	1070	1035	1058	1078	1062	1059	1085	0	550350
470	1105	1070	1035	1058	1078	1062	1059	1085	1098	0	551428
471	1070	1035	1058	1078	1062	1059	1085	1098	509	0	552490
472	1035	1058	1078	1062	1059	1085	1098	509	619	0	553549
473	1058	1078	1062	1059	1085	1098	509	619	992	0	554634
474	1078	1062	1059	1085	1098	509	619	992	1051	0	555732
475	1062	1059	1085	1098	509	619	992	1051	1027	1	556241
476	1059	1085	1098	509	619	992	1051	1027	992	0	556860
477	1085	1098	509	619	992	1051	1027	992	985	0	557852
478	1098	509	619	992	1051	1027	992	985	502	0	558903
479	509	619	992	1051	1027	992	985	502	525	0	559930
480	619	992	1051	1027	992	985	502	525	891	0	560922
481	992	1051	1027	992	985	502	525	891	479	0	561907
482	1051	1027	992	985	502	525	891	479	529	1	562409
483	1027	992	985	502	525	891	479	529	891	0	562934
484	992	985	502	525	891	479	529	891	969	0	563825
485	985	502	525	891	479	529	891	969	1003	1	564304
486	502	525	891	479	529	891	969	1003	495	0	564833
487	525	891	479	529	891	969	1003	495	521	0	565724
488	891	479	529	891	969	1003	495	521	934	0	566693
489	479	529	891	969	1003	495	521	934	479	0	567696
490	529	891	969	1003	495	521	934	479	556	1	568191
491	891	969	1003	495	521	934	479	556	447	0	568712
492	969	1003	495	521	934	479	556	447	541	0	569646
493	1003	495	521	934	479	556	447	541	930	1	570125
494	495	521	934	479	556	447	541	930	950	0	570681
495	521	934	479	556	447	541	930	950	933	1	571128
496	934	479	556	447	541	930	950	933	930	0	571669
497	479	556	447	541	930	950	933	930	923	0	572599
498	556	447	541	930	950	933	930	923	945	0	573549
499	447	541	930	950	933	930	923	945	957	0	574482
500	541	930	950	933	930	923	945	957	961	0	575412
501	930	950	933	930	923	945	957	961	946	0	576335
502	950	933	930	923	945	957	961	946	953	0	577280
503	933	930	923	945	957	961	946	953	977	0	578237
504	930	923	945	957	961	946	953	977	984	0	579198
505	923	945	957	961	946	953	977	984	973	0	580144
506	945	957	961	946	953	977	984	973	961	0	581097
507	957	961	946	953	977	984	973	961	942	0	582074
508	961	946	953	977	984	973	961	942	953	0	583058
509	946	953	977	984	973	961	942	953	950	0	584031
510	953	977	984	973	961	942	953	950	953	0	584992
511	977	984	973	961	942	953	950	953	984	0	585934
512	984	973	961	942	953	950	953	984	1008	0	586887
513	973	961	942	953	950	953	984	1008	1027	0	587837
514	961	942	953	950	953	984	1008	1027	1028	0	588790
515	942	953	950	953	984	1008	1027	1028	1003	0	589774
516	953	950	953	984	1008	1027	1028	1003	1032	0	590782
517	950	953	984	1008	1027	1028	1003	1032	1035	0	591809
518	953	984	1008	1027	1028	1003	1032	1035	1000	0	592837
519	984	1008	1027	1028	1003	1032	1035	1000	949	0	593840
520	1008	1027	1028	1003	1032	1035	1000	949	506	0	594872
521	1027	1028	1003	1032	1035	1000	949	506	510	0	595907
522	1028	1003	1032	1035	1000	949	506	510	867	0	596907
523	1003	1032	1035	1000	949	506	510	867	934	0	597856
524	1032	1035	1000	949	506	510	867	934	918	1	598362
525	1035	1000	949	506	510	867	934	918	938	0	598872
526	1000	949	506	510	867	934	918	938	876	0	599739
527	949	506	510	867	934	918	938	876	887	0	600673
528	506	510	867	934	918	938	876	887	860	0	601591
529	510	867	934	918	938	876	887	860	856	0	602529
530	867	934	918	938	876	887	860	856	852	0	603405
531	934	918	938	876	887	860	856	852	836	0	604292
532	918	938	876	887	860	856	852	836	825	0	605152
533	938	876	887	860	856	852	836	825	814	0	606008
534	876	887	860	856	852	836	825	814	809	0	606860
535	887	860	856	852	836	825	814	809	731	0	607696
536	860	856	852	836	825	814	809	731	689	0	608521
537	856	852	836	825	814	809	731	689	895	0	609335
538	852	836	825	814	809	731	689	895	802	0	610144
539	836	825	814	809	731	689	895	802	848	0	610875
540	825	814	809	731	689	895	802	848	844	0	611564
541	814	809	731	689	895	802	848	844	856	0	612459
542	809	731	689	895	802	848	844	856	860	0	613261
543	731	689	895	802	848	844	856	860	856	0	614109
544	689	895	802	848	844	856	860	856	845	0	614953
545	895	802	848	844	856	860	856	845	844	0	615809
546	802	848	844	856	860	856	845	844	852	0	616669
547	848	844	856	860	856	845	844	852	852	0	617525
548	844	856	860	856	845	844	852	852	849	0	618370
549	856	860	856	845	844	852	852	849	863	0	619214
550	860	856	845	844	852	852	849	863	864	0	620066
551	856	845	844	852	852	849	863	864	880	0	620918
552	845	844	852	852	849	863	864	880	871	0	621767
553	844	852	852	849	863	864	880	871	872	0	622630
554	852	852	849	863	864	880	871	872	875	0	623494
555	852	849	863	864	880	871	872	875	876	0	624374
556	849	863	864	880	871	872	875	876	875	0	625245
557	863	864	880	871	872	875	876	875	899	0	626117
558	864	880	871	872	875	876	875	899	914	0	626992
559	880	871	872	875	876	875	899	914	934	0	627868
560	871	872	875	876	875	899	914	934	934	0	628743
561	872	875	876	875	899	914	934	934	953	0	629642
562	875	876	875	899	914	934	934	953	930	0	630556
563	876	875	899	914	934	934	953	930	930	0	631490
564	875	899	914	934	934	953	930	930	958	0	632424
565	899	914	934	934	953	930	930	958	980	0	633377
566	914	934	934	953	930	930	958	980	502	0	634307
567	934	934	953	930	930	958	980	502	1428	0	635237
568	934	953	930	930	958	980	502	1428	1027	0	636195
569	953	930	930	958	980	502	1428	1027	989	0	637175
570	930	930	958	980	502	1428	1027	989	968	1	637677
571	930	958	980	502	1428	1027	989	968	950	0	639105
572	958	980	502	1428	1027	989	968	950	938	0	640132
573	980	502	1428	1027	989	968	950	938	922	0	641121
574	502	1428	1027	989	968	950	938	922	906	0	642089
575	1428	1027	989	968	950	938	922	906	950	0	643039
576	1027	989	968	950	938	922	906	950	918	0	643977
577	989	968	950	938	922	906	950	918	938	0	644899
578	968	950	938	922	906	950	918	938	922	0	645805
579	950	938	922	906	950	918	938	922	895	0	646755
580	938	922	906	950	918	938	922	895	883	0	647673
581	922	906	950	918	938	922	895	883	926	0	648611
582	906	950	918	938	922	895	883	926	923	0	649533
583	950	918	938	922	895	883	926	923	894	0	650428
584	918	938	922	895	883	926	923	894	919	0	651311
585	938	922	895	883	926	923	894	919	918	0	652237
586	922	895	883	926	923	894	919	918	942	0	653160
587	895	883	926	923	894	919	918	942	945	0	654054
588	883	926	923	894	919	918	942	945	957	0	654973
589	926	923	894	919	918	942	945	957	954	0	655891
590	923	894	919	918	942	945	957	954	949	0	656833
591	894	919	918	942	945	957	954	949	926	0	657778
592	919	918	942	945	957	954	949	926	934	0	658735
593	918	942	945	957	954	949	926	934	949	0	659689
594	942	945	957	954	949	926	934	949	930	0	660638
595	945	957	954	949	926	934	949	930	927	0	661564
596	957	954	949	926	934	949	930	927	902	0	662498
597	954	949	926	934	949	930	927	902	915	0	663447
598	949	926	934	949	930	927	902	915	914	0	664377
599	926	934	949	930	927	902	915	914	946	0	665304
600	934	949	930	927	902	915	914	946	945	0	666206
601	949	930	927	902	915	914	946	945	946	0	667121
602	930	927	902	915	914	946	945	946	1000	0	668035
603	927	902	915	914	946	945	946	1000	988	0	668981
604	902	915	914	946	945	946	1000	988	1008	0	669926
605	915	914	946	945	946	1000	988	1008	980	0	670872
606	914	946	945	946	1000	988	1008	980	957	0	671872
607	946	945	946	1000	988	1008	980	957	989	0	672860
608	945	946	1000	988	1008	980	957	989	992	0	673868
609	946	1000	988	1008	980	957	989	992	490	0	674848
610	1000	988	1008	980	957	989	992	490	522	0	675805
611	988	1008	980	957	989	992	490	522	922	0	676794
612	1008	980	957	989	992	490	522	922	957	0	677786
613	980	957	989	992	490	522	922	957	965	1	678276
614	957	989	992	490	522	922	957	965	977	0	678798
615	989	992	490	522	922	957	965	977	992	0	679720
616	992	490	522	922	957	965	977	992	961	0	680677
617	490	522	922	957	965	977	992	961	961	0	681642
618	522	922	957	965	977	992	961	961	949	0	682619
619	922	957	965	977	992	961	961	949	950	0	683611
620	957	965	977	992	961	961	949	950	918	0	684572
621	965	977	992	961	961	949	950	918	907	0	685533
622	977	992	961	961	949	950	918	907	914	0	686482
623	992	961	961	949	950	918	907	914	891	0	687432
624	961	961	949	950	918	907	914	891	930	0	688350
625	961	949	950	918	907	914	891	930	950	0	689257
626	949	950	918	907	914	891	930	950	976	0	690171
627	950	918	907	914	891	930	950	976	965	0	691062
628	918	907	914	891	930	950	976	965	957	0	691992
629	907	914	891	930	950	976	965	957	977	0	692942
630	914	891	930	950	976	965	957	977	965	0	693918
631	891	930	950	976	965	957	977	965	969	0	694883
632	930	950	976	965	957	977	965	969	942	0	695840
633	950	976	965	957	977	965	969	942	945	0	696817
634	976	965	957	977	965	969	942	945	969	0	697782
635	965	957	977	965	969	942	945	969	514	0	698751
636	957	977	965	969	942	945	969	514	494	0	699693
637	977	965	969	942	945	969	514	494	918	0	700638
638	965	969	942	945	969	514	494	918	946	0	701607
639	969	942	945	969	514	494	918	946	953	1	702121
640	942	945	969	514	494	918	946	953	949	0	702615
641	945	969	514	494	918	946	953	949	969	0	703533
642	969	514	494	918	946	953	949	969	992	0	704479
643	514	494	918	946	953	949	969	992	977	0	705432
644	494	918	946	953	949	969	992	977	1000	0	706381
645	918	946	953	949	969	992	977	1000	992	0	707350
646	946	953	949	969	992	977	1000	992	1012	0	708342
647	953	949	969	992	977	1000	992	1012	1012	0	709319
648	949	969	992	977	1000	992	1012	1012	1023	0	710319
649	969	992	977	1000	992	1012	1012	1023	1004	0	711311
650	992	977	1000	992	1012	1012	1023	1004	996	0	712323
651	977	1000	992	1012	1012	1023	1004	996	1004	0	713335
652	1000	992	1012	1012	1023	1004	996	1004	1043	0	714358
653	992	1012	1012	1023	1004	996	1004	1043	1027	0	715362
654	1012	1012	1023	1004	996	1004	1043	1027	1050	0	716358
655	1012	1023	1004	996	1004	1043	1027	1050	1036	0	717362
656	1023	1004	996	1004	1043	1027	1050	1036	1019	0	718405
657	1004	996	1004	1043	1027	1050	1036	1019	984	0	719432
658	996	1004	1043	1027	1050	1036	1019	984	958	0	720482
659	1004	1043	1027	1050	1036	1019	984	958	976	0	721518
660	1043	1027	1050	1036	1019	984	958	976	1012	0	722537
661	1027	1050	1036	1019	984	958	976	1012	1031	0	723521
662	1050	1036	1019	984	958	976	1012	1031	1055	0	724479
663	1036	1019	984	958	976	1012	1031	1055	1070	0	725455
664	1019	984	958	976	1012	1031	1055	1070	1077	0	726467
665	984	958	976	1012	1031	1055	1070	1077	1078	0	727498
666	958	976	1012	1031	1055	1070	1077	1078	1059	0	728553
667	976	1012	1031	1055	1070	1077	1078	1059	1035	0	729623
668	1012	1031	1055	1070	1077	1078	1059	1035	996	0	730700
669	1031	1055	1070	1077	1078	1059	1035	996	965	0	731778
670	1055	1070	1077	1078	1059	1035	996	965	961	0	732837
671	1070	1077	1078	1059	1035	996	965	961	976	0	733872
672	1077	1078	1059	1035	996	965	961	976	965	0	734868
673	1078	1059	1035	996	965	961	976	965	1012	0	735833
674	1059	1035	996	965	961	976	965	1012	969	0	736794
675	1035	996	965	961	976	965	1012	969	996	0	737770
676	996	965	961	976	965	1012	969	996	1012	0	738735
677	965	961	976	965	1012	969	996	1012	1039	0	739747
678	961	976	965	1012	969	996	1012	1039	1035	0	740716
679	976	965	1012	969	996	1012	1039	1035	996	0	741712
680	965	1012	969	996	1012	1039	1035	996	984	0	742724
681	1012	969	996	1012	1039	1035	996	984	969	0	743763
682	969	996	1012	1039	1035	996	984	969	934	0	744798
683	996	1012	1039	1035	996	984	969	934	934	0	745794
684	1012	1039	1035	996	984	969	934	934	961	0	746778
685	1039	1035	996	984	969	934	934	961	980	0	747747
686	1035	996	984	969	934	934	961	980	958	0	748681
687	996	984	969	934	934	961	980	958	984	0	749615
688	984	969	934	934	961	980	958	984	1023	0	750576
689	969	934	934	961	980	958	984	1023	1063	0	751556
690	934	934	961	980	958	984	1023	1063	1058	0	752514
691	934	961	980	958	984	1023	1063	1058	1051	0	753498
692	961	980	958	984	1023	1063	1058	1051	1007	0	754521
693	980	958	984	1023	1063	1058	1051	1007	969	0	755584
694	958	984	1023	1063	1058	1051	1007	969	942	0	756642
695	984	1023	1063	1058	1051	1007	969	942	957	0	757693
696	1023	1063	1058	1051	1007	969	942	957	1016	0	758700
697	1063	1058	1051	1007	969	942	957	1016	1039	0	759669
698	1058	1051	1007	969	942	957	1016	1039	1081	0	760611
699	1051	1007	969	942	957	1016	1039	1081	1086	0	761568
700	1007	969	942	957	1016	1039	1081	1086	1097	0	762584
701	969	942	957	1016	1039	1081	1086	1097	1086	0	763623
702	942	957	1016	1039	1081	1086	1097	1086	1097	0	764704
703	957	1016	1039	1081	1086	1097	1086	1097	1070	0	765790
704	1016	1039	1081	1086	1097	1086	1097	1070	1047	0	766887
705	1039	1081	1086	1097	1086	1097	1070	1047	1058	0	767973
706	1081	1086	1097	1086	1097	1070	1047	1058	1078	0	769070
707	1086	1097	1086	1097	1070	1047	1058	1078	1074	0	770140
708	1097	1086	1097	1070	1047	1058	1078	1074	1031	0	771187
709	1086	1097	1070	1047	1058	1078	1074	1031	1004	0	772245
710	1097	1070	1047	1058	1078	1074	1031	1004	1043	0	773323
711	1070	1047	1058	1078	1074	1031	1004	1043	1023	0	774397
712	1047	1058	1078	1074	1031	1004	1043	1023	1023	0	775428
713	1058	1078	1074	1031	1004	1043	1023	1023	1000	0	776432
714	1078	1074	1031	1004	1043	1023	1023	1000	985	0	777475
715	1074	1031	1004	1043	1023	1023	1000	985	949	0	778498
716	1031	1004	1043	1023	1023	1000	985	949	950	0	779521
717	1004	1043	1023	1023	1000	985	949	950	976	0	780521
718	1043	1023	1023	1000	985	949	950	976	1012	0	781506
719	1023	1023	1000	985	949	950	976	1012	1027	0	782455
720	1023	1000	985	949	950	976	1012	1027	1008	0	783405
721	1000	985	949	950	976	1012	1027	1008	1070	0	784381
722	985	949	950	976	1012	1027	1008	1070	1101	0	785393
723	949	950	976	1012	1027	1008	1070	1101	1105	0	786420
724	950	976	1012	1027	1008	1070	1101	1105	1105	0	787428
725	976	1012	1027	1008	1070	1101	1105	1105	1059	0	788498
726	1012	1027	1008	1070	1101	1105	1105	1059	1093	0	789599
727	1027	1008	1070	1101	1105	1105	1059	1093	1101	0	790704
728	1008	1070	1101	1105	1105	1059	1093	1101	1070	0	791809
729	1070	1101	1105	1105	1059	1093	1101	1070	1039	0	792868
730	1101	1105	1105	1059	1093	1101	1070	1039	985	0	793961
731	1105	1105	1059	1093	1101	1070	1039	985	961	0	795062
732	1105	1059	1093	1101	1070	1039	985	961	949	0	796132
733	1059	1093	1101	1070	1039	985	961	949	1012	0	797171
734	1093	1101	1070	1039	985	961	949	1012	1027	0	798156
735	1101	1070	1039	985	961	949	1012	1027	1062	0	799117
736	1070	1039	985	961	949	1012	1027	1062	1078	0	800066
737	1039	985	961	949	1012	1027	1062	1078	1097	0	801078
738	985	961	949	1012	1027	1062	1078	1097	1055	0	802105
739	961	949	1012	1027	1062	1078	1097	1055	1085	0	803167
740	949	1012	1027	1062	1078	1097	1055	1085	1067	0	804245
741	1012	1027	1062	1078	1097	1055	1085	1067	1019	0	805342
742	1027	1062	1078	1097	1055	1085	1067	1019	1012	0	806397
743	1062	1078	1097	1055	1085	1067	1019	1012	976	0	807482
744	1078	1097	1055	1085	1067	1019	1012	976	981	0	808549
745	1097	1055	1085	1067	1019	1012	976	981	996	0	809568
746	1055	1085	1067	1019	1012	976	981	996	1027	0	810580
747	1085	1067	1019	1012	976	981	996	1027	1055	0	811556
748	1067	1019	1012	976	981	996	1027	1055	1194	0	812537
749	1019	1012	976	981	996	1027	1055	1194	1179	0	813533
750	1012	976	981	996	1027	1055	1194	1179	1121	0	814560
751	976	981	996	1027	1055	1194	1179	1121	1031	0	815615
752	981	996	1027	1055	1194	1179	1121	1031	1086	0	816809
753	996	1027	1055	1194	1179	1121	1031	1086	1105	0	817988
754	1027	1055	1194	1179	1121	1031	1086	1105	1124	0	819109
755	1055	1194	1179	1121	1031	1086	1105	1124	1140	0	820140
756	1194	1179	1121	1031	1086	1105	1124	1140	1113	0	821226
757	1179	1121	1031	1086	1105	1124	1140	1113	1105	0	822331
758	1121	1031	1086	1105	1124	1140	1113	1105	1117	0	823455
759	1031	1086	1105	1124	1140	1113	1105	1117	1121	0	824595
760	1086	1105	1124	1140	1113	1105	1117	1121	1093	0	825708
761	1105	1124	1140	1113	1105	1117	1121	1093	1074	0	826813
762	1124	1140	1113	1105	1117	1121	1093	1074	1066	0	827930
763	1140	1113	1105	1117	1121	1093	1074	1066	1070	0	829051
764	1113	1105	1117	1121	1093	1074	1066	1070	1023	0	830144
765	1105	1117	1121	1093	1074	1066	1070	1023	977	0	831218
766	1117	1121	1093	1074	1066	1070	1023	977	961	0	832284
767	1121	1093	1074	1066	1070	1023	977	961	938	0	833354
768	1093	1074	1066	1070	1023	977	961	938	899	0	834377
769	1074	1066	1070	1023	977	961	938	899	918	0	835354
770	1066	1070	1023	977	961	938	899	918	914	0	836315
771	1070	1023	977	961	938	899	918	914	915	0	837253
772	1023	977	961	938	899	918	914	915	910	0	838152
773	977	961	938	899	918	914	915	910	899	0	839070
774	961	938	899	918	914	915	910	899	930	0	839984
775	938	899	918	914	915	910	899	930	926	0	840899
776	899	918	914	915	910	899	930	926	934	0	841809
777	918	914	915	910	899	930	926	934	938	0	842708
778	914	915	910	899	930	926	934	938	953	0	843638
779	915	910	899	930	926	934	938	953	969	0	844564
780	910	899	930	926	934	938	953	969	992	0	845498
781	899	930	926	934	938	953	969	992	1004	0	846436
782	930	926	934	938	953	969	992	1004	992	0	847389
783	926	934	938	953	969	992	1004	992	958	0	848358
784	934	938	953	969	992	1004	992	958	941	0	849350
785	938	953	969	992	1004	992	958	941	942	0	850354
786	953	969	992	1004	992	958	941	942	906	0	851346
787	969	992	1004	992	958	941	942	906	888	0	852304
788	992	1004	992	958	941	942	906	888	922	0	853245
789	1004	992	958	941	942	906	888	922	914	0	854187
790	992	958	941	942	906	888	922	914	907	0	855093
791	958	941	942	906	888	922	914	907	498	0	855981
792	941	942	906	888	922	914	907	498	510	0	856903
793	942	906	888	922	914	907	498	510	883	0	857817
794	906	888	922	914	907	498	510	883	1000	0	858724
795	888	922	914	907	498	510	883	1000	976	1	859222
796	922	914	907	498	510	883	1000	976	965	0	859732
797	914	907	498	510	883	1000	976	965	965	0	860615
798	907	498	510	883	1000	976	965	965	954	0	861615
799	498	510	883	1000	976	965	965	954	961	0	862591
800	510	883	1000	976	965	965	954	961	969	0	863556
801	883	1000	976	965	965	954	961	969	965	0	864521
802	1000	976	965	965	954	961	969	965	937	0	865475
803	976	965	965	954	961	969	965	937	946	0	866436
804	965	965	954	961	969	965	937	946	969	0	867405
805	965	954	961	969	965	937	946	969	961	0	868370
806	954	961	969	965	937	946	969	961	961	0	869307
807	961	969	965	937	946	969	961	961	949	0	870253
808	969	965	937	946	969	961	961	949	954	0	871222
809	965	937	946	969	961	961	949	954	965	0	872183
810	937	946	969	961	961	949	954	965	922	0	873144
811	946	969	961	961	949	954	965	922	906	0	874093
812	969	961	961	949	954	965	922	906	907	0	875047
813	961	961	949	954	965	922	906	907	903	0	876012
814	961	949	954	965	922	906	907	903	930	0	876934
815	949	954	965	922	906	907	903	930	930	0	877840
816	954	965	922	906	907	903	930	930	949	0	878747
817	965	922	906	907	903	930	930	949	953	0	879650
818	922	906	907	903	930	930	949	953	927	0	880580
819	906	907	903	930	930	949	953	927	929	0	881510
820	907	903	930	930	949	953	927	929	927	0	882459
821	903	930	930	949	953	927	929	927	906	0	883412
822	930	930	949	953	927	929	927	906	876	0	884339
823	930	949	953	927	929	927	906	876	867	0	885268
824	949	953	927	929	927	906	876	867	876	0	886195
825	953	927	929	927	906	876	867	876	883	0	887101
826	927	929	927	906	876	867	876	883	887	0	887977
827	929	927	906	876	867	876	883	887	887	0	888844
828	927	906	876	867	876	883	887	887	884	0	889720
829	906	876	867	876	883	887	887	884	953	0	890603
830	876	867	876	883	887	887	884	953	953	0	891490
831	867	876	883	887	887	884	953	953	969	0	892377
832	876	883	887	887	884	953	953	969	950	0	893261
833	883	887	887	884	953	953	969	950	513	0	894214
834	887	887	884	953	953	969	950	513	506	0	895167
835	887	884	953	953	969	950	513	506	864	0	896136
836	884	953	953	969	950	513	506	864	953	0	897086
837	953	953	969	950	513	506	864	953	922	1	897599
838	953	969	950	513	506	864	953	922	915	0	898105
839	969	950	513	506	864	953	922	915	926	0	898969
840	950	513	506	864	953	922	915	926	934	0	899922
841	513	506	864	953	922	915	926	934	957	0	900844
842	506	864	953	922	915	926	934	957	961	0	901759
843	864	953	922	915	926	934	957	961	981	0	902685
844	953	922	915	926	934	957	961	981	992	0	903619
845	922	915	926	934	957	961	981	992	996	0	904576
846	915	926	934	957	961	981	992	996	1012	0	905537
847	926	934	957	961	981	992	996	1012	992	0	906518
848	934	957	961	981	992	996	1012	992	972	0	907510
849	957	961	981	992	996	1012	992	972	934	0	908506
850	961	981	992	996	1012	992	972	934	923	0	909518
851	981	992	996	1012	992	972	934	923	926	0	910510
852	992	996	1012	992	972	934	923	926	918	0	911482
853	996	1012	992	972	934	923	926	918	906	0	912416
854	1012	992	972	934	923	926	918	906	899	0	913339
855	992	972	934	923	926	918	906	899	923	0	914265
856	972	934	923	926	918	906	899	923	929	0	915183
857	934	923	926	918	906	899	923	929	942	0	916089
858	923	926	918	906	899	923	929	942	942	0	916988
859	926	918	906	899	923	929	942	942	930	0	917911
860	918	906	899	923	929	942	942	930	906	0	918840
861	906	899	923	929	942	942	930	906	907	0	919782
862	899	923	929	942	942	930	906	907	914	0	920724
863	923	929	942	942	930	906	907	914	903	0	921654
864	929	942	942	930	906	907	914	903	918	0	922560
865	942	942	930	906	907	914	903	918	926	0	923467
866	942	930	906	907	914	903	918	926	926	0	924381
867	930	906	907	914	903	918	926	926	923	0	925284
868	906	907	914	903	918	926	926	923	910	0	926202
869	907	914	903	918	926	926	923	910	891	0	927128
870	914	903	918	926	926	923	910	891	903	0	928054
871	903	918	926	926	923	910	891	903	907	0	928977
872	918	926	926	923	910	891	903	907	891	0	929887
873	926	926	923	910	891	903	907	891	871	0	930778
874	926	923	910	891	903	907	891	871	895	0	931681
875	923	910	891	903	907	891	871	895	883	0	932588
876	910	891	903	907	891	871	895	883	872	0	933479
877	891	903	907	891	871	895	883	872	868	0	934350
878	903	907	891	871	895	883	872	868	856	0	935245
879	907	891	871	895	883	872	868	856	852	0	936128
880	891	871	895	883	872	868	856	852	899	0	937000
881	871	895	883	872	868	856	852	899	941	0	937868
882	895	883	872	868	856	852	899	941	958	0	938724
883	883	872	868	856	852	899	941	958	957	0	939576
884	872	868	856	852	899	941	958	957	918	0	940475
885	868	856	852	899	941	958	957	918	926	0	941416
886	856	852	899	941	958	957	918	926	938	0	942374
887	852	899	941	958	957	918	926	938	957	0	943331
888	899	941	958	957	918	926	938	957	969	0	944249
889	941	958	957	918	926	938	957	969	498	0	945175
890	958	957	918	926	938	957	969	498	521	0	946113
891	957	918	926	938	957	969	498	521	973	0	947070
892	918	926	938	957	969	498	521	973	1055	0	948039
893	926	938	957	969	498	521	973	1055	1077	1	948537
894	938	957	969	498	521	973	1055	1077	1090	0	949058
895	957	969	498	521	973	1055	1077	1090	1082	0	950031
896	969	498	521	973	1055	1077	1090	1082	1097	0	951086
897	498	521	973	1055	1077	1090	1082	1097	1089	0	952163
898	521	973	1055	1077	1090	1082	1097	1089	1063	0	953253
899	973	1055	1077	1090	1082	1097	1089	1063	1035	0	954335
900	1055	1077	1090	1082	1097	1089	1063	1035	1004	0	955432
901	1077	1090	1082	1097	1089	1063	1035	1004	1019	0	956521
902	1090	1082	1097	1089	1063	1035	1004	1019	1012	0	957584
903	1082	1097	1089	1063	1035	1004	1019	1012	1004	0	958619
904	1097	1089	1063	1035	1004	1019	1012	1004	976	0	959623
905	1089	1063	1035	1004	1019	1012	1004	976	981	0	960642
906	1063	1035	1004	1019	1012	1004	976	981	976	0	961654
907	1035	1004	1019	1012	1004	976	981	976	1024	0	962658
908	1004	1019	1012	1004	976	981	976	1024	1039	0	963634
909	1019	1012	1004	976	981	976	1024	1039	1042	0	964615
910	1012	1004	976	981	976	1024	1039	1042	1024	0	965591
911	1004	976	981	976	1024	1039	1042	1024	992	0	966615
912	976	981	976	1024	1039	1042	1024	992	961	0	967654
913	981	976	1024	1039	1042	1024	992	961	957	0	968696
914	976	1024	1039	1042	1024	992	961	957	973	0	969720
915	1024	1039	1042	1024	992	961	957	973	996	0	970712
916	1039	1042	1024	992	961	957	973	996	1024	0	971673
917	1042	1024	992	961	957	973	996	1024	1050	0	972630
918	1024	992	961	957	973	996	1024	1050	1055	0	973603
919	992	961	957	973	996	1024	1050	1055	984	0	974599
920	961	957	973	996	1024	1050	1055	984	973	0	975623
921	957	973	996	1024	1050	1055	984	973	1019	0	976673
922	973	996	1024	1050	1055	984	973	1019	1047	0	977728
923	996	1024	1050	1055	984	973	1019	1047	1066	0	978712
924	1024	1050	1055	984	973	1019	1047	1066	1113	0	979685
925	1050	1055	984	973	1019	1047	1066	1113	1070	0	980704
926	1055	984	973	1019	1047	1066	1113	1070	1047	0	981751
927	984	973	1019	1047	1066	1113	1070	1047	1023	0	982817
928	973	1019	1047	1066	1113	1070	1047	1023	1058	0	983930
929	1019	1047	1066	1113	1070	1047	1023	1058	1086	0	985000
930	1047	1066	1113	1070	1047	1023	1058	1086	1051	0	986047
931	1066	1113	1070	1047	1023	1058	1086	1051	1074	0	987070
932	1113	1070	1047	1023	1058	1086	1051	1074	1112	0	988128
933	1070	1047	1023	1058	1086	1051	1074	1112	1078	0	989214
934	1047	1023	1058	1086	1051	1074	1112	1078	1066	0	990265
935	1023	1058	1086	1051	1074	1112	1078	1066	1101	0	991339
936	1058	1086	1051	1074	1112	1078	1066	1101	1094	0	992451
937	1086	1051	1074	1112	1078	1066	1101	1094	1062	0	993529
938	1051	1074	1112	1078	1066	1101	1094	1062	1097	0	994595
939	1074	1112	1078	1066	1101	1094	1062	1097	1102	0	995696
940	1112	1078	1066	1101	1094	1062	1097	1102	1070	0	996790
941	1078	1066	1101	1094	1062	1097	1102	1070	1077	0	997852
942	1066	1101	1094	1062	1097	1102	1070	1077	1106	0	998949
943	1101	1094	1062	1097	1102	1070	1077	1106	1081	0	1000051
944	1094	1062	1097	1102	1070	1077	1106	1081	1070	0	1001121
945	1062	1097	1102	1070	1077	1106	1081	1070	1117	0	1002198
946	1097	1102	1070	1077	1106	1081	1070	1117	1093	0	1003304
947	1102	1070	1077	1106	1081	1070	1117	1093	1082	0	1004385
948	1070	1077	1106	1081	1070	1117	1093	1082	1101	0	1005455
949	1077	1106	1081	1070	1117	1093	1082	1101	1113	0	1006572
950	1106	1081	1070	1117	1093	1082	1101	1113	1082	0	1007665
951	1081	1070	1117	1093	1082	1101	1113	1082	1093	0	1008747
952	1070	1117	1093	1082	1101	1113	1082	1093	1117	0	1009848
953	1117	1093	1082	1101	1113	1082	1093	1117	1105	0	1010961
954	1093	1082	1101	1113	1082	1093	1117	1105	1097	0	1012043
955	1082	1101	1113	1082	1093	1117	1105	1097	1140	0	1013136
956	1101	1113	1082	1093	1117	1105	1097	1140	1133	0	1014253
957	1113	1082	1093	1117	1105	1097	1140	1133	1101	0	1015358
958	1082	1093	1117	1105	1097	1140	1133	1101	1124	0	1016455
959	1093	1117	1105	1097	1140	1133	1101	1124	1136	0	1017595
960	1117	1105	1097	1140	1133	1101	1124	1136	1117	0	1018728
961	1105	1097	1140	1133	1101	1124	1136	1117	1129	0	1019829
962	1097	1140	1133	1101	1124	1136	1117	1129	1124	0	1020953
963	1140	1133	1101	1124	1136	1117	1129	1124	1117	0	1022089
964	1133	1101	1124	1136	1117	1129	1124	1117	1124	0	1023206
965	1101	1124	1136	1117	1129	1124	1117	1124	1137	0	1024335
966	1124	1136	1117	1129	1124	1117	1124	1137	1128	0	1025459
967	1136	1117	1129	1124	1117	1124	1137	1128	1128	0	1026576
968	1117	1129	1124	1117	1124	1137	1128	1128	1144	0	1027700
969	1129	1124	1117	1124	1137	1128	1128	1144	1148	0	1028837
970	1124	1117	1124	1137	1128	1128	1144	1148	1121	0	1029965
971	1117	1124	1137	1128	1128	1144	1148	1121	1128	0	1031093
972	1124	1137	1128	1128	1144	1148	1121	1128	1168	0	1032237
973	1137	1128	1128	1144	1148	1121	1128	1168	1144	0	1033385
974	1128	1128	1144	1148	1121	1128	1168	1144	1143	0	1034506
975	1128	1144	1148	1121	1128	1168	1144	1143	1160	0	1035634
976	1144	1148	1121	1128	1168	1144	1143	1160	1140	0	1036802
977	1148	1121	1128	1168	1144	1143	1160	1140	1125	0	1037946
978	1121	1128	1168	1144	1143	1160	1140	1125	1144	0	1039089
979	1128	1168	1144	1143	1160	1140	1125	1144	1140	0	1040249
980	1168	1144	1143	1160	1140	1125	1144	1140	1089	0	1041389
981	1144	1143	1160	1140	1125	1144	1140	1089	1117	0	1042514
982	1143	1160	1140	1125	1144	1140	1089	1117	1124	0	1043658
983	1160	1140	1125	1144	1140	1089	1117	1124	1102	0	1044798
984	1140	1125	1144	1140	1089	1117	1124	1102	1109	0	1045887
985	1125	1144	1140	1089	1117	1124	1102	1109	1143	0	1047004
986	1144	1140	1089	1117	1124	1102	1109	1143	1156	0	1048128
987	1140	1089	1117	1124	1102	1109	1143	1156	1129	0	1049230
988	1089	1117	1124	1102	1109	1143	1156	1129	1171	0	1050339
989	1117	1124	1102	1109	1143	1156	1129	1171	1167	0	1051482
990	1124	1102	1109	1143	1156	1129	1171	1167	1140	0	1052638
991	1102	1109	1143	1156	1129	1171	1167	1140	1160	0	1053767
992	1109	1143	1156	1129	1171	1167	1140	1160	1171	0	1054938
993	1143	1156	1129	1171	1167	1140	1160	1171	1156	0	1056105
994	1156	1129	1171	1167	1140	1160	1171	1156	1167	0	1057245
995	1129	1171	1167	1140	1160	1171	1156	1167	1218	0	1058405
996	1171	1167	1140	1160	1171	1156	1167	1218	1214	0	1059576
997	1167	1140	1160	1171	1156	1167	1218	1214	1163	0	1060732
998	1140	1160	1171	1156	1167	1218	1214	1163	1164	0	1061899
999	1160	1171	1156	1167	1218	1214	1163	1164	1175	0	1063117
1000	1171	1156	1167	1218	1214	1163	1164	1175	1140	0	1064331
1001	1156	1167	1218	1214	1163	1164	1175	1140	1144	0	1065494
1002	1167	1218	1214	1163	1164	1175	1140	1144	1171	0	1066658
1003	1218	1214	1163	1164	1175	1140	1144	1171	1175	0	1067833
1004	1214	1163	1164	1175	1140	1144	1171	1175	1136	0	1068973
1005	1163	1164	1175	1140	1144	1171	1175	1136	1156	0	1070117
1006	1164	1175	1140	1144	1171	1175	1136	1156	1156	0	1071288
1007	1175	1140	1144	1171	1175	1136	1156	1156	1140	0	1072463
1008	1140	1144	1171	1175	1136	1156	1156	1140	1132	0	1073599
1009	1144	1171	1175	1136	1156	1156	1140	1132	1156	0	1074755
1010	1171	1175	1136	1156	1156	1140	1132	1156	1151	0	1075911
1011	1175	1136	1156	1156	1140	1132	1156	1151	1144	0	1077051
1012	1136	1156	1156	1140	1132	1156	1151	1144	1152	0	1078183
1013	1156	1156	1140	1132	1156	1151	1144	1152	1171	0	1079339
1014	1156	1140	1132	1156	1151	1144	1152	1171	1183	0	1080490
1015	1140	1132	1156	1151	1144	1152	1171	1183	1179	0	1081634
1016	1132	1156	1151	1144	1152	1171	1183	1179	1199	0	1082786
1017	1156	1151	1144	1152	1171	1183	1179	1199	1225	0	1083957
1018	1151	1144	1152	1171	1183	1179	1199	1225	1214	0	1085140
1019	1144	1152	1171	1183	1179	1199	1225	1214	1191	0	1086319
1020	1152	1171	1183	1179	1199	1225	1214	1191	1253	0	1087518
1021	1171	1183	1179	1199	1225	1214	1191	1253	1257	0	1088743
1022	1183	1179	1199	1225	1214	1191	1253	1257	1284	0	1089957
1023	1179	1199	1225	1214	1191	1253	1257	1284	1260	0	1091148
1024	1199	1225	1214	1191	1253	1257	1284	1260	1277	0	1092401
1025	1225	1214	1191	1253	1257	1284	1260	1277	1280	0	1093658
1026	1214	1191	1253	1257	1284	1260	1277	1280	1280	0	1094942
1027	1191	1253	1257	1284	1260	1277	1280	1280	1233	0	1096202
1028	1253	1257	1284	1260	1277	1280	1280	1233	1191	0	1097479
1029	1257	1284	1260	1277	1280	1280	1233	1191	1183	0	1098759
1030	1284	1260	1277	1280	1280	1233	1191	1183	1163	0	1100039
1031	1260	1277	1280	1280	1233	1191	1183	1163	1140	0	1101272
1032	1277	1280	1280	1233	1191	1183	1163	1140	1129	0	1102463
1033	1280	1280	1233	1191	1183	1163	1140	1129	1152	0	1103646
1034	1280	1233	1191	1183	1163	1140	1129	1152	1147	0	1104809
1035	1233	1191	1183	1163	1140	1129	1152	1147	1117	0	1105949
1036	1191	1183	1163	1140	1129	1152	1147	1117	1140	0	1107078
1037	1183	1163	1140	1129	1152	1147	1117	1140	1152	0	1108230
1038	1163	1140	1129	1152	1147	1117	1140	1152	1128	0	1109377
1039	1140	1129	1152	1147	1117	1140	1152	1128	1105	0	1110494
1040	1129	1152	1147	1117	1140	1152	1128	1105	1125	0	1111634
1041	1152	1147	1117	1140	1152	1128	1105	1125	1109	0	1112786
1042	1147	1117	1140	1152	1128	1105	1125	1109	1023	0	1113914
1043	1117	1140	1152	1128	1105	1125	1109	1023	491	0	1115019
1044	1140	1152	1128	1105	1125	1109	1023	491	540	0	1116144
1045	1152	1128	1105	1125	1109	1023	491	540	942	0	1117253
1046	1128	1105	1125	1109	1023	491	540	942	981	0	1118276
1047	1105	1125	1109	1023	491	540	942	981	996	1	1118767
1048	1125	1109	1023	491	540	942	981	996	1007	0	1119307
1049	1109	1023	491	540	942	981	996	1007	1059	0	1120249
1050	1023	491	540	942	981	996	1007	1059	1078	0	1121230
1051	491	540	942	981	996	1007	1059	1078	1074	0	1122226
1052	540	942	981	996	1007	1059	1078	1074	1097	0	1123233
1053	942	981	996	1007	1059	1078	1074	1097	1120	0	1124292
1054	981	996	1007	1059	1078	1074	1097	1120	1117	0	1125370
1055	996	1007	1059	1078	1074	1097	1120	1117	1109	0	1126444
1056	1007	1059	1078	1074	1097	1120	1117	1109	1129	0	1127541
1057	1059	1078	1074	1097	1120	1117	1109	1129	1120	0	1128661
1058	1078	1074	1097	1120	1117	1109	1129	1120	1132	0	1129778
1059	1074	1097	1120	1117	1109	1129	1120	1132	1148	0	1130887
1060	1097	1120	1117	1109	1129	1120	1132	1148	1148	0	1132016
1061	1120	1117	1109	1129	1120	1132	1148	1148	1144	0	1133136
1062	1117	1109	1129	1120	1132	1148	1148	1144	1160	0	1134268
1063	1109	1129	1120	1132	1148	1148	1144	1160	1155	0	1135416
1064	1129	1120	1132	1148	1148	1144	1160	1155	1152	0	1136564
1065	1120	1132	1148	1148	1144	1160	1155	1152	1167	0	1137708
1066	1132	1148	1148	1144	1160	1155	1152	1167	1172	0	1138868
1067	1148	1148	1144	1160	1155	1152	1167	1172	1140	0	1140023
1068	1148	1144	1160	1155	1152	1167	1172	1140	1148	0	1141175
1069	1144	1160	1155	1152	1167	1172	1140	1148	1155	0	1142342
1070	1160	1155	1152	1167	1172	1140	1148	1155	1152	0	1143514
1071	1155	1152	1167	1172	1140	1148	1155	1152	1140	0	1144654
1072	1152	1167	1172	1140	1148	1155	1152	1140	1152	0	1145802
1073	1167	1172	1140	1148	1155	1152	1140	1152	1152	0	1146957
1074	1172	1140	1148	1155	1152	1140	1152	1152	1120	0	1148109
1075	1140	1148	1155	1152	1140	1152	1152	1120	1136	0	1149249
1076	1148	1155	1152	1140	1152	1152	1120	1136	1168	0	1150401
1077	1155	1152	1140	1152	1152	1120	1136	1168	1175	0	1151553
1078	1152	1140	1152	1152	1120	1136	1168	1175	1159	0	1152673
1079	1140	1152	1152	1120	1136	1168	1175	1159	1183	0	1153809
1080	1152	1152	1120	1136	1168	1175	1159	1183	1202	0	1154977
1081	1152	1120	1136	1168	1175	1159	1183	1202	1156	0	1156152
1082	1120	1136	1168	1175	1159	1183	1202	1156	1156	0	1157311
1083	1136	1168	1175	1159	1183	1202	1156	1156	1167	0	1158494
1084	1168	1175	1159	1183	1202	1156	1156	1167	1156	0	1159696
1085	1175	1159	1183	1202	1156	1156	1167	1156	1132	0	1160852
1086	1159	1183	1202	1156	1156	1167	1156	1132	1160	0	1162008
1087	1183	1202	1156	1156	1167	1156	1132	1160	1155	0	1163175
1088	1202	1156	1156	1167	1156	1132	1160	1155	1121	0	1164331
1089	1156	1156	1167	1156	1132	1160	1155	1121	1109	0	1165463
1090	1156	1167	1156	1132	1160	1155	1121	1109	1128	0	1166623
1091	1167	1156	1132	1160	1155	1121	1109	1128	1082	0	1167778
1092	1156	1132	1160	1155	1121	1109	1128	1082	1074	0	1168899
1093	1132	1160	1155	1121	1109	1128	1082	1074	1085	0	1170008
1094	1160	1155	1121	1109	1128	1082	1074	1085	1074	0	1171136
1095	1155	1121	1109	1128	1082	1074	1085	1074	1063	0	1172218
1096	1121	1109	1128	1082	1074	1085	1074	1063	1093	0	1173292
1097	1109	1128	1082	1074	1085	1074	1063	1093	1097	0	1174377
1098	1128	1082	1074	1085	1074	1063	1093	1097	1078	0	1175451
1099	1082	1074	1085	1074	1063	1093	1097	1078	1090	0	1176514
1100	1074	1085	1074	1063	1093	1097	1078	1090	1089	0	1177607
1101	1085	1074	1063	1093	1097	1078	1090	1089	1086	0	1178704
1102	1074	1063	1093	1097	1078	1090	1089	1086	1089	0	1179782
1103	1063	1093	1097	1078	1090	1089	1086	1089	1101	0	1180872
1104	1093	1097	1078	1090	1089	1086	1089	1101	1113	0	1181961
1105	1097	1078	1090	1089	1086	1089	1101	1113	1090	0	1183047
1106	1078	1090	1089	1086	1089	1101	1113	1090	1101	0	1184136
1107	1090	1089	1086	1089	1101	1113	1090	1101	1109	0	1185237
1108	1089	1086	1089	1101	1113	1090	1101	1109	1109	0	1186350
1109	1086	1089	1101	1113	1090	1101	1109	1109	1116	0	1187440
1110	1089	1101	1113	1090	1101	1109	1109	1116	1129	0	1188541
1111	1101	1113	1090	1101	1109	1109	1116	1129	1124	0	1189650
1112	1113	1090	1101	1109	1109	1116	1129	1124	1113	0	1190759
1113	1090	1101	1109	1109	1116	1129	1124	1113	1129	0	1191875
1114	1101	1109	1109	1116	1129	1124	1113	1129	1132	0	1193004
1115	1109	1109	1116	1129	1124	1113	1129	1132	1113	0	1194128
1116	1109	1116	1129	1124	1113	1129	1132	1113	1140	0	1195241
1117	1116	1129	1124	1113	1129	1132	1113	1140	1171	0	1196370
1118	1129	1124	1113	1129	1132	1113	1140	1171	1148	0	1197502
1119	1124	1113	1129	1132	1113	1140	1171	1148	1140	0	1198615
1120	1113	1129	1132	1113	1140	1171	1148	1140	1144	0	1199755
1121	1129	1132	1113	1140	1171	1148	1140	1144	1163	0	1200926
1122	1132	1113	1140	1171	1148	1140	1144	1163	1137	0	1202074
1123	1113	1140	1171	1148	1140	1144	1163	1137	1151	0	1203214
1124	1140	1171	1148	1140	1144	1163	1137	1151	1160	0	1204358
1125	1171	1148	1140	1144	1163	1137	1151	1160	1128	0	1205521
1126	1148	1140	1144	1163	1137	1151	1160	1128	1098	0	1206658
1127	1140	1144	1163	1137	1151	1160	1128	1098	1109	0	1207809
1128	1144	1163	1137	1151	1160	1128	1098	1109	1105	0	1208969
1129	1163	1137	1151	1160	1128	1098	1109	1105	1073	0	1210097
1130	1137	1151	1160	1128	1098	1109	1105	1073	1102	0	1211195
1131	1151	1160	1128	1098	1109	1105	1073	1102	1105	0	1212304
1132	1160	1128	1098	1109	1105	1073	1102	1105	1085	0	1213409
1133	1128	1098	1109	1105	1073	1102	1105	1085	1086	0	1214482
1134	1098	1109	1105	1073	1102	1105	1085	1086	1113	0	1215584
1135	1109	1105	1073	1102	1105	1085	1086	1113	1113	0	1216689
1136	1105	1073	1102	1105	1085	1086	1113	1113	1093	0	1217774
1137	1073	1102	1105	1085	1086	1113	1113	1093	1113	0	1218860
1138	1102	1105	1085	1086	1113	1113	1093	1113	1117	0	1219973
1139	1105	1085	1086	1113	1113	1093	1113	1117	1101	0	1221086
1140	1085	1086	1113	1113	1093	1113	1117	1101	1105	0	1222179
1141	1086	1113	1113	1093	1113	1117	1101	1105	1132	0	1223292
1142	1113	1113	1093	1113	1117	1101	1105	1132	1117	0	1224409
1143	1113	1093	1113	1117	1101	1105	1132	1117	1101	0	1225510
1144	1093	1113	1117	1101	1105	1132	1117	1101	1124	0	1226615
1145	1113	1117	1101	1105	1132	1117	1101	1124	1137	0	1227747
1146	1117	1101	1105	1132	1117	1101	1124	1137	1109	0	1228864
1147	1101	1105	1132	1117	1101	1124	1137	1109	1124	0	1229965
1148	1105	1132	1117	1101	1124	1137	1109	1124	1121	0	1231089
1149	1132	1117	1101	1124	1137	1109	1124	1121	1101	0	1232226
1150	1117	1101	1124	1137	1109	1124	1121	1101	1039	0	1233335
1151	1101	1124	1137	1109	1124	1121	1101	1039	1047	0	1234459
1152	1124	1137	1109	1124	1121	1101	1039	1047	1050	0	1235580
1153	1137	1109	1124	1121	1101	1039	1047	1050	1047	0	1236681
1154	1109	1124	1121	1101	1039	1047	1050	1047	1011	0	1237720
1155	1124	1121	1101	1039	1047	1050	1047	1011	1016	0	1238767
1156	1121	1101	1039	1047	1050	1047	1011	1016	479	0	1239817
1157	1101	1039	1047	1050	1047	1011	1016	479	556	0	1240864
1158	1039	1047	1050	1047	1011	1016	479	556	938	0	1241875
1159	1047	1050	1047	1011	1016	479	556	938	988	0	1242891
1160	1050	1047	1011	1016	479	556	938	988	1016	1	1243370
1161	1047	1011	1016	479	556	938	988	1016	976	0	1243926
1162	1011	1016	479	556	938	988	1016	976	969	0	1244864
1163	1016	479	556	938	988	1016	976	969	946	0	1245852
1164	479	556	938	988	1016	976	969	946	930	0	1246868
1165	556	938	988	1016	976	969	946	930	922	0	1247844
1166	938	988	1016	976	969	946	930	922	482	0	1248813
1167	988	1016	976	969	946	930	922	482	541	0	1249759
1168	1016	976	969	946	930	922	482	541	782	0	1250689
1169	976	969	946	930	922	482	541	782	888	0	1251611
1170	969	946	930	922	482	541	782	888	879	1	1252093
1171	946	930	922	482	541	782	888	879	887	0	1252634
1172	930	922	482	541	782	888	879	887	895	0	1253416
1173	922	482	541	782	888	879	887	895	891	0	1254304
1174	482	541	782	888	879	887	895	891	922	0	1255183
1175	541	782	888	879	887	895	891	922	934	0	1256070
1176	782	888	879	887	895	891	922	934	957	0	1256965
1177	888	879	887	895	891	922	934	957	973	0	1257856
1178	879	887	895	891	922	934	957	973	1012	0	1258778
1179	887	895	891	922	934	957	973	1012	494	0	1259712
1180	895	891	922	934	957	973	1012	494	1467	0	1260669
1181	891	922	934	957	973	1012	494	1467	1015	0	1261642
1182	922	934	957	973	1012	494	1467	1015	1008	0	1262654
1183	934	957	973	1012	494	1467	1015	1008	957	1	1263148
1184	957	973	1012	494	1467	1015	1008	957	954	0	1264615
1185	973	1012	494	1467	1015	1008	957	954	980	0	1265630
1186	1012	494	1467	1015	1008	957	954	980	996	0	1266638
1187	494	1467	1015	1008	957	954	980	996	498	0	1267595
1188	1467	1015	1008	957	954	980	996	498	1522	0	1268549
1189	1015	1008	957	954	980	996	498	1522	1078	0	1269529
1190	1008	957	954	980	996	498	1522	1078	1054	0	1270525
1191	957	954	980	996	498	1522	1078	1054	1039	1	1271023
1192	954	980	996	498	1522	1078	1054	1039	1070	0	1272545
1193	980	996	498	1522	1078	1054	1039	1070	1070	0	1273623
1194	996	498	1522	1078	1054	1039	1070	1070	1074	0	1274677
1195	498	1522	1078	1054	1039	1070	1070	1074	502	0	1275716
1196	1522	1078	1054	1039	1070	1070	1074	502	584	0	1276786
1197	1078	1054	1039	1070	1070	1074	502	584	992	0	1277856
1198	1054	1039	1070	1070	1074	502	584	992	1058	0	1278930
1199	1039	1070	1070	1074	502	584	992	1058	1066	1	1279432
1200	1070	1070	1074	502	584	992	1058	1066	1066	0	1280016
1201	1070	1074	502	584	992	1058	1066	1066	1055	0	1281008
1202	1074	502	584	992	1058	1066	1066	1055	1062	0	1282066
1203	502	584	992	1058	1066	1066	1055	1062	1082	0	1283132
1204	584	992	1058	1066	1066	1055	1062	1082	1082	0	1284198
1205	992	1058	1066	1066	1055	1062	1082	1082	1042	0	1285253
1206	1058	1066	1066	1055	1062	1082	1082	1042	1055	0	1286315
1207	1066	1066	1055	1062	1082	1082	1042	1055	1050	0	1287397
1208	1066	1055	1062	1082	1082	1042	1055	1050	1039	0	1288479
1209	1055	1062	1082	1082	1042	1055	1050	1039	1000	0	1289521
1210	1062	1082	1082	1042	1055	1050	1039	1000	1008	0	1290576
1211	1082	1082	1042	1055	1050	1039	1000	1008	1031	0	1291626
1212	1082	1042	1055	1050	1039	1000	1008	1031	1024	0	1292665
1213	1042	1055	1050	1039	1000	1008	1031	1024	992	0	1293665
1214	1055	1050	1039	1000	1008	1031	1024	992	1008	0	1294673
1215	1050	1039	1000	1008	1031	1024	992	1008	1035	0	1295704
1216	1039	1000	1008	1031	1024	992	1008	1035	1039	0	1296728
1217	1000	1008	1031	1024	992	1008	1035	1039	502	0	1297720
1218	1008	1031	1024	992	1008	1035	1039	502	540	0	1298728
1219	1031	1024	992	1008	1035	1039	502	540	973	0	1299763
1220	1024	992	1008	1035	1039	502	540	973	1035	0	1300802
1221	992	1008	1035	1039	502	540	973	1035	1051	1	1301304
1222	1008	1035	1039	502	540	973	1035	1051	1031	0	1301844
1223	1035	1039	502	540	973	1035	1051	1031	1035	0	1302817
1224	1039	502	540	973	1035	1051	1031	1035	1054	0	1303852
1225	502	540	973	1035	1051	1031	1035	1054	1055	0	1304903
1226	540	973	1035	1051	1031	1035	1054	1055	1031	0	1305934
1227	973	1035	1051	1031	1035	1054	1055	1031	1031	0	1306969
1228	1035	1051	1031	1035	1054	1055	1031	1031	1039	0	1308023
1229	1051	1031	1035	1054	1055	1031	1031	1039	1047	0	1309078
1230	1031	1035	1054	1055	1031	1031	1039	1047	1027	0	1310109
1231	1035	1054	1055	1031	1031	1039	1047	1027	1031	0	1311140
1232	1054	1055	1031	1031	1039	1047	1027	1031	1047	0	1312179
1233	1055	1031	1031	1039	1047	1027	1031	1047	1050	0	1313226
1234	1031	1031	1039	1047	1027	1031	1047	1050	1035	0	1314253
1235	1031	1039	1047	1027	1031	1047	1050	1035	1035	0	1315284
1236	1039	1047	1027	1031	1047	1050	1035	1035	1067	0	1316331
1237	1047	1027	1031	1047	1050	1035	1035	1067	1062	0	1317381
1238	1027	1031	1047	1050	1035	1035	1067	1062	1054	0	1318416
1239	1031	1047	1050	1035	1035	1067	1062	1054	1043	0	1319451
1240	1047	1050	1035	1035	1067	1062	1054	1043	1062	0	1320518
1241	1050	1035	1035	1067	1062	1054	1043	1062	1074	0	1321580
1242	1035	1035	1067	1062	1054	1043	1062	1074	1059	0	1322634
1243	1035	1067	1062	1054	1043	1062	1074	1059	1042	0	1323677
1244	1067	1062	1054	1043	1062	1074	1059	1042	1070	0	1324739
1245	1062	1054	1043	1062	1074	1059	1042	1070	1078	0	1325813
1246	1054	1043	1062	1074	1059	1042	1070	1078	1059	0	1326872
1247	1043	1062	1074	1059	1042	1070	1078	1059	1027	0	1327914
1248	1062	1074	1059	1042	1070	1078	1059	1027	1058	0	1328984
1249	1074	1059	1042	1070	1078	1059	1027	1058	1078	0	1330062
1250	1059	1042	1070	1078	1059	1027	1058	1078	1062	0	1331121
1251	1042	1070	1078	1059	1027	1058	1078	1062	1043	0	1332148
1252	1070	1078	1059	1027	1058	1078	1062	1043	1074	0	1333206
1253	1078	1059	1027	1058	1078	1062	1043	1074	1090	0	1334284
1254	1059	1027	1058	1078	1062	1043	1074	1090	1070	0	1335346
1255	1027	1058	1078	1062	1043	1074	1090	1070	1042	0	1336389
1256	1058	1078	1062	1043	1074	1090	1070	1042	1055	0	1337463
1257	1078	1062	1043	1074	1090	1070	1042	1055	1066	0	1338553
1258	1062	1043	1074	1090	1070	1042	1055	1066	1051	0	1339623
1259	1043	1074	1090	1070	1042	1055	1066	1051	1046	0	1340665
1260	1074	1090	1070	1042	1055	1066	1051	1046	1074	0	1341720
1261	1090	1070	1042	1055	1066	1051	1046	1074	1097	0	1342786
1262	1070	1042	1055	1066	1051	1046	1074	1097	1121	0	1343837
1263	1042	1055	1066	1051	1046	1074	1097	1121	1090	0	1344883
1264	1055	1066	1051	1046	1074	1097	1121	1090	1124	0	1345957
1265	1066	1051	1046	1074	1097	1121	1090	1124	1156	0	1347054
1266	1051	1046	1074	1097	1121	1090	1124	1156	1163	0	1348175
1267	1046	1074	1097	1121	1090	1124	1156	1163	1140	0	1349265
1268	1074	1097	1121	1090	1124	1156	1163	1140	1121	0	1350389
1269	1097	1121	1090	1124	1156	1163	1140	1121	1152	0	1351545
1270	1121	1090	1124	1156	1163	1140	1121	1152	1163	0	1352708
1271	1090	1124	1156	1163	1140	1121	1152	1163	1156	0	1353848
1272	1124	1156	1163	1140	1121	1152	1163	1156	1105	0	1354969
1273	1156	1163	1140	1121	1152	1163	1156	1105	1085	0	1356121
1274	1163	1140	1121	1152	1163	1156	1105	1085	1082	0	1357284
1275	1140	1121	1152	1163	1156	1105	1085	1082	1078	0	1358440
1276	1121	1152	1163	1156	1105	1085	1082	1078	1047	0	1359545
1277	1152	1163	1156	1105	1085	1082	1078	1047	1050	0	1360630
1278	1163	1156	1105	1085	1082	1078	1047	1050	1074	0	1361712
1279	1156	1105	1085	1082	1078	1047	1050	1074	1090	0	1362790
1280	1105	1085	1082	1078	1047	1050	1074	1090	1074	0	1363837
1281	1085	1082	1078	1047	1050	1074	1090	1074	1062	0	1364887
1282	1082	1078	1047	1050	1074	1090	1074	1062	1089	0	1365961
1283	1078	1047	1050	1074	1090	1074	1062	1089	1090	0	1367051
1284	1047	1050	1074	1090	1074	1062	1089	1090	1070	0	1368125
1285	1050	1074	1090	1074	1062	1089	1090	1070	1046	0	1369187
1286	1074	1090	1074	1062	1089	1090	1070	1046	1063	0	1370276
1287	1090	1074	1062	1089	1090	1070	1046	1063	1066	0	1371366
1288	1074	1062	1089	1090	1070	1046	1063	1066	1066	0	1372436
1289	1062	1089	1090	1070	1046	1063	1066	1066	1047	0	1373482
1290	1089	1090	1070	1046	1063	1066	1066	1047	1066	0	1374545
1291	1090	1070	1046	1063	1066	1066	1047	1066	1074	0	1375611
1292	1070	1046	1063	1066	1066	1047	1066	1074	1082	0	1376677
1293	1046	1063	1066	1066	1047	1066	1074	1082	1062	0	1377724
1294	1063	1066	1066	1047	1066	1074	1082	1062	1058	0	1378790
1295	1066	1066	1047	1066	1074	1082	1062	1058	1070	0	1379864
1296	1066	1047	1066	1074	1082	1062	1058	1070	1066	0	1380946
1297	1047	1066	1074	1082	1062	1058	1070	1066	1051	0	1382008
1298	1066	1074	1082	1062	1058	1070	1066	1051	1047	0	1383066
1299	1074	1082	1062	1058	1070	1066	1051	1047	1070	0	1384136
1300	1082	1062	1058	1070	1066	1051	1047	1070	1089	0	1385202
1301	1062	1058	1070	1066	1051	1047	1070	1089	1078	0	1386253
1302	1058	1070	1066	1051	1047	1070	1089	1078	1051	0	1387300
1303	1070	1066	1051	1047	1070	1089	1078	1051	1093	0	1388370
1304	1066	1051	1047	1070	1089	1078	1051	1093	1121	0	1389459
1305	1051	1047	1070	1089	1078	1051	1093	1121	1147	0	1390537
1306	1047	1070	1089	1078	1051	1093	1121	1147	1113	0	1391588
1307	1070	1089	1078	1051	1093	1121	1147	1113	1109	0	1392681
1308	1089	1078	1051	1093	1121	1147	1113	1109	1156	0	1393802
1309	1078	1051	1093	1121	1147	1113	1109	1156	1175	0	1394949
1310	1051	1093	1121	1147	1113	1109	1156	1175	1152	0	1396062
1311	1093	1121	1147	1113	1109	1156	1175	1152	1151	0	1397171
1312	1121	1147	1113	1109	1156	1175	1152	1151	1176	0	1398327
1313	1147	1113	1109	1156	1175	1152	1151	1176	1155	0	1399502
1314	1113	1109	1156	1175	1152	1151	1176	1155	1148	0	1400654
1315	1109	1156	1175	1152	1151	1176	1155	1148	1105	0	1401805
1316	1156	1175	1152	1151	1176	1155	1148	1105	1164	0	1402981
1317	1175	1152	1151	1176	1155	1148	1105	1164	1179	0	1404136
1318	1152	1151	1176	1155	1148	1105	1164	1179	1210	0	1405284
1319	1151	1176	1155	1148	1105	1164	1179	1210	1167	0	1406389
1320	1176	1155	1148	1105	1164	1179	1210	1167	1183	0	1407553
1321	1155	1148	1105	1164	1179	1210	1167	1183	1214	0	1408732
1322	1148	1105	1164	1179	1210	1167	1183	1214	1229	0	1409942
1323	1105	1164	1179	1210	1167	1183	1214	1229	1199	0	1411109
1324	1164	1179	1210	1167	1183	1214	1229	1199	1187	0	1412292
1325	1179	1210	1167	1183	1214	1229	1199	1187	1214	0	1413506
1326	1210	1167	1183	1214	1229	1199	1187	1214	1241	0	1414735
1327	1167	1183	1214	1229	1199	1187	1214	1241	1229	0	1415934
1328	1183	1214	1229	1199	1187	1214	1241	1229	1160	0	1417121
1329	1214	1229	1199	1187	1214	1241	1229	1160	1167	0	1418335
1330	1229	1199	1187	1214	1241	1229	1160	1167	1195	0	1419576
1331	1199	1187	1214	1241	1229	1160	1167	1195	1210	0	1420805
1332	1187	1214	1241	1229	1160	1167	1195	1210	1191	0	1421965
1333	1214	1241	1229	1160	1167	1195	1210	1191	1151	0	1423132
1334	1241	1229	1160	1167	1195	1210	1191	1151	1175	0	1424327
1335	1229	1160	1167	1195	1210	1191	1151	1175	1203	0	1425537
1336	1160	1167	1195	1210	1191	1151	1175	1203	1187	0	1426728
1337	1167	1195	1210	1191	1151	1175	1203	1187	1151	0	1427879
1338	1195	1210	1191	1151	1175	1203	1187	1151	1160	0	1429054
1339	1210	1191	1151	1175	1203	1187	1151	1160	1187	0	1430257
1340	1191	1151	1175	1203	1187	1151	1160	1187	1229	0	1431444
1341	1151	1175	1203	1187	1151	1160	1187	1229	1210	0	1432595
1342	1175	1203	1187	1151	1160	1187	1229	1210	1203	0	1433755
1343	1203	1187	1151	1160	1187	1229	1210	1203	1210	0	1434942
1344	1187	1151	1160	1187	1229	1210	1203	1210	1218	0	1436171
1345	1151	1160	1187	1229	1210	1203	1210	1218	1206	0	1437381
1346	1160	1187	1229	1210	1203	1210	1218	1206	1175	0	1438584
1347	1187	1229	1210	1203	1210	1218	1206	1175	1191	0	1439794
1348	1229	1210	1203	1210	1218	1206	1175	1191	1221	0	1441012
1349	1210	1203	1210	1218	1206	1175	1191	1221	1222	0	1442218
1350	1203	1210	1218	1206	1175	1191	1221	1222	1191	0	1443393
1351	1210	1218	1206	1175	1191	1221	1222	1191	1163	0	1444584
1352	1218	1206	1175	1191	1221	1222	1191	1163	1222	0	1445805
1353	1206	1175	1191	1221	1222	1191	1163	1222	1265	0	1447027
1354	1175	1191	1221	1222	1191	1163	1222	1265	1202	0	1448218
1355	1191	1221	1222	1191	1163	1222	1265	1202	1175	0	1449381
1356	1221	1222	1191	1163	1222	1265	1202	1175	1237	0	1450603
1357	1222	1191	1163	1222	1265	1202	1175	1237	1230	0	1451868
1358	1191	1163	1222	1265	1202	1175	1237	1230	1226	0	1453070
1359	1163	1222	1265	1202	1175	1237	1230	1226	1159	0	1454245
1360	1222	1265	1202	1175	1237	1230	1226	1159	1156	0	1455482
1361	1265	1202	1175	1237	1230	1226	1159	1156	1187	0	1456712
1362	1202	1175	1237	1230	1226	1159	1156	1187	1198	0	1457938
1363	1175	1237	1230	1226	1159	1156	1187	1198	1175	0	1459097
1364	1237	1230	1226	1159	1156	1187	1198	1175	1156	0	1460253
1365	1230	1226	1159	1156	1187	1198	1175	1156	1183	0	1461440
1366	1226	1159	1156	1187	1198	1175	1156	1183	1187	0	1462638
1367	1159	1156	1187	1198	1175	1156	1183	1187	1147	0	1463813
1368	1156	1187	1198	1175	1156	1183	1187	1147	1156	0	1464969
1369	1187	1198	1175	1156	1183	1187	1147	1156	1156	0	1466152
1370	1198	1175	1156	1183	1187	1147	1156	1156	1163	0	1467339
1371	1175	1156	1183	1187	1147	1156	1156	1163	1160	0	1468486
1372	1156	1183	1187	1147	1156	1156	1163	1160	1112	0	1469642
1373	1183	1187	1147	1156	1156	1163	1160	1112	1137	0	1470798
1374	1187	1147	1156	1156	1163	1160	1112	1137	1167	0	1471961
1375	1147	1156	1156	1163	1160	1112	1137	1167	1183	0	1473121
1376	1156	1156	1163	1160	1112	1137	1167	1183	1159	0	1474233
1377	1156	1163	1160	1112	1137	1167	1183	1159	1148	0	1475370
1378	1163	1160	1112	1137	1167	1183	1159	1148	1168	0	1476537
1379	1160	1112	1137	1167	1183	1159	1148	1168	1206	0	1477720
1380	1112	1137	1167	1183	1159	1148	1168	1206	1194	0	1478879
1381	1137	1167	1183	1159	1148	1168	1206	1194	1168	0	1480027
1382	1167	1183	1159	1148	1168	1206	1194	1168	1155	0	1481195
1383	1183	1159	1148	1168	1206	1194	1168	1155	1187	0	1482401
1384	1159	1148	1168	1206	1194	1168	1155	1187	1191	0	1483595
1385	1148	1168	1206	1194	1168	1155	1187	1191	1163	0	1484763
1386	1168	1206	1194	1168	1155	1187	1191	1163	1140	0	1485918
1387	1206	1194	1168	1155	1187	1191	1163	1140	1164	0	1487105
1388	1194	1168	1155	1187	1191	1163	1140	1164	1171	0	1488296
1389	1168	1155	1187	1191	1163	1140	1164	1171	1175	0	1489459
1390	1155	1187	1191	1163	1140	1164	1171	1175	1124	0	1490599
1391	1187	1191	1163	1140	1164	1171	1175	1124	1156	0	1491763
1392	1191	1163	1140	1164	1171	1175	1124	1156	1234	0	1492934
1393	1163	1140	1164	1171	1175	1124	1156	1234	1233	0	1494109
1394	1140	1164	1171	1175	1124	1156	1234	1233	1187	0	1495233
1395	1164	1171	1175	1124	1156	1234	1233	1187	1163	0	1496389
1396	1171	1175	1124	1156	1234	1233	1187	1163	1218	0	1497623
1397	1175	1124	1156	1234	1233	1187	1163	1218	1202	0	1498856
1398	1124	1156	1234	1233	1187	1163	1218	1202	1199	0	1500043
1399	1156	1234	1233	1187	1163	1218	1202	1199	1159	0	1501206
1400	1234	1233	1187	1163	1218	1202	1199	1159	1187	0	1502424
1401	1233	1187	1163	1218	1202	1199	1159	1187	1171	0	1503626
1402	1187	1163	1218	1202	1199	1159	1187	1171	1148	0	1504825
1403	1163	1218	1202	1199	1159	1187	1171	1148	1140	0	1505984
1404	1218	1202	1199	1159	1187	1171	1148	1140	1187	0	1507171
1405	1202	1199	1159	1187	1171	1148	1140	1187	1164	0	1508342
1406	1199	1159	1187	1171	1148	1140	1187	1164	1151	0	1509490
1407	1159	1187	1171	1148	1140	1187	1164	1151	1168	0	1510630
1408	1187	1171	1148	1140	1187	1164	1151	1168	1182	0	1511817
1409	1171	1148	1140	1187	1164	1151	1168	1182	1187	0	1512981
1410	1148	1140	1187	1164	1151	1168	1182	1187	1160	0	1514132
1411	1140	1187	1164	1151	1168	1182	1187	1160	1128	0	1515300
1412	1187	1164	1151	1168	1182	1187	1160	1128	1168	0	1516482
1413	1164	1151	1168	1182	1187	1160	1128	1168	1175	0	1517669
1414	1151	1168	1182	1187	1160	1128	1168	1175	1159	0	1518829
1415	1168	1182	1187	1160	1128	1168	1175	1159	1136	0	1519957
1416	1182	1187	1160	1128	1168	1175	1159	1136	1175	0	1521125
1417	1187	1160	1128	1168	1175	1159	1136	1175	1195	0	1522300
1418	1160	1128	1168	1175	1159	1136	1175	1195	1171	0	1523459
1419	1128	1168	1175	1159	1136	1175	1195	1171	1156	0	1524595
1420	1168	1175	1159	1136	1175	1195	1171	1156	1175	0	1525770
1421	1175	1159	1136	1175	1195	1171	1156	1175	1187	0	1526965
1422	1159	1136	1175	1195	1171	1156	1175	1187	1183	0	1528136
1423	1136	1175	1195	1171	1156	1175	1187	1183	1140	0	1529292
1424	1175	1195	1171	1156	1175	1187	1183	1140	1179	0	1530467
1425	1195	1171	1156	1175	1187	1183	1140	1179	1175	0	1531654
1426	1171	1156	1175	1187	1183	1140	1179	1175	1171	0	1532837
1427	1156	1175	1187	1183	1140	1179	1175	1171	1128	0	1533977
1428	1175	1187	1183	1140	1179	1175	1171	1128	1160	0	1535156
1429	1187	1183	1140	1179	1175	1171	1128	1160	1163	0	1536331
1430	1183	1140	1179	1175	1171	1128	1160	1163	1168	0	1537502
1431	1140	1179	1175	1171	1128	1160	1163	1168	1124	0	1538630
1432	1179	1175	1171	1128	1160	1163	1168	1124	1152	0	1539790
1433	1175	1171	1128	1160	1163	1168	1124	1152	1152	0	1540953
1434	1171	1128	1160	1163	1168	1124	1152	1152	1163	0	1542121
1435	1128	1160	1163	1168	1124	1152	1152	1163	1156	0	1543245
1436	1160	1163	1168	1124	1152	1152	1163	1156	1136	0	1544397
1437	1163	1168	1124	1152	1152	1163	1156	1136	1179	0	1545549
1438	1168	1124	1152	1152	1163	1156	1136	1179	1194	0	1546712
1439	1124	1152	1152	1163	1156	1136	1179	1194	1176	0	1547868
1440	1152	1152	1163	1156	1136	1179	1194	1176	1151	0	1549004
1441	1152	1163	1156	1136	1179	1194	1176	1151	1187	0	1550183
1442	1163	1156	1136	1179	1194	1176	1151	1187	1187	0	1551377
1443	1156	1136	1179	1194	1176	1151	1187	1187	1167	0	1552553
1444	1136	1179	1194	1176	1151	1187	1187	1167	1129	0	1553704
1445	1179	1194	1176	1151	1187	1187	1167	1129	1155	0	1554891
1446	1194	1176	1151	1187	1187	1167	1129	1155	1179	0	1556078
1447	1176	1151	1187	1187	1167	1129	1155	1179	1164	0	1557245
1448	1151	1187	1187	1167	1129	1155	1179	1164	1140	0	1558374
1449	1187	1187	1167	1129	1155	1179	1164	1140	1167	0	1559529
1450	1187	1167	1129	1155	1179	1164	1140	1167	1179	0	1560708
1451	1167	1129	1155	1179	1164	1140	1167	1179	1144	0	1561872
1452	1129	1155	1179	1164	1140	1167	1179	1144	1148	0	1563012
1453	1155	1179	1164	1140	1167	1179	1144	1148	1175	0	1564179
1454	1179	1164	1140	1167	1179	1144	1148	1175	1175	0	1565358
1455	1164	1140	1167	1179	1144	1148	1175	1175	1136	0	1566502
1456	1140	1167	1179	1144	1148	1175	1175	1136	1140	0	1567650
1457	1167	1179	1144	1148	1175	1175	1136	1140	1175	0	1568825
1458	1179	1144	1148	1175	1175	1136	1140	1175	1195	0	1570000
1459	1144	1148	1175	1175	1136	1140	1175	1195	1183	0	1571136
1460	1148	1175	1175	1136	1140	1175	1195	1183	1171	0	1572276
1461	1175	1175	1136	1140	1175	1195	1183	1171	1237	0	1573451
1462	1175	1136	1140	1175	1195	1183	1171	1237	1234	0	1574646
1463	1136	1140	1175	1195	1183	1171	1237	1234	1198	0	1575829
1464	1140	1175	1195	1183	1171	1237	1234	1198	1195	0	1577000
1465	1175	1195	1183	1171	1237	1234	1198	1195	1225	0	1578237
1466	1195	1183	1171	1237	1234	1198	1195	1225	1215	0	1579471
1467	1183	1171	1237	1234	1198	1195	1225	1215	1206	0	1580669
1468	1171	1237	1234	1198	1195	1225	1215	1206	1155	0	1581864
1469	1237	1234	1198	1195	1225	1215	1206	1155	1172	0	1583089
1470	1234	1198	1195	1225	1215	1206	1155	1172	1171	0	1584304
1471	1198	1195	1225	1215	1206	1155	1172	1171	1159	0	1585510
1472	1195	1225	1215	1206	1155	1172	1171	1159	1156	0	1586665
1473	1225	1215	1206	1155	1172	1171	1159	1156	1198	0	1587837
1474	1215	1206	1155	1172	1171	1159	1156	1198	1246	0	1589008
1475	1206	1155	1172	1171	1159	1156	1198	1246	1217	0	1590167
1476	1155	1172	1171	1159	1156	1198	1246	1217	1199	0	1591323
1477	1172	1171	1159	1156	1198	1246	1217	1199	1241	0	1592521
1478	1171	1159	1156	1198	1246	1217	1199	1241	1253	0	1593767
1479	1159	1156	1198	1246	1217	1199	1241	1253	1226	0	1594984
1480	1156	1198	1246	1217	1199	1241	1253	1226	1222	0	1596183
1481	1198	1246	1217	1199	1241	1253	1226	1222	1233	0	1597424
1482	1246	1217	1199	1241	1253	1226	1222	1233	1226	0	1598677
1483	1217	1199	1241	1253	1226	1222	1233	1226	1229	0	1599903
1484	1199	1241	1253	1226	1222	1233	1226	1229	1195	0	1601125
1485	1241	1253	1226	1222	1233	1226	1229	1195	1222	0	1602358
1486	1253	1226	1222	1233	1226	1229	1195	1222	1225	0	1603584
1487	1226	1222	1233	1226	1229	1195	1222	1225	1214	0	1604813
1488	1222	1233	1226	1229	1195	1222	1225	1214	1171	0	1606008
1489	1233	1226	1229	1195	1222	1225	1214	1171	1195	0	1607230
1490	1226	1229	1195	1222	1225	1214	1171	1195	1167	0	1608455
1491	1229	1195	1222	1225	1214	1171	1195	1167	1156	0	1609669
1492	1195	1222	1225	1214	1171	1195	1167	1156	1136	0	1610840
1493	1222	1225	1214	1171	1195	1167	1156	1136	1101	0	1612035
1494	1225	1214	1171	1195	1167	1156	1136	1101	1117	0	1613202
1495	1214	1171	1195	1167	1156	1136	1101	1117	1121	0	1614358
1496	1171	1195	1167	1156	1136	1101	1117	1121	1097	0	1615494
1497	1195	1167	1156	1136	1101	1117	1121	1097	1089	0	1616595
1498	1167	1156	1136	1101	1117	1121	1097	1089	1113	0	1617712
1499	1156	1136	1101	1117	1121	1097	1089	1113	1117	0	1618833
1500	1136	1101	1117	1121	1097	1089	1113	1117	1113	0	1619930
1501	1101	1117	1121	1097	1089	1113	1117	1113	1070	0	1621019
1502	1117	1121	1097	1089	1113	1117	1113	1070	494	0	1622132
1503	1121	1097	1089	1113	1117	1113	1070	494	646	0	1623249
1504	1097	1089	1113	1117	1113	1070	494	646	1062	0	1624362
1505	1089	1113	1117	1113	1070	494	646	1062	1203	0	1625432
1506	1113	1117	1113	1070	494	646	1062	1203	1136	1	1625926
1507	1117	1113	1070	494	646	1062	1203	1136	1210	0	1626572
1508	1113	1070	494	646	1062	1203	1136	1210	1222	0	1627634
1509	1070	494	646	1062	1203	1136	1210	1222	1206	0	1628837
1510	494	646	1062	1203	1136	1210	1222	1206	1175	0	1629973
1511	646	1062	1203	1136	1210	1222	1206	1175	1226	0	1631183
1512	1062	1203	1136	1210	1222	1206	1175	1226	1206	0	1632405
1513	1203	1136	1210	1222	1206	1175	1226	1206	1175	0	1633611
1514	1136	1210	1222	1206	1175	1226	1206	1175	1144	0	1634786
1515	1210	1222	1206	1175	1226	1206	1175	1144	1187	0	1636012
1516	1222	1206	1175	1226	1206	1175	1144	1187	1198	0	1637218
1517	1206	1175	1226	1206	1175	1144	1187	1198	1203	0	1638393
1518	1175	1226	1206	1175	1144	1187	1198	1203	1182	0	1639537
1519	1226	1206	1175	1144	1187	1198	1203	1182	1214	0	1640724
1520	1206	1175	1144	1187	1198	1203	1182	1214	1214	0	1641922
1521	1175	1144	1187	1198	1203	1182	1214	1214	1234	0	1643125
1522	1144	1187	1198	1203	1182	1214	1214	1234	1210	0	1644307
1523	1187	1198	1203	1182	1214	1214	1234	1210	1230	0	1645521
1524	1198	1203	1182	1214	1214	1234	1210	1230	1264	0	1646735
1525	1203	1182	1214	1214	1234	1210	1230	1264	1222	0	1647969
1526	1182	1214	1214	1234	1210	1230	1264	1222	1249	0	1649179
1527	1214	1214	1234	1210	1230	1264	1222	1249	1280	0	1650409
1528	1214	1234	1210	1230	1264	1222	1249	1280	1241	0	1651673
1529	1234	1210	1230	1264	1222	1249	1280	1241	1195	0	1652895
1530	1210	1230	1264	1222	1249	1280	1241	1195	1222	0	1654144
1531	1230	1264	1222	1249	1280	1241	1195	1222	1222	0	1655424
1532	1264	1222	1249	1280	1241	1195	1222	1222	1167	0	1656665
1533	1222	1249	1280	1241	1195	1222	1222	1167	1187	0	1657860
1534	1249	1280	1241	1195	1222	1222	1167	1187	1198	0	1659082
1535	1280	1241	1195	1222	1222	1167	1187	1198	1167	0	1660304
1536	1241	1195	1222	1222	1167	1187	1198	1167	1168	0	1661471
1537	1195	1222	1222	1167	1187	1198	1167	1168	1210	0	1662658
1538	1222	1222	1167	1187	1198	1167	1168	1210	1214	0	1663856
1539	1222	1167	1187	1198	1167	1168	1210	1214	1179	0	1665023
1540	1167	1187	1198	1167	1168	1210	1214	1179	1171	0	1666191
1541	1187	1198	1167	1168	1210	1214	1179	1171	1195	0	1667401
1542	1198	1167	1168	1210	1214	1179	1171	1195	1210	0	1668615
1543	1167	1168	1210	1214	1179	1171	1195	1210	1167	0	1669794
1544	1168	1210	1214	1179	1171	1195	1210	1167	1202	0	1670965
1545	1210	1214	1179	1171	1195	1210	1167	1202	1187	0	1672160
1546	1214	1179	1171	1195	1210	1167	1202	1187	1156	0	1673370
1547	1179	1171	1195	1210	1167	1202	1187	1156	1171	0	1674537
1548	1171	1195	1210	1167	1202	1187	1156	1171	1202	0	1675739
1549	1195	1210	1167	1202	1187	1156	1171	1202	1183	0	1676926
1550	1210	1167	1202	1187	1156	1171	1202	1183	1167	0	1678082
1551	1167	1202	1187	1156	1171	1202	1183	1167	1207	0	1679253
1552	1202	1187	1156	1171	1202	1183	1167	1207	1171	0	1680455
1553	1187	1156	1171	1202	1183	1167	1207	1171	1163	0	1681638
1554	1156	1171	1202	1183	1167	1207	1171	1163	1179	0	1682805
1555	1171	1202	1183	1167	1207	1171	1163	1179	1152	0	1684012
1556	1202	1183	1167	1207	1171	1163	1179	1152	1144	0	1685183
1557	1183	1167	1207	1171	1163	1179	1152	1144	1175	0	1686346
1558	1167	1207	1171	1163	1179	1152	1144	1175	1175	0	1687525
1559	1207	1171	1163	1179	1152	1144	1175	1175	1164	0	1688677
1560	1171	1163	1179	1152	1144	1175	1175	1164	1147	0	1689821
1561	1163	1179	1152	1144	1175	1175	1164	1147	1234	0	1690996
1562	1179	1152	1144	1175	1175	1164	1147	1234	1183	0	1692171
1563	1152	1144	1175	1175	1164	1147	1234	1183	1163	0	1693335
1564	1144	1175	1175	1164	1147	1234	1183	1163	1175	0	1694482
1565	1175	1175	1164	1147	1234	1183	1163	1175	1160	0	1695716
1566	1175	1164	1147	1234	1183	1163	1175	1160	1136	0	1696899
1567	1164	1147	1234	1183	1163	1175	1160	1136	1144	0	1698062
1568	1147	1234	1183	1163	1175	1160	1136	1144	1163	0	1699237
1569	1234	1183	1163	1175	1160	1136	1144	1163	1121	0	1700397
1570	1183	1163	1175	1160	1136	1144	1163	1121	1113	0	1701533
1571	1163	1175	1160	1136	1144	1163	1121	1113	1152	0	1702677
1572	1175	1160	1136	1144	1163	1121	1113	1152	1136	0	1703840
1573	1160	1136	1144	1163	1121	1113	1152	1136	1085	0	1704961
1574	1136	1144	1163	1121	1113	1152	1136	1085	1086	0	1706074
1575	1144	1163	1121	1113	1152	1136	1085	1086	1101	0	1707226
1576	1163	1121	1113	1152	1136	1085	1086	1101	1101	0	1708362
1577	1121	1113	1152	1136	1085	1086	1101	1101	1070	0	1709447
1578	1113	1152	1136	1085	1086	1101	1101	1070	499	0	1710533
1579	1152	1136	1085	1086	1101	1101	1070	499	610	0	1711634
1580	1136	1085	1086	1101	1101	1070	499	610	1012	0	1712735
1581	1085	1086	1101	1101	1070	499	610	1012	1105	0	1713805
1582	1086	1101	1101	1070	499	610	1012	1105	1078	1	1714304
1583	1101	1101	1070	499	610	1012	1105	1078	1066	0	1714914
1584	1101	1070	499	610	1012	1105	1078	1066	1086	0	1715926
1585	1070	499	610	1012	1105	1078	1066	1086	1097	0	1717031
1586	499	610	1012	1105	1078	1066	1086	1097	1089	0	1718109
1587	610	1012	1105	1078	1066	1086	1097	1089	1063	0	1719175
1588	1012	1105	1078	1066	1086	1097	1089	1063	502	0	1720261
1589	1105	1078	1066	1086	1097	1089	1063	502	618	0	1721358
1590	1078	1066	1086	1097	1089	1063	502	618	1028	0	1722447
1591	1066	1086	1097	1089	1063	502	618	1028	1097	0	1723510
1592	1086	1097	1089	1063	502	618	1028	1097	1066	1	1724012
1593	1097	1089	1063	502	618	1028	1097	1066	1078	0	1724630
1594	1089	1063	502	618	1028	1097	1066	1078	1097	0	1725658
1595	1063	502	618	1028	1097	1066	1078	1097	1105	0	1726755
1596	502	618	1028	1097	1066	1078	1097	1105	1090	0	1727821
1597	618	1028	1097	1066	1078	1097	1105	1090	1074	0	1728899
1598	1028	1097	1066	1078	1097	1105	1090	1074	1081	0	1729996
1599	1097	1066	1078	1097	1105	1090	1074	1081	1082	0	1731101
1600	1066	1078	1097	1105	1090	1074	1081	1082	1082	0	1732191
1601	1078	1097	1105	1090	1074	1081	1082	1082	1043	0	1733265
1602	1097	1105	1090	1074	1081	1082	1082	1043	1019	0	1734346
1603	1105	1090	1074	1081	1082	1082	1043	1019	1004	0	1735428
1604	1090	1074	1081	1082	1082	1043	1019	1004	969	0	1736510
1605	1074	1081	1082	1082	1043	1019	1004	969	945	0	1737553
1606	1081	1082	1082	1043	1019	1004	969	945	938	0	1738572
1607	1082	1082	1043	1019	1004	969	945	938	926	0	1739576
1608	1082	1043	1019	1004	969	945	938	926	911	0	1740545
1609	1043	1019	1004	969	945	938	926	911	910	0	1741490
1610	1019	1004	969	945	938	926	911	910	922	0	1742428
1611	1004	969	945	938	926	911	910	922	946	0	1743354
1612	969	945	938	926	911	910	922	946	980	0	1744265
1613	945	938	926	911	910	922	946	980	491	0	1745175
1614	938	926	911	910	922	946	980	491	521	0	1746097
1615	926	911	910	922	946	980	491	521	926	0	1747043
1616	911	910	922	946	980	491	521	926	981	0	1748023
1617	910	922	946	980	491	521	926	981	1011	1	1748514
1618	922	946	980	491	521	926	981	1011	1020	0	1749035
1619	946	980	491	521	926	981	1011	1020	1004	0	1749961
1620	980	491	521	926	981	1011	1020	1004	1007	0	1750942
1621	491	521	926	981	1011	1020	1004	1007	1028	0	1751953
1622	521	926	981	1011	1020	1004	1007	1028	1046	0	1752973
1623	926	981	1011	1020	1004	1007	1028	1046	1028	0	1753977
1624	981	1011	1020	1004	1007	1028	1046	1028	1000	0	1754984
1625	1011	1020	1004	1007	1028	1046	1028	1000	490	0	1756012
1626	1020	1004	1007	1028	1046	1028	1000	490	560	0	1757058
1627	1004	1007	1028	1046	1028	1000	490	560	957	0	1758086
1628	1007	1028	1046	1028	1000	490	560	957	495	0	1759086
1629	1028	1046	1028	1000	490	560	957	495	552	1	1759576
1630	1046	1028	1000	490	560	957	495	552	946	0	1760136
1631	1028	1000	490	560	957	495	552	946	976	0	1761093
1632	1000	490	560	957	495	552	946	976	996	1	1761588
1633	490	560	957	495	552	946	976	996	495	0	1762140
1634	560	957	495	552	946	976	996	495	564	0	1763086
1635	957	495	552	946	976	996	495	564	969	0	1764062
1636	495	552	946	976	996	495	564	969	988	0	1765058
1637	552	946	976	996	495	564	969	988	1000	1	1765553
1638	946	976	996	495	564	969	988	1000	1015	0	1766117
1639	976	996	495	564	969	988	1000	1015	1016	0	1767086
1640	996	495	564	969	988	1000	1015	1016	965	0	1768074
1641	495	564	969	988	1000	1015	1016	965	942	0	1769074
1642	564	969	988	1000	1015	1016	965	942	930	0	1770089
1643	969	988	1000	1015	1016	965	942	930	922	0	1771105
1644	988	1000	1015	1016	965	942	930	922	910	0	1772070
1645	1000	1015	1016	965	942	930	922	910	922	0	1773012
1646	1015	1016	965	942	930	922	910	922	907	0	1773942
1647	1016	965	942	930	922	910	922	907	891	0	1774864
1648	965	942	930	922	910	922	907	891	907	0	1775774
1649	942	930	922	910	922	907	891	907	930	0	1776696
1650	930	922	910	922	907	891	907	930	930	0	1777603
1651	922	910	922	907	891	907	930	930	910	0	1778494
1652	910	922	907	891	907	930	930	910	930	0	1779401
1653	922	907	891	907	930	930	910	930	961	0	1780331
1654	907	891	907	930	930	910	930	961	1000	0	1781261
1655	891	907	930	930	910	930	961	1000	1016	0	1782171
1656	907	930	930	910	930	961	1000	1016	1050	0	1783101
1657	930	930	910	930	961	1000	1016	1050	1078	0	1784062
1658	930	910	930	961	1000	1016	1050	1078	1082	0	1785062
1659	910	930	961	1000	1016	1050	1078	1082	1082	0	1786078
1660	930	961	1000	1016	1050	1078	1082	1082	1081	0	1787128
1661	961	1000	1016	1050	1078	1082	1082	1081	1094	0	1788206
1662	1000	1016	1050	1078	1082	1082	1081	1094	1097	0	1789288
1663	1016	1050	1078	1082	1082	1081	1094	1097	1086	0	1790370
1664	1050	1078	1082	1082	1081	1094	1097	1086	1070	0	1791451
1665	1078	1082	1082	1081	1094	1097	1086	1070	1074	0	1792545
1666	1082	1082	1081	1094	1097	1086	1070	1074	1058	0	1793642
1667	1082	1081	1094	1097	1086	1070	1074	1058	1066	0	1794728
