i-4	i-3	i-2	i-1	i+0	i+1	i+2	i+3	i+4	Filter
556	514	1370	486	1323	510	1245	560	1226	0
514	1370	486	1323	510	1245	560	1226	541	1
1370	486	1323	510	1245	560	1226	541	1268	0
486	1323	510	1245	560	1226	541	1268	529	1
1323	510	1245	560	1226	541	1268	529	1335	0
510	1245	560	1226	541	1268	529	1335	498	1
1245	560	1226	541	1268	529	1335	498	1304	0
560	1226	541	1268	529	1335	498	1304	521	1
1226	541	1268	529	1335	498	1304	521	1171	0
541	1268	529	1335	498	1304	521	1171	852	1
1268	529	1335	498	1304	521	1171	852	467	0
529	1335	498	1304	521	1171	852	467	1327	1
1335	498	1304	521	1171	852	467	1327	506	0
498	1304	521	1171	852	467	1327	506	1284	0
1304	521	1171	852	467	1327	506	1284	549	1
521	1171	852	467	1327	506	1284	549	1404	0
1171	852	467	1327	506	1284	549	1404	471	1
852	467	1327	506	1284	549	1404	471	1346	0
467	1327	506	1284	549	1404	471	1346	502	1
1327	506	1284	549	1404	471	1346	502	1210	0
506	1284	549	1404	471	1346	502	1210	868	1
1284	549	1404	471	1346	502	1210	868	459	0
549	1404	471	1346	502	1210	868	459	1280	1
1404	471	1346	502	1210	868	459	1280	569	0
471	1346	502	1210	868	459	1280	569	1167	0
1346	502	1210	868	459	1280	569	1167	899	1
502	1210	868	459	1280	569	1167	899	459	0
1210	868	459	1280	569	1167	899	459	642	1
868	459	1280	569	1167	899	459	642	759	0
459	1280	569	1167	899	459	642	759	926	0
1280	569	1167	899	459	642	759	926	467	1
569	1167	899	459	642	759	926	467	1272	0
1167	899	459	642	759	926	467	1272	521	0
899	459	642	759	926	467	1272	521	693	0
459	642	759	926	467	1272	521	693	1265	1
642	759	926	467	1272	521	693	1265	447	0
759	926	467	1272	521	693	1265	447	665	1
926	467	1272	521	693	1265	447	665	1121	0
467	1272	521	693	1265	447	665	1121	459	0
1272	521	693	1265	447	665	1121	459	708	1
521	693	1265	447	665	1121	459	708	1172	0
693	1265	447	665	1121	459	708	1172	439	0
1265	447	665	1121	459	708	1172	439	1557	1
447	665	1121	459	708	1172	439	1557	443	0
665	1121	459	708	1172	439	1557	443	1428	0
1121	459	708	1172	439	1557	443	1428	475	1
459	708	1172	439	1557	443	1428	475	1261	0
708	1172	439	1557	443	1428	475	1261	638	1
1172	439	1557	443	1428	475	1261	638	1089	0
439	1557	443	1428	475	1261	638	1089	899	1
1557	443	1428	475	1261	638	1089	899	459	0
443	1428	475	1261	638	1089	899	459	673	1
1428	475	1261	638	1089	899	459	673	720	0
475	1261	638	1089	899	459	673	720	977	0
1261	638	1089	899	459	673	720	977	444	1
638	1089	899	459	673	720	977	444	821	0
1089	899	459	673	720	977	444	821	1323	0
899	459	673	720	977	444	821	1323	439	0
459	673	720	977	444	821	1323	439	728	1
673	720	977	444	821	1323	439	728	1198	0
720	977	444	821	1323	439	728	1198	448	0
977	444	821	1323	439	728	1198	448	712	1
444	821	1323	439	728	1198	448	712	1140	0
821	1323	439	728	1198	448	712	1140	436	0
1323	439	728	1198	448	712	1140	436	681	1
439	728	1198	448	712	1140	436	681	902	0
728	1198	448	712	1140	436	681	902	510	0
1198	448	712	1140	436	681	902	510	619	1
448	712	1140	436	681	902	510	619	953	0
712	1140	436	681	902	510	619	953	553	0
1140	436	681	902	510	619	953	553	646	1
436	681	902	510	619	953	553	646	867	0
681	902	510	619	953	553	646	867	957	0
902	510	619	953	553	646	867	957	460	1
510	619	953	553	646	867	957	460	642	0
619	953	553	646	867	957	460	642	871	0
953	553	646	867	957	460	642	871	572	0
553	646	867	957	460	642	871	572	646	1
646	867	957	460	642	871	572	646	887	0
867	957	460	642	871	572	646	887	1483	0
957	460	642	871	572	646	887	1483	1334	1
460	642	871	572	646	887	1483	1334	623	0
642	871	572	646	887	1483	1334	623	607	0
871	572	646	887	1483	1334	623	607	1206	0
572	646	887	1483	1334	623	607	1206	471	0
646	887	1483	1334	623	607	1206	471	728	1
887	1483	1334	623	607	1206	471	728	1097	0
1483	1334	623	607	1206	471	728	1097	471	0
1334	623	607	1206	471	728	1097	471	649	1
623	607	1206	471	728	1097	471	649	872	0
607	1206	471	728	1097	471	649	872	977	0
1206	471	728	1097	471	649	872	977	455	1
471	728	1097	471	649	872	977	455	646	0
728	1097	471	649	872	977	455	646	864	0
1097	471	649	872	977	455	646	864	611	0
471	649	872	977	455	646	864	611	1404	1
649	872	977	455	646	864	611	1404	502	0
872	977	455	646	864	611	1404	502	623	0
977	455	646	864	611	1404	502	623	879	1
455	646	864	611	1404	502	623	879	1000	0
646	864	611	1404	502	623	879	1000	467	1
864	611	1404	502	623	879	1000	467	1381	0
611	1404	502	623	879	1000	467	1381	526	0
1404	502	623	879	1000	467	1381	526	1315	0
502	623	879	1000	467	1381	526	1315	568	1
623	879	1000	467	1381	526	1315	568	1257	0
879	1000	467	1381	526	1315	568	1257	899	1
1000	467	1381	526	1315	568	1257	899	906	0
467	1381	526	1315	568	1257	899	906	957	1
1381	526	1315	568	1257	899	906	957	973	0
526	1315	568	1257	899	906	957	973	455	0
1315	568	1257	899	906	957	973	455	1347	0
568	1257	899	906	957	973	455	1347	545	0
1257	899	906	957	973	455	1347	545	1295	0
899	906	957	973	455	1347	545	1295	557	1
906	957	973	455	1347	545	1295	557	1299	0
957	973	455	1347	545	1295	557	1299	561	1
973	455	1347	545	1295	557	1299	561	1295	0
455	1347	545	1295	557	1299	561	1295	553	1
1347	545	1295	557	1299	561	1295	553	1307	0
545	1295	557	1299	561	1295	553	1307	545	1
1295	557	1299	561	1295	553	1307	545	1241	0
557	1299	561	1295	553	1307	545	1241	895	1
1299	561	1295	553	1307	545	1241	895	475	0
561	1295	553	1307	545	1241	895	475	1338	1
1295	553	1307	545	1241	895	475	1338	530	0
553	1307	545	1241	895	475	1338	530	1280	0
1307	545	1241	895	475	1338	530	1280	945	1
545	1241	895	475	1338	530	1280	945	973	0
1241	895	475	1338	530	1280	945	973	1004	1
895	475	1338	530	1280	945	973	1004	961	0
475	1338	530	1280	945	973	1004	961	451	0
1338	530	1280	945	973	1004	961	451	650	0
530	1280	945	973	1004	961	451	650	852	0
1280	945	973	1004	961	451	650	852	1004	0
945	973	1004	961	451	650	852	1004	448	1
973	1004	961	451	650	852	1004	448	681	0
1004	961	451	650	852	1004	448	681	821	0
961	451	650	852	1004	448	681	821	957	0
451	650	852	1004	448	681	821	957	447	1
650	852	1004	448	681	821	957	447	666	0
852	1004	448	681	821	957	447	666	871	0
1004	448	681	821	957	447	666	871	580	0
448	681	821	957	447	666	871	580	1436	1
681	821	957	447	666	871	580	1436	498	0
821	957	447	666	871	580	1436	498	622	0
957	447	666	871	580	1436	498	622	841	1
447	666	871	580	1436	498	622	841	988	0
666	871	580	1436	498	622	841	988	463	1
871	580	1436	498	622	841	988	463	1409	0
580	1436	498	622	841	988	463	1409	517	0
1436	498	622	841	988	463	1409	517	1351	0
498	622	841	988	463	1409	517	1351	544	1
622	841	988	463	1409	517	1351	544	1280	0
841	988	463	1409	517	1351	544	1280	926	1
988	463	1409	517	1351	544	1280	926	962	0
463	1409	517	1351	544	1280	926	962	1011	1
1409	517	1351	544	1280	926	962	1011	985	0
517	1351	544	1280	926	962	1011	985	455	0
1351	544	1280	926	962	1011	985	455	654	0
544	1280	926	962	1011	985	455	654	883	0
1280	926	962	1011	985	455	654	883	568	0
926	962	1011	985	455	654	883	568	1595	1
962	1011	985	455	654	883	568	1595	444	0
1011	985	455	654	883	568	1595	444	696	0
985	455	654	883	568	1595	444	696	989	1
455	654	883	568	1595	444	696	989	509	0
654	883	568	1595	444	696	989	509	654	1
883	568	1595	444	696	989	509	654	1055	0
568	1595	444	696	989	509	654	1055	502	0
1595	444	696	989	509	654	1055	502	716	1
444	696	989	509	654	1055	502	716	809	0
696	989	509	654	1055	502	716	809	1089	0
989	509	654	1055	502	716	809	1089	440	1
509	654	1055	502	716	809	1089	440	724	0
654	1055	502	716	809	1089	440	724	864	0
1055	502	716	809	1089	440	724	864	1007	0
502	716	809	1089	440	724	864	1007	448	1
716	809	1089	440	724	864	1007	448	673	0
809	1089	440	724	864	1007	448	673	903	0
1089	440	724	864	1007	448	673	903	541	0
440	724	864	1007	448	673	903	541	638	1
724	864	1007	448	673	903	541	638	899	0
864	1007	448	673	903	541	638	899	1019	0
1007	448	673	903	541	638	899	1019	451	1
448	673	903	541	638	899	1019	451	646	0
673	903	541	638	899	1019	451	646	911	0
903	541	638	899	1019	451	646	911	607	0
541	638	899	1019	451	646	911	607	1342	1
638	899	1019	451	646	911	607	1342	576	0
899	1019	451	646	911	607	1342	576	1327	0
1019	451	646	911	607	1342	576	1327	595	1
451	646	911	607	1342	576	1327	595	1308	0
646	911	607	1342	576	1327	595	1308	595	1
911	607	1342	576	1327	595	1308	595	1265	0
607	1342	576	1327	595	1308	595	1265	953	1
1342	576	1327	595	1308	595	1265	953	475	0
576	1327	595	1308	595	1265	953	475	1381	1
1327	595	1308	595	1265	953	475	1381	560	0
595	1308	595	1265	953	475	1381	560	1230	0
1308	595	1265	953	475	1381	560	1230	938	1
595	1265	953	475	1381	560	1230	938	474	0
1265	953	475	1381	560	1230	938	474	1300	1
953	475	1381	560	1230	938	474	1300	879	0
475	1381	560	1230	938	474	1300	879	475	0
1381	560	1230	938	474	1300	879	475	1307	1
560	1230	938	474	1300	879	475	1307	903	0
1230	938	474	1300	879	475	1307	903	483	0
938	474	1300	879	475	1307	903	483	1303	1
474	1300	879	475	1307	903	483	1303	922	0
1300	879	475	1307	903	483	1303	922	479	0
879	475	1307	903	483	1303	922	479	1350	1
475	1307	903	483	1303	922	479	1350	541	0
1307	903	483	1303	922	479	1350	541	1237	0
903	483	1303	922	479	1350	541	1237	911	1
483	1303	922	479	1350	541	1237	911	467	0
1303	922	479	1350	541	1237	911	467	1334	1
922	479	1350	541	1237	911	467	1334	553	0
479	1350	541	1237	911	467	1334	553	1241	0
1350	541	1237	911	467	1334	553	1241	922	1
541	1237	911	467	1334	553	1241	922	471	0
1237	911	467	1334	553	1241	922	471	1354	1
911	467	1334	553	1241	922	471	1354	518	0
467	1334	553	1241	922	471	1354	518	1264	0
1334	553	1241	922	471	1354	518	1264	911	1
553	1241	922	471	1354	518	1264	911	471	0
1241	922	471	1354	518	1264	911	471	1311	1
922	471	1354	518	1264	911	471	1311	545	0
471	1354	518	1264	911	471	1311	545	1225	0
1354	518	1264	911	471	1311	545	1225	911	1
518	1264	911	471	1311	545	1225	911	467	0
1264	911	471	1311	545	1225	911	467	1338	1
911	471	1311	545	1225	911	467	1338	514	0
471	1311	545	1225	911	467	1338	514	1264	0
1311	545	1225	911	467	1338	514	1264	919	1
545	1225	911	467	1338	514	1264	919	467	0
1225	911	467	1338	514	1264	919	467	1346	1
911	467	1338	514	1264	919	467	1346	510	0
467	1338	514	1264	919	467	1346	510	1256	0
1338	514	1264	919	467	1346	510	1256	895	1
514	1264	919	467	1346	510	1256	895	467	0
1264	919	467	1346	510	1256	895	467	1312	1
919	467	1346	510	1256	895	467	1312	544	0
467	1346	510	1256	895	467	1312	544	1261	0
1346	510	1256	895	467	1312	544	1261	560	1
510	1256	895	467	1312	544	1261	560	1319	0
1256	895	467	1312	544	1261	560	1319	510	1
895	467	1312	544	1261	560	1319	510	1300	0
467	1312	544	1261	560	1319	510	1300	556	1
1312	544	1261	560	1319	510	1300	556	1304	0
544	1261	560	1319	510	1300	556	1304	517	1
1261	560	1319	510	1300	556	1304	517	1308	0
560	1319	510	1300	556	1304	517	1308	533	1
1319	510	1300	556	1304	517	1308	533	1260	0
510	1300	556	1304	517	1308	533	1260	565	1
1300	556	1304	517	1308	533	1260	565	1229	0
556	1304	517	1308	533	1260	565	1229	584	1
1304	517	1308	533	1260	565	1229	584	1237	0
517	1308	533	1260	565	1229	584	1237	553	1
1308	533	1260	565	1229	584	1237	553	1303	0
533	1260	565	1229	584	1237	553	1303	518	1
1260	565	1229	584	1237	553	1303	518	1276	0
565	1229	584	1237	553	1303	518	1276	580	1
1229	584	1237	553	1303	518	1276	580	1229	0
584	1237	553	1303	518	1276	580	1229	580	1
1237	553	1303	518	1276	580	1229	580	1265	0
553	1303	518	1276	580	1229	580	1265	537	1
1303	518	1276	580	1229	580	1265	537	1319	0
518	1276	580	1229	580	1265	537	1319	517	1
1276	580	1229	580	1265	537	1319	517	1280	0
580	1229	580	1265	537	1319	517	1280	592	1
1229	580	1265	537	1319	517	1280	592	1268	0
580	1265	537	1319	517	1280	592	1268	530	1
1265	537	1319	517	1280	592	1268	530	1291	0
537	1319	517	1280	592	1268	530	1291	549	1
1319	517	1280	592	1268	530	1291	549	1296	0
517	1280	592	1268	530	1291	549	1296	533	1
1280	592	1268	530	1291	549	1296	533	1288	0
592	1268	530	1291	549	1296	533	1288	552	1
1268	530	1291	549	1296	533	1288	552	1265	0
530	1291	549	1296	533	1288	552	1265	564	1
1291	549	1296	533	1288	552	1265	564	1265	0
549	1296	533	1288	552	1265	564	1265	552	1
1296	533	1288	552	1265	564	1265	552	1241	0
533	1288	552	1265	564	1265	552	1241	646	1
1288	552	1265	564	1265	552	1241	646	1226	0
552	1265	564	1265	552	1241	646	1226	541	1
1265	564	1265	552	1241	646	1226	541	1327	0
564	1265	552	1241	646	1226	541	1327	533	1
1265	552	1241	646	1226	541	1327	533	1354	0
552	1241	646	1226	541	1327	533	1354	517	1
1241	646	1226	541	1327	533	1354	517	1277	0
646	1226	541	1327	533	1354	517	1277	611	1
1226	541	1327	533	1354	517	1277	611	1171	0
541	1327	533	1354	517	1277	611	1171	902	1
1327	533	1354	517	1277	611	1171	902	471	0
533	1354	517	1277	611	1171	902	471	1288	1
1354	517	1277	611	1171	902	471	1288	903	0
517	1277	611	1171	902	471	1288	903	899	0
1277	611	1171	902	471	1288	903	899	910	1
611	1171	902	471	1288	903	899	910	919	0
1171	902	471	1288	903	899	910	919	474	0
902	471	1288	903	899	910	919	474	650	0
471	1288	903	899	910	919	474	650	864	0
1288	903	899	910	919	474	650	864	587	0
903	899	910	919	474	650	864	587	1448	1
899	910	919	474	650	864	587	1448	478	0
910	919	474	650	864	587	1448	478	1432	0
919	474	650	864	587	1448	478	1432	506	1
474	650	864	587	1448	478	1432	506	1292	0
650	864	587	1448	478	1432	506	1292	864	1
864	587	1448	478	1432	506	1292	864	475	0
587	1448	478	1432	506	1292	864	475	1260	1
1448	478	1432	506	1292	864	475	1260	899	0
478	1432	506	1292	864	475	1260	899	483	0
1432	506	1292	864	475	1260	899	483	1272	1
506	1292	864	475	1260	899	483	1272	638	0
1292	864	475	1260	899	483	1272	638	1179	0
864	475	1260	899	483	1272	638	1179	899	1
475	1260	899	483	1272	638	1179	899	883	0
1260	899	483	1272	638	1179	899	883	487	1
899	483	1272	638	1179	899	883	487	1424	0
483	1272	638	1179	899	883	487	1424	478	0
1272	638	1179	899	883	487	1424	478	1347	0
638	1179	899	883	487	1424	478	1347	521	1
1179	899	883	487	1424	478	1347	521	1265	0
899	883	487	1424	478	1347	521	1265	708	1
883	487	1424	478	1347	521	1265	708	1117	0
487	1424	478	1347	521	1265	708	1117	902	1
1424	478	1347	521	1265	708	1117	902	475	0
478	1347	521	1265	708	1117	902	475	1338	1
1347	521	1265	708	1117	902	475	1338	518	0
521	1265	708	1117	902	475	1338	518	1284	0
1265	708	1117	902	475	1338	518	1284	549	1
708	1117	902	475	1338	518	1284	549	1245	0
1117	902	475	1338	518	1284	549	1245	564	1
902	475	1338	518	1284	549	1245	564	1280	0
475	1338	518	1284	549	1245	564	1280	522	1
1338	518	1284	549	1245	564	1280	522	1280	0
518	1284	549	1245	564	1280	522	1280	564	1
1284	549	1245	564	1280	522	1280	564	1276	0
549	1245	564	1280	522	1280	564	1276	522	1
1245	564	1280	522	1280	564	1276	522	1311	0
564	1280	522	1280	564	1276	522	1311	529	1
1280	522	1280	564	1276	522	1311	529	1327	0
522	1280	564	1276	522	1311	529	1327	514	1
1280	564	1276	522	1311	529	1327	514	1303	0
564	1276	522	1311	529	1327	514	1303	529	1
1276	522	1311	529	1327	514	1303	529	1292	0
522	1311	529	1327	514	1303	529	1292	529	1
1311	529	1327	514	1303	529	1292	529	1300	0
529	1327	514	1303	529	1292	529	1300	525	1
1327	514	1303	529	1292	529	1300	525	1284	0
514	1303	529	1292	529	1300	525	1284	541	1
1303	529	1292	529	1300	525	1284	541	1272	0
529	1292	529	1300	525	1284	541	1272	533	1
1292	529	1300	525	1284	541	1272	533	1261	0
529	1300	525	1284	541	1272	533	1261	549	1
1300	525	1284	541	1272	533	1261	549	1319	0
525	1284	541	1272	533	1261	549	1319	513	1
1284	541	1272	533	1261	549	1319	513	1269	0
541	1272	533	1261	549	1319	513	1269	568	1
1272	533	1261	549	1319	513	1269	568	1261	0
533	1261	549	1319	513	1269	568	1261	529	1
1261	549	1319	513	1269	568	1261	529	1280	0
549	1319	513	1269	568	1261	529	1280	537	1
1319	513	1269	568	1261	529	1280	537	1284	0
513	1269	568	1261	529	1280	537	1284	533	1
1269	568	1261	529	1280	537	1284	533	1300	0
568	1261	529	1280	537	1284	533	1300	521	1
1261	529	1280	537	1284	533	1300	521	1269	0
529	1280	537	1284	533	1300	521	1269	576	1
1280	537	1284	533	1300	521	1269	576	1272	0
537	1284	533	1300	521	1269	576	1272	517	1
1284	533	1300	521	1269	576	1272	517	1300	0
533	1300	521	1269	576	1272	517	1300	537	1
1300	521	1269	576	1272	517	1300	537	1288	0
521	1269	576	1272	517	1300	537	1288	529	1
1269	576	1272	517	1300	537	1288	529	1261	0
576	1272	517	1300	537	1288	529	1261	580	1
1272	517	1300	537	1288	529	1261	580	1249	0
517	1300	537	1288	529	1261	580	1249	533	1
1300	537	1288	529	1261	580	1249	533	1280	0
537	1288	529	1261	580	1249	533	1280	541	1
1288	529	1261	580	1249	533	1280	541	1299	0
529	1261	580	1249	533	1280	541	1299	526	1
1261	580	1249	533	1280	541	1299	526	1291	0
580	1249	533	1280	541	1299	526	1291	534	1
1249	533	1280	541	1299	526	1291	534	1276	0
533	1280	541	1299	526	1291	534	1276	545	1
1280	541	1299	526	1291	534	1276	545	1280	0
541	1299	526	1291	534	1276	545	1280	533	1
1299	526	1291	534	1276	545	1280	533	1284	0
526	1291	534	1276	545	1280	533	1284	545	1
1291	534	1276	545	1280	533	1284	545	1299	0
534	1276	545	1280	533	1284	545	1299	522	1
1276	545	1280	533	1284	545	1299	522	1256	0
545	1280	533	1284	545	1299	522	1256	611	1
1280	533	1284	545	1299	522	1256	611	1210	0
533	1284	545	1299	522	1256	611	1210	557	1
1284	545	1299	522	1256	611	1210	557	1346	0
545	1299	522	1256	611	1210	557	1346	518	1
1299	522	1256	611	1210	557	1346	518	1435	0
522	1256	611	1210	557	1346	518	1435	483	1
1256	611	1210	557	1346	518	1435	483	1319	0
611	1210	557	1346	518	1435	483	1319	533	1
1210	557	1346	518	1435	483	1319	533	1300	0
557	1346	518	1435	483	1319	533	1300	517	1
1346	518	1435	483	1319	533	1300	517	1276	0
518	1435	483	1319	533	1300	517	1276	549	1
1435	483	1319	533	1300	517	1276	549	1292	0
483	1319	533	1300	517	1276	549	1292	525	1
1319	533	1300	517	1276	549	1292	525	1308	0
533	1300	517	1276	549	1292	525	1308	525	1
1300	517	1276	549	1292	525	1308	525	1284	0
517	1276	549	1292	525	1308	525	1284	545	1
1276	549	1292	525	1308	525	1284	545	1284	0
549	1292	525	1308	525	1284	545	1284	529	1
1292	525	1308	525	1284	545	1284	529	1288	0
525	1308	525	1284	545	1284	529	1288	541	1
1308	525	1284	545	1284	529	1288	541	1295	0
525	1284	545	1284	529	1288	541	1295	522	1
1284	545	1284	529	1288	541	1295	522	1245	0
545	1284	529	1288	541	1295	522	1245	623	1
1284	529	1288	541	1295	522	1245	623	1194	0
529	1288	541	1295	522	1245	623	1194	556	1
1288	541	1295	522	1245	623	1194	556	1281	0
541	1295	522	1245	623	1194	556	1281	537	1
1295	522	1245	623	1194	556	1281	537	1354	0
522	1245	623	1194	556	1281	537	1354	513	1
1245	623	1194	556	1281	537	1354	513	1292	0
623	1194	556	1281	537	1354	513	1292	537	1
1194	556	1281	537	1354	513	1292	537	1269	0
556	1281	537	1354	513	1292	537	1269	540	1
1281	537	1354	513	1292	537	1269	540	1277	0
537	1354	513	1292	537	1269	540	1277	533	1
1354	513	1292	537	1269	540	1277	533	1280	0
513	1292	537	1269	540	1277	533	1280	549	1
1292	537	1269	540	1277	533	1280	549	1276	0
537	1269	540	1277	533	1280	549	1276	525	1
1269	540	1277	533	1280	549	1276	525	1269	0
540	1277	533	1280	549	1276	525	1269	568	1
1277	533	1280	549	1276	525	1269	568	1303	0
533	1280	549	1276	525	1269	568	1303	510	1
1280	549	1276	525	1269	568	1303	510	1315	0
549	1276	525	1269	568	1303	510	1315	529	1
1276	525	1269	568	1303	510	1315	529	1296	0
525	1269	568	1303	510	1315	529	1296	529	1
1269	568	1303	510	1315	529	1296	529	1269	0
568	1303	510	1315	529	1296	529	1269	552	1
1303	510	1315	529	1296	529	1269	552	1269	0
510	1315	529	1296	529	1269	552	1269	541	1
1315	529	1296	529	1269	552	1269	541	1280	0
529	1296	529	1269	552	1269	541	1280	529	1
1296	529	1269	552	1269	541	1280	529	1249	0
529	1269	552	1269	541	1280	529	1249	587	1
1269	552	1269	541	1280	529	1249	587	1261	0
552	1269	541	1280	529	1249	587	1261	522	1
1269	541	1280	529	1249	587	1261	522	1323	0
541	1280	529	1249	587	1261	522	1323	525	1
1280	529	1249	587	1261	522	1323	525	1342	0
529	1249	587	1261	522	1323	525	1342	506	1
1249	587	1261	522	1323	525	1342	506	1292	0
587	1261	522	1323	525	1342	506	1292	545	1
1261	522	1323	525	1342	506	1292	545	1299	0
522	1323	525	1342	506	1292	545	1299	522	1
1323	525	1342	506	1292	545	1299	522	1307	0
525	1342	506	1292	545	1299	522	1307	521	1
1342	506	1292	545	1299	522	1307	521	1284	0
506	1292	545	1299	522	1307	521	1284	541	1
1292	545	1299	522	1307	521	1284	541	1265	0
545	1299	522	1307	521	1284	541	1265	537	1
1299	522	1307	521	1284	541	1265	537	1257	0
522	1307	521	1284	541	1265	537	1257	556	1
1307	521	1284	541	1265	537	1257	556	1300	0
521	1284	541	1265	537	1257	556	1300	513	1
1284	541	1265	537	1257	556	1300	513	1319	0
541	1265	537	1257	556	1300	513	1319	530	1
1265	537	1257	556	1300	513	1319	530	1381	0
537	1257	556	1300	513	1319	530	1381	498	1
1257	556	1300	513	1319	530	1381	498	1292	0
556	1300	513	1319	530	1381	498	1292	537	1
1300	513	1319	530	1381	498	1292	537	1284	0
513	1319	530	1381	498	1292	537	1284	529	1
1319	530	1381	498	1292	537	1284	529	1358	0
530	1381	498	1292	537	1284	529	1358	502	1
1381	498	1292	537	1284	529	1358	502	1342	0
498	1292	537	1284	529	1358	502	1342	514	1
1292	537	1284	529	1358	502	1342	514	1315	0
537	1284	529	1358	502	1342	514	1315	518	1
1284	529	1358	502	1342	514	1315	518	1264	0
529	1358	502	1342	514	1315	518	1264	561	1
1358	502	1342	514	1315	518	1264	561	1256	0
502	1342	514	1315	518	1264	561	1256	533	1
1342	514	1315	518	1264	561	1256	533	1296	0
514	1315	518	1264	561	1256	533	1296	525	1
1315	518	1264	561	1256	533	1296	525	1335	0
518	1264	561	1256	533	1296	525	1335	506	1
1264	561	1256	533	1296	525	1335	506	1303	0
561	1256	533	1296	525	1335	506	1303	530	1
1256	533	1296	525	1335	506	1303	530	1288	0
533	1296	525	1335	506	1303	530	1288	525	1
1296	525	1335	506	1303	530	1288	525	1276	0
525	1335	506	1303	530	1288	525	1276	537	1
1335	506	1303	530	1288	525	1276	537	1284	0
506	1303	530	1288	525	1276	537	1284	525	1
1303	530	1288	525	1276	537	1284	525	1284	0
530	1288	525	1276	537	1284	525	1284	537	1
1288	525	1276	537	1284	525	1284	537	1288	0
525	1276	537	1284	525	1284	537	1288	522	1
1276	537	1284	525	1284	537	1288	522	1253	0
537	1284	525	1284	537	1288	522	1253	572	1
1284	525	1284	537	1288	522	1253	572	1295	0
525	1284	537	1288	522	1253	572	1295	514	1
1284	537	1288	522	1253	572	1295	514	1292	0
537	1288	522	1253	572	1295	514	1292	525	1
1288	522	1253	572	1295	514	1292	525	1284	0
522	1253	572	1295	514	1292	525	1284	529	1
1253	572	1295	514	1292	525	1284	529	1277	0
572	1295	514	1292	525	1284	529	1277	533	1
1295	514	1292	525	1284	529	1277	533	1260	0
514	1292	525	1284	529	1277	533	1260	549	1
1292	525	1284	529	1277	533	1260	549	1265	0
525	1284	529	1277	533	1260	549	1265	537	1
1284	529	1277	533	1260	549	1265	537	1284	0
529	1277	533	1260	549	1265	537	1284	537	1
1277	533	1260	549	1265	537	1284	537	1299	0
533	1260	549	1265	537	1284	537	1299	522	1
1260	549	1265	537	1284	537	1299	522	1284	0
549	1265	537	1284	537	1299	522	1284	541	1
1265	537	1284	537	1299	522	1284	541	1287	0
537	1284	537	1299	522	1284	541	1287	522	1
1284	537	1299	522	1284	541	1287	522	1257	0
537	1299	522	1284	541	1287	522	1257	576	1
1299	522	1284	541	1287	522	1257	576	1287	0
522	1284	541	1287	522	1257	576	1287	518	1
1284	541	1287	522	1257	576	1287	518	1323	0
541	1287	522	1257	576	1287	518	1323	517	1
1287	522	1257	576	1287	518	1323	517	1308	0
522	1257	576	1287	518	1323	517	1308	521	1
1257	576	1287	518	1323	517	1308	521	1273	0
576	1287	518	1323	517	1308	521	1273	544	1
1287	518	1323	517	1308	521	1273	544	1230	0
518	1323	517	1308	521	1273	544	1230	584	1
1323	517	1308	521	1273	544	1230	584	1264	0
517	1308	521	1273	544	1230	584	1264	525	1
1308	521	1273	544	1230	584	1264	525	1265	0
521	1273	544	1230	584	1264	525	1265	576	1
1273	544	1230	584	1264	525	1265	576	1296	0
544	1230	584	1264	525	1265	576	1296	513	1
1230	584	1264	525	1265	576	1296	513	1284	0
584	1264	525	1265	576	1296	513	1284	545	1
1264	525	1265	576	1296	513	1284	545	1249	0
525	1265	576	1296	513	1284	545	1249	553	1
1265	576	1296	513	1284	545	1249	553	1284	0
576	1296	513	1284	545	1249	553	1284	525	1
1296	513	1284	545	1249	553	1284	525	1288	0
513	1284	545	1249	553	1284	525	1288	541	1
1284	545	1249	553	1284	525	1288	541	1284	0
545	1249	553	1284	525	1288	541	1284	529	1
1249	553	1284	525	1288	541	1284	529	1303	0
553	1284	525	1288	541	1284	529	1303	530	1
1284	525	1288	541	1284	529	1303	530	1295	0
525	1288	541	1284	529	1303	530	1295	526	1
1288	541	1284	529	1303	530	1295	526	1284	0
541	1284	529	1303	530	1295	526	1284	544	1
1284	529	1303	530	1295	526	1284	544	1312	0
529	1303	530	1295	526	1284	544	1312	513	1
1303	530	1295	526	1284	544	1312	513	1296	0
530	1295	526	1284	544	1312	513	1296	545	1
1295	526	1284	544	1312	513	1296	545	1346	0
526	1284	544	1312	513	1296	545	1346	506	1
1284	544	1312	513	1296	545	1346	506	1327	0
544	1312	513	1296	545	1346	506	1327	521	1
1312	513	1296	545	1346	506	1327	521	1312	0
513	1296	545	1346	506	1327	521	1312	525	1
1296	545	1346	506	1327	521	1312	525	1276	0
545	1346	506	1327	521	1312	525	1276	541	1
1346	506	1327	521	1312	525	1276	541	1249	0
506	1327	521	1312	525	1276	541	1249	564	1
1327	521	1312	525	1276	541	1249	564	1238	0
521	1312	525	1276	541	1249	564	1238	556	1
1312	525	1276	541	1249	564	1238	556	1272	0
525	1276	541	1249	564	1238	556	1272	529	1
1276	541	1249	564	1238	556	1272	529	1304	0
541	1249	564	1238	556	1272	529	1304	518	1
1249	564	1238	556	1272	529	1304	518	1295	0
564	1238	556	1272	529	1304	518	1295	545	1
1238	556	1272	529	1304	518	1295	545	1284	0
556	1272	529	1304	518	1295	545	1284	521	1
1272	529	1304	518	1295	545	1284	521	1253	0
529	1304	518	1295	545	1284	521	1253	592	1
1304	518	1295	545	1284	521	1253	592	1280	0
518	1295	545	1284	521	1253	592	1280	514	1
1295	545	1284	521	1253	592	1280	514	1319	0
545	1284	521	1253	592	1280	514	1319	529	1
1284	521	1253	592	1280	514	1319	529	1362	0
521	1253	592	1280	514	1319	529	1362	502	1
1253	592	1280	514	1319	529	1362	502	1311	0
592	1280	514	1319	529	1362	502	1311	533	1
1280	514	1319	529	1362	502	1311	533	1331	0
514	1319	529	1362	502	1311	533	1331	509	1
1319	529	1362	502	1311	533	1331	509	1300	0
529	1362	502	1311	533	1331	509	1300	541	1
1362	502	1311	533	1331	509	1300	541	1331	0
502	1311	533	1331	509	1300	541	1331	505	1
1311	533	1331	509	1300	541	1331	505	1316	0
533	1331	509	1300	541	1331	505	1316	533	1
1331	509	1300	541	1331	505	1316	533	1369	0
509	1300	541	1331	505	1316	533	1369	498	1
1300	541	1331	505	1316	533	1369	498	1343	0
541	1331	505	1316	533	1369	498	1343	513	1
1331	505	1316	533	1369	498	1343	513	1331	0
505	1316	533	1369	498	1343	513	1331	514	1
1316	533	1369	498	1343	513	1331	514	1299	0
533	1369	498	1343	513	1331	514	1299	534	1
1369	498	1343	513	1331	514	1299	534	1268	0
498	1343	513	1331	514	1299	534	1268	545	1
1343	513	1331	514	1299	534	1268	545	1272	0
513	1331	514	1299	534	1268	545	1272	537	1
1331	514	1299	534	1268	545	1272	537	1284	0
514	1299	534	1268	545	1272	537	1284	533	1
1299	534	1268	545	1272	537	1284	533	1296	0
534	1268	545	1272	537	1284	533	1296	525	1
1268	545	1272	537	1284	533	1296	525	1284	0
545	1272	537	1284	533	1296	525	1284	541	1
1272	537	1284	533	1296	525	1284	541	1284	0
537	1284	533	1296	525	1284	541	1284	529	1
1284	533	1296	525	1284	541	1284	529	1280	0
533	1296	525	1284	541	1284	529	1280	549	1
1296	525	1284	541	1284	529	1280	549	1276	0
525	1284	541	1284	529	1280	549	1276	530	1
1284	541	1284	529	1280	549	1276	530	1276	0
541	1284	529	1280	549	1276	530	1276	560	1
1284	529	1280	549	1276	530	1276	560	1335	0
529	1280	549	1276	530	1276	560	1335	513	1
1280	549	1276	530	1276	560	1335	513	1327	0
549	1276	530	1276	560	1335	513	1327	522	1
1276	530	1276	560	1335	513	1327	522	1307	0
530	1276	560	1335	513	1327	522	1307	525	1
1276	560	1335	513	1327	522	1307	525	1292	0
560	1335	513	1327	522	1307	525	1292	533	1
1335	513	1327	522	1307	525	1292	533	1261	0
513	1327	522	1307	525	1292	533	1261	556	1
1327	522	1307	525	1292	533	1261	556	1308	0
522	1307	525	1292	533	1261	556	1308	513	1
1307	525	1292	533	1261	556	1308	513	1312	0
525	1292	533	1261	556	1308	513	1312	537	1
1292	533	1261	556	1308	513	1312	537	1346	0
533	1261	556	1308	513	1312	537	1346	510	1
1261	556	1308	513	1312	537	1346	510	1268	0
556	1308	513	1312	537	1346	510	1268	557	1
1308	513	1312	537	1346	510	1268	557	1237	0
513	1312	537	1346	510	1268	557	1237	556	1
1312	537	1346	510	1268	557	1237	556	1269	0
537	1346	510	1268	557	1237	556	1269	533	1
1346	510	1268	557	1237	556	1269	533	1311	0
510	1268	557	1237	556	1269	533	1311	522	1
1268	557	1237	556	1269	533	1311	522	1295	0
557	1237	556	1269	533	1311	522	1295	526	1
1237	556	1269	533	1311	522	1295	526	1256	0
556	1269	533	1311	522	1295	526	1256	584	1
1269	533	1311	522	1295	526	1256	584	1311	0
533	1311	522	1295	526	1256	584	1311	514	1
1311	522	1295	526	1256	584	1311	514	1354	0
522	1295	526	1256	584	1311	514	1354	514	1
1295	526	1256	584	1311	514	1354	514	1369	0
526	1256	584	1311	514	1354	514	1369	506	1
1256	584	1311	514	1354	514	1369	506	1335	0
584	1311	514	1354	514	1369	506	1335	513	1
1311	514	1354	514	1369	506	1335	513	1284	0
514	1354	514	1369	506	1335	513	1284	545	1
1354	514	1369	506	1335	513	1284	545	1296	0
514	1369	506	1335	513	1284	545	1296	517	1
1369	506	1335	513	1284	545	1296	517	1312	0
506	1335	513	1284	545	1296	517	1312	529	1
1335	513	1284	545	1296	517	1312	529	1311	0
513	1284	545	1296	517	1312	529	1311	518	1
1284	545	1296	517	1312	529	1311	518	1272	0
545	1296	517	1312	529	1311	518	1272	549	1
1296	517	1312	529	1311	518	1272	549	1288	0
517	1312	529	1311	518	1272	549	1288	521	1
1312	529	1311	518	1272	549	1288	521	1269	0
529	1311	518	1272	549	1288	521	1269	552	1
1311	518	1272	549	1288	521	1269	552	1319	0
518	1272	549	1288	521	1269	552	1319	514	1
1272	549	1288	521	1269	552	1319	514	1327	0
549	1288	521	1269	552	1319	514	1327	517	1
1288	521	1269	552	1319	514	1327	517	1307	0
521	1269	552	1319	514	1327	517	1307	526	1
1269	552	1319	514	1327	517	1307	526	1319	0
552	1319	514	1327	517	1307	526	1319	513	1
1319	514	1327	517	1307	526	1319	513	1304	0
514	1327	517	1307	526	1319	513	1304	541	1
1327	517	1307	526	1319	513	1304	541	1338	0
517	1307	526	1319	513	1304	541	1338	506	1
1307	526	1319	513	1304	541	1338	506	1308	0
526	1319	513	1304	541	1338	506	1308	521	1
1319	513	1304	541	1338	506	1308	521	1265	0
513	1304	541	1338	506	1308	521	1265	552	1
1304	541	1338	506	1308	521	1265	552	1315	0
541	1338	506	1308	521	1265	552	1315	510	1
1338	506	1308	521	1265	552	1315	510	1311	0
506	1308	521	1265	552	1315	510	1311	529	1
1308	521	1265	552	1315	510	1311	529	1355	0
521	1265	552	1315	510	1311	529	1355	498	1
1265	552	1315	510	1311	529	1355	498	1288	0
552	1315	510	1311	529	1355	498	1288	536	1
1315	510	1311	529	1355	498	1288	536	1273	0
510	1311	529	1355	498	1288	536	1273	529	1
1311	529	1355	498	1288	536	1273	529	1304	0
529	1355	498	1288	536	1273	529	1304	517	1
1355	498	1288	536	1273	529	1304	517	1288	0
498	1288	536	1273	529	1304	517	1288	533	1
1288	536	1273	529	1304	517	1288	533	1311	0
536	1273	529	1304	517	1288	533	1311	514	1
1273	529	1304	517	1288	533	1311	514	1272	0
529	1304	517	1288	533	1311	514	1272	549	1
1304	517	1288	533	1311	514	1272	549	1296	0
517	1288	533	1311	514	1272	549	1296	517	1
1288	533	1311	514	1272	549	1296	517	1358	0
533	1311	514	1272	549	1296	517	1358	502	1
1311	514	1272	549	1296	517	1358	502	1296	0
514	1272	549	1296	517	1358	502	1296	529	1
1272	549	1296	517	1358	502	1296	529	1269	0
549	1296	517	1358	502	1296	529	1269	533	1
1296	517	1358	502	1296	529	1269	533	1338	0
517	1358	502	1296	529	1269	533	1338	510	1
1358	502	1296	529	1269	533	1338	510	1362	0
502	1296	529	1269	533	1338	510	1362	498	1
1296	529	1269	533	1338	510	1362	498	1264	0
529	1269	533	1338	510	1362	498	1264	553	1
1269	533	1338	510	1362	498	1264	553	1272	0
533	1338	510	1362	498	1264	553	1272	522	1
1338	510	1362	498	1264	553	1272	522	1393	0
510	1362	498	1264	553	1272	522	1393	498	1
1362	498	1264	553	1272	522	1393	498	1389	0
498	1264	553	1272	522	1393	498	1389	494	1
1264	553	1272	522	1393	498	1389	494	1296	0
553	1272	522	1393	498	1389	494	1296	525	1
1272	522	1393	498	1389	494	1296	525	1307	0
522	1393	498	1389	494	1296	525	1307	510	1
1393	498	1389	494	1296	525	1307	510	1272	0
498	1389	494	1296	525	1307	510	1272	537	1
1389	494	1296	525	1307	510	1272	537	1277	0
494	1296	525	1307	510	1272	537	1277	517	1
1296	525	1307	510	1272	537	1277	517	1269	0
525	1307	510	1272	537	1277	517	1269	537	1
1307	510	1272	537	1277	517	1269	537	1311	0
510	1272	537	1277	517	1269	537	1311	506	1
1272	537	1277	517	1269	537	1311	506	1268	0
537	1277	517	1269	537	1311	506	1268	537	1
1277	517	1269	537	1311	506	1268	537	1257	0
517	1269	537	1311	506	1268	537	1257	529	1
1269	537	1311	506	1268	537	1257	529	1269	0
537	1311	506	1268	537	1257	529	1269	525	1
1311	506	1268	537	1257	529	1269	525	1253	0
506	1268	537	1257	529	1269	525	1253	537	1
1268	537	1257	529	1269	525	1253	537	1272	0
537	1257	529	1269	525	1253	537	1272	526	1
1257	529	1269	525	1253	537	1272	526	1288	0
529	1269	525	1253	537	1272	526	1288	521	1
1269	525	1253	537	1272	526	1288	521	1296	0
525	1253	537	1272	526	1288	521	1296	517	1
1253	537	1272	526	1288	521	1296	517	1280	0
537	1272	526	1288	521	1296	517	1280	537	1
1272	526	1288	521	1296	517	1280	537	1327	0
526	1288	521	1296	517	1280	537	1327	506	1
1288	521	1296	517	1280	537	1327	506	1276	0
521	1296	517	1280	537	1327	506	1276	541	1
1296	517	1280	537	1327	506	1276	541	1307	0
517	1280	537	1327	506	1276	541	1307	510	1
1280	537	1327	506	1276	541	1307	510	1284	0
537	1327	506	1276	541	1307	510	1284	537	1
1327	506	1276	541	1307	510	1284	537	1296	0
506	1276	541	1307	510	1284	537	1296	517	1
1276	541	1307	510	1284	537	1296	517	1288	0
541	1307	510	1284	537	1296	517	1288	522	1
1307	510	1284	537	1296	517	1288	522	1268	0
510	1284	537	1296	517	1288	522	1268	537	1
1284	537	1296	517	1288	522	1268	537	1257	0
537	1296	517	1288	522	1268	537	1257	541	1
1296	517	1288	522	1268	537	1257	541	1264	0
517	1288	522	1268	537	1257	541	1264	541	1
1288	522	1268	537	1257	541	1264	541	1300	0
522	1268	537	1257	541	1264	541	1300	517	1
1268	537	1257	541	1264	541	1300	517	1308	0
537	1257	541	1264	541	1300	517	1308	525	1
1257	541	1264	541	1300	517	1308	525	1292	0
541	1264	541	1300	517	1308	525	1292	529	1
1264	541	1300	517	1308	525	1292	529	1273	0
541	1300	517	1308	525	1292	529	1273	540	1
1300	517	1308	525	1292	529	1273	540	1284	0
517	1308	525	1292	529	1273	540	1284	526	1
1308	525	1292	529	1273	540	1284	526	1295	0
525	1292	529	1273	540	1284	526	1295	530	1
1292	529	1273	540	1284	526	1295	530	1284	0
529	1273	540	1284	526	1295	530	1284	529	1
1273	540	1284	526	1295	530	1284	529	1268	0
540	1284	526	1295	530	1284	529	1268	545	1
1284	526	1295	530	1284	529	1268	545	1307	0
526	1295	530	1284	529	1268	545	1307	518	1
1295	530	1284	529	1268	545	1307	518	1280	0
530	1284	529	1268	545	1307	518	1280	553	1
1284	529	1268	545	1307	518	1280	553	1315	0
529	1268	545	1307	518	1280	553	1315	513	1
1268	545	1307	518	1280	553	1315	513	1296	0
545	1307	518	1280	553	1315	513	1296	537	1
1307	518	1280	553	1315	513	1296	537	1354	0
518	1280	553	1315	513	1296	537	1354	506	1
1280	553	1315	513	1296	537	1354	506	1331	0
553	1315	513	1296	537	1354	506	1331	513	1
1315	513	1296	537	1354	506	1331	513	1319	0
513	1296	537	1354	506	1331	513	1319	518	1
1296	537	1354	506	1331	513	1319	518	1307	0
537	1354	506	1331	513	1319	518	1307	530	1
1354	506	1331	513	1319	518	1307	530	1276	0
506	1331	513	1319	518	1307	530	1276	533	1
1331	513	1319	518	1307	530	1276	533	1303	0
513	1319	518	1307	530	1276	533	1303	506	1
1319	518	1307	530	1276	533	1303	506	1277	0
518	1307	530	1276	533	1303	506	1277	568	1
1307	530	1276	533	1303	506	1277	568	1319	0
530	1276	533	1303	506	1277	568	1319	509	1
1276	533	1303	506	1277	568	1319	509	1347	0
533	1303	506	1277	568	1319	509	1347	509	1
1303	506	1277	568	1319	509	1347	509	1312	0
506	1277	568	1319	509	1347	509	1312	521	1
1277	568	1319	509	1347	509	1312	521	1292	0
568	1319	509	1347	509	1312	521	1292	525	1
1319	509	1347	509	1312	521	1292	525	1273	0
509	1347	509	1312	521	1292	525	1273	537	1
1347	509	1312	521	1292	525	1273	537	1291	0
509	1312	521	1292	525	1273	537	1291	522	1
1312	521	1292	525	1273	537	1291	522	1288	0
521	1292	525	1273	537	1291	522	1288	529	1
1292	525	1273	537	1291	522	1288	529	1303	0
525	1273	537	1291	522	1288	529	1303	518	1
1273	537	1291	522	1288	529	1303	518	1319	0
537	1291	522	1288	529	1303	518	1319	518	1
1291	522	1288	529	1303	518	1319	518	1369	0
522	1288	529	1303	518	1319	518	1369	502	1
1288	529	1303	518	1319	518	1369	502	1335	0
529	1303	518	1319	518	1369	502	1335	513	1
1303	518	1319	518	1369	502	1335	513	1296	0
518	1319	518	1369	502	1335	513	1296	521	1
1319	518	1369	502	1335	513	1296	521	1300	0
518	1369	502	1335	513	1296	521	1300	521	1
1369	502	1335	513	1296	521	1300	521	1339	0
502	1335	513	1296	521	1300	521	1339	506	1
1335	513	1296	521	1300	521	1339	506	1272	0
513	1296	521	1300	521	1339	506	1272	537	1
1296	521	1300	521	1339	506	1272	537	1296	0
521	1300	521	1339	506	1272	537	1296	517	1
1300	521	1339	506	1272	537	1296	517	1323	0
521	1339	506	1272	537	1296	517	1323	514	1
1339	506	1272	537	1296	517	1323	514	1296	0
506	1272	537	1296	517	1323	514	1296	525	1
1272	537	1296	517	1323	514	1296	525	1303	0
537	1296	517	1323	514	1296	525	1303	514	1
1296	517	1323	514	1296	525	1303	514	1276	0
517	1323	514	1296	525	1303	514	1276	537	1
1323	514	1296	525	1303	514	1276	537	1288	0
514	1296	525	1303	514	1276	537	1288	518	1
1296	525	1303	514	1276	537	1288	518	1307	0
525	1303	514	1276	537	1288	518	1307	525	1
1303	514	1276	537	1288	518	1307	525	1370	0
514	1276	537	1288	518	1307	525	1370	498	1
1276	537	1288	518	1307	525	1370	498	1304	0
537	1288	518	1307	525	1370	498	1304	525	1
1288	518	1307	525	1370	498	1304	525	1296	0
518	1307	525	1370	498	1304	525	1296	521	1
1307	525	1370	498	1304	525	1296	521	1304	0
525	1370	498	1304	525	1296	521	1304	517	1
1370	498	1304	525	1296	521	1304	517	1292	0
498	1304	525	1296	521	1304	517	1292	525	1
1304	525	1296	521	1304	517	1292	525	1296	0
525	1296	521	1304	517	1292	525	1296	506	1
1296	521	1304	517	1292	525	1296	506	1268	0
521	1304	517	1292	525	1296	506	1268	553	1
1304	517	1292	525	1296	506	1268	553	1331	0
517	1292	525	1296	506	1268	553	1331	501	1
1292	525	1296	506	1268	553	1331	501	1304	0
525	1296	506	1268	553	1331	501	1304	533	1
1296	506	1268	553	1331	501	1304	533	1350	0
506	1268	553	1331	501	1304	533	1350	502	1
1268	553	1331	501	1304	533	1350	502	1319	0
553	1331	501	1304	533	1350	502	1319	518	1
1331	501	1304	533	1350	502	1319	518	1292	0
501	1304	533	1350	502	1319	518	1292	521	1
1304	533	1350	502	1319	518	1292	521	1292	0
533	1350	502	1319	518	1292	521	1292	521	1
1350	502	1319	518	1292	521	1292	521	1288	0
502	1319	518	1292	521	1292	521	1288	533	1
1319	518	1292	521	1292	521	1288	533	1319	0
518	1292	521	1292	521	1288	533	1319	510	1
1292	521	1292	521	1288	533	1319	510	1280	0
521	1292	521	1288	533	1319	510	1280	533	1
1292	521	1288	533	1319	510	1280	533	1296	0
521	1288	533	1319	510	1280	533	1296	517	1
1288	533	1319	510	1280	533	1296	517	1300	0
533	1319	510	1280	533	1296	517	1300	525	1
1319	510	1280	533	1296	517	1300	525	1304	0
510	1280	533	1296	517	1300	525	1304	525	1
1280	533	1296	517	1300	525	1304	525	1284	0
533	1296	517	1300	525	1304	525	1284	526	1
1296	517	1300	525	1304	525	1284	526	1291	0
517	1300	525	1304	525	1284	526	1291	526	1
1300	525	1304	525	1284	526	1291	526	1342	0
525	1304	525	1284	526	1291	526	1342	506	1
1304	525	1284	526	1291	526	1342	506	1335	0
525	1284	526	1291	526	1342	506	1335	513	1
1284	526	1291	526	1342	506	1335	513	1331	0
526	1291	526	1342	506	1335	513	1331	506	1
1291	526	1342	506	1335	513	1331	506	1292	0
526	1342	506	1335	513	1331	506	1292	540	1
1342	506	1335	513	1331	506	1292	540	1308	0
506	1335	513	1331	506	1292	540	1308	513	1
1335	513	1331	506	1292	540	1308	513	1277	0
513	1331	506	1292	540	1308	513	1277	541	1
1331	506	1292	540	1308	513	1277	541	1334	0
506	1292	540	1308	513	1277	541	1334	502	1
1292	540	1308	513	1277	541	1334	502	1304	0
540	1308	513	1277	541	1334	502	1304	529	1
1308	513	1277	541	1334	502	1304	529	1315	0
513	1277	541	1334	502	1304	529	1315	514	1
1277	541	1334	502	1304	529	1315	514	1291	0
541	1334	502	1304	529	1315	514	1291	530	1
1334	502	1304	529	1315	514	1291	530	1237	0
502	1304	529	1315	514	1291	530	1237	564	1
1304	529	1315	514	1291	530	1237	564	1129	0
529	1315	514	1291	530	1237	564	1129	789	1
1315	514	1291	530	1237	564	1129	789	479	0
514	1291	530	1237	564	1129	789	479	1093	1
1291	530	1237	564	1129	789	479	1093	763	0
530	1237	564	1129	789	479	1093	763	479	0
1237	564	1129	789	479	1093	763	479	1062	1
564	1129	789	479	1093	763	479	1062	774	0
1129	789	479	1093	763	479	1062	774	471	0
789	479	1093	763	479	1062	774	471	1117	1
479	1093	763	479	1062	774	471	1117	778	0
1093	763	479	1062	774	471	1117	778	483	0
763	479	1062	774	471	1117	778	483	1031	1
479	1062	774	471	1117	778	483	1031	739	0
1062	774	471	1117	778	483	1031	739	479	0
774	471	1117	778	483	1031	739	479	976	1
471	1117	778	483	1031	739	479	976	720	0
1117	778	483	1031	739	479	976	720	514	0
778	483	1031	739	479	976	720	514	1105	1
483	1031	739	479	976	720	514	1105	871	0
1031	739	479	976	720	514	1105	871	459	0
739	479	976	720	514	1105	871	459	1273	1
479	976	720	514	1105	871	459	1273	587	0
976	720	514	1105	871	459	1273	587	1288	0
720	514	1105	871	459	1273	587	1288	518	1
514	1105	871	459	1273	587	1288	518	1362	0
1105	871	459	1273	587	1288	518	1362	502	1
871	459	1273	587	1288	518	1362	502	1299	0
459	1273	587	1288	518	1362	502	1299	537	1
1273	587	1288	518	1362	502	1299	537	1230	0
587	1288	518	1362	502	1299	537	1230	595	1
1288	518	1362	502	1299	537	1230	595	1269	0
518	1362	502	1299	537	1230	595	1269	521	1
1362	502	1299	537	1230	595	1269	521	1358	0
502	1299	537	1230	595	1269	521	1358	502	1
1299	537	1230	595	1269	521	1358	502	1315	0
537	1230	595	1269	521	1358	502	1315	533	1
1230	595	1269	521	1358	502	1315	533	1343	0
595	1269	521	1358	502	1315	533	1343	509	1
1269	521	1358	502	1315	533	1343	509	1323	0
521	1358	502	1315	533	1343	509	1323	514	1
1358	502	1315	533	1343	509	1323	514	1276	0
502	1315	533	1343	509	1323	514	1276	560	1
1315	533	1343	509	1323	514	1276	560	1304	0
533	1343	509	1323	514	1276	560	1304	514	1
1343	509	1323	514	1276	560	1304	514	1319	0
509	1323	514	1276	560	1304	514	1319	509	1
1323	514	1276	560	1304	514	1319	509	1230	0
514	1276	560	1304	514	1319	509	1230	774	1
1276	560	1304	514	1319	509	1230	774	1059	0
560	1304	514	1319	509	1230	774	1059	945	1
1304	514	1319	509	1230	774	1059	945	977	0
514	1319	509	1230	774	1059	945	977	463	1
1319	509	1230	774	1059	945	977	463	1206	0
509	1230	774	1059	945	977	463	1206	553	0
1230	774	1059	945	977	463	1206	553	692	0
774	1059	945	977	463	1206	553	692	1327	1
1059	945	977	463	1206	553	692	1327	440	0
945	977	463	1206	553	692	1327	440	723	1
977	463	1206	553	692	1327	440	723	1148	0
463	1206	553	692	1327	440	723	1148	463	0
1206	553	692	1327	440	723	1148	463	744	1
553	692	1327	440	723	1148	463	744	1206	0
692	1327	440	723	1148	463	744	1206	428	0
1327	440	723	1148	463	744	1206	428	661	1
440	723	1148	463	744	1206	428	661	1125	0
723	1148	463	744	1206	428	661	1125	459	0
1148	463	744	1206	428	661	1125	459	724	1
463	744	1206	428	661	1125	459	724	1132	0
744	1206	428	661	1125	459	724	1132	444	0
1206	428	661	1125	459	724	1132	444	1556	1
428	661	1125	459	724	1132	444	1556	459	0
661	1125	459	724	1132	444	1556	459	1428	0
1125	459	724	1132	444	1556	459	1428	475	1
459	724	1132	444	1556	459	1428	475	1249	0
724	1132	444	1556	459	1428	475	1249	587	1
1132	444	1556	459	1428	475	1249	587	1187	0
444	1556	459	1428	475	1249	587	1187	588	1
1556	459	1428	475	1249	587	1187	588	1276	0
459	1428	475	1249	587	1187	588	1276	518	1
1428	475	1249	587	1187	588	1276	518	1322	0
475	1249	587	1187	588	1276	518	1322	518	1
1249	587	1187	588	1276	518	1322	518	1272	0
587	1187	588	1276	518	1322	518	1272	537	1
1187	588	1276	518	1322	518	1272	537	1249	0
588	1276	518	1322	518	1272	537	1249	561	1
1276	518	1322	518	1272	537	1249	561	1373	0
518	1322	518	1272	537	1249	561	1373	487	1
1322	518	1272	537	1249	561	1373	487	1319	0
518	1272	537	1249	561	1373	487	1319	525	1
1272	537	1249	561	1373	487	1319	525	1342	0
537	1249	561	1373	487	1319	525	1342	502	1
1249	561	1373	487	1319	525	1342	502	1300	0
561	1373	487	1319	525	1342	502	1300	521	1
1373	487	1319	525	1342	502	1300	521	1288	0
487	1319	525	1342	502	1300	521	1288	529	1
1319	525	1342	502	1300	521	1288	529	1296	0
525	1342	502	1300	521	1288	529	1296	518	1
1342	502	1300	521	1288	529	1296	518	1276	0
502	1300	521	1288	529	1296	518	1276	541	1
1300	521	1288	529	1296	518	1276	541	1284	0
521	1288	529	1296	518	1276	541	1284	517	1
1288	529	1296	518	1276	541	1284	517	1261	0
529	1296	518	1276	541	1284	517	1261	560	1
1296	518	1276	541	1284	517	1261	560	1300	0
518	1276	541	1284	517	1261	560	1300	514	1
1276	541	1284	517	1261	560	1300	514	1334	0
541	1284	517	1261	560	1300	514	1334	506	1
1284	517	1261	560	1300	514	1334	506	1265	0
517	1261	560	1300	514	1334	506	1265	552	1
1261	560	1300	514	1334	506	1265	552	1280	0
560	1300	514	1334	506	1265	552	1280	518	1
1300	514	1334	506	1265	552	1280	518	1307	0
514	1334	506	1265	552	1280	518	1307	533	1
1334	506	1265	552	1280	518	1307	533	1339	0
506	1265	552	1280	518	1307	533	1339	506	1
1265	552	1280	518	1307	533	1339	506	1303	0
552	1280	518	1307	533	1339	506	1303	522	1
1280	518	1307	533	1339	506	1303	522	1241	0
518	1307	533	1339	506	1303	522	1241	576	1
1307	533	1339	506	1303	522	1241	576	1338	0
533	1339	506	1303	522	1241	576	1338	494	1
1339	506	1303	522	1241	576	1338	494	1358	0
506	1303	522	1241	576	1338	494	1358	514	1
1303	522	1241	576	1338	494	1358	514	1370	0
522	1241	576	1338	494	1358	514	1370	502	1
1241	576	1338	494	1358	514	1370	502	1299	0
576	1338	494	1358	514	1370	502	1299	529	1
1338	494	1358	514	1370	502	1299	529	1316	0
494	1358	514	1370	502	1299	529	1316	517	1
1358	514	1370	502	1299	529	1316	517	1327	0
514	1370	502	1299	529	1316	517	1327	513	1
1370	502	1299	529	1316	517	1327	513	1308	0
502	1299	529	1316	517	1327	513	1308	521	1
1299	529	1316	517	1327	513	1308	521	1323	0
529	1316	517	1327	513	1308	521	1323	510	1
1316	517	1327	513	1308	521	1323	510	1284	0
517	1327	513	1308	521	1323	510	1284	541	1
1327	513	1308	521	1323	510	1284	541	1303	0
513	1308	521	1323	510	1284	541	1303	510	1
1308	521	1323	510	1284	541	1303	510	1284	0
521	1323	510	1284	541	1303	510	1284	545	1
1323	510	1284	541	1303	510	1284	545	1315	0
510	1284	541	1303	510	1284	545	1315	510	1
1284	541	1303	510	1284	545	1315	510	1292	0
541	1303	510	1284	545	1315	510	1292	529	1
1303	510	1284	545	1315	510	1292	529	1284	0
510	1284	545	1315	510	1292	529	1284	529	1
1284	545	1315	510	1292	529	1284	529	1315	0
545	1315	510	1292	529	1284	529	1315	502	1
1315	510	1292	529	1284	529	1315	502	1284	0
510	1292	529	1284	529	1315	502	1284	557	1
1292	529	1284	529	1315	502	1284	557	1291	0
529	1284	529	1315	502	1284	557	1291	514	1
1284	529	1315	502	1284	557	1291	514	1292	0
529	1315	502	1284	557	1291	514	1292	537	1
1315	502	1284	557	1291	514	1292	537	1358	0
502	1284	557	1291	514	1292	537	1358	502	1
1284	557	1291	514	1292	537	1358	502	1292	0
557	1291	514	1292	537	1358	502	1292	537	1
1291	514	1292	537	1358	502	1292	537	1256	0
514	1292	537	1358	502	1292	537	1256	545	1
1292	537	1358	502	1292	537	1256	545	1273	0
537	1358	502	1292	537	1256	545	1273	529	1
1358	502	1292	537	1256	545	1273	529	1272	0
502	1292	537	1256	545	1273	529	1272	545	1
1292	537	1256	545	1273	529	1272	545	1315	0
537	1256	545	1273	529	1272	545	1315	514	1
1256	545	1273	529	1272	545	1315	514	1268	0
545	1273	529	1272	545	1315	514	1268	557	1
1273	529	1272	545	1315	514	1268	557	1284	0
529	1272	545	1315	514	1268	557	1284	525	1
1272	545	1315	514	1268	557	1284	525	1303	0
545	1315	514	1268	557	1284	525	1303	522	1
1315	514	1268	557	1284	525	1303	522	1268	0
514	1268	557	1284	525	1303	522	1268	549	1
1268	557	1284	525	1303	522	1268	549	1299	0
557	1284	525	1303	522	1268	549	1299	518	1
1284	525	1303	522	1268	549	1299	518	1292	0
525	1303	522	1268	549	1299	518	1292	537	1
1303	522	1268	549	1299	518	1292	537	1350	0
522	1268	549	1299	518	1292	537	1350	506	1
1268	549	1299	518	1292	537	1350	506	1288	0
549	1299	518	1292	537	1350	506	1288	541	1
1299	518	1292	537	1350	506	1288	541	1268	0
518	1292	537	1350	506	1288	541	1268	533	1
1292	537	1350	506	1288	541	1268	533	1292	0
537	1350	506	1288	541	1268	533	1292	525	1
1350	506	1288	541	1268	533	1292	525	1280	0
506	1288	541	1268	533	1292	525	1280	545	1
1288	541	1268	533	1292	525	1280	545	1300	0
541	1268	533	1292	525	1280	545	1300	521	1
1268	533	1292	525	1280	545	1300	521	1276	0
533	1292	525	1280	545	1300	521	1276	553	1
1292	525	1280	545	1300	521	1276	553	1307	0
525	1280	545	1300	521	1276	553	1307	518	1
1280	545	1300	521	1276	553	1307	518	1268	0
545	1300	521	1276	553	1307	518	1268	565	1
1300	521	1276	553	1307	518	1268	565	1295	0
521	1276	553	1307	518	1268	565	1295	522	1
1276	553	1307	518	1268	565	1295	522	1292	0
553	1307	518	1268	565	1295	522	1292	533	1
1307	518	1268	565	1295	522	1292	533	1253	0
518	1268	565	1295	522	1292	533	1253	568	1
1268	565	1295	522	1292	533	1253	568	1264	0
565	1295	522	1292	533	1253	568	1264	533	1
1295	522	1292	533	1253	568	1264	533	1265	0
522	1292	533	1253	568	1264	533	1265	572	1
1292	533	1253	568	1264	533	1265	572	1323	0
533	1253	568	1264	533	1265	572	1323	513	1
1253	568	1264	533	1265	572	1323	513	1327	0
568	1264	533	1265	572	1323	513	1327	522	1
1264	533	1265	572	1323	513	1327	522	1299	0
533	1265	572	1323	513	1327	522	1299	545	1
1265	572	1323	513	1327	522	1299	545	1276	0
572	1323	513	1327	522	1299	545	1276	533	1
1323	513	1327	522	1299	545	1276	533	1308	0
513	1327	522	1299	545	1276	533	1308	533	1
1327	522	1299	545	1276	533	1308	533	1307	0
522	1299	545	1276	533	1308	533	1307	522	1
1299	545	1276	533	1308	533	1307	522	1276	0
545	1276	533	1308	533	1307	522	1276	568	1
1276	533	1308	533	1307	522	1276	568	1296	0
533	1308	533	1307	522	1276	568	1296	513	1
1308	533	1307	522	1276	568	1296	513	1292	0
533	1307	522	1276	568	1296	513	1292	557	1
1307	522	1276	568	1296	513	1292	557	1330	0
522	1276	568	1296	513	1292	557	1330	506	1
1276	568	1296	513	1292	557	1330	506	1308	0
568	1296	513	1292	557	1330	506	1308	548	1
1296	513	1292	557	1330	506	1308	548	1327	0
513	1292	557	1330	506	1308	548	1327	510	1
1292	557	1330	506	1308	548	1327	510	1307	0
557	1330	506	1308	548	1327	510	1307	537	1
1330	506	1308	548	1327	510	1307	537	1284	0
506	1308	548	1327	510	1307	537	1284	537	1
1308	548	1327	510	1307	537	1284	537	1284	0
548	1327	510	1307	537	1284	537	1284	533	1
1327	510	1307	537	1284	537	1284	533	1280	0
510	1307	537	1284	537	1284	533	1280	549	1
1307	537	1284	537	1284	533	1280	549	1311	0
537	1284	537	1284	533	1280	549	1311	514	1
1284	537	1284	533	1280	549	1311	514	1303	0
537	1284	533	1280	549	1311	514	1303	553	1
1284	533	1280	549	1311	514	1303	553	1350	0
533	1280	549	1311	514	1303	553	1350	510	1
1280	549	1311	514	1303	553	1350	510	1315	0
549	1311	514	1303	553	1350	510	1315	537	1
1311	514	1303	553	1350	510	1315	537	1272	0
514	1303	553	1350	510	1315	537	1272	549	1
1303	553	1350	510	1315	537	1272	549	1288	0
553	1350	510	1315	537	1272	549	1288	533	1
1350	510	1315	537	1272	549	1288	533	1304	0
510	1315	537	1272	549	1288	533	1304	540	1
1315	537	1272	549	1288	533	1304	540	1284	0
537	1272	549	1288	533	1304	540	1284	537	1
1272	549	1288	533	1304	540	1284	537	1284	0
549	1288	533	1304	540	1284	537	1284	557	1
1288	533	1304	540	1284	537	1284	557	1319	0
533	1304	540	1284	537	1284	557	1319	514	1
1304	540	1284	537	1284	557	1319	514	1326	0
540	1284	537	1284	557	1319	514	1326	537	1
1284	537	1284	557	1319	514	1326	537	1296	0
537	1284	557	1319	514	1326	537	1296	525	1
1284	557	1319	514	1326	537	1296	525	1242	0
557	1319	514	1326	537	1296	525	1242	891	1
1319	514	1326	537	1296	525	1242	891	937	0
514	1326	537	1296	525	1242	891	937	471	1
1326	537	1296	525	1242	891	937	471	697	0
537	1296	525	1242	891	937	471	697	712	0
1296	525	1242	891	937	471	697	712	1012	0
525	1242	891	937	471	697	712	1012	459	1
1242	891	937	471	697	712	1012	459	1198	0
891	937	471	697	712	1012	459	1198	1319	0
937	471	697	712	1012	459	1198	1319	510	0
471	697	712	1012	459	1198	1319	510	646	1
697	712	1012	459	1198	1319	510	646	1397	0
712	1012	459	1198	1319	510	646	1397	447	0
1012	459	1198	1319	510	646	1397	447	950	1
459	1198	1319	510	646	1397	447	950	1253	0
1198	1319	510	646	1397	447	950	1253	447	0
1319	510	646	1397	447	950	1253	447	704	1
510	646	1397	447	950	1253	447	704	1273	0
646	1397	447	950	1253	447	704	1273	451	0
1397	447	950	1253	447	704	1273	451	724	1
447	950	1253	447	704	1273	451	724	1128	0
950	1253	447	704	1273	451	724	1128	459	0
1253	447	704	1273	451	724	1128	459	759	1
447	704	1273	451	724	1128	459	759	1249	0
704	1273	451	724	1128	459	759	1249	448	0
1273	451	724	1128	459	759	1249	448	684	1
451	724	1128	459	759	1249	448	684	1035	0
724	1128	459	759	1249	448	684	1035	475	0
1128	459	759	1249	448	684	1035	475	724	1
459	759	1249	448	684	1035	475	724	1264	0
759	1249	448	684	1035	475	724	1264	448	0
1249	448	684	1035	475	724	1264	448	700	1
448	684	1035	475	724	1264	448	700	1012	0
684	1035	475	724	1264	448	700	1012	486	0
1035	475	724	1264	448	700	1012	486	681	1
475	724	1264	448	700	1012	486	681	1323	0
724	1264	448	700	1012	486	681	1323	452	0
1264	448	700	1012	486	681	1323	452	723	1
448	700	1012	486	681	1323	452	723	1059	0
700	1012	486	681	1323	452	723	1059	470	0
1012	486	681	1323	452	723	1059	470	685	1
486	681	1323	452	723	1059	470	685	1199	0
681	1323	452	723	1059	470	685	1199	455	0
1323	452	723	1059	470	685	1199	455	685	1
452	723	1059	470	685	1199	455	685	941	0
723	1059	470	685	1199	455	685	941	526	0
1059	470	685	1199	455	685	941	526	615	1
470	685	1199	455	685	941	526	615	1350	0
685	1199	455	685	941	526	615	1350	455	0
1199	455	685	941	526	615	1350	455	743	1
455	685	941	526	615	1350	455	743	1012	0
685	941	526	615	1350	455	743	1012	486	0
941	526	615	1350	455	743	1012	486	666	1
526	615	1350	455	743	1012	486	666	1206	0
615	1350	455	743	1012	486	666	1206	459	0
1350	455	743	1012	486	666	1206	459	685	1
455	743	1012	486	666	1206	459	685	976	0
743	1012	486	666	1206	459	685	976	514	0
1012	486	666	1206	459	685	976	514	759	1
486	666	1206	459	685	976	514	759	1416	0
666	1206	459	685	976	514	759	1416	452	0
1206	459	685	976	514	759	1416	452	708	1
459	685	976	514	759	1416	452	708	1120	0
685	976	514	759	1416	452	708	1120	467	0
976	514	759	1416	452	708	1120	467	720	1
514	759	1416	452	708	1120	467	720	1062	0
759	1416	452	708	1120	467	720	1062	483	0
1416	452	708	1120	467	720	1062	483	646	1
452	708	1120	467	720	1062	483	646	992	0
708	1120	467	720	1062	483	646	992	517	0
1120	467	720	1062	483	646	992	517	705	1
467	720	1062	483	646	992	517	705	996	0
720	1062	483	646	992	517	705	996	517	0
1062	483	646	992	517	705	996	517	1506	1
483	646	992	517	705	996	517	1506	498	0
646	992	517	705	996	517	1506	498	638	0
992	517	705	996	517	1506	498	638	903	1
517	705	996	517	1506	498	638	903	852	0
705	996	517	1506	498	638	903	852	1105	1
996	517	1506	498	638	903	852	1105	1008	0
517	1506	498	638	903	852	1105	1008	475	0
1506	498	638	903	852	1105	1008	475	638	1
498	638	903	852	1105	1008	475	638	798	0
638	903	852	1105	1008	475	638	798	930	0
903	852	1105	1008	475	638	798	930	470	1
852	1105	1008	475	638	798	930	470	658	0
1105	1008	475	638	798	930	470	658	910	0
1008	475	638	798	930	470	658	910	569	0
475	638	798	930	470	658	910	569	1525	1
638	798	930	470	658	910	569	1525	490	0
798	930	470	658	910	569	1525	490	638	0
930	470	658	910	569	1525	490	638	919	1
470	658	910	569	1525	490	638	919	1019	0
658	910	569	1525	490	638	919	1019	615	1
910	569	1525	490	638	919	1019	615	1432	0
569	1525	490	638	919	1019	615	1432	506	0
1525	490	638	919	1019	615	1432	506	634	0
490	638	919	1019	615	1432	506	634	953	1
638	919	1019	615	1432	506	634	953	977	0
919	1019	615	1432	506	634	953	977	471	1
1019	615	1432	506	634	953	977	471	638	0
615	1432	506	634	953	977	471	638	875	0
1432	506	634	953	977	471	638	875	1020	0
506	634	953	977	471	638	875	1020	467	1
634	953	977	471	638	875	1020	467	669	0
953	977	471	638	875	1020	467	669	809	0
977	471	638	875	1020	467	669	809	1016	0
471	638	875	1020	467	669	809	1016	459	1
638	875	1020	467	669	809	1016	459	677	0
875	1020	467	669	809	1016	459	677	844	0
1020	467	669	809	1016	459	677	844	973	0
467	669	809	1016	459	677	844	973	451	1
669	809	1016	459	677	844	973	451	709	0
809	1016	459	677	844	973	451	709	914	0
1016	459	677	844	973	451	709	914	696	0
459	677	844	973	451	709	914	696	1483	1
677	844	973	451	709	914	696	1483	494	0
844	973	451	709	914	696	1483	494	650	0
973	451	709	914	696	1483	494	650	1074	1
451	709	914	696	1483	494	650	1074	517	0
709	914	696	1483	494	650	1074	517	615	1
914	696	1483	494	650	1074	517	615	856	0
696	1483	494	650	1074	517	615	856	876	0
1483	494	650	1074	517	615	856	876	498	1
494	650	1074	517	615	856	876	498	1443	0
650	1074	517	615	856	876	498	1443	533	0
1074	517	615	856	876	498	1443	533	1331	0
517	615	856	876	498	1443	533	1331	880	1
615	856	876	498	1443	533	1331	880	482	0
856	876	498	1443	533	1331	880	482	1315	1
876	498	1443	533	1331	880	482	1315	876	0
498	1443	533	1331	880	482	1315	876	486	0
1443	533	1331	880	482	1315	876	486	1319	1
533	1331	880	482	1315	876	486	1319	876	0
1331	880	482	1315	876	486	1319	876	478	0
880	482	1315	876	486	1319	876	478	1245	1
482	1315	876	486	1319	876	478	1245	810	0
1315	876	486	1319	876	478	1245	810	490	0
876	486	1319	876	478	1245	810	490	1171	1
486	1319	876	478	1245	810	490	1171	821	0
1319	876	478	1245	810	490	1171	821	490	0
876	478	1245	810	490	1171	821	490	1242	1
478	1245	810	490	1171	821	490	1242	918	0
1245	810	490	1171	821	490	1242	918	471	0
810	490	1171	821	490	1242	918	471	661	1
490	1171	821	490	1242	918	471	661	763	0
1171	821	490	1242	918	471	661	763	922	0
821	490	1242	918	471	661	763	922	483	1
490	1242	918	471	661	763	922	483	1463	0
1242	918	471	661	763	922	483	1463	509	0
918	471	661	763	922	483	1463	509	638	0
471	661	763	922	483	1463	509	638	814	1
661	763	922	483	1463	509	638	814	980	0
763	922	483	1463	509	638	814	980	475	1
922	483	1463	509	638	814	980	475	673	0
483	1463	509	638	814	980	475	673	802	0
1463	509	638	814	980	475	673	802	1015	0
509	638	814	980	475	673	802	1015	455	1
638	814	980	475	673	802	1015	455	709	0
814	980	475	673	802	1015	455	709	930	0
980	475	673	802	1015	455	709	930	540	0
475	673	802	1015	455	709	930	540	1425	1
673	802	1015	455	709	930	540	1425	517	0
802	1015	455	709	930	540	1425	517	1315	0
1015	455	709	930	540	1425	517	1315	911	1
455	709	930	540	1425	517	1315	911	474	0
709	930	540	1425	517	1315	911	474	1312	1
930	540	1425	517	1315	911	474	1312	938	0
540	1425	517	1315	911	474	1312	938	470	0
1425	517	1315	911	474	1312	938	470	1374	1
517	1315	911	474	1312	938	470	1374	537	0
1315	911	474	1312	938	470	1374	537	1237	0
911	474	1312	938	470	1374	537	1237	829	1
474	1312	938	470	1374	537	1237	829	486	0
1312	938	470	1374	537	1237	829	486	1218	1
938	470	1374	537	1237	829	486	1218	856	0
470	1374	537	1237	829	486	1218	856	479	0
1374	537	1237	829	486	1218	856	479	1327	1
537	1237	829	486	1218	856	479	1327	941	0
1237	829	486	1218	856	479	1327	941	1000	0
829	486	1218	856	479	1327	941	1000	993	1
486	1218	856	479	1327	941	1000	993	976	0
1218	856	479	1327	941	1000	993	976	467	0
856	479	1327	941	1000	993	976	467	642	0
479	1327	941	1000	993	976	467	642	771	0
1327	941	1000	993	976	467	642	771	1042	0
941	1000	993	976	467	642	771	1042	460	1
1000	993	976	467	642	771	1042	460	1198	0
993	976	467	642	771	1042	460	1198	1218	0
976	467	642	771	1042	460	1198	1218	432	0
467	642	771	1042	460	1198	1218	432	1443	1
642	771	1042	460	1198	1218	432	1443	479	0
771	1042	460	1198	1218	432	1443	479	1304	0
1042	460	1198	1218	432	1443	479	1304	548	1
460	1198	1218	432	1443	479	1304	548	1249	0
1198	1218	432	1443	479	1304	548	1249	895	1
1218	432	1443	479	1304	548	1249	895	467	0
432	1443	479	1304	548	1249	895	467	1245	1
1443	479	1304	548	1249	895	467	1245	852	0
479	1304	548	1249	895	467	1245	852	463	0
1304	548	1249	895	467	1245	852	463	1187	1
548	1249	895	467	1245	852	463	1187	817	0
1249	895	467	1245	852	463	1187	817	467	0
895	467	1245	852	463	1187	817	467	1284	1
467	1245	852	463	1187	817	467	1284	864	0
1245	852	463	1187	817	467	1284	864	494	0
852	463	1187	817	467	1284	864	494	1304	1
463	1187	817	467	1284	864	494	1304	537	0
1187	817	467	1284	864	494	1304	537	1327	0
817	467	1284	864	494	1304	537	1327	529	1
467	1284	864	494	1304	537	1327	529	1334	0
1284	864	494	1304	537	1327	529	1334	533	1
864	494	1304	537	1327	529	1334	533	1378	0
494	1304	537	1327	529	1334	533	1378	510	1
1304	537	1327	529	1334	533	1378	510	1303	0
537	1327	529	1334	533	1378	510	1303	553	1
1327	529	1334	533	1378	510	1303	553	1237	0
529	1334	533	1378	510	1303	553	1237	934	1
1334	533	1378	510	1303	553	1237	934	984	0
533	1378	510	1303	553	1237	934	984	1039	1
1378	510	1303	553	1237	934	984	1039	996	0
510	1303	553	1237	934	984	1039	996	467	0
1303	553	1237	934	984	1039	996	467	693	0
553	1237	934	984	1039	996	467	693	988	0
1237	934	984	1039	996	467	693	988	475	0
934	984	1039	996	467	693	988	475	782	1
984	1039	996	467	693	988	475	782	1093	0
1039	996	467	693	988	475	782	1093	452	0
996	467	693	988	475	782	1093	452	669	1
467	693	988	475	782	1093	452	669	895	0
693	988	475	782	1093	452	669	895	541	0
988	475	782	1093	452	669	895	541	661	1
475	782	1093	452	669	895	541	661	1160	0
782	1093	452	669	895	541	661	1160	471	0
1093	452	669	895	541	661	1160	471	731	1
452	669	895	541	661	1160	471	731	1090	0
669	895	541	661	1160	471	731	1090	478	0
895	541	661	1160	471	731	1090	478	619	1
541	661	1160	471	731	1090	478	619	1159	0
661	1160	471	731	1090	478	619	1159	475	0
1160	471	731	1090	478	619	1159	475	658	1
471	731	1090	478	619	1159	475	658	1058	0
731	1090	478	619	1159	475	658	1058	494	0
1090	478	619	1159	475	658	1058	494	724	1
478	619	1159	475	658	1058	494	724	1268	0
619	1159	475	658	1058	494	724	1268	460	0
1159	475	658	1058	494	724	1268	460	696	1
475	658	1058	494	724	1268	460	696	957	0
658	1058	494	724	1268	460	696	957	533	0
1058	494	724	1268	460	696	957	533	685	1
494	724	1268	460	696	957	533	685	1381	0
724	1268	460	696	957	533	685	1381	460	0
1268	460	696	957	533	685	1381	460	708	1
460	696	957	533	685	1381	460	708	988	0
696	957	533	685	1381	460	708	988	514	0
957	533	685	1381	460	708	988	514	599	1
533	685	1381	460	708	988	514	599	996	0
685	1381	460	708	988	514	599	996	638	0
1381	460	708	988	514	599	996	638	1296	1
460	708	988	514	599	996	638	1296	872	0
708	988	514	599	996	638	1296	872	856	0
988	514	599	996	638	1296	872	856	941	1
514	599	996	638	1296	872	856	941	973	0
599	996	638	1296	872	856	941	973	482	0
996	638	1296	872	856	941	973	482	705	0
638	1296	872	856	941	973	482	705	969	0
1296	872	856	941	973	482	705	969	513	0
872	856	941	973	482	705	969	513	813	1
856	941	973	482	705	969	513	813	1397	0
941	973	482	705	969	513	813	1397	452	0
973	482	705	969	513	813	1397	452	922	1
482	705	969	513	813	1397	452	922	1292	0
705	969	513	813	1397	452	922	1292	447	0
969	513	813	1397	452	922	1292	447	673	1
513	813	1397	452	922	1292	447	673	907	0
813	1397	452	922	1292	447	673	907	980	0
1397	452	922	1292	447	673	907	980	440	1
452	922	1292	447	673	907	980	440	693	0
922	1292	447	673	907	980	440	693	1008	0
1292	447	673	907	980	440	693	1008	521	0
447	673	907	980	440	693	1008	521	1638	1
673	907	980	440	693	1008	521	1638	463	0
907	980	440	693	1008	521	1638	463	708	0
980	440	693	1008	521	1638	463	708	973	1
440	693	1008	521	1638	463	708	973	553	0
693	1008	521	1638	463	708	973	553	665	1
1008	521	1638	463	708	973	553	665	1420	0
521	1638	463	708	973	553	665	1420	452	0
1638	463	708	973	553	665	1420	452	875	1
463	708	973	553	665	1420	452	875	1202	0
708	973	553	665	1420	452	875	1202	444	0
973	553	665	1420	452	875	1202	444	634	1
553	665	1420	452	875	1202	444	634	977	0
665	1420	452	875	1202	444	634	977	599	0
1420	452	875	1202	444	634	977	599	693	1
452	875	1202	444	634	977	599	693	1358	0
875	1202	444	634	977	599	693	1358	443	0
1202	444	634	977	599	693	1358	443	743	1
444	634	977	599	693	1358	443	743	1137	0
634	977	599	693	1358	443	743	1137	474	0
977	599	693	1358	443	743	1137	474	740	1
599	693	1358	443	743	1137	474	740	1256	0
693	1358	443	743	1137	474	740	1256	448	0
1358	443	743	1137	474	740	1256	448	646	1
443	743	1137	474	740	1256	448	646	938	0
743	1137	474	740	1256	448	646	938	1466	0
1137	474	740	1256	448	646	938	1466	1300	1
474	740	1256	448	646	938	1466	1300	1183	0
740	1256	448	646	938	1466	1300	1183	447	0
1256	448	646	938	1466	1300	1183	447	615	0
448	646	938	1466	1300	1183	447	615	946	0
646	938	1466	1300	1183	447	615	946	544	0
938	1466	1300	1183	447	615	946	544	650	1
1466	1300	1183	447	615	946	544	650	1187	0
1300	1183	447	615	946	544	650	1187	479	0
1183	447	615	946	544	650	1187	479	669	1
447	615	946	544	650	1187	479	669	1004	0
615	946	544	650	1187	479	669	1004	529	0
946	544	650	1187	479	669	1004	529	677	1
544	650	1187	479	669	1004	529	677	1171	0
650	1187	479	669	1004	529	677	1171	483	0
1187	479	669	1004	529	677	1171	483	630	1
479	669	1004	529	677	1171	483	630	977	0
669	1004	529	677	1171	483	630	977	1334	0
1004	529	677	1171	483	630	977	1334	1207	1
529	677	1171	483	630	977	1334	1207	1058	0
677	1171	483	630	977	1334	1207	1058	447	0
1171	483	630	977	1334	1207	1058	447	619	0
483	630	977	1334	1207	1058	447	619	985	0
630	977	1334	1207	1058	447	619	985	521	0
977	1334	1207	1058	447	619	985	521	638	1
1334	1207	1058	447	619	985	521	638	930	0
1207	1058	447	619	985	521	638	930	1035	0
1058	447	619	985	521	638	930	1035	448	1
447	619	985	521	638	930	1035	448	665	0
619	985	521	638	930	1035	448	665	887	0
985	521	638	930	1035	448	665	887	599	0
521	638	930	1035	448	665	887	599	1424	1
638	930	1035	448	665	887	599	1424	510	0
930	1035	448	665	887	599	1424	510	646	0
1035	448	665	887	599	1424	510	646	809	1
448	665	887	599	1424	510	646	809	973	0
665	887	599	1424	510	646	809	973	479	1
887	599	1424	510	646	809	973	479	1381	0
599	1424	510	646	809	973	479	1381	599	0
1424	510	646	809	973	479	1381	599	1331	0
510	646	809	973	479	1381	599	1331	564	1
646	809	973	479	1381	599	1331	564	1331	0
809	973	479	1381	599	1331	564	1331	584	1
973	479	1381	599	1331	564	1331	584	1249	0
479	1381	599	1331	564	1331	584	1249	914	1
1381	599	1331	564	1331	584	1249	914	483	0
599	1331	564	1331	584	1249	914	483	1323	1
1331	564	1331	584	1249	914	483	1323	852	0
564	1331	584	1249	914	483	1323	852	482	0
1331	584	1249	914	483	1323	852	482	1276	1
584	1249	914	483	1323	852	482	1276	853	0
1249	914	483	1323	852	482	1276	853	470	0
914	483	1323	852	482	1276	853	470	1253	1
483	1323	852	482	1276	853	470	1253	876	0
1323	852	482	1276	853	470	1253	876	471	0
852	482	1276	853	470	1253	876	471	1276	1
482	1276	853	470	1253	876	471	1276	825	0
1276	853	470	1253	876	471	1276	825	482	0
853	470	1253	876	471	1276	825	482	1257	1
470	1253	876	471	1276	825	482	1257	872	0
1253	876	471	1276	825	482	1257	872	467	0
876	471	1276	825	482	1257	872	467	1272	1
471	1276	825	482	1257	872	467	1272	837	0
1276	825	482	1257	872	467	1272	837	470	0
825	482	1257	872	467	1272	837	470	1242	1
482	1257	872	467	1272	837	470	1242	875	0
1257	872	467	1272	837	470	1242	875	467	0
872	467	1272	837	470	1242	875	467	1261	1
467	1272	837	470	1242	875	467	1261	879	0
1272	837	470	1242	875	467	1261	879	463	0
837	470	1242	875	467	1261	879	463	1307	1
470	1242	875	467	1261	879	463	1307	650	0
1242	875	467	1261	879	463	1307	650	1121	0
875	467	1261	879	463	1307	650	1121	907	1
467	1261	879	463	1307	650	1121	907	482	0
1261	879	463	1307	650	1121	907	482	650	1
879	463	1307	650	1121	907	482	650	731	0
463	1307	650	1121	907	482	650	731	876	0
1307	650	1121	907	482	650	731	876	471	1
650	1121	907	482	650	731	876	471	1346	0
1121	907	482	650	731	876	471	1346	560	0
907	482	650	731	876	471	1346	560	1273	0
482	650	731	876	471	1346	560	1273	603	1
650	731	876	471	1346	560	1273	603	1241	0
731	876	471	1346	560	1273	603	1241	595	1
876	471	1346	560	1273	603	1241	595	1245	0
471	1346	560	1273	603	1241	595	1245	615	1
1346	560	1273	603	1241	595	1245	615	1327	0
560	1273	603	1241	595	1245	615	1327	518	1
1273	603	1241	595	1245	615	1327	518	1326	0
603	1241	595	1245	615	1327	518	1326	572	1
1241	595	1245	615	1327	518	1326	572	1281	0
595	1245	615	1327	518	1326	572	1281	560	1
1245	615	1327	518	1326	572	1281	560	1307	0
615	1327	518	1326	572	1281	560	1307	537	1
1327	518	1326	572	1281	560	1307	537	1296	0
518	1326	572	1281	560	1307	537	1296	619	1
1326	572	1281	560	1307	537	1296	619	1280	0
572	1281	560	1307	537	1296	619	1280	545	1
1281	560	1307	537	1296	619	1280	545	1291	0
560	1307	537	1296	619	1280	545	1291	561	1
1307	537	1296	619	1280	545	1291	561	1233	0
537	1296	619	1280	545	1291	561	1233	903	1
1296	619	1280	545	1291	561	1233	903	478	0
619	1280	545	1291	561	1233	903	478	1358	1
1280	545	1291	561	1233	903	478	1358	537	0
545	1291	561	1233	903	478	1358	537	1269	0
1291	561	1233	903	478	1358	537	1269	907	1
561	1233	903	478	1358	537	1269	907	474	0
1233	903	478	1358	537	1269	907	474	1343	1
903	478	1358	537	1269	907	474	1343	552	0
478	1358	537	1269	907	474	1343	552	1292	0
1358	537	1269	907	474	1343	552	1292	599	1
537	1269	907	474	1343	552	1292	599	1280	0
1269	907	474	1343	552	1292	599	1280	557	1
907	474	1343	552	1292	599	1280	557	1288	0
474	1343	552	1292	599	1280	557	1288	622	1
1343	552	1292	599	1280	557	1288	622	1230	0
552	1292	599	1280	557	1288	622	1230	619	1
1292	599	1280	557	1288	622	1230	619	1272	0
599	1280	557	1288	622	1230	619	1272	576	1
1280	557	1288	622	1230	619	1272	576	1401	0
557	1288	622	1230	619	1272	576	1401	513	1
1288	622	1230	619	1272	576	1401	513	1374	0
622	1230	619	1272	576	1401	513	1374	529	1
1230	619	1272	576	1401	513	1374	529	1276	0
619	1272	576	1401	513	1374	529	1276	868	1
1272	576	1401	513	1374	529	1276	868	482	0
576	1401	513	1374	529	1276	868	482	1288	1
1401	513	1374	529	1276	868	482	1288	860	0
513	1374	529	1276	868	482	1288	860	467	0
1374	529	1276	868	482	1288	860	467	1241	1
529	1276	868	482	1288	860	467	1241	860	0
1276	868	482	1288	860	467	1241	860	475	0
868	482	1288	860	467	1241	860	475	1311	1
482	1288	860	467	1241	860	475	1311	631	0
1288	860	467	1241	860	475	1311	631	1171	0
860	467	1241	860	475	1311	631	1171	879	1
467	1241	860	475	1311	631	1171	879	475	0
1241	860	475	1311	631	1171	879	475	1303	1
860	475	1311	631	1171	879	475	1303	892	0
475	1311	631	1171	879	475	1303	892	867	0
1311	631	1171	879	475	1303	892	867	494	1
631	1171	879	475	1303	892	867	494	1288	0
1171	879	475	1303	892	867	494	1288	919	0
879	475	1303	892	867	494	1288	919	470	0
475	1303	892	867	494	1288	919	470	1343	1
1303	892	867	494	1288	919	470	1343	560	0
892	867	494	1288	919	470	1343	560	1238	0
867	494	1288	919	470	1343	560	1238	879	1
494	1288	919	470	1343	560	1238	879	475	0
1288	919	470	1343	560	1238	879	475	1303	1
919	470	1343	560	1238	879	475	1303	907	0
470	1343	560	1238	879	475	1303	907	463	0
1343	560	1238	879	475	1303	907	463	1260	1
560	1238	879	475	1303	907	463	1260	856	0
1238	879	475	1303	907	463	1260	856	464	0
879	475	1303	907	463	1260	856	464	1264	1
475	1303	907	463	1260	856	464	1264	876	0
1303	907	463	1260	856	464	1264	876	459	0
907	463	1260	856	464	1264	876	459	1280	1
463	1260	856	464	1264	876	459	1280	833	0
1260	856	464	1264	876	459	1280	833	463	0
856	464	1264	876	459	1280	833	463	1256	1
464	1264	876	459	1280	833	463	1256	837	0
1264	876	459	1280	833	463	1256	837	455	0
876	459	1280	833	463	1256	837	455	1296	1
459	1280	833	463	1256	837	455	1296	887	0
1280	833	463	1256	837	455	1296	887	459	0
833	463	1256	837	455	1296	887	459	1292	1
463	1256	837	455	1296	887	459	1292	658	0
1256	837	455	1296	887	459	1292	658	1159	0
837	455	1296	887	459	1292	658	1159	860	1
455	1296	887	459	1292	658	1159	860	448	0
1296	887	459	1292	658	1159	860	448	661	1
887	459	1292	658	1159	860	448	661	673	0
459	1292	658	1159	860	448	661	673	919	0
1292	658	1159	860	448	661	673	919	474	1
658	1159	860	448	661	673	919	474	1448	0
1159	860	448	661	673	919	474	1448	506	1
860	448	661	673	919	474	1448	506	1361	0
448	661	673	919	474	1448	506	1361	510	1
661	673	919	474	1448	506	1361	510	1249	0
673	919	474	1448	506	1361	510	1249	876	1
919	474	1448	506	1361	510	1249	876	470	0
474	1448	506	1361	510	1249	876	470	1288	1
1448	506	1361	510	1249	876	470	1288	576	0
506	1361	510	1249	876	470	1288	576	1207	0
1361	510	1249	876	470	1288	576	1207	883	1
510	1249	876	470	1288	576	1207	883	471	0
1249	876	470	1288	576	1207	883	471	1303	1
876	470	1288	576	1207	883	471	1303	529	0
470	1288	576	1207	883	471	1303	529	1214	0
1288	576	1207	883	471	1303	529	1214	876	1
576	1207	883	471	1303	529	1214	876	463	0
1207	883	471	1303	529	1214	876	463	1249	1
883	471	1303	529	1214	876	463	1249	844	0
471	1303	529	1214	876	463	1249	844	463	0
1303	529	1214	876	463	1249	844	463	1222	1
529	1214	876	463	1249	844	463	1222	837	0
1214	876	463	1249	844	463	1222	837	467	0
876	463	1249	844	463	1222	837	467	1264	1
463	1249	844	463	1222	837	467	1264	837	0
1249	844	463	1222	837	467	1264	837	463	0
844	463	1222	837	467	1264	837	463	1295	1
463	1222	837	467	1264	837	463	1295	615	0
1222	837	467	1264	837	463	1295	615	1241	0
837	467	1264	837	463	1295	615	1241	537	1
467	1264	837	463	1295	615	1241	537	1285	0
1264	837	463	1295	615	1241	537	1285	603	1
837	463	1295	615	1241	537	1285	603	1342	0
463	1295	615	1241	537	1285	603	1342	506	1
1295	615	1241	537	1285	603	1342	506	1358	0
615	1241	537	1285	603	1342	506	1358	517	1
1241	537	1285	603	1342	506	1358	517	1195	0
537	1285	603	1342	506	1358	517	1195	829	1
1285	603	1342	506	1358	517	1195	829	471	0
603	1342	506	1358	517	1195	829	471	1182	1
1342	506	1358	517	1195	829	471	1182	810	0
506	1358	517	1195	829	471	1182	810	478	0
1358	517	1195	829	471	1182	810	478	1269	1
517	1195	829	471	1182	810	478	1269	844	0
1195	829	471	1182	810	478	1269	844	475	0
829	471	1182	810	478	1269	844	475	1366	1
471	1182	810	478	1269	844	475	1366	517	0
1182	810	478	1269	844	475	1366	517	1327	0
810	478	1269	844	475	1366	517	1327	549	1
478	1269	844	475	1366	517	1327	549	1284	0
1269	844	475	1366	517	1327	549	1284	572	1
844	475	1366	517	1327	549	1284	572	1280	0
475	1366	517	1327	549	1284	572	1280	560	1
1366	517	1327	549	1284	572	1280	560	1276	0
517	1327	549	1284	572	1280	560	1276	553	1
1327	549	1284	572	1280	560	1276	553	1284	0
549	1284	572	1280	560	1276	553	1284	564	1
1284	572	1280	560	1276	553	1284	564	1269	0
572	1280	560	1276	553	1284	564	1269	560	1
1280	560	1276	553	1284	564	1269	560	1276	0
560	1276	553	1284	564	1269	560	1276	541	1
1276	553	1284	564	1269	560	1276	541	1261	0
553	1284	564	1269	560	1276	541	1261	906	1
1284	564	1269	560	1276	541	1261	906	860	0
564	1269	560	1276	541	1261	906	860	491	1
1269	560	1276	541	1261	906	860	491	1373	0
560	1276	541	1261	906	860	491	1373	510	0
1276	541	1261	906	860	491	1373	510	1264	0
541	1261	906	860	491	1373	510	1264	876	1
1261	906	860	491	1373	510	1264	876	471	0
906	860	491	1373	510	1264	876	471	1233	1
860	491	1373	510	1264	876	471	1233	837	0
491	1373	510	1264	876	471	1233	837	471	0
1373	510	1264	876	471	1233	837	471	1241	1
510	1264	876	471	1233	837	471	1241	840	0
1264	876	471	1233	837	471	1241	840	467	0
876	471	1233	837	471	1241	840	467	1288	1
471	1233	837	471	1241	840	467	1288	891	0
1233	837	471	1241	840	467	1288	891	463	0
837	471	1241	840	467	1288	891	463	1273	1
471	1241	840	467	1288	891	463	1273	883	0
1241	840	467	1288	891	463	1273	883	467	0
840	467	1288	891	463	1273	883	467	1327	1
467	1288	891	463	1273	883	467	1327	533	0
1288	891	463	1273	883	467	1327	533	1264	0
891	463	1273	883	467	1327	533	1264	891	1
463	1273	883	467	1327	533	1264	891	475	0
1273	883	467	1327	533	1264	891	475	1319	1
883	467	1327	533	1264	891	475	1319	545	0
467	1327	533	1264	891	475	1319	545	1241	0
1327	533	1264	891	475	1319	545	1241	911	1
533	1264	891	475	1319	545	1241	911	471	0
1264	891	475	1319	545	1241	911	471	1338	1
891	475	1319	545	1241	911	471	1338	529	0
475	1319	545	1241	911	471	1338	529	1261	0
1319	545	1241	911	471	1338	529	1261	899	1
545	1241	911	471	1338	529	1261	899	474	0
1241	911	471	1338	529	1261	899	474	1331	1
911	471	1338	529	1261	899	474	1331	537	0
471	1338	529	1261	899	474	1331	537	1269	0
1338	529	1261	899	474	1331	537	1269	933	1
529	1261	899	474	1331	537	1269	933	899	0
1261	899	474	1331	537	1269	933	899	475	1
899	474	1331	537	1269	933	899	475	1358	0
474	1331	537	1269	933	899	475	1358	518	0
1331	537	1269	933	899	475	1358	518	1322	0
537	1269	933	899	475	1358	518	1322	530	1
1269	933	899	475	1358	518	1322	530	1237	0
933	899	475	1358	518	1322	530	1237	872	1
899	475	1358	518	1322	530	1237	872	470	0
475	1358	518	1322	530	1237	872	470	1296	1
1358	518	1322	530	1237	872	470	1296	599	0
518	1322	530	1237	872	470	1296	599	1242	0
1322	530	1237	872	470	1296	599	1242	564	1
530	1237	872	470	1296	599	1242	564	1245	0
1237	872	470	1296	599	1242	564	1245	891	1
872	470	1296	599	1242	564	1245	891	490	0
470	1296	599	1242	564	1245	891	490	1347	1
1296	599	1242	564	1245	891	490	1347	533	0
599	1242	564	1245	891	490	1347	533	1245	0
1242	564	1245	891	490	1347	533	1245	871	1
564	1245	891	490	1347	533	1245	871	475	0
1245	891	490	1347	533	1245	871	475	1226	1
891	490	1347	533	1245	871	475	1226	821	0
490	1347	533	1245	871	475	1226	821	471	0
1347	533	1245	871	475	1226	821	471	1233	1
533	1245	871	475	1226	821	471	1233	817	0
1245	871	475	1226	821	471	1233	817	479	0
871	475	1226	821	471	1233	817	479	1377	1
475	1226	821	471	1233	817	479	1377	522	0
1226	821	471	1233	817	479	1377	522	1295	0
821	471	1233	817	479	1377	522	1295	592	1
471	1233	817	479	1377	522	1295	592	1179	0
1233	817	479	1377	522	1295	592	1179	867	1
817	479	1377	522	1295	592	1179	867	471	0
479	1377	522	1295	592	1179	867	471	1269	1
1377	522	1295	592	1179	867	471	1269	860	0
522	1295	592	1179	867	471	1269	860	474	0
1295	592	1179	867	471	1269	860	474	1319	1
592	1179	867	471	1269	860	474	1319	545	0
1179	867	471	1269	860	474	1319	545	1288	0
867	471	1269	860	474	1319	545	1288	915	1
471	1269	860	474	1319	545	1288	915	949	0
1269	860	474	1319	545	1288	915	949	463	1
860	474	1319	545	1288	915	949	463	630	0
474	1319	545	1288	915	949	463	630	744	0
1319	545	1288	915	949	463	630	744	867	0
545	1288	915	949	463	630	744	867	479	1
1288	915	949	463	630	744	867	479	677	0
915	949	463	630	744	867	479	677	833	0
949	463	630	744	867	479	677	833	1101	0
463	630	744	867	479	677	833	1101	451	1
630	744	867	479	677	833	1101	451	1343	0
744	867	479	677	833	1101	451	1343	540	0
867	479	677	833	1101	451	1343	540	1148	0
479	677	833	1101	451	1343	540	1148	821	1
677	833	1101	451	1343	540	1148	821	479	0
833	1101	451	1343	540	1148	821	479	1272	1
1101	451	1343	540	1148	821	479	1272	895	0
451	1343	540	1148	821	479	1272	895	475	0
1343	540	1148	821	479	1272	895	475	1381	1
540	1148	821	479	1272	895	475	1381	522	0
1148	821	479	1272	895	475	1381	522	1303	0
821	479	1272	895	475	1381	522	1303	899	1
479	1272	895	475	1381	522	1303	899	922	0
1272	895	475	1381	522	1303	899	922	471	1
895	475	1381	522	1303	899	922	471	654	0
475	1381	522	1303	899	922	471	654	801	0
1381	522	1303	899	922	471	654	801	946	0
522	1303	899	922	471	654	801	946	478	1
1303	899	922	471	654	801	946	478	658	0
899	922	471	654	801	946	478	658	879	0
922	471	654	801	946	478	658	879	631	0
471	654	801	946	478	658	879	631	867	1
654	801	946	478	658	879	631	867	1436	0
801	946	478	658	879	631	867	1436	475	0
946	478	658	879	631	867	1436	475	615	1
478	658	879	631	867	1436	475	615	875	0
658	879	631	867	1436	475	615	875	852	0
879	631	867	1436	475	615	875	852	483	1
631	867	1436	475	615	875	852	483	1163	0
867	1436	475	615	875	852	483	1163	778	0
1436	475	615	875	852	483	1163	778	487	0
475	615	875	852	483	1163	778	487	1054	1
615	875	852	483	1163	778	487	1054	740	0
875	852	483	1163	778	487	1054	740	548	0
852	483	1163	778	487	1054	740	548	876	1
483	1163	778	487	1054	740	548	876	696	0
1163	778	487	1054	740	548	876	696	720	0
778	487	1054	740	548	876	696	720	517	1
487	1054	740	548	876	696	720	517	981	0
1054	740	548	876	696	720	517	981	743	0
740	548	876	696	720	517	981	743	529	0
548	876	696	720	517	981	743	529	961	1
876	696	720	517	981	743	529	961	748	0
696	720	517	981	743	529	961	748	696	0
720	517	981	743	529	961	748	696	821	1
517	981	743	529	961	748	696	821	755	0
981	743	529	961	748	696	821	755	739	0
743	529	961	748	696	821	755	739	537	1
529	961	748	696	821	755	739	537	969	0
961	748	696	821	755	739	537	969	747	0
748	696	821	755	739	537	969	747	720	0
696	821	755	739	537	969	747	720	518	1
821	755	739	537	969	747	720	518	875	0
755	739	537	969	747	720	518	875	700	0
739	537	969	747	720	518	875	700	670	0
537	969	747	720	518	875	700	670	502	1
969	747	720	518	875	700	670	502	821	0
747	720	518	875	700	670	502	821	649	0
720	518	875	700	670	502	821	649	642	0
518	875	700	670	502	821	649	642	619	1
875	700	670	502	821	649	642	619	662	0
700	670	502	821	649	642	619	662	661	0
670	502	821	649	642	619	662	661	693	0
502	821	649	642	619	662	661	693	677	0
821	649	642	619	662	661	693	677	906	0
649	642	619	662	661	693	677	906	798	0
642	619	662	661	693	677	906	798	833	0
619	662	661	693	677	906	798	833	482	1
662	661	693	677	906	798	833	482	1269	0
661	693	677	906	798	833	482	1269	828	0
693	677	906	798	833	482	1269	828	506	0
677	906	798	833	482	1269	828	506	1245	1
906	798	833	482	1269	828	506	1245	860	0
798	833	482	1269	828	506	1245	860	502	0
833	482	1269	828	506	1245	860	502	1257	1
482	1269	828	506	1245	860	502	1257	883	0
1269	828	506	1245	860	502	1257	883	487	0
828	506	1245	860	502	1257	883	487	1338	1
506	1245	860	502	1257	883	487	1338	891	0
1245	860	502	1257	883	487	1338	891	483	0
860	502	1257	883	487	1338	891	483	1366	1
502	1257	883	487	1338	891	483	1366	883	0
1257	883	487	1338	891	483	1366	883	506	0
883	487	1338	891	483	1366	883	506	1420	1
487	1338	891	483	1366	883	506	1420	529	0
1338	891	483	1366	883	506	1420	529	1405	0
891	483	1366	883	506	1420	529	1405	576	1
483	1366	883	506	1420	529	1405	576	1319	0
1366	883	506	1420	529	1405	576	1319	638	1
883	506	1420	529	1405	576	1319	638	1303	0
506	1420	529	1405	576	1319	638	1303	584	1
1420	529	1405	576	1319	638	1303	584	1432	0
529	1405	576	1319	638	1303	584	1432	510	1
1405	576	1319	638	1303	584	1432	510	665	0
576	1319	638	1303	584	1432	510	665	739	1
1319	638	1303	584	1432	510	665	739	1024	0
638	1303	584	1432	510	665	739	1024	490	1
1303	584	1432	510	665	739	1024	490	724	0
584	1432	510	665	739	1024	490	724	953	0
1432	510	665	739	1024	490	724	953	1051	0
510	665	739	1024	490	724	953	1051	447	1
665	739	1024	490	724	953	1051	447	747	0
739	1024	490	724	953	1051	447	747	1000	0
1024	490	724	953	1051	447	747	1000	502	0
490	724	953	1051	447	747	1000	502	825	1
724	953	1051	447	747	1000	502	825	988	0
953	1051	447	747	1000	502	825	988	518	0
1051	447	747	1000	502	825	988	518	731	1
447	747	1000	502	825	988	518	731	1222	0
747	1000	502	825	988	518	731	1222	475	0
1000	502	825	988	518	731	1222	475	657	1
502	825	988	518	731	1222	475	657	1242	0
825	988	518	731	1222	475	657	1242	474	0
988	518	731	1222	475	657	1242	474	759	1
518	731	1222	475	657	1242	474	759	1272	0
731	1222	475	657	1242	474	759	1272	467	0
1222	475	657	1242	474	759	1272	467	635	1
475	657	1242	474	759	1272	467	635	1241	0
657	1242	474	759	1272	467	635	1241	478	0
1242	474	759	1272	467	635	1241	478	689	1
474	759	1272	467	635	1241	478	689	1199	0
759	1272	467	635	1241	478	689	1199	478	0
1272	467	635	1241	478	689	1199	478	623	1
467	635	1241	478	689	1199	478	623	1163	0
635	1241	478	689	1199	478	623	1163	510	0
1241	478	689	1199	478	623	1163	510	739	1
478	689	1199	478	623	1163	510	739	1187	0
689	1199	478	623	1163	510	739	1187	483	0
1199	478	623	1163	510	739	1187	483	634	1
478	623	1163	510	739	1187	483	634	1128	0
623	1163	510	739	1187	483	634	1128	518	0
1163	510	739	1187	483	634	1128	518	696	1
510	739	1187	483	634	1128	518	696	1117	0
739	1187	483	634	1128	518	696	1117	521	0
1187	483	634	1128	518	696	1117	521	635	1
483	634	1128	518	696	1117	521	635	933	0
634	1128	518	696	1117	521	635	933	627	0
1128	518	696	1117	521	635	933	627	1385	1
518	696	1117	521	635	933	627	1385	545	0
696	1117	521	635	933	627	1385	545	1323	0
1117	521	635	933	627	1385	545	1323	899	1
521	635	933	627	1385	545	1323	899	494	0
635	933	627	1385	545	1323	899	494	1280	1
933	627	1385	545	1323	899	494	1280	817	0
627	1385	545	1323	899	494	1280	817	490	0
1385	545	1323	899	494	1280	817	490	1086	1
545	1323	899	494	1280	817	490	1086	759	0
1323	899	494	1280	817	490	1086	759	533	0
899	494	1280	817	490	1086	759	533	906	1
494	1280	817	490	1086	759	533	906	712	0
1280	817	490	1086	759	533	906	712	732	0
817	490	1086	759	533	906	712	732	494	1
490	1086	759	533	906	712	732	494	1891	0
1086	759	533	906	712	732	494	1891	459	0
759	533	906	712	732	494	1891	459	1354	0
533	906	712	732	494	1891	459	1354	856	1
906	712	732	494	1891	459	1354	856	483	0
712	732	494	1891	459	1354	856	483	1335	1
732	494	1891	459	1354	856	483	1335	891	0
494	1891	459	1354	856	483	1335	891	470	0
1891	459	1354	856	483	1335	891	470	1284	1
459	1354	856	483	1335	891	470	1284	880	0
1354	856	483	1335	891	470	1284	880	475	0
856	483	1335	891	470	1284	880	475	1315	1
483	1335	891	470	1284	880	475	1315	844	0
1335	891	470	1284	880	475	1315	844	475	0
891	470	1284	880	475	1315	844	475	1288	1
470	1284	880	475	1315	844	475	1288	879	0
1284	880	475	1315	844	475	1288	879	471	0
880	475	1315	844	475	1288	879	471	1268	1
475	1315	844	475	1288	879	471	1268	849	0
1315	844	475	1288	879	471	1268	849	470	0
844	475	1288	879	471	1268	849	470	1242	1
475	1288	879	471	1268	849	470	1242	813	0
1288	879	471	1268	849	470	1242	813	475	0
879	471	1268	849	470	1242	813	475	1237	1
471	1268	849	470	1242	813	475	1237	856	0
1268	849	470	1242	813	475	1237	856	471	0
849	470	1242	813	475	1237	856	471	1241	1
470	1242	813	475	1237	856	471	1241	809	0
1242	813	475	1237	856	471	1241	809	471	0
813	475	1237	856	471	1241	809	471	1203	1
475	1237	856	471	1241	809	471	1203	844	0
1237	856	471	1241	809	471	1203	844	467	0
856	471	1241	809	471	1203	844	467	1229	1
471	1241	809	471	1203	844	467	1229	829	0
1241	809	471	1203	844	467	1229	829	463	0
809	471	1203	844	467	1229	829	463	1218	1
471	1203	844	467	1229	829	463	1218	813	0
1203	844	467	1229	829	463	1218	813	475	0
844	467	1229	829	463	1218	813	475	1226	1
467	1229	829	463	1218	813	475	1226	848	0
1229	829	463	1218	813	475	1226	848	459	0
829	463	1218	813	475	1226	848	459	1234	1
463	1218	813	475	1226	848	459	1234	832	0
1218	813	475	1226	848	459	1234	832	463	0
813	475	1226	848	459	1234	832	463	1253	1
475	1226	848	459	1234	832	463	1253	821	0
1226	848	459	1234	832	463	1253	821	463	0
848	459	1234	832	463	1253	821	463	1218	1
459	1234	832	463	1253	821	463	1218	848	0
1234	832	463	1253	821	463	1218	848	460	0
832	463	1253	821	463	1218	848	460	1218	1
463	1253	821	463	1218	848	460	1218	832	0
1253	821	463	1218	848	460	1218	832	459	0
821	463	1218	848	460	1218	832	459	1203	1
463	1218	848	460	1218	832	459	1203	805	0
1218	848	460	1218	832	459	1203	805	463	0
848	460	1218	832	459	1203	805	463	1187	1
460	1218	832	459	1203	805	463	1187	821	0
1218	832	459	1203	805	463	1187	821	459	0
832	459	1203	805	463	1187	821	459	1257	1
459	1203	805	463	1187	821	459	1257	817	0
1203	805	463	1187	821	459	1257	817	463	0
805	463	1187	821	459	1257	817	463	1261	1
463	1187	821	459	1257	817	463	1261	836	0
1187	821	459	1257	817	463	1261	836	459	0
821	459	1257	817	463	1261	836	459	1296	1
459	1257	817	463	1261	836	459	1296	561	0
1257	817	463	1261	836	459	1296	561	1241	0
817	463	1261	836	459	1296	561	1241	653	1
463	1261	836	459	1296	561	1241	653	1113	0
1261	836	459	1296	561	1241	653	1113	876	1
836	459	1296	561	1241	653	1113	876	459	0
