i-4	i-3	i-2	i-1	i+0	i+1	i+2	i+3	i+4	Filter
564	732	704	700	553	957	763	766	794	1
732	704	700	553	957	763	766	794	580	0
704	700	553	957	763	766	794	580	1155	0
700	553	957	763	766	794	580	1155	413	0
553	957	763	766	794	580	1155	413	1171	0
957	763	766	794	580	1155	413	1171	471	1
763	766	794	580	1155	413	1171	471	1062	0
766	794	580	1155	413	1171	471	1062	545	1
794	580	1155	413	1171	471	1062	545	910	0
580	1155	413	1171	471	1062	545	910	693	1
1155	413	1171	471	1062	545	910	693	681	0
413	1171	471	1062	545	910	693	681	580	1
1171	471	1062	545	910	693	681	580	790	0
471	1062	545	910	693	681	580	790	688	0
1062	545	910	693	681	580	790	688	705	0
545	910	693	681	580	790	688	705	603	1
910	693	681	580	790	688	705	603	1066	0
693	681	580	790	688	705	603	1066	541	0
681	580	790	688	705	603	1066	541	1155	0
580	790	688	705	603	1066	541	1155	471	1
790	688	705	603	1066	541	1155	471	1109	0
688	705	603	1066	541	1155	471	1109	514	1
705	603	1066	541	1155	471	1109	514	1011	0
603	1066	541	1155	471	1109	514	1011	572	1
1066	541	1155	471	1109	514	1011	572	864	0
541	1155	471	1109	514	1011	572	864	705	1
1155	471	1109	514	1011	572	864	705	704	0
471	1109	514	1011	572	864	705	704	720	1
1109	514	1011	572	864	705	704	720	459	0
514	1011	572	864	705	704	720	459	1047	0
1011	572	864	705	704	720	459	1047	747	0
572	864	705	704	720	459	1047	747	751	0
864	705	704	720	459	1047	747	751	747	1
705	704	720	459	1047	747	751	747	751	0
704	720	459	1047	747	751	747	751	766	0
720	459	1047	747	751	747	751	766	782	0
459	1047	747	751	747	751	766	782	526	0
1047	747	751	747	751	766	782	526	1035	0
747	751	747	751	766	782	526	1035	494	0
751	747	751	766	782	526	1035	494	1043	0
747	751	766	782	526	1035	494	1043	743	1
751	766	782	526	1035	494	1043	743	716	0
766	782	526	1035	494	1043	743	716	708	1
782	526	1035	494	1043	743	716	708	731	0
526	1035	494	1043	743	716	708	731	747	0
1035	494	1043	743	716	708	731	747	763	0
494	1043	743	716	708	731	747	763	759	0
1043	743	716	708	731	747	763	759	770	0
743	716	708	731	747	763	759	770	790	0
716	708	731	747	763	759	770	790	794	0
708	731	747	763	759	770	790	794	786	0
731	747	763	759	770	790	794	786	763	0
747	763	759	770	790	794	786	763	766	0
763	759	770	790	794	786	763	766	774	0
759	770	790	794	786	763	766	774	775	0
770	790	794	786	763	766	774	775	762	0
790	794	786	763	766	774	775	762	740	0
794	786	763	766	774	775	762	740	747	0
786	763	766	774	775	762	740	747	755	0
763	766	774	775	762	740	747	755	766	0
766	774	775	762	740	747	755	766	743	0
774	775	762	740	747	755	766	743	736	0
775	762	740	747	755	766	743	736	747	0
762	740	747	755	766	743	736	747	755	0
740	747	755	766	743	736	747	755	755	0
747	755	766	743	736	747	755	755	747	0
755	766	743	736	747	755	755	747	560	0
766	743	736	747	755	755	747	560	946	0
743	736	747	755	755	747	560	946	754	0
736	747	755	755	747	560	946	754	744	0
747	755	755	747	560	946	754	744	716	1
755	755	747	560	946	754	744	716	715	0
755	747	560	946	754	744	716	715	713	0
747	560	946	754	744	716	715	713	719	0
560	946	754	744	716	715	713	719	720	0
946	754	744	716	715	713	719	720	471	0
754	744	716	715	713	719	720	471	996	0
744	716	715	713	719	720	471	996	736	0
716	715	713	719	720	471	996	736	743	0
715	713	719	720	471	996	736	743	735	1
713	719	720	471	996	736	743	735	739	0
719	720	471	996	736	743	735	739	763	0
720	471	996	736	743	735	739	763	790	0
471	996	736	743	735	739	763	790	778	0
996	736	743	735	739	763	790	778	782	0
736	743	735	739	763	790	778	782	810	0
743	735	739	763	790	778	782	810	447	0
735	739	763	790	778	782	810	447	1187	0
739	763	790	778	782	810	447	1187	447	0
763	790	778	782	810	447	1187	447	1078	0
790	778	782	810	447	1187	447	1078	525	1
778	782	810	447	1187	447	1078	525	954	0
782	810	447	1187	447	1078	525	954	712	1
810	447	1187	447	1078	525	954	712	689	0
447	1187	447	1078	525	954	712	689	684	1
1187	447	1078	525	954	712	689	684	424	0
447	1078	525	954	712	689	684	424	1028	0
1078	525	954	712	689	684	424	1028	708	0
525	954	712	689	684	424	1028	708	720	0
954	712	689	684	424	1028	708	720	743	1
712	689	684	424	1028	708	720	743	770	0
689	684	424	1028	708	720	743	770	775	0
684	424	1028	708	720	743	770	775	766	0
424	1028	708	720	743	770	775	766	782	0
1028	708	720	743	770	775	766	782	802	0
708	720	743	770	775	766	782	802	801	0
720	743	770	775	766	782	802	801	502	0
743	770	775	766	782	802	801	502	1063	0
770	775	766	782	802	801	502	1063	498	0
775	766	782	802	801	502	1063	498	1035	0
766	782	802	801	502	1063	498	1035	556	1
782	802	801	502	1063	498	1035	556	895	0
802	801	502	1063	498	1035	556	895	712	1
801	502	1063	498	1035	556	895	712	708	0
502	1063	498	1035	556	895	712	708	553	1
1063	498	1035	556	895	712	708	553	891	0
498	1035	556	895	712	708	553	891	704	0
1035	556	895	712	708	553	891	704	712	0
556	895	712	708	553	891	704	712	747	1
895	712	708	553	891	704	712	747	767	0
712	708	553	891	704	712	747	767	770	0
708	553	891	704	712	747	767	770	782	0
553	891	704	712	747	767	770	782	798	0
891	704	712	747	767	770	782	798	786	0
704	712	747	767	770	782	798	786	767	0
712	747	767	770	782	798	786	767	505	0
747	767	770	782	798	786	767	505	1024	0
767	770	782	798	786	767	505	1024	735	0
770	782	798	786	767	505	1024	735	712	0
782	798	786	767	505	1024	735	712	701	1
798	786	767	505	1024	735	712	701	502	0
786	767	505	1024	735	712	701	502	918	0
767	505	1024	735	712	701	502	918	696	0
505	1024	735	712	701	502	918	696	689	0
1024	735	712	701	502	918	696	689	693	1
735	712	701	502	918	696	689	693	700	0
712	701	502	918	696	689	693	700	700	0
701	502	918	696	689	693	700	700	728	0
502	918	696	689	693	700	700	728	494	0
918	696	689	693	700	700	728	494	1098	0
696	689	693	700	700	728	494	1098	509	0
689	693	700	700	728	494	1098	509	1047	0
693	700	700	728	494	1098	509	1047	529	1
700	700	728	494	1098	509	1047	529	988	0
700	728	494	1098	509	1047	529	988	607	1
728	494	1098	509	1047	529	988	607	849	0
494	1098	509	1047	529	988	607	849	700	1
1098	509	1047	529	988	607	849	700	704	0
509	1047	529	988	607	849	700	704	720	1
1047	529	988	607	849	700	704	720	483	0
529	988	607	849	700	704	720	483	1074	0
988	607	849	700	704	720	483	1074	735	0
607	849	700	704	720	483	1074	735	739	0
849	700	704	720	483	1074	735	739	755	1
700	704	720	483	1074	735	739	755	771	0
704	720	483	1074	735	739	755	771	774	0
720	483	1074	735	739	755	771	774	794	0
483	1074	735	739	755	771	774	794	506	0
1074	735	739	755	771	774	794	506	1128	0
735	739	755	771	774	794	506	1128	451	0
739	755	771	774	794	506	1128	451	1074	0
755	771	774	794	506	1128	451	1074	526	1
771	774	794	506	1128	451	1074	526	968	0
774	794	506	1128	451	1074	526	968	716	1
794	506	1128	451	1074	526	968	716	693	0
506	1128	451	1074	526	968	716	693	689	1
1128	451	1074	526	968	716	693	689	704	0
451	1074	526	968	716	693	689	704	735	0
1074	526	968	716	693	689	704	735	767	0
526	968	716	693	689	704	735	767	782	0
968	716	693	689	704	735	767	782	798	0
716	693	689	704	735	767	782	798	813	0
693	689	704	735	767	782	798	813	440	0
689	704	735	767	782	798	813	440	1202	0
704	735	767	782	798	813	440	1202	440	0
735	767	782	798	813	440	1202	440	1089	0
767	782	798	813	440	1202	440	1089	518	1
782	798	813	440	1202	440	1089	518	976	0
798	813	440	1202	440	1089	518	976	708	1
813	440	1202	440	1089	518	976	708	502	0
440	1202	440	1089	518	976	708	502	907	1
1202	440	1089	518	976	708	502	907	700	0
440	1089	518	976	708	502	907	700	697	0
1089	518	976	708	502	907	700	697	704	1
518	976	708	502	907	700	697	704	704	0
976	708	502	907	700	697	704	704	720	0
708	502	907	700	697	704	704	720	759	0
502	907	700	697	704	704	720	759	798	0
907	700	697	704	704	720	759	798	797	0
700	697	704	704	720	759	798	797	798	0
697	704	704	720	759	798	797	798	817	0
704	704	720	759	798	797	798	817	837	0
704	720	759	798	797	798	817	837	809	0
720	759	798	797	798	817	837	809	798	0
759	798	797	798	817	837	809	798	797	0
798	797	798	817	837	809	798	797	790	0
797	798	817	837	809	798	797	790	440	0
798	817	837	809	798	797	790	440	1086	0
817	837	809	798	797	790	440	1086	513	0
837	809	798	797	790	440	1086	513	965	0
809	798	797	790	440	1086	513	965	708	1
798	797	790	440	1086	513	965	708	689	0
797	790	440	1086	513	965	708	689	693	1
790	440	1086	513	965	708	689	693	420	0
440	1086	513	965	708	689	693	420	1012	0
1086	513	965	708	689	693	420	1012	712	0
513	965	708	689	693	420	1012	712	533	0
965	708	689	693	420	1012	712	533	883	1
708	689	693	420	1012	712	533	883	712	0
689	693	420	1012	712	533	883	712	724	0
693	420	1012	712	533	883	712	724	533	1
420	1012	712	533	883	712	724	533	922	0
1012	712	533	883	712	724	533	922	728	0
712	533	883	712	724	533	922	728	735	0
533	883	712	724	533	922	728	735	525	1
883	712	724	533	922	728	735	525	993	0
712	724	533	922	728	735	525	993	735	0
724	533	922	728	735	525	993	735	739	0
533	922	728	735	525	993	735	739	487	1
922	728	735	525	993	735	739	487	1035	0
728	735	525	993	735	739	487	1035	731	0
735	525	993	735	739	487	1035	731	728	0
525	993	735	739	487	1035	731	728	731	1
993	735	739	487	1035	731	728	731	744	0
735	739	487	1035	731	728	731	744	754	0
739	487	1035	731	728	731	744	754	759	0
487	1035	731	728	731	744	754	759	774	0
1035	731	728	731	744	754	759	774	798	0
731	728	731	744	754	759	774	798	817	0
728	731	744	754	759	774	798	817	790	0
731	744	754	759	774	798	817	790	786	0
744	754	759	774	798	817	790	786	786	0
754	759	774	798	817	790	786	786	782	0
759	774	798	817	790	786	786	782	498	0
774	798	817	790	786	786	782	498	1086	0
798	817	790	786	786	782	498	1086	533	0
817	790	786	786	782	498	1086	533	973	0
790	786	786	782	498	1086	533	973	735	1
786	786	782	498	1086	533	973	735	724	0
786	782	498	1086	533	973	735	724	478	1
782	498	1086	533	973	735	724	478	981	0
498	1086	533	973	735	724	478	981	720	0
1086	533	973	735	724	478	981	720	716	0
533	973	735	724	478	981	720	716	478	1
973	735	724	478	981	720	716	478	1000	0
735	724	478	981	720	716	478	1000	709	0
724	478	981	720	716	478	1000	709	700	0
478	981	720	716	478	1000	709	700	708	1
981	720	716	478	1000	709	700	708	712	0
720	716	478	1000	709	700	708	712	720	0
716	478	1000	709	700	708	712	720	751	0
478	1000	709	700	708	712	720	751	817	0
1000	709	700	708	712	720	751	817	860	0
709	700	708	712	720	751	817	860	833	0
700	708	712	720	751	817	860	833	821	0
708	712	720	751	817	860	833	821	821	0
712	720	751	817	860	833	821	821	821	0
720	751	817	860	833	821	821	821	801	0
751	817	860	833	821	821	821	801	775	0
817	860	833	821	821	821	801	775	766	0
860	833	821	821	821	801	775	766	502	0
833	821	821	821	801	775	766	502	1047	0
821	821	821	801	775	766	502	1047	513	0
821	821	801	775	766	502	1047	513	958	0
821	801	775	766	502	1047	513	958	723	1
801	775	766	502	1047	513	958	723	483	0
775	766	502	1047	513	958	723	483	957	1
766	502	1047	513	958	723	483	957	712	0
502	1047	513	958	723	483	957	712	697	0
1047	513	958	723	483	957	712	697	712	1
513	958	723	483	957	712	697	712	731	0
958	723	483	957	712	697	712	731	763	0
723	483	957	712	697	712	731	763	751	0
483	957	712	697	712	731	763	751	762	0
957	712	697	712	731	763	751	762	779	0
712	697	712	731	763	751	762	779	778	0
697	712	731	763	751	762	779	778	490	0
712	731	763	751	762	779	778	490	1059	0
731	763	751	762	779	778	490	1059	513	0
763	751	762	779	778	490	1059	513	969	0
751	762	779	778	490	1059	513	969	716	1
762	779	778	490	1059	513	969	716	689	0
779	778	490	1059	513	969	716	689	685	1
778	490	1059	513	969	716	689	685	579	0
490	1059	513	969	716	689	685	579	829	0
1059	513	969	716	689	685	579	829	708	0
513	969	716	689	685	579	829	708	743	0
969	716	689	685	579	829	708	743	763	1
716	689	685	579	829	708	743	763	786	0
689	685	579	829	708	743	763	786	774	0
685	579	829	708	743	763	786	774	790	0
579	829	708	743	763	786	774	790	487	0
829	708	743	763	786	774	790	487	1116	0
708	743	763	786	774	790	487	1116	467	0
743	763	786	774	790	487	1116	467	1070	0
763	786	774	790	487	1116	467	1070	526	1
786	774	790	487	1116	467	1070	526	957	0
774	790	487	1116	467	1070	526	957	708	1
790	487	1116	467	1070	526	957	708	689	0
487	1116	467	1070	526	957	708	689	692	1
1116	467	1070	526	957	708	689	692	428	0
467	1070	526	957	708	689	692	428	1028	0
1070	526	957	708	689	692	428	1028	712	0
526	957	708	689	692	428	1028	712	708	0
957	708	689	692	428	1028	712	708	447	1
708	689	692	428	1028	712	708	447	1039	0
689	692	428	1028	712	708	447	1039	716	0
692	428	1028	712	708	447	1039	716	712	0
428	1028	712	708	447	1039	716	712	720	1
1028	712	708	447	1039	716	712	720	428	0
712	708	447	1039	716	712	720	428	1101	0
708	447	1039	716	712	720	428	1101	502	0
447	1039	716	712	720	428	1101	502	1008	0
1039	716	712	720	428	1101	502	1008	739	1
716	712	720	428	1101	502	1008	739	724	0
712	720	428	1101	502	1008	739	724	724	1
720	428	1101	502	1008	739	724	724	502	0
428	1101	502	1008	739	724	724	502	1031	0
1101	502	1008	739	724	724	502	1031	747	0
502	1008	739	724	724	502	1031	747	735	0
1008	739	724	724	502	1031	747	735	740	1
739	724	724	502	1031	747	735	740	755	0
724	724	502	1031	747	735	740	755	774	0
724	502	1031	747	735	740	755	774	766	0
502	1031	747	735	740	755	774	766	771	0
1031	747	735	740	755	774	766	771	782	0
747	735	740	755	774	766	771	782	794	0
735	740	755	774	766	771	782	794	782	0
740	755	774	766	771	782	794	782	762	0
755	774	766	771	782	794	782	762	763	0
774	766	771	782	794	782	762	763	755	0
766	771	782	794	782	762	763	755	759	0
771	782	794	782	762	763	755	759	747	0
782	794	782	762	763	755	759	747	739	0
794	782	762	763	755	759	747	739	747	0
782	762	763	755	759	747	739	747	751	0
762	763	755	759	747	739	747	751	755	0
763	755	759	747	739	747	751	755	743	0
755	759	747	739	747	751	755	743	732	0
759	747	739	747	751	755	743	732	432	0
747	739	747	751	755	743	732	432	1046	0
739	747	751	755	743	732	432	1046	564	0
747	751	755	743	732	432	1046	564	857	0
751	755	743	732	432	1046	564	857	692	1
755	743	732	432	1046	564	857	692	685	0
743	732	432	1046	564	857	692	685	677	1
732	432	1046	564	857	692	685	677	444	0
432	1046	564	857	692	685	677	444	996	0
1046	564	857	692	685	677	444	996	731	0
564	857	692	685	677	444	996	731	747	0
857	692	685	677	444	996	731	747	456	1
692	685	677	444	996	731	747	456	1077	0
685	677	444	996	731	747	456	1077	747	0
677	444	996	731	747	456	1077	747	740	0
444	996	731	747	456	1077	747	740	731	1
996	731	747	456	1077	747	740	731	736	0
731	747	456	1077	747	740	731	736	747	0
747	456	1077	747	740	731	736	747	770	0
456	1077	747	740	731	736	747	770	771	0
1077	747	740	731	736	747	770	771	762	0
747	740	731	736	747	770	771	762	775	0
740	731	736	747	770	771	762	775	502	0
731	736	747	770	771	762	775	502	1077	0
736	747	770	771	762	775	502	1077	467	0
747	770	771	762	775	502	1077	467	1047	0
770	771	762	775	502	1077	467	1047	533	1
771	762	775	502	1077	467	1047	533	938	0
762	775	502	1077	467	1047	533	938	708	1
775	502	1077	467	1047	533	938	708	696	0
502	1077	467	1047	533	938	708	696	705	1
1077	467	1047	533	938	708	696	705	424	0
467	1047	533	938	708	696	705	424	1043	0
1047	533	938	708	696	705	424	1043	548	0
533	938	708	696	705	424	1043	548	891	0
938	708	696	705	424	1043	548	891	716	1
708	696	705	424	1043	548	891	716	522	0
696	705	424	1043	548	891	716	522	937	1
705	424	1043	548	891	716	522	937	712	0
424	1043	548	891	716	522	937	712	713	0
1043	548	891	716	522	937	712	713	723	1
548	891	716	522	937	712	713	723	747	0
891	716	522	937	712	713	723	747	767	0
716	522	937	712	713	723	747	767	755	0
522	937	712	713	723	747	767	755	762	0
937	712	713	723	747	767	755	762	775	0
712	713	723	747	767	755	762	775	797	0
713	723	747	767	755	762	775	797	786	0
723	747	767	755	762	775	797	786	759	0
747	767	755	762	775	797	786	759	759	0
767	755	762	775	797	786	759	759	759	0
755	762	775	797	786	759	759	759	766	0
762	775	797	786	759	759	759	766	759	0
775	797	786	759	759	759	766	759	739	0
797	786	759	759	759	766	759	739	724	0
786	759	759	759	766	759	739	724	716	0
759	759	759	766	759	739	724	716	716	0
759	759	766	759	739	724	716	716	716	0
759	766	759	739	724	716	716	716	708	0
766	759	739	724	716	716	716	708	720	0
759	739	724	716	716	716	708	720	731	0
739	724	716	716	716	708	720	731	755	0
724	716	716	716	708	720	731	755	759	0
716	716	716	708	720	731	755	759	751	0
716	716	708	720	731	755	759	751	770	0
716	708	720	731	755	759	751	770	771	0
708	720	731	755	759	751	770	771	759	0
720	731	755	759	751	770	771	759	743	0
731	755	759	751	770	771	759	743	747	0
755	759	751	770	771	759	743	747	747	0
759	751	770	771	759	743	747	747	751	0
751	770	771	759	743	747	747	751	731	0
770	771	759	743	747	747	751	731	724	0
771	759	743	747	747	751	731	724	724	0
759	743	747	747	751	731	724	724	731	0
743	747	747	751	731	724	724	731	736	0
747	747	751	731	724	724	731	736	751	0
747	751	731	724	724	731	736	751	739	0
751	731	724	724	731	736	751	739	735	0
731	724	724	731	736	751	739	735	740	0
724	724	731	736	751	739	735	740	743	0
724	731	736	751	739	735	740	743	747	0
731	736	751	739	735	740	743	747	732	0
736	751	739	735	740	743	747	732	735	0
751	739	735	740	743	747	732	735	739	0
739	735	740	743	747	732	735	739	724	0
735	740	743	747	732	735	739	724	720	0
740	743	747	732	735	739	724	720	735	0
743	747	732	735	739	724	720	735	747	0
747	732	735	739	724	720	735	747	747	0
732	735	739	724	720	735	747	747	740	0
735	739	724	720	735	747	747	740	743	0
739	724	720	735	747	747	740	743	755	0
724	720	735	747	747	740	743	755	751	0
720	735	747	747	740	743	755	751	751	0
735	747	747	740	743	755	751	751	743	0
747	747	740	743	755	751	751	743	743	0
747	740	743	755	751	751	743	743	747	0
740	743	755	751	751	743	743	747	740	0
743	755	751	751	743	743	747	740	723	0
755	751	751	743	743	747	740	723	732	0
751	751	743	743	747	740	723	732	743	0
751	743	743	747	740	723	732	743	743	0
743	743	747	740	723	732	743	743	739	0
743	747	740	723	732	743	743	739	744	0
747	740	723	732	743	743	739	744	743	0
740	723	732	743	743	739	744	743	743	0
723	732	743	743	739	744	743	743	735	0
732	743	743	739	744	743	743	735	724	0
743	743	739	744	743	743	735	724	716	0
743	739	744	743	743	735	724	716	720	0
739	744	743	743	735	724	716	720	728	0
744	743	743	735	724	716	720	728	727	0
743	743	735	724	716	720	728	727	716	0
743	735	724	716	720	728	727	716	463	0
735	724	716	720	728	727	716	463	989	0
724	716	720	728	727	716	463	989	723	0
716	720	728	727	716	463	989	723	716	0
720	728	727	716	463	989	723	716	487	1
728	727	716	463	989	723	716	487	926	0
727	716	463	989	723	716	487	926	692	0
716	463	989	723	716	487	926	692	681	0
463	989	723	716	487	926	692	681	685	1
989	723	716	487	926	692	681	685	681	0
723	716	487	926	692	681	685	681	689	0
716	487	926	692	681	685	681	689	720	0
487	926	692	681	685	681	689	720	758	0
926	692	681	685	681	689	720	758	790	0
692	681	685	681	689	720	758	790	774	0
681	685	681	689	720	758	790	774	767	0
685	681	689	720	758	790	774	767	475	0
681	689	720	758	790	774	767	475	1062	0
689	720	758	790	774	767	475	1062	498	0
720	758	790	774	767	475	1062	498	977	0
758	790	774	767	475	1062	498	977	630	1
790	774	767	475	1062	498	977	630	782	0
774	767	475	1062	498	977	630	782	693	1
767	475	1062	498	977	630	782	693	688	0
475	1062	498	977	630	782	693	688	689	1
1062	498	977	630	782	693	688	689	428	0
498	977	630	782	693	688	689	428	1027	0
977	630	782	693	688	689	428	1027	588	0
630	782	693	688	689	428	1027	588	883	0
782	693	688	689	428	1027	588	883	712	1
693	688	689	428	1027	588	883	712	720	0
688	689	428	1027	588	883	712	720	732	1
689	428	1027	588	883	712	720	732	755	0
428	1027	588	883	712	720	732	755	459	0
1027	588	883	712	720	732	755	459	1054	0
588	883	712	720	732	755	459	1054	498	0
883	712	720	732	755	459	1054	498	950	0
712	720	732	755	459	1054	498	950	708	1
720	732	755	459	1054	498	950	708	692	0
732	755	459	1054	498	950	708	692	697	1
755	459	1054	498	950	708	692	697	704	0
459	1054	498	950	708	692	697	704	712	0
1054	498	950	708	692	697	704	712	736	0
498	950	708	692	697	704	712	736	762	0
950	708	692	697	704	712	736	762	798	0
708	692	697	704	712	736	762	798	848	0
692	697	704	712	736	762	798	848	420	0
697	704	712	736	762	798	848	420	1214	0
704	712	736	762	798	848	420	1214	432	0
712	736	762	798	848	420	1214	432	1144	0
736	762	798	848	420	1214	432	1144	463	1
762	798	848	420	1214	432	1144	463	1051	0
798	848	420	1214	432	1144	463	1051	510	1
848	420	1214	432	1144	463	1051	510	910	0
420	1214	432	1144	463	1051	510	910	689	1
1214	432	1144	463	1051	510	910	689	673	0
432	1144	463	1051	510	910	689	673	669	1
1144	463	1051	510	910	689	673	669	424	0
463	1051	510	910	689	673	669	424	989	0
1051	510	910	689	673	669	424	989	708	0
510	910	689	673	669	424	989	708	696	0
910	689	673	669	424	989	708	696	701	1
689	673	669	424	989	708	696	701	424	0
673	669	424	989	708	696	701	424	1039	0
669	424	989	708	696	701	424	1039	568	0
424	989	708	696	701	424	1039	568	903	0
989	708	696	701	424	1039	568	903	716	1
708	696	701	424	1039	568	903	716	716	0
696	701	424	1039	568	903	716	716	478	1
701	424	1039	568	903	716	716	478	989	0
424	1039	568	903	716	716	478	989	715	0
1039	568	903	716	716	478	989	715	697	0
568	903	716	716	478	989	715	697	704	1
903	716	716	478	989	715	697	704	553	0
716	716	478	989	715	697	704	553	906	0
716	478	989	715	697	704	553	906	720	0
478	989	715	697	704	553	906	720	740	0
989	715	697	704	553	906	720	740	451	1
715	697	704	553	906	720	740	451	1070	0
697	704	553	906	720	740	451	1070	728	0
704	553	906	720	740	451	1070	728	723	0
553	906	720	740	451	1070	728	723	720	1
906	720	740	451	1070	728	723	720	724	0
720	740	451	1070	728	723	720	724	720	0
740	451	1070	728	723	720	724	720	716	0
451	1070	728	723	720	724	720	716	723	0
1070	728	723	720	724	720	716	723	471	0
728	723	720	724	720	716	723	471	1051	0
723	720	724	720	716	723	471	1051	513	0
720	724	720	716	723	471	1051	513	969	0
724	720	716	723	471	1051	513	969	728	1
720	716	723	471	1051	513	969	728	720	0
716	723	471	1051	513	969	728	720	716	1
723	471	1051	513	969	728	720	716	723	0
471	1051	513	969	728	720	716	723	736	0
1051	513	969	728	720	716	723	736	770	0
513	969	728	720	716	723	736	770	802	0
969	728	720	716	723	736	770	802	790	0
728	720	716	723	736	770	802	790	821	0
720	716	723	736	770	802	790	821	424	0
716	723	736	770	802	790	821	424	1194	0
723	736	770	802	790	821	424	1194	440	0
736	770	802	790	821	424	1194	440	1093	0
770	802	790	821	424	1194	440	1093	514	1
802	790	821	424	1194	440	1093	514	988	0
790	821	424	1194	440	1093	514	988	720	1
821	424	1194	440	1093	514	988	720	693	0
424	1194	440	1093	514	988	720	693	700	1
1194	440	1093	514	988	720	693	700	720	0
440	1093	514	988	720	693	700	720	444	0
1093	514	988	720	693	700	720	444	1089	0
514	988	720	693	700	720	444	1089	736	0
988	720	693	700	720	444	1089	736	739	0
720	693	700	720	444	1089	736	739	743	1
693	700	720	444	1089	736	739	743	459	0
700	720	444	1089	736	739	743	459	1090	0
720	444	1089	736	739	743	459	1090	498	0
444	1089	736	739	743	459	1090	498	973	0
1089	736	739	743	459	1090	498	973	723	1
736	739	743	459	1090	498	973	723	712	0
739	743	459	1090	498	973	723	712	712	1
743	459	1090	498	973	723	712	712	537	0
459	1090	498	973	723	712	712	537	919	0
1090	498	973	723	712	712	537	919	731	0
498	973	723	712	712	537	919	731	755	0
973	723	712	712	537	919	731	755	763	1
723	712	712	537	919	731	755	763	758	0
712	712	537	919	731	755	763	758	767	0
712	537	919	731	755	763	758	767	786	0
537	919	731	755	763	758	767	786	514	0
919	731	755	763	758	767	786	514	1109	0
731	755	763	758	767	786	514	1109	431	0
755	763	758	767	786	514	1109	431	1074	0
763	758	767	786	514	1109	431	1074	549	1
758	767	786	514	1109	431	1074	549	918	0
767	786	514	1109	431	1074	549	918	697	1
786	514	1109	431	1074	549	918	697	689	0
514	1109	431	1074	549	918	697	689	688	1
1109	431	1074	549	918	697	689	688	428	0
431	1074	549	918	697	689	688	428	1012	0
1074	549	918	697	689	688	428	1012	693	0
549	918	697	689	688	428	1012	693	696	0
918	697	689	688	428	1012	693	696	708	1
697	689	688	428	1012	693	696	708	420	0
689	688	428	1012	693	696	708	420	1059	0
688	428	1012	693	696	708	420	1059	712	0
428	1012	693	696	708	420	1059	712	708	0
1012	693	696	708	420	1059	712	708	712	1
693	696	708	420	1059	712	708	712	529	0
696	708	420	1059	712	708	712	529	950	0
708	420	1059	712	708	712	529	950	716	0
420	1059	712	708	712	529	950	716	719	0
1059	712	708	712	529	950	716	719	464	1
712	708	712	529	950	716	719	464	1031	0
708	712	529	950	716	719	464	1031	731	0
712	529	950	716	719	464	1031	731	712	0
529	950	716	719	464	1031	731	712	720	1
950	716	719	464	1031	731	712	720	724	0
716	719	464	1031	731	712	720	724	743	0
719	464	1031	731	712	720	724	743	521	0
464	1031	731	712	720	724	743	521	961	0
1031	731	712	720	724	743	521	961	736	0
731	712	720	724	743	521	961	736	728	0
712	720	724	743	521	961	736	728	731	1
720	724	743	521	961	736	728	731	712	0
724	743	521	961	736	728	731	712	716	0
743	521	961	736	728	731	712	716	724	0
521	961	736	728	731	712	716	724	747	0
961	736	728	731	712	716	724	747	763	0
736	728	731	712	716	724	747	763	751	0
728	731	712	716	724	747	763	751	739	0
731	712	716	724	747	763	751	739	735	0
712	716	724	747	763	751	739	735	483	0
716	724	747	763	751	739	735	483	1000	0
724	747	763	751	739	735	483	1000	712	0
747	763	751	739	735	483	1000	712	708	0
763	751	739	735	483	1000	712	708	704	1
751	739	735	483	1000	712	708	704	712	0
739	735	483	1000	712	708	704	712	732	0
735	483	1000	712	708	704	712	732	731	0
483	1000	712	708	704	712	732	731	751	0
1000	712	708	704	712	732	731	751	763	0
712	708	704	712	732	731	751	763	786	0
708	704	712	732	731	751	763	786	770	0
704	712	732	731	751	763	786	770	771	0
712	732	731	751	763	786	770	771	463	0
732	731	751	763	786	770	771	463	1109	0
731	751	763	786	770	771	463	1109	471	0
751	763	786	770	771	463	1109	471	1066	0
763	786	770	771	463	1109	471	1066	517	1
786	770	771	463	1109	471	1066	517	926	0
770	771	463	1109	471	1066	517	926	693	1
771	463	1109	471	1066	517	926	693	681	0
463	1109	471	1066	517	926	693	681	673	1
1109	471	1066	517	926	693	681	673	428	0
471	1066	517	926	693	681	673	428	1019	0
1066	517	926	693	681	673	428	1019	713	0
517	926	693	681	673	428	1019	713	715	0
926	693	681	673	428	1019	713	715	744	1
693	681	673	428	1019	713	715	744	797	0
681	673	428	1019	713	715	744	797	845	0
673	428	1019	713	715	744	797	845	821	0
428	1019	713	715	744	797	845	821	817	0
1019	713	715	744	797	845	821	817	459	0
713	715	744	797	845	821	817	459	1132	0
715	744	797	845	821	817	459	1132	459	0
744	797	845	821	817	459	1132	459	1086	0
797	845	821	817	459	1132	459	1086	483	1
845	821	817	459	1132	459	1086	483	984	0
821	817	459	1132	459	1086	483	984	591	1
817	459	1132	459	1086	483	984	591	810	0
459	1132	459	1086	483	984	591	810	677	1
1132	459	1086	483	984	591	810	677	677	0
459	1086	483	984	591	810	677	677	712	1
1086	483	984	591	810	677	677	712	424	0
483	984	591	810	677	677	712	424	1082	0
984	591	810	677	677	712	424	1082	486	0
591	810	677	677	712	424	1082	486	965	0
810	677	677	712	424	1082	486	965	716	1
677	677	712	424	1082	486	965	716	712	0
677	712	424	1082	486	965	716	712	716	1
712	424	1082	486	965	716	712	716	521	0
424	1082	486	965	716	712	716	521	973	0
1082	486	965	716	712	716	521	973	588	0
486	965	716	712	716	521	973	588	941	0
965	716	712	716	521	973	588	941	736	1
716	712	716	521	973	588	941	736	739	0
712	716	521	973	588	941	736	739	747	1
716	521	973	588	941	736	739	747	455	0
521	973	588	941	736	739	747	455	1059	0
973	588	941	736	739	747	455	1059	537	0
588	941	736	739	747	455	1059	537	930	0
941	736	739	747	455	1059	537	930	704	1
736	739	747	455	1059	537	930	704	696	0
739	747	455	1059	537	930	704	696	697	1
747	455	1059	537	930	704	696	697	432	0
455	1059	537	930	704	696	697	432	1015	0
1059	537	930	704	696	697	432	1015	728	0
537	930	704	696	697	432	1015	728	736	0
930	704	696	697	432	1015	728	736	466	1
704	696	697	432	1015	728	736	466	1028	0
696	697	432	1015	728	736	466	1028	731	0
697	432	1015	728	736	466	1028	731	728	0
432	1015	728	736	466	1028	731	728	467	1
1015	728	736	466	1028	731	728	467	1000	0
728	736	466	1028	731	728	467	1000	727	0
736	466	1028	731	728	467	1000	727	728	0
466	1028	731	728	467	1000	727	728	471	1
1028	731	728	467	1000	727	728	471	1011	0
731	728	467	1000	727	728	471	1011	728	0
728	467	1000	727	728	471	1011	728	732	0
467	1000	727	728	471	1011	728	732	470	1
1000	727	728	471	1011	728	732	470	1016	0
727	728	471	1011	728	732	470	1016	739	0
728	471	1011	728	732	470	1016	739	732	0
471	1011	728	732	470	1016	739	732	731	1
1011	728	732	470	1016	739	732	731	716	0
728	732	470	1016	739	732	731	716	712	0
732	470	1016	739	732	731	716	712	724	0
470	1016	739	732	731	716	712	724	506	0
1016	739	732	731	716	712	724	506	1000	0
739	732	731	716	712	724	506	1000	724	0
732	731	716	712	724	506	1000	724	720	0
731	716	712	724	506	1000	724	720	719	1
716	712	724	506	1000	724	720	719	728	0
712	724	506	1000	724	720	719	728	731	0
724	506	1000	724	720	719	728	731	736	0
506	1000	724	720	719	728	731	736	755	0
1000	724	720	719	728	731	736	755	770	0
724	720	719	728	731	736	755	770	782	0
720	719	728	731	736	755	770	782	440	0
719	728	731	736	755	770	782	440	1097	0
728	731	736	755	770	782	440	1097	491	0
731	736	755	770	782	440	1097	491	1027	0
736	755	770	782	440	1097	491	1027	552	1
755	770	782	440	1097	491	1027	552	891	0
770	782	440	1097	491	1027	552	891	709	1
782	440	1097	491	1027	552	891	709	696	0
440	1097	491	1027	552	891	709	696	693	1
1097	491	1027	552	891	709	696	693	700	0
491	1027	552	891	709	696	693	700	420	0
1027	552	891	709	696	693	700	420	1035	0
552	891	709	696	693	700	420	1035	681	0
891	709	696	693	700	420	1035	681	790	0
709	696	693	700	420	1035	681	790	708	1
696	693	700	420	1035	681	790	708	720	0
693	700	420	1035	681	790	708	720	704	1
700	420	1035	681	790	708	720	704	775	0
420	1035	681	790	708	720	704	775	743	0
1035	681	790	708	720	704	775	743	467	0
681	790	708	720	704	775	743	467	1035	1
790	708	720	704	775	743	467	1035	564	0
708	720	704	775	743	467	1035	564	930	0
720	704	775	743	467	1035	564	930	704	1
704	775	743	467	1035	564	930	704	693	0
775	743	467	1035	564	930	704	693	696	1
743	467	1035	564	930	704	693	696	701	0
467	1035	564	930	704	693	696	701	708	0
1035	564	930	704	693	696	701	708	708	0
564	930	704	693	696	701	708	708	720	0
930	704	693	696	701	708	708	720	743	0
704	693	696	701	708	708	720	743	767	0
693	696	701	708	708	720	743	767	770	0
696	701	708	708	720	743	767	770	771	0
701	708	708	720	743	767	770	771	774	0
708	708	720	743	767	770	771	774	782	0
708	720	743	767	770	771	774	782	786	0
720	743	767	770	771	774	782	786	763	0
743	767	770	771	774	782	786	763	751	0
767	770	771	774	782	786	763	751	758	0
770	771	774	782	786	763	751	758	759	0
771	774	782	786	763	751	758	759	759	0
774	782	786	763	751	758	759	759	739	0
782	786	763	751	758	759	759	739	736	0
786	763	751	758	759	759	739	736	727	0
763	751	758	759	759	739	736	727	724	0
751	758	759	759	739	736	727	724	731	0
758	759	759	739	736	727	724	731	712	0
759	759	739	736	727	724	731	712	720	0
759	739	736	727	724	731	712	720	724	0
739	736	727	724	731	712	720	724	732	0
736	727	724	731	712	720	724	732	739	0
727	724	731	712	720	724	732	739	731	0
724	731	712	720	724	732	739	731	747	0
731	712	720	724	732	739	731	747	759	0
712	720	724	732	739	731	747	759	775	0
720	724	732	739	731	747	759	775	758	0
724	732	739	731	747	759	775	758	747	0
732	739	731	747	759	775	758	747	751	0
739	731	747	759	775	758	747	751	755	0
731	747	759	775	758	747	751	755	747	0
747	759	775	758	747	751	755	747	736	0
759	775	758	747	751	755	747	736	743	0
775	758	747	751	755	747	736	743	747	0
758	747	751	755	747	736	743	747	739	0
747	751	755	747	736	743	747	739	732	0
751	755	747	736	743	747	739	732	513	0
755	747	736	743	747	739	732	513	993	0
747	736	743	747	739	732	513	993	747	0
736	743	747	739	732	513	993	747	723	0
743	747	739	732	513	993	747	723	713	1
747	739	732	513	993	747	723	713	501	0
739	732	513	993	747	723	713	501	942	0
732	513	993	747	723	713	501	942	720	0
513	993	747	723	713	501	942	720	700	0
993	747	723	713	501	942	720	700	693	1
747	723	713	501	942	720	700	693	700	0
723	713	501	942	720	700	693	700	716	0
713	501	942	720	700	693	700	716	452	0
501	942	720	700	693	700	716	452	1023	0
942	720	700	693	700	716	452	1023	708	0
720	700	693	700	716	452	1023	708	677	0
700	693	700	716	452	1023	708	677	662	1
693	700	716	452	1023	708	677	662	634	0
700	716	452	1023	708	677	662	634	650	0
716	452	1023	708	677	662	634	650	657	0
452	1023	708	677	662	634	650	657	631	0
1023	708	677	662	634	650	657	631	626	0
708	677	662	634	650	657	631	626	615	0
677	662	634	650	657	631	626	615	611	0
662	634	650	657	631	626	615	611	599	0
634	650	657	631	626	615	611	599	428	0
650	657	631	626	615	611	599	428	759	0
657	631	626	615	611	599	428	759	583	0
631	626	615	611	599	428	759	583	565	0
626	615	611	599	428	759	583	565	587	1
615	611	599	428	759	583	565	587	568	0
611	599	428	759	583	565	587	568	572	0
599	428	759	583	565	587	568	572	564	0
428	759	583	565	587	568	572	564	561	0
759	583	565	587	568	572	564	561	556	0
583	565	587	568	572	564	561	556	553	0
565	587	568	572	564	561	556	553	552	0
587	568	572	564	561	556	553	552	553	0
568	572	564	561	556	553	552	553	416	0
572	564	561	556	553	552	553	416	677	0
564	561	556	553	552	553	416	677	537	0
561	556	553	552	553	416	677	537	541	0
556	553	552	553	416	677	537	541	541	1
553	552	553	416	677	537	541	541	541	0
552	553	416	677	537	541	541	541	541	0
553	416	677	537	541	541	541	541	544	0
416	677	537	541	541	541	541	544	549	0
677	537	541	541	541	541	544	549	560	0
537	541	541	541	541	544	549	560	564	0
541	541	541	541	544	549	560	564	580	0
541	541	541	544	549	560	564	580	584	0
541	541	544	549	560	564	580	584	576	0
541	544	549	560	564	580	584	576	591	0
544	549	560	564	580	584	576	591	592	0
549	560	564	580	584	576	591	592	599	0
560	564	580	584	576	591	592	599	603	0
564	580	584	576	591	592	599	603	556	0
580	584	576	591	592	599	603	556	650	0
584	576	591	592	599	603	556	650	599	0
576	591	592	599	603	556	650	599	607	0
591	592	599	603	556	650	599	607	600	1
592	599	603	556	650	599	607	600	447	0
599	603	556	650	599	607	600	447	798	0
603	556	650	599	607	600	447	798	634	0
556	650	599	607	600	447	798	634	654	0
650	599	607	600	447	798	634	654	669	1
599	607	600	447	798	634	654	669	685	0
607	600	447	798	634	654	669	685	704	0
600	447	798	634	654	669	685	704	747	0
447	798	634	654	669	685	704	747	417	0
798	634	654	669	685	704	747	417	1140	0
634	654	669	685	704	747	417	1140	447	0
654	669	685	704	747	417	1140	447	1058	0
669	685	704	747	417	1140	447	1058	491	1
685	704	747	417	1140	447	1058	491	879	0
704	747	417	1140	447	1058	491	879	650	1
747	417	1140	447	1058	491	879	650	615	0
417	1140	447	1058	491	879	650	615	599	1
1140	447	1058	491	879	650	615	599	599	0
447	1058	491	879	650	615	599	599	619	0
1058	491	879	650	615	599	599	619	618	0
491	879	650	615	599	599	619	618	635	0
879	650	615	599	599	619	618	635	463	0
650	615	599	599	619	618	635	463	1015	0
615	599	599	619	618	635	463	1015	568	0
599	599	619	618	635	463	1015	568	915	0
599	619	618	635	463	1015	568	915	700	1
619	618	635	463	1015	568	915	700	732	0
618	635	463	1015	568	915	700	732	463	1
635	463	1015	568	915	700	732	463	1097	0
463	1015	568	915	700	732	463	1097	483	0
1015	568	915	700	732	463	1097	483	1070	0
568	915	700	732	463	1097	483	1070	490	1
915	700	732	463	1097	483	1070	490	1000	0
700	732	463	1097	483	1070	490	1000	560	1
732	463	1097	483	1070	490	1000	560	918	0
463	1097	483	1070	490	1000	560	918	728	1
1097	483	1070	490	1000	560	918	728	712	0
483	1070	490	1000	560	918	728	712	708	1
1070	490	1000	560	918	728	712	708	456	0
490	1000	560	918	728	712	708	456	1027	0
1000	560	918	728	712	708	456	1027	739	0
560	918	728	712	708	456	1027	739	736	0
918	728	712	708	456	1027	739	736	447	1
728	712	708	456	1027	739	736	447	1047	0
712	708	456	1027	739	736	447	1047	731	0
708	456	1027	739	736	447	1047	731	720	0
456	1027	739	736	447	1047	731	720	537	1
1027	739	736	447	1047	731	720	537	942	0
739	736	447	1047	731	720	537	942	708	0
736	447	1047	731	720	537	942	708	727	0
447	1047	731	720	537	942	708	727	448	1
1047	731	720	537	942	708	727	448	1163	0
731	720	537	942	708	727	448	1163	463	0
720	537	942	708	727	448	1163	463	1059	0
537	942	708	727	448	1163	463	1059	731	1
942	708	727	448	1163	463	1059	731	716	0
708	727	448	1163	463	1059	731	716	720	1
727	448	1163	463	1059	731	716	720	455	0
448	1163	463	1059	731	716	720	455	969	0
1163	463	1059	731	716	720	455	969	689	0
463	1059	731	716	720	455	969	689	661	0
1059	731	716	720	455	969	689	661	674	1
731	716	720	455	969	689	661	674	416	0
716	720	455	969	689	661	674	416	1085	0
720	455	969	689	661	674	416	1085	553	0
455	969	689	661	674	416	1085	553	1004	0
969	689	661	674	416	1085	553	1004	743	1
689	661	674	416	1085	553	1004	743	770	0
661	674	416	1085	553	1004	743	770	444	1
674	416	1085	553	1004	743	770	444	1152	0
416	1085	553	1004	743	770	444	1152	478	0
1085	553	1004	743	770	444	1152	478	1032	0
553	1004	743	770	444	1152	478	1032	723	1
1004	743	770	444	1152	478	1032	723	708	0
743	770	444	1152	478	1032	723	708	716	1
770	444	1152	478	1032	723	708	716	712	0
444	1152	478	1032	723	708	716	712	713	0
1152	478	1032	723	708	716	712	713	758	0
478	1032	723	708	716	712	713	758	806	0
1032	723	708	716	712	713	758	806	832	0
723	708	716	712	713	758	806	832	818	0
708	716	712	713	758	806	832	818	852	0
716	712	713	758	806	832	818	852	863	0
712	713	758	806	832	818	852	863	849	0
713	758	806	832	818	852	863	849	805	0
758	806	832	818	852	863	849	805	798	0
806	832	818	852	863	849	805	798	759	0
832	818	852	863	849	805	798	759	739	0
818	852	863	849	805	798	759	739	731	0
852	863	849	805	798	759	739	731	748	0
863	849	805	798	759	739	731	748	770	0
849	805	798	759	739	731	748	770	809	0
805	798	759	739	731	748	770	809	814	0
798	759	739	731	748	770	809	814	494	0
759	739	731	748	770	809	814	494	1190	0
739	731	748	770	809	814	494	1190	491	0
731	748	770	809	814	494	1190	491	1140	0
748	770	809	814	494	1190	491	1140	470	1
770	809	814	494	1190	491	1140	470	1055	0
809	814	494	1190	491	1140	470	1055	728	1
814	494	1190	491	1140	470	1055	728	716	0
494	1190	491	1140	470	1055	728	716	712	1
1190	491	1140	470	1055	728	716	712	540	0
491	1140	470	1055	728	716	712	540	942	0
1140	470	1055	728	716	712	540	942	751	0
470	1055	728	716	712	540	942	751	790	0
1055	728	716	712	540	942	751	790	817	1
728	716	712	540	942	751	790	817	837	0
716	712	540	942	751	790	817	837	533	0
712	540	942	751	790	817	837	533	1260	0
540	942	751	790	817	837	533	1260	432	0
942	751	790	817	837	533	1260	432	1214	0
751	790	817	837	533	1260	432	1214	463	1
790	817	837	533	1260	432	1214	463	1109	0
817	837	533	1260	432	1214	463	1109	522	1
837	533	1260	432	1214	463	1109	522	918	0
533	1260	432	1214	463	1109	522	918	673	1
1260	432	1214	463	1109	522	918	673	650	0
432	1214	463	1109	522	918	673	650	486	1
1214	463	1109	522	918	673	650	486	825	0
463	1109	522	918	673	650	486	825	638	0
1109	522	918	673	650	486	825	638	631	0
522	918	673	650	486	825	638	631	646	1
918	673	650	486	825	638	631	646	657	0
673	650	486	825	638	631	646	657	677	0
650	486	825	638	631	646	657	677	736	0
486	825	638	631	646	657	677	736	801	0
825	638	631	646	657	677	736	801	876	0
638	631	646	657	677	736	801	876	922	0
631	646	657	677	736	801	876	922	879	0
646	657	677	736	801	876	922	879	880	0
657	677	736	801	876	922	879	880	883	0
677	736	801	876	922	879	880	883	856	0
736	801	876	922	879	880	883	856	813	0
801	876	922	879	880	883	856	813	802	0
876	922	879	880	883	856	813	802	790	0
922	879	880	883	856	813	802	790	762	0
879	880	883	856	813	802	790	762	751	0
880	883	856	813	802	790	762	751	424	0
883	856	813	802	790	762	751	424	1082	0
856	813	802	790	762	751	424	1082	537	0
813	802	790	762	751	424	1082	537	934	0
802	790	762	751	424	1082	537	934	712	1
790	762	751	424	1082	537	934	712	693	0
762	751	424	1082	537	934	712	693	696	1
751	424	1082	537	934	712	693	696	424	0
424	1082	537	934	712	693	696	424	1047	0
1082	537	934	712	693	696	424	1047	724	0
537	934	712	693	696	424	1047	724	727	0
934	712	693	696	424	1047	724	727	759	1
712	693	696	424	1047	724	727	759	767	0
693	696	424	1047	724	727	759	767	762	0
696	424	1047	724	727	759	767	762	771	0
424	1047	724	727	759	767	762	771	770	0
1047	724	727	759	767	762	771	770	751	0
724	727	759	767	762	771	770	751	732	0
727	759	767	762	771	770	751	732	719	0
759	767	762	771	770	751	732	719	716	0
767	762	771	770	751	732	719	716	537	0
762	771	770	751	732	719	716	537	938	0
771	770	751	732	719	716	537	938	755	0
770	751	732	719	716	537	938	755	424	0
751	732	719	716	537	938	755	424	1152	1
732	719	716	537	938	755	424	1152	490	0
719	716	537	938	755	424	1152	490	1055	0
716	537	938	755	424	1152	490	1055	568	1
537	938	755	424	1152	490	1055	568	941	0
938	755	424	1152	490	1055	568	941	736	1
755	424	1152	490	1055	568	941	736	723	0
424	1152	490	1055	568	941	736	723	744	1
1152	490	1055	568	941	736	723	744	762	0
490	1055	568	941	736	723	744	762	813	0
1055	568	941	736	723	744	762	813	829	0
568	941	736	723	744	762	813	829	825	0
941	736	723	744	762	813	829	825	821	0
736	723	744	762	813	829	825	821	813	0
723	744	762	813	829	825	821	813	818	0
744	762	813	829	825	821	813	818	817	0
762	813	829	825	821	813	818	817	428	0
813	829	825	821	813	818	817	428	1132	0
829	825	821	813	818	817	428	1132	479	0
825	821	813	818	817	428	1132	479	1003	0
821	813	818	817	428	1132	479	1003	709	1
813	818	817	428	1132	479	1003	709	684	0
818	817	428	1132	479	1003	709	684	681	1
817	428	1132	479	1003	709	684	681	697	0
428	1132	479	1003	709	684	681	697	486	0
1132	479	1003	709	684	681	697	486	1031	0
479	1003	709	684	681	697	486	1031	557	0
1003	709	684	681	697	486	1031	557	965	0
709	684	681	697	486	1031	557	965	716	1
684	681	697	486	1031	557	965	716	720	0
681	697	486	1031	557	965	716	720	723	1
697	486	1031	557	965	716	720	723	751	0
486	1031	557	965	716	720	723	751	440	0
1031	557	965	716	720	723	751	440	1109	0
557	965	716	720	723	751	440	1109	510	0
965	716	720	723	751	440	1109	510	1039	0
716	720	723	751	440	1109	510	1039	614	1
720	723	751	440	1109	510	1039	614	856	0
723	751	440	1109	510	1039	614	856	728	1
751	440	1109	510	1039	614	856	728	603	0
440	1109	510	1039	614	856	728	603	918	1
1109	510	1039	614	856	728	603	918	751	0
510	1039	614	856	728	603	918	751	510	0
1039	614	856	728	603	918	751	510	1012	1
614	856	728	603	918	751	510	1012	751	0
856	728	603	918	751	510	1012	751	759	0
728	603	918	751	510	1012	751	759	747	1
603	918	751	510	1012	751	759	747	719	0
918	751	510	1012	751	759	747	719	705	0
751	510	1012	751	759	747	719	705	700	0
510	1012	751	759	747	719	705	700	677	0
1012	751	759	747	719	705	700	677	689	0
751	759	747	719	705	700	677	689	669	0
759	747	719	705	700	677	689	669	658	0
747	719	705	700	677	689	669	658	653	0
719	705	700	677	689	669	658	653	654	0
705	700	677	689	669	658	653	654	646	0
700	677	689	669	658	653	654	646	642	0
677	689	669	658	653	654	646	642	642	0
689	669	658	653	654	646	642	642	638	0
669	658	653	654	646	642	642	638	634	0
658	653	654	646	642	642	638	634	631	0
653	654	646	642	642	638	634	631	630	0
654	646	642	642	638	634	631	630	627	0
646	642	642	638	634	631	630	627	630	0
642	642	638	634	631	630	627	630	630	0
642	638	634	631	630	627	630	630	475	0
638	634	631	630	627	630	630	475	798	0
634	631	630	627	630	630	475	798	630	0
631	630	627	630	630	475	798	630	638	0
630	627	630	630	475	798	630	638	646	1
627	630	630	475	798	630	638	646	665	0
630	630	475	798	630	638	646	665	677	0
630	475	798	630	638	646	665	677	697	0
475	798	630	638	646	665	677	697	739	0
798	630	638	646	665	677	697	739	790	0
630	638	646	665	677	697	739	790	494	0
638	646	665	677	697	739	790	494	1195	0
646	665	677	697	739	790	494	1195	463	0
665	677	697	739	790	494	1195	463	1124	0
677	697	739	790	494	1195	463	1124	487	1
697	739	790	494	1195	463	1124	487	1015	0
739	790	494	1195	463	1124	487	1015	716	1
790	494	1195	463	1124	487	1015	716	705	0
494	1195	463	1124	487	1015	716	705	716	1
1195	463	1124	487	1015	716	705	716	455	0
463	1124	487	1015	716	705	716	455	1058	0
1124	487	1015	716	705	716	455	1058	739	0
487	1015	716	705	716	455	1058	739	771	0
1015	716	705	716	455	1058	739	771	463	1
716	705	716	455	1058	739	771	463	1140	0
705	716	455	1058	739	771	463	1140	479	0
716	455	1058	739	771	463	1140	479	1066	0
455	1058	739	771	463	1140	479	1066	568	1
1058	739	771	463	1140	479	1066	568	910	0
739	771	463	1140	479	1066	568	910	705	1
771	463	1140	479	1066	568	910	705	708	0
463	1140	479	1066	568	910	705	708	735	1
1140	479	1066	568	910	705	708	735	759	0
479	1066	568	910	705	708	735	759	805	0
1066	568	910	705	708	735	759	805	810	0
568	910	705	708	735	759	805	810	797	0
910	705	708	735	759	805	810	797	833	0
705	708	735	759	805	810	797	833	848	0
708	735	759	805	810	797	833	848	856	0
735	759	805	810	797	833	848	856	814	0
759	805	810	797	833	848	856	814	801	0
805	810	797	833	848	856	814	801	798	0
810	797	833	848	856	814	801	798	798	0
797	833	848	856	814	801	798	798	786	0
833	848	856	814	801	798	798	786	758	0
848	856	814	801	798	798	786	758	747	0
856	814	801	798	798	786	758	747	479	0
814	801	798	798	786	758	747	479	1047	0
801	798	798	786	758	747	479	1047	727	0
798	798	786	758	747	479	1047	727	705	0
798	786	758	747	479	1047	727	705	712	1
786	758	747	479	1047	727	705	712	447	0
758	747	479	1047	727	705	712	447	988	0
747	479	1047	727	705	712	447	988	689	0
479	1047	727	705	712	447	988	689	673	0
1047	727	705	712	447	988	689	673	693	1
727	705	712	447	988	689	673	693	428	0
705	712	447	988	689	673	693	428	1226	0
712	447	988	689	673	693	428	1226	455	0
447	988	689	673	693	428	1226	455	1109	0
988	689	673	693	428	1226	455	1109	513	1
689	673	693	428	1226	455	1109	513	993	0
673	693	428	1226	455	1109	513	993	712	1
693	428	1226	455	1109	513	993	712	696	0
428	1226	455	1109	513	993	712	696	701	1
1226	455	1109	513	993	712	696	701	552	0
455	1109	513	993	712	696	701	552	988	0
1109	513	993	712	696	701	552	988	748	0
513	993	712	696	701	552	988	748	797	0
993	712	696	701	552	988	748	797	440	1
712	696	701	552	988	748	797	440	1249	0
696	701	552	988	748	797	440	1249	440	0
701	552	988	748	797	440	1249	440	1186	0
552	988	748	797	440	1249	440	1186	463	1
988	748	797	440	1249	440	1186	463	1137	0
748	797	440	1249	440	1186	463	1137	474	1
797	440	1249	440	1186	463	1137	474	1059	0
440	1249	440	1186	463	1137	474	1059	533	1
1249	440	1186	463	1137	474	1059	533	953	0
440	1186	463	1137	474	1059	533	953	704	1
1186	463	1137	474	1059	533	953	704	677	0
463	1137	474	1059	533	953	704	677	685	1
1137	474	1059	533	953	704	677	685	701	0
474	1059	533	953	704	677	685	701	743	0
1059	533	953	704	677	685	701	743	778	0
533	953	704	677	685	701	743	778	790	0
953	704	677	685	701	743	778	790	805	0
704	677	685	701	743	778	790	805	845	0
677	685	701	743	778	790	805	845	848	0
685	701	743	778	790	805	845	848	798	0
701	743	778	790	805	845	848	798	770	0
743	778	790	805	845	848	798	770	770	0
778	790	805	845	848	798	770	770	775	0
790	805	845	848	798	770	770	775	424	0
805	845	848	798	770	770	775	424	1163	0
845	848	798	770	770	775	424	1163	463	0
848	798	770	770	775	424	1163	463	1082	0
798	770	770	775	424	1163	463	1082	560	1
770	770	775	424	1163	463	1082	560	926	0
770	775	424	1163	463	1082	560	926	697	1
775	424	1163	463	1082	560	926	697	677	0
424	1163	463	1082	560	926	697	677	669	1
1163	463	1082	560	926	697	677	669	677	0
463	1082	560	926	697	677	669	677	685	0
1082	560	926	697	677	669	677	685	704	0
560	926	697	677	669	677	685	704	467	0
926	697	677	669	677	685	704	467	1152	0
697	677	669	677	685	704	467	1152	486	0
677	669	677	685	704	467	1152	486	1117	0
669	677	685	704	467	1152	486	1117	514	1
677	685	704	467	1152	486	1117	514	1046	0
685	704	467	1152	486	1117	514	1046	604	1
704	467	1152	486	1117	514	1046	604	895	0
467	1152	486	1117	514	1046	604	895	715	1
1152	486	1117	514	1046	604	895	715	716	0
486	1117	514	1046	604	895	715	716	736	1
1117	514	1046	604	895	715	716	736	766	0
514	1046	604	895	715	716	736	766	751	0
1046	604	895	715	716	736	766	751	432	0
604	895	715	716	736	766	751	432	1098	0
895	715	716	736	766	751	432	1098	758	0
715	716	736	766	751	432	1098	758	751	0
716	736	766	751	432	1098	758	751	467	1
736	766	751	432	1098	758	751	467	1059	0
766	751	432	1098	758	751	467	1059	758	0
751	432	1098	758	751	467	1059	758	743	0
432	1098	758	751	467	1059	758	743	716	1
1098	758	751	467	1059	758	743	716	713	0
758	751	467	1059	758	743	716	713	719	0
751	467	1059	758	743	716	713	719	506	0
467	1059	758	743	716	713	719	506	1156	0
1059	758	743	716	713	719	506	1156	467	0
758	743	716	713	719	506	1156	467	1132	0
743	716	713	719	506	1156	467	1132	510	1
716	713	719	506	1156	467	1132	510	1089	0
713	719	506	1156	467	1132	510	1089	526	1
719	506	1156	467	1132	510	1089	526	984	0
506	1156	467	1132	510	1089	526	984	728	1
1156	467	1132	510	1089	526	984	728	719	0
467	1132	510	1089	526	984	728	719	728	1
1132	510	1089	526	984	728	719	728	471	0
510	1089	526	984	728	719	728	471	1023	0
1089	526	984	728	719	728	471	1023	732	0
526	984	728	719	728	471	1023	732	735	0
984	728	719	728	471	1023	732	735	747	1
728	719	728	471	1023	732	735	747	743	0
719	728	471	1023	732	735	747	743	755	0
728	471	1023	732	735	747	743	755	790	0
471	1023	732	735	747	743	755	790	841	0
1023	732	735	747	743	755	790	841	848	0
732	735	747	743	755	790	841	848	813	0
735	747	743	755	790	841	848	813	790	0
747	743	755	790	841	848	813	790	459	0
743	755	790	841	848	813	790	459	1094	0
755	790	841	848	813	790	459	1094	505	0
790	841	848	813	790	459	1094	505	1008	0
841	848	813	790	459	1094	505	1008	716	1
848	813	790	459	1094	505	1008	716	708	0
813	790	459	1094	505	1008	716	708	712	1
790	459	1094	505	1008	716	708	712	584	0
459	1094	505	1008	716	708	712	584	868	0
1094	505	1008	716	708	712	584	868	708	0
505	1008	716	708	712	584	868	708	728	0
1008	716	708	712	584	868	708	728	478	1
716	708	712	584	868	708	728	478	1070	0
708	712	584	868	708	728	478	1070	568	0
712	584	868	708	728	478	1070	568	895	0
584	868	708	728	478	1070	568	895	716	1
868	708	728	478	1070	568	895	716	724	0
708	728	478	1070	568	895	716	724	716	1
728	478	1070	568	895	716	724	716	704	0
478	1070	568	895	716	724	716	704	541	0
1070	568	895	716	724	716	704	541	938	0
568	895	716	724	716	704	541	938	739	0
895	716	724	716	704	541	938	739	728	0
716	724	716	704	541	938	739	728	712	1
724	716	704	541	938	739	728	712	712	0
716	704	541	938	739	728	712	712	712	0
704	541	938	739	728	712	712	712	700	0
541	938	739	728	712	712	712	700	697	0
938	739	728	712	712	712	700	697	692	0
739	728	712	712	712	700	697	692	709	0
728	712	712	712	700	697	692	709	735	0
712	712	712	700	697	692	709	735	755	0
712	712	700	697	692	709	735	755	770	0
712	700	697	692	709	735	755	770	526	0
700	697	692	709	735	755	770	526	1120	0
697	692	709	735	755	770	526	1120	459	0
692	709	735	755	770	526	1120	459	1148	0
709	735	755	770	526	1120	459	1148	475	1
735	755	770	526	1120	459	1148	475	1035	0
755	770	526	1120	459	1148	475	1035	727	1
770	526	1120	459	1148	475	1035	727	713	0
526	1120	459	1148	475	1035	727	713	700	1
1120	459	1148	475	1035	727	713	700	560	0
459	1148	475	1035	727	713	700	560	848	0
1148	475	1035	727	713	700	560	848	716	0
475	1035	727	713	700	560	848	716	724	0
1035	727	713	700	560	848	716	724	751	1
727	713	700	560	848	716	724	751	529	0
713	700	560	848	716	724	751	529	996	0
700	560	848	716	724	751	529	996	755	0
560	848	716	724	751	529	996	755	771	0
848	716	724	751	529	996	755	771	451	1
716	724	751	529	996	755	771	451	1140	0
724	751	529	996	755	771	451	1140	475	0
751	529	996	755	771	451	1140	475	1035	0
529	996	755	771	451	1140	475	1035	739	1
996	755	771	451	1140	475	1035	739	724	0
755	771	451	1140	475	1035	739	724	724	1
771	451	1140	475	1035	739	724	724	509	0
451	1140	475	1035	739	724	724	509	1024	0
1140	475	1035	739	724	724	509	1024	782	0
475	1035	739	724	724	509	1024	782	813	0
1035	739	724	724	509	1024	782	813	432	1
739	724	724	509	1024	782	813	432	1198	0
724	724	509	1024	782	813	432	1198	460	0
724	509	1024	782	813	432	1198	460	1120	0
509	1024	782	813	432	1198	460	1120	490	1
1024	782	813	432	1198	460	1120	490	993	0
782	813	432	1198	460	1120	490	993	614	1
813	432	1198	460	1120	490	993	614	767	0
432	1198	460	1120	490	993	614	767	685	1
1198	460	1120	490	993	614	767	685	708	0
460	1120	490	993	614	767	685	708	743	1
1120	490	993	614	767	685	708	743	817	0
490	993	614	767	685	708	743	817	899	0
993	614	767	685	708	743	817	899	926	0
614	767	685	708	743	817	899	926	876	0
767	685	708	743	817	899	926	876	879	0
685	708	743	817	899	926	876	879	907	0
708	743	817	899	926	876	879	907	910	0
743	817	899	926	876	879	907	910	868	0
817	899	926	876	879	907	910	868	817	0
899	926	876	879	907	910	868	817	821	0
926	876	879	907	910	868	817	821	817	0
876	879	907	910	868	817	821	817	813	0
879	907	910	868	817	821	817	813	779	0
907	910	868	817	821	817	813	779	762	0
910	868	817	821	817	813	779	762	751	0
868	817	821	817	813	779	762	751	424	0
817	821	817	813	779	762	751	424	1094	0
821	817	813	779	762	751	424	1094	506	0
817	813	779	762	751	424	1094	506	992	0
813	779	762	751	424	1094	506	992	712	1
779	762	751	424	1094	506	992	712	704	0
762	751	424	1094	506	992	712	704	708	1
751	424	1094	506	992	712	704	708	498	0
424	1094	506	992	712	704	708	498	1000	0
1094	506	992	712	704	708	498	1000	724	0
506	992	712	704	708	498	1000	724	720	0
992	712	704	708	498	1000	724	720	467	1
712	704	708	498	1000	724	720	467	428	0
704	708	498	1000	724	720	467	428	1179	0
708	498	1000	724	720	467	428	1179	428	0
498	1000	724	720	467	428	1179	428	1027	1
1000	724	720	467	428	1179	428	1027	708	1
724	720	467	428	1179	428	1027	708	564	0
720	467	428	1179	428	1027	708	564	860	1
467	428	1179	428	1027	708	564	860	705	0
428	1179	428	1027	708	564	860	705	537	0
1179	428	1027	708	564	860	705	537	992	1
428	1027	708	564	860	705	537	992	506	0
1027	708	564	860	705	537	992	506	1004	0
708	564	860	705	537	992	506	1004	572	1
564	860	705	537	992	506	1004	572	821	0
860	705	537	992	506	1004	572	821	681	1
705	537	992	506	1004	572	821	681	677	0
537	992	506	1004	572	821	681	677	677	1
992	506	1004	572	821	681	677	677	747	0
506	1004	572	821	681	677	677	747	778	0
1004	572	821	681	677	677	747	778	471	0
572	821	681	677	677	747	778	471	1202	1
821	681	677	677	747	778	471	1202	448	0
681	677	677	747	778	471	1202	448	1159	0
677	677	747	778	471	1202	448	1159	475	1
677	747	778	471	1202	448	1159	475	1089	0
747	778	471	1202	448	1159	475	1089	510	1
778	471	1202	448	1159	475	1089	510	981	0
471	1202	448	1159	475	1089	510	981	599	1
1202	448	1159	475	1089	510	981	599	852	0
448	1159	475	1089	510	981	599	852	708	1
1159	475	1089	510	981	599	852	708	704	0
475	1089	510	981	599	852	708	704	716	1
1089	510	981	599	852	708	704	716	767	0
510	981	599	852	708	704	716	767	825	0
981	599	852	708	704	716	767	825	840	0
599	852	708	704	716	767	825	840	829	0
852	708	704	716	767	825	840	829	864	0
708	704	716	767	825	840	829	864	871	0
704	716	767	825	840	829	864	871	833	0
716	767	825	840	829	864	871	833	809	0
767	825	840	829	864	871	833	809	814	0
825	840	829	864	871	833	809	814	797	0
840	829	864	871	833	809	814	797	779	0
829	864	871	833	809	814	797	779	770	0
864	871	833	809	814	797	779	770	763	0
871	833	809	814	797	779	770	763	747	0
833	809	814	797	779	770	763	747	747	0
809	814	797	779	770	763	747	747	751	0
814	797	779	770	763	747	747	751	420	0
797	779	770	763	747	747	751	420	1093	0
779	770	763	747	747	751	420	1093	518	0
770	763	747	747	751	420	1093	518	965	0
763	747	747	751	420	1093	518	965	724	1
747	747	751	420	1093	518	965	724	700	0
747	751	420	1093	518	965	724	700	510	1
751	420	1093	518	965	724	700	510	902	0
420	1093	518	965	724	700	510	902	705	0
1093	518	965	724	700	510	902	705	708	0
518	965	724	700	510	902	705	708	728	1
965	724	700	510	902	705	708	728	750	0
724	700	510	902	705	708	728	750	786	0
700	510	902	705	708	728	750	786	436	0
510	902	705	708	728	750	786	436	1133	0
902	705	708	728	750	786	436	1133	474	0
705	708	728	750	786	436	1133	474	977	0
708	728	750	786	436	1133	474	977	704	1
728	750	786	436	1133	474	977	704	697	0
750	786	436	1133	474	977	704	697	692	1
786	436	1133	474	977	704	697	692	436	0
436	1133	474	977	704	697	692	436	1066	0
1133	474	977	704	697	692	436	1066	599	0
474	977	704	697	692	436	1066	599	923	0
977	704	697	692	436	1066	599	923	727	1
704	697	692	436	1066	599	923	727	755	0
697	692	436	1066	599	923	727	755	479	1
692	436	1066	599	923	727	755	479	1128	0
436	1066	599	923	727	755	479	1128	479	0
1066	599	923	727	755	479	1128	479	1081	0
599	923	727	755	479	1128	479	1081	522	1
923	727	755	479	1128	479	1081	522	1004	0
727	755	479	1128	479	1081	522	1004	580	1
755	479	1128	479	1081	522	1004	580	856	0
479	1128	479	1081	522	1004	580	856	696	1
1128	479	1081	522	1004	580	856	696	700	0
479	1081	522	1004	580	856	696	700	713	1
1081	522	1004	580	856	696	700	713	501	0
522	1004	580	856	696	700	713	501	1055	0
1004	580	856	696	700	713	501	1055	782	0
580	856	696	700	713	501	1055	782	809	0
856	696	700	713	501	1055	782	809	810	1
696	700	713	501	1055	782	809	810	447	0
700	713	501	1055	782	809	810	447	1195	0
713	501	1055	782	809	810	447	1195	459	0
501	1055	782	809	810	447	1195	459	1159	0
1055	782	809	810	447	1195	459	1159	467	1
782	809	810	447	1195	459	1159	467	1059	0
809	810	447	1195	459	1159	467	1059	537	1
810	447	1195	459	1159	467	1059	537	937	0
447	1195	459	1159	467	1059	537	937	712	1
1195	459	1159	467	1059	537	937	712	693	0
459	1159	467	1059	537	937	712	693	665	1
1159	467	1059	537	937	712	693	665	428	0
467	1059	537	937	712	693	665	428	938	0
1059	537	937	712	693	665	428	938	689	0
537	937	712	693	665	428	938	689	712	0
937	712	693	665	428	938	689	712	432	1
712	693	665	428	938	689	712	432	1175	0
693	665	428	938	689	712	432	1175	467	0
665	428	938	689	712	432	1175	467	1183	0
428	938	689	712	432	1175	467	1183	463	1
938	689	712	432	1175	467	1183	463	1132	0
689	712	432	1175	467	1183	463	1132	471	1
712	432	1175	467	1183	463	1132	471	1043	0
432	1175	467	1183	463	1132	471	1043	533	1
1175	467	1183	463	1132	471	1043	533	926	0
467	1183	463	1132	471	1043	533	926	700	1
1183	463	1132	471	1043	533	926	700	697	0
463	1132	471	1043	533	926	700	697	708	1
1132	471	1043	533	926	700	697	708	444	0
471	1043	533	926	700	697	708	444	1077	0
1043	533	926	700	697	708	444	1077	514	0
533	926	700	697	708	444	1077	514	981	0
926	700	697	708	444	1077	514	981	735	1
700	697	708	444	1077	514	981	735	735	0
697	708	444	1077	514	981	735	735	483	1
708	444	1077	514	981	735	735	483	1015	0
444	1077	514	981	735	735	483	1015	736	0
1077	514	981	735	735	483	1015	736	739	0
514	981	735	735	483	1015	736	739	475	1
981	735	735	483	1015	736	739	475	1031	0
735	735	483	1015	736	739	475	1031	728	0
735	483	1015	736	739	475	1031	728	723	0
483	1015	736	739	475	1031	728	723	724	1
1015	736	739	475	1031	728	723	724	739	0
736	739	475	1031	728	723	724	739	740	0
739	475	1031	728	723	724	739	740	723	0
475	1031	728	723	724	739	740	723	728	0
1031	728	723	724	739	740	723	728	739	0
728	723	724	739	740	723	728	739	755	0
723	724	739	740	723	728	739	755	751	0
724	739	740	723	728	739	755	751	755	0
739	740	723	728	739	755	751	755	479	0
740	723	728	739	755	751	755	479	1070	0
723	728	739	755	751	755	479	1070	533	0
728	739	755	751	755	479	1070	533	961	0
739	755	751	755	479	1070	533	961	731	1
755	751	755	479	1070	533	961	731	724	0
751	755	479	1070	533	961	731	724	510	1
755	479	1070	533	961	731	724	510	973	0
479	1070	533	961	731	724	510	973	731	0
1070	533	961	731	724	510	973	731	724	0
533	961	731	724	510	973	731	724	510	1
961	731	724	510	973	731	724	510	1011	0
731	724	510	973	731	724	510	1011	759	0
724	510	973	731	724	510	1011	759	739	0
510	973	731	724	510	1011	759	739	455	1
973	731	724	510	1011	759	739	455	1020	0
731	724	510	1011	759	739	455	1020	735	0
724	510	1011	759	739	455	1020	735	744	0
510	1011	759	739	455	1020	735	744	739	1
1011	759	739	455	1020	735	744	739	502	0
759	739	455	1020	735	744	739	502	1031	0
739	455	1020	735	744	739	502	1031	560	0
455	1020	735	744	739	502	1031	560	996	0
1020	735	744	739	502	1031	560	996	771	1
735	744	739	502	1031	560	996	771	747	0
744	739	502	1031	560	996	771	747	545	1
739	502	1031	560	996	771	747	545	968	0
502	1031	560	996	771	747	545	968	755	0
1031	560	996	771	747	545	968	755	751	0
560	996	771	747	545	968	755	751	740	1
996	771	747	545	968	755	751	740	739	0
771	747	545	968	755	751	740	739	766	0
747	545	968	755	751	740	739	766	479	0
545	968	755	751	740	739	766	479	1097	0
968	755	751	740	739	766	479	1097	514	0
755	751	740	739	766	479	1097	514	996	0
751	740	739	766	479	1097	514	996	735	1
740	739	766	479	1097	514	996	735	720	0
739	766	479	1097	514	996	735	720	716	1
766	479	1097	514	996	735	720	716	705	0
479	1097	514	996	735	720	716	705	723	0
1097	514	996	735	720	716	705	723	740	0
514	996	735	720	716	705	723	740	439	0
996	735	720	716	705	723	740	439	1105	0
735	720	716	705	723	740	439	1105	736	0
720	716	705	723	740	439	1105	736	727	0
716	705	723	740	439	1105	736	727	740	1
705	723	740	439	1105	736	727	740	751	0
723	740	439	1105	736	727	740	751	766	0
740	439	1105	736	727	740	751	766	767	0
439	1105	736	727	740	751	766	767	774	0
1105	736	727	740	751	766	767	774	786	0
736	727	740	751	766	767	774	786	774	0
727	740	751	766	767	774	786	774	775	0
740	751	766	767	774	786	774	775	793	0
751	766	767	774	786	774	775	793	806	0
766	767	774	786	774	775	793	806	447	0
767	774	786	774	775	793	806	447	1164	0
774	786	774	775	793	806	447	1164	455	0
786	774	775	793	806	447	1164	455	1070	0
774	775	793	806	447	1164	455	1070	537	1
775	793	806	447	1164	455	1070	537	942	0
793	806	447	1164	455	1070	537	942	704	1
806	447	1164	455	1070	537	942	704	689	0
447	1164	455	1070	537	942	704	689	692	1
1164	455	1070	537	942	704	689	692	428	0
455	1070	537	942	704	689	692	428	1024	0
1070	537	942	704	689	692	428	1024	704	0
537	942	704	689	692	428	1024	704	693	0
942	704	689	692	428	1024	704	693	708	1
704	689	692	428	1024	704	693	708	731	0
689	692	428	1024	704	693	708	731	767	0
692	428	1024	704	693	708	731	767	774	0
428	1024	704	693	708	731	767	774	767	0
1024	704	693	708	731	767	774	767	770	0
704	693	708	731	767	774	767	770	786	0
693	708	731	767	774	767	770	786	490	0
708	731	767	774	767	770	786	490	1125	0
731	767	774	767	770	786	490	1125	455	0
767	774	767	770	786	490	1125	455	1074	0
774	767	770	786	490	1125	455	1074	521	1
767	770	786	490	1125	455	1074	521	965	0
770	786	490	1125	455	1074	521	965	611	1
786	490	1125	455	1074	521	965	611	786	0
490	1125	455	1074	521	965	611	786	681	1
1125	455	1074	521	965	611	786	681	693	0
455	1074	521	965	611	786	681	693	696	1
1074	521	965	611	786	681	693	696	514	0
521	965	611	786	681	693	696	514	973	0
965	611	786	681	693	696	514	973	727	0
611	786	681	693	696	514	973	727	724	0
786	681	693	696	514	973	727	724	720	1
681	693	696	514	973	727	724	720	510	0
693	696	514	973	727	724	720	510	961	0
696	514	973	727	724	720	510	961	739	0
514	973	727	724	720	510	961	739	747	0
973	727	724	720	510	961	739	747	770	1
727	724	720	510	961	739	747	770	814	0
724	720	510	961	739	747	770	814	836	0
720	510	961	739	747	770	814	836	494	0
510	961	739	747	770	814	836	494	1176	0
961	739	747	770	814	836	494	1176	443	0
739	747	770	814	836	494	1176	443	1156	0
747	770	814	836	494	1176	443	1156	471	1
770	814	836	494	1176	443	1156	471	1074	0
814	836	494	1176	443	1156	471	1074	509	1
836	494	1176	443	1156	471	1074	509	942	0
494	1176	443	1156	471	1074	509	942	704	1
1176	443	1156	471	1074	509	942	704	697	0
443	1156	471	1074	509	942	704	697	688	1
1156	471	1074	509	942	704	697	688	432	0
471	1074	509	942	704	697	688	432	1020	0
1074	509	942	704	697	688	432	1020	735	0
509	942	704	697	688	432	1020	735	736	0
942	704	697	688	432	1020	735	736	466	1
704	697	688	432	1020	735	736	466	1028	0
697	688	432	1020	735	736	466	1028	743	0
688	432	1020	735	736	466	1028	743	735	0
432	1020	735	736	466	1028	743	735	732	1
1020	735	736	466	1028	743	735	732	727	0
735	736	466	1028	743	735	732	727	716	0
736	466	1028	743	735	732	727	716	712	0
466	1028	743	735	732	727	716	712	720	0
1028	743	735	732	727	716	712	720	491	0
743	735	732	727	716	712	720	491	1062	0
735	732	727	716	712	720	491	1062	510	0
732	727	716	712	720	491	1062	510	1070	0
727	716	712	720	491	1062	510	1070	521	1
716	712	720	491	1062	510	1070	521	1019	0
712	720	491	1062	510	1070	521	1019	561	1
720	491	1062	510	1070	521	1019	561	949	0
491	1062	510	1070	521	1019	561	949	720	1
1062	510	1070	521	1019	561	949	720	728	0
510	1070	521	1019	561	949	720	728	743	1
1070	521	1019	561	949	720	728	743	755	0
521	1019	561	949	720	728	743	755	778	0
1019	561	949	720	728	743	755	778	428	0
561	949	720	728	743	755	778	428	1132	0
949	720	728	743	755	778	428	1132	506	0
720	728	743	755	778	428	1132	506	1035	0
728	743	755	778	428	1132	506	1035	572	1
743	755	778	428	1132	506	1035	572	883	0
755	778	428	1132	506	1035	572	883	709	1
778	428	1132	506	1035	572	883	709	704	0
428	1132	506	1035	572	883	709	704	724	1
1132	506	1035	572	883	709	704	724	743	0
506	1035	572	883	709	704	724	743	766	0
1035	572	883	709	704	724	743	766	868	0
572	883	709	704	724	743	766	868	918	0
883	709	704	724	743	766	868	918	887	0
709	704	724	743	766	868	918	887	849	0
704	724	743	766	868	918	887	849	836	0
724	743	766	868	918	887	849	836	825	0
743	766	868	918	887	849	836	825	817	0
766	868	918	887	849	836	825	817	786	0
868	918	887	849	836	825	817	786	771	0
918	887	849	836	825	817	786	771	778	0
887	849	836	825	817	786	771	778	432	0
849	836	825	817	786	771	778	432	1148	0
836	825	817	786	771	778	432	1148	467	0
825	817	786	771	778	432	1148	467	1066	0
817	786	771	778	432	1148	467	1066	548	1
786	771	778	432	1148	467	1066	548	950	0
771	778	432	1148	467	1066	548	950	727	1
778	432	1148	467	1066	548	950	727	716	0
432	1148	467	1066	548	950	727	716	724	1
1148	467	1066	548	950	727	716	724	747	0
467	1066	548	950	727	716	724	747	786	0
1066	548	950	727	716	724	747	786	432	0
548	950	727	716	724	747	786	432	1175	0
950	727	716	724	747	786	432	1175	459	0
727	716	724	747	786	432	1175	459	1059	0
716	724	747	786	432	1175	459	1059	572	1
724	747	786	432	1175	459	1059	572	906	0
747	786	432	1175	459	1059	572	906	712	1
786	432	1175	459	1059	572	906	712	712	0
432	1175	459	1059	572	906	712	712	720	1
1175	459	1059	572	906	712	712	720	740	0
459	1059	572	906	712	712	720	740	778	0
1059	572	906	712	712	720	740	778	794	0
572	906	712	712	720	740	778	794	793	0
906	712	712	720	740	778	794	793	432	0
712	712	720	740	778	794	793	432	1144	0
712	720	740	778	794	793	432	1144	475	0
720	740	778	794	793	432	1144	475	1105	0
740	778	794	793	432	1144	475	1105	510	1
778	794	793	432	1144	475	1105	510	988	0
794	793	432	1144	475	1105	510	988	634	1
793	432	1144	475	1105	510	988	634	798	0
432	1144	475	1105	510	988	634	798	696	1
1144	475	1105	510	988	634	798	696	689	0
475	1105	510	988	634	798	696	689	697	1
1105	510	988	634	798	696	689	697	439	0
510	988	634	798	696	689	697	439	1047	0
988	634	798	696	689	697	439	1047	630	0
634	798	696	689	697	439	1047	630	814	0
798	696	689	697	439	1047	630	814	708	1
696	689	697	439	1047	630	814	708	712	0
689	697	439	1047	630	814	708	712	720	1
697	439	1047	630	814	708	712	720	455	0
439	1047	630	814	708	712	720	455	1039	0
1047	630	814	708	712	720	455	1039	716	0
630	814	708	712	720	455	1039	716	708	0
814	708	712	720	455	1039	716	708	712	1
708	712	720	455	1039	716	708	712	720	0
712	720	455	1039	716	708	712	720	724	0
720	455	1039	716	708	712	720	724	731	0
455	1039	716	708	712	720	724	731	763	0
1039	716	708	712	720	724	731	763	790	0
716	708	712	720	724	731	763	790	793	0
708	712	720	724	731	763	790	793	771	0
712	720	724	731	763	790	793	771	755	0
720	724	731	763	790	793	771	755	770	0
724	731	763	790	793	771	755	770	771	0
731	763	790	793	771	755	770	771	762	0
763	790	793	771	755	770	771	762	732	0
790	793	771	755	770	771	762	732	731	0
793	771	755	770	771	762	732	731	736	0
771	755	770	771	762	732	731	736	731	0
755	770	771	762	732	731	736	731	724	0
770	771	762	732	731	736	731	724	704	0
771	762	732	731	736	731	724	704	716	0
762	732	731	736	731	724	704	716	724	0
732	731	736	731	724	704	716	724	735	0
731	736	731	724	704	716	724	735	732	0
736	731	724	704	716	724	735	732	720	0
731	724	704	716	724	735	732	720	735	0
724	704	716	724	735	732	720	735	743	0
704	716	724	735	732	720	735	743	743	0
716	724	735	732	720	735	743	743	748	0
724	735	732	720	735	743	743	748	731	0
735	732	720	735	743	743	748	731	747	0
732	720	735	743	743	748	731	747	743	0
720	735	743	743	748	731	747	743	755	0
735	743	743	748	731	747	743	755	428	0
743	743	748	731	747	743	755	428	1043	0
743	748	731	747	743	755	428	1043	700	0
748	731	747	743	755	428	1043	700	693	0
731	747	743	755	428	1043	700	693	486	1
747	743	755	428	1043	700	693	486	930	0
743	755	428	1043	700	693	486	930	697	0
755	428	1043	700	693	486	930	697	681	0
428	1043	700	693	486	930	697	681	700	1
1043	700	693	486	930	697	681	700	420	0
700	693	486	930	697	681	700	420	1160	0
693	486	930	697	681	700	420	1160	475	0
486	930	697	681	700	420	1160	475	1089	0
930	697	681	700	420	1160	475	1089	518	1
697	681	700	420	1160	475	1089	518	961	0
681	700	420	1160	475	1089	518	961	716	1
700	420	1160	475	1089	518	961	716	696	0
420	1160	475	1089	518	961	716	696	697	1
1160	475	1089	518	961	716	696	697	428	0
475	1089	518	961	716	696	697	428	1039	0
1089	518	961	716	696	697	428	1039	739	0
518	961	716	696	697	428	1039	739	716	0
961	716	696	697	428	1039	739	716	727	1
716	696	697	428	1039	739	716	727	748	0
696	697	428	1039	739	716	727	748	770	0
697	428	1039	739	716	727	748	770	790	0
428	1039	739	716	727	748	770	790	778	0
1039	739	716	727	748	770	790	778	767	0
739	716	727	748	770	790	778	767	782	0
716	727	748	770	790	778	767	782	782	0
727	748	770	790	778	767	782	782	778	0
748	770	790	778	767	782	782	778	767	0
770	790	778	767	782	782	778	767	751	0
790	778	767	782	782	778	767	751	739	0
778	767	782	782	778	767	751	739	739	0
767	782	782	778	767	751	739	739	739	0
782	782	778	767	751	739	739	739	724	0
782	778	767	751	739	739	739	724	716	0
778	767	751	739	739	739	724	716	716	0
767	751	739	739	739	724	716	716	712	0
751	739	739	739	724	716	716	712	697	0
739	739	739	724	716	716	712	697	447	0
739	739	724	716	716	712	697	447	946	0
739	724	716	716	712	697	447	946	688	0
724	716	716	712	697	447	946	688	670	0
716	716	712	697	447	946	688	670	665	1
716	712	697	447	946	688	670	665	428	0
712	697	447	946	688	670	665	428	953	0
697	447	946	688	670	665	428	953	685	0
447	946	688	670	665	428	953	685	673	0
946	688	670	665	428	953	685	673	444	1
688	670	665	428	953	685	673	444	988	0
670	665	428	953	685	673	444	988	708	0
665	428	953	685	673	444	988	708	697	0
428	953	685	673	444	988	708	697	700	1
953	685	673	444	988	708	697	700	428	0
685	673	444	988	708	697	700	428	1028	0
673	444	988	708	697	700	428	1028	704	0
444	988	708	697	700	428	1028	704	700	0
988	708	697	700	428	1028	704	700	459	1
708	697	700	428	1028	704	700	459	965	0
697	700	428	1028	704	700	459	965	693	0
700	428	1028	704	700	459	965	693	689	0
428	1028	704	700	459	965	693	689	688	1
1028	704	700	459	965	693	689	688	424	0
704	700	459	965	693	689	688	424	1000	0
700	459	965	693	689	688	424	1000	705	0
459	965	693	689	688	424	1000	705	696	0
965	693	689	688	424	1000	705	696	701	1
693	689	688	424	1000	705	696	701	576	0
689	688	424	1000	705	696	701	576	813	0
688	424	1000	705	696	701	576	813	685	0
424	1000	705	696	701	576	813	685	684	0
1000	705	696	701	576	813	685	684	545	1
705	696	701	576	813	685	684	545	872	0
696	701	576	813	685	684	545	872	708	0
701	576	813	685	684	545	872	708	712	0
576	813	685	684	545	872	708	712	712	1
813	685	684	545	872	708	712	712	720	0
685	684	545	872	708	712	712	720	443	0
684	545	872	708	712	712	720	443	1039	0
545	872	708	712	712	720	443	1039	732	0
872	708	712	712	720	443	1039	732	712	0
708	712	712	720	443	1039	732	712	700	1
712	712	720	443	1039	732	712	700	697	0
712	720	443	1039	732	712	700	697	432	0
720	443	1039	732	712	700	697	432	988	0
443	1039	732	712	700	697	432	988	697	0
1039	732	712	700	697	432	988	697	684	0
732	712	700	697	432	988	697	684	685	1
712	700	697	432	988	697	684	685	580	0
700	697	432	988	697	684	685	580	782	0
697	432	988	697	684	685	580	782	677	0
432	988	697	684	685	580	782	677	677	0
988	697	684	685	580	782	677	677	681	1
697	684	685	580	782	677	677	681	681	0
684	685	580	782	677	677	681	681	673	0
685	580	782	677	677	681	681	673	673	0
580	782	677	677	681	681	673	673	432	0
782	677	677	681	681	673	673	432	1008	0
677	677	681	681	673	673	432	1008	712	0
677	681	681	673	673	432	1008	712	588	0
681	681	673	673	432	1008	712	588	805	1
681	673	673	432	1008	712	588	805	689	0
673	673	432	1008	712	588	805	689	681	0
673	432	1008	712	588	805	689	681	673	1
432	1008	712	588	805	689	681	673	669	0
1008	712	588	805	689	681	673	669	662	0
712	588	805	689	681	673	669	662	665	0
588	805	689	681	673	669	662	665	673	0
805	689	681	673	669	662	665	673	708	0
689	681	673	669	662	665	673	708	736	0
681	673	669	662	665	673	708	736	743	0
673	669	662	665	673	708	736	743	794	0
669	662	665	673	708	736	743	794	821	0
662	665	673	708	736	743	794	821	821	0
665	673	708	736	743	794	821	821	782	0
673	708	736	743	794	821	821	782	778	0
708	736	743	794	821	821	782	778	763	0
736	743	794	821	821	782	778	763	747	0
743	794	821	821	782	778	763	747	731	0
794	821	821	782	778	763	747	731	724	0
821	821	782	778	763	747	731	724	720	0
821	782	778	763	747	731	724	720	482	0
782	778	763	747	731	724	720	482	981	0
778	763	747	731	724	720	482	981	704	0
763	747	731	724	720	482	981	704	689	0
747	731	724	720	482	981	704	689	689	1
731	724	720	482	981	704	689	689	692	0
724	720	482	981	704	689	689	692	693	0
720	482	981	704	689	689	692	693	498	0
482	981	704	689	689	692	693	498	969	0
981	704	689	689	692	693	498	969	747	0
704	689	689	692	693	498	969	747	766	0
689	689	692	693	498	969	747	766	790	1
689	692	693	498	969	747	766	790	810	0
692	693	498	969	747	766	790	810	498	0
693	498	969	747	766	790	810	498	1105	0
498	969	747	766	790	810	498	1105	513	0
969	747	766	790	810	498	1105	513	1078	0
747	766	790	810	498	1105	513	1078	537	1
766	790	810	498	1105	513	1078	537	950	0
790	810	498	1105	513	1078	537	950	723	1
810	498	1105	513	1078	537	950	723	705	0
498	1105	513	1078	537	950	723	705	700	1
1105	513	1078	537	950	723	705	700	420	0
513	1078	537	950	723	705	700	420	1008	0
1078	537	950	723	705	700	420	1008	708	0
537	950	723	705	700	420	1008	708	708	0
950	723	705	700	420	1008	708	708	697	1
723	705	700	420	1008	708	708	697	696	0
705	700	420	1008	708	708	697	696	720	0
700	420	1008	708	708	697	696	720	755	0
420	1008	708	708	697	696	720	755	794	0
1008	708	708	697	696	720	755	794	790	0
708	708	697	696	720	755	794	790	428	0
708	697	696	720	755	794	790	428	1198	0
697	696	720	755	794	790	428	1198	455	0
696	720	755	794	790	428	1198	455	1113	0
720	755	794	790	428	1198	455	1113	518	1
755	794	790	428	1198	455	1113	518	969	0
794	790	428	1198	455	1113	518	969	712	1
790	428	1198	455	1113	518	969	712	688	0
428	1198	455	1113	518	969	712	688	674	1
1198	455	1113	518	969	712	688	674	428	0
455	1113	518	969	712	688	674	428	953	0
1113	518	969	712	688	674	428	953	681	0
518	969	712	688	674	428	953	681	677	0
969	712	688	674	428	953	681	677	443	1
712	688	674	428	953	681	677	443	1000	0
688	674	428	953	681	677	443	1000	709	0
674	428	953	681	677	443	1000	709	673	0
428	953	681	677	443	1000	709	673	762	1
953	681	677	443	1000	709	673	762	736	0
681	677	443	1000	709	673	762	736	731	0
677	443	1000	709	673	762	736	731	732	1
443	1000	709	673	762	736	731	732	529	0
1000	709	673	762	736	731	732	529	981	0
709	673	762	736	731	732	529	981	731	0
673	762	736	731	732	529	981	731	724	0
762	736	731	732	529	981	731	724	463	1
736	731	732	529	981	731	724	463	1027	0
731	732	529	981	731	724	463	1027	716	0
732	529	981	731	724	463	1027	716	704	0
529	981	731	724	463	1027	716	704	705	1
981	731	724	463	1027	716	704	705	498	0
731	724	463	1027	716	704	705	498	953	0
724	463	1027	716	704	705	498	953	704	0
463	1027	716	704	705	498	953	704	701	0
1027	716	704	705	498	953	704	701	595	1
716	704	705	498	953	704	701	595	829	0
704	705	498	953	704	701	595	829	696	0
705	498	953	704	701	595	829	696	705	0
498	953	704	701	595	829	696	705	712	1
953	704	701	595	829	696	705	712	420	0
704	701	595	829	696	705	712	420	1074	0
701	595	829	696	705	712	420	1074	720	0
595	829	696	705	712	420	1074	720	712	0
829	696	705	712	420	1074	720	712	704	1
696	705	712	420	1074	720	712	704	479	0
705	712	420	1074	720	712	704	479	957	0
712	420	1074	720	712	704	479	957	696	0
420	1074	720	712	704	479	957	696	689	0
1074	720	712	704	479	957	696	689	685	1
720	712	704	479	957	696	689	685	424	0
712	704	479	957	696	689	685	424	992	0
704	479	957	696	689	685	424	992	693	0
479	957	696	689	685	424	992	693	685	0
957	696	689	685	424	992	693	685	680	1
696	689	685	424	992	693	685	680	425	0
689	685	424	992	693	685	680	425	992	0
685	424	992	693	685	680	425	992	704	0
424	992	693	685	680	425	992	704	689	0
992	693	685	680	425	992	704	689	689	1
693	685	680	425	992	704	689	689	424	0
685	680	425	992	704	689	689	424	996	0
680	425	992	704	689	689	424	996	700	0
425	992	704	689	689	424	996	700	685	0
992	704	689	689	424	996	700	685	681	1
704	689	689	424	996	700	685	681	420	0
689	689	424	996	700	685	681	420	977	0
689	424	996	700	685	681	420	977	685	0
424	996	700	685	681	420	977	685	677	0
996	700	685	681	420	977	685	677	684	1
700	685	681	420	977	685	677	684	425	0
685	681	420	977	685	677	684	425	984	0
681	420	977	685	677	684	425	984	693	0
420	977	685	677	684	425	984	693	681	0
977	685	677	684	425	984	693	681	681	1
685	677	684	425	984	693	681	681	424	0
677	684	425	984	693	681	681	424	965	0
684	425	984	693	681	681	424	965	688	0
425	984	693	681	681	424	965	688	673	0
984	693	681	681	424	965	688	673	678	1
693	681	681	424	965	688	673	678	420	0
681	681	424	965	688	673	678	420	945	0
681	424	965	688	673	678	420	945	681	0
424	965	688	673	678	420	945	681	669	0
965	688	673	678	420	945	681	669	658	1
688	673	678	420	945	681	669	658	669	0
673	678	420	945	681	669	658	669	673	0
678	420	945	681	669	658	669	673	685	0
420	945	681	669	658	669	673	685	697	0
945	681	669	658	669	673	685	697	439	0
681	669	658	669	673	685	697	439	997	0
669	658	669	673	685	697	439	997	712	0
658	669	673	685	697	439	997	712	696	0
669	673	685	697	439	997	712	696	685	1
673	685	697	439	997	712	696	685	451	0
685	697	439	997	712	696	685	451	919	0
697	439	997	712	696	685	451	919	677	0
439	997	712	696	685	451	919	677	665	0
997	712	696	685	451	919	677	665	448	1
712	696	685	451	919	677	665	448	891	0
696	685	451	919	677	665	448	891	665	0
685	451	919	677	665	448	891	665	650	0
451	919	677	665	448	891	665	650	657	1
919	677	665	448	891	665	650	657	666	0
677	665	448	891	665	650	657	666	673	0
665	448	891	665	650	657	666	673	689	0
448	891	665	650	657	666	673	689	719	0
891	665	650	657	666	673	689	719	775	0
665	650	657	666	673	689	719	775	459	0
650	657	666	673	689	719	775	459	1117	0
657	666	673	689	719	775	459	1117	739	0
666	673	689	719	775	459	1117	739	720	0
673	689	719	775	459	1117	739	720	712	1
689	719	775	459	1117	739	720	712	704	0
719	775	459	1117	739	720	712	704	693	0
775	459	1117	739	720	712	704	693	685	0
459	1117	739	720	712	704	693	685	501	0
1117	739	720	712	704	693	685	501	895	0
739	720	712	704	693	685	501	895	693	0
720	712	704	693	685	501	895	693	685	0
712	704	693	685	501	895	693	685	685	1
704	693	685	501	895	693	685	685	416	0
693	685	501	895	693	685	685	416	1054	0
685	501	895	693	685	685	416	1054	728	0
501	895	693	685	685	416	1054	728	724	0
895	693	685	685	416	1054	728	724	727	1
693	685	685	416	1054	728	724	727	499	0
685	685	416	1054	728	724	727	499	1081	0
685	416	1054	728	724	727	499	1081	506	0
416	1054	728	724	727	499	1081	506	1070	0
1054	728	724	727	499	1081	506	1070	518	1
728	724	727	499	1081	506	1070	518	976	0
724	727	499	1081	506	1070	518	976	724	1
727	499	1081	506	1070	518	976	724	564	0
499	1081	506	1070	518	976	724	564	837	1
1081	506	1070	518	976	724	564	837	689	0
506	1070	518	976	724	564	837	689	684	0
1070	518	976	724	564	837	689	684	709	1
518	976	724	564	837	689	684	709	443	0
976	724	564	837	689	684	709	443	1020	0
724	564	837	689	684	709	443	1020	712	0
564	837	689	684	709	443	1020	712	716	0
837	689	684	709	443	1020	712	716	466	1
689	684	709	443	1020	712	716	466	993	0
684	709	443	1020	712	716	466	993	704	0
709	443	1020	712	716	466	993	704	689	0
443	1020	712	716	466	993	704	689	685	1
1020	712	716	466	993	704	689	685	424	0
712	716	466	993	704	689	685	424	1004	0
716	466	993	704	689	685	424	1004	684	0
466	993	704	689	685	424	1004	684	685	0
993	704	689	685	424	1004	684	685	685	1
704	689	685	424	1004	684	685	685	420	0
689	685	424	1004	684	685	685	420	954	0
685	424	1004	684	685	685	420	954	696	0
424	1004	684	685	685	420	954	696	658	0
1004	684	685	685	420	954	696	658	653	1
684	685	685	420	954	696	658	653	650	0
685	685	420	954	696	658	653	650	638	0
685	420	954	696	658	653	650	638	631	0
420	954	696	658	653	650	638	631	630	0
954	696	658	653	650	638	631	630	634	0
696	658	653	650	638	631	630	634	650	0
658	653	650	638	631	630	634	650	665	0
653	650	638	631	630	634	650	665	689	0
650	638	631	630	634	650	665	689	498	0
638	631	630	634	650	665	689	498	926	0
631	630	634	650	665	689	498	926	720	0
630	634	650	665	689	498	926	720	712	0
634	650	665	689	498	926	720	712	712	1
650	665	689	498	926	720	712	712	440	0
665	689	498	926	720	712	712	440	1004	0
689	498	926	720	712	712	440	1004	720	0
498	926	720	712	712	440	1004	720	704	0
926	720	712	712	440	1004	720	704	463	1
720	712	712	440	1004	720	704	463	969	0
712	712	440	1004	720	704	463	969	708	0
712	440	1004	720	704	463	969	708	704	0
440	1004	720	704	463	969	708	704	494	1
1004	720	704	463	969	708	704	494	950	0
720	704	463	969	708	704	494	950	708	0
704	463	969	708	704	494	950	708	700	0
463	969	708	704	494	950	708	700	701	1
969	708	704	494	950	708	700	701	704	0
708	704	494	950	708	700	701	704	716	0
704	494	950	708	700	701	704	716	735	0
494	950	708	700	701	704	716	735	740	0
950	708	700	701	704	716	735	740	731	0
708	700	701	704	716	735	740	731	755	0
700	701	704	716	735	740	731	755	763	0
701	704	716	735	740	731	755	763	762	0
704	716	735	740	731	755	763	762	751	0
716	735	740	731	755	763	762	751	755	0
735	740	731	755	763	762	751	755	498	0
740	731	755	763	762	751	755	498	1020	0
731	755	763	762	751	755	498	1020	735	0
755	763	762	751	755	498	1020	735	712	0
763	762	751	755	498	1020	735	712	708	1
762	751	755	498	1020	735	712	708	705	0
751	755	498	1020	735	712	708	705	591	0
755	498	1020	735	712	708	705	591	813	0
498	1020	735	712	708	705	591	813	693	0
1020	735	712	708	705	591	813	693	700	0
735	712	708	705	591	813	693	700	705	1
712	708	705	591	813	693	700	705	459	0
708	705	591	813	693	700	705	459	984	0
705	591	813	693	700	705	459	984	720	0
591	813	693	700	705	459	984	720	700	0
813	693	700	705	459	984	720	700	561	1
693	700	705	459	984	720	700	561	844	0
700	705	459	984	720	700	561	844	704	0
705	459	984	720	700	561	844	704	701	0
459	984	720	700	561	844	704	701	696	1
984	720	700	561	844	704	701	696	424	0
720	700	561	844	704	701	696	424	993	0
700	561	844	704	701	696	424	993	700	0
561	844	704	701	696	424	993	700	689	0
844	704	701	696	424	993	700	689	677	1
704	701	696	424	993	700	689	677	420	0
701	696	424	993	700	689	677	420	957	0
696	424	993	700	689	677	420	957	669	0
424	993	700	689	677	420	957	669	658	0
993	700	689	677	420	957	669	658	658	1
700	689	677	420	957	669	658	658	653	0
689	677	420	957	669	658	658	653	666	0
677	420	957	669	658	658	653	666	700	0
420	957	669	658	658	653	666	700	798	0
957	669	658	658	653	666	700	798	856	0
669	658	658	653	666	700	798	856	856	0
658	658	653	666	700	798	856	856	821	0
658	653	666	700	798	856	856	821	836	0
653	666	700	798	856	856	821	836	837	0
666	700	798	856	856	821	836	837	798	0
700	798	856	856	821	836	837	798	762	0
798	856	856	821	836	837	798	762	747	0
856	856	821	836	837	798	762	747	736	0
856	821	836	837	798	762	747	736	724	0
821	836	837	798	762	747	736	724	712	0
836	837	798	762	747	736	724	712	696	0
837	798	762	747	736	724	712	696	693	0
798	762	747	736	724	712	696	693	692	0
762	747	736	724	712	696	693	692	689	0
747	736	724	712	696	693	692	689	685	0
736	724	712	696	693	692	689	685	685	0
724	712	696	693	692	689	685	685	688	0
712	696	693	692	689	685	685	688	693	0
696	693	692	689	685	685	688	693	685	0
693	692	689	685	685	688	693	685	443	0
692	689	685	685	688	693	685	443	969	0
689	685	685	688	693	685	443	969	705	0
685	685	688	693	685	443	969	705	688	0
685	688	693	685	443	969	705	688	677	1
688	693	685	443	969	705	688	677	677	0
693	685	443	969	705	688	677	677	681	0
685	443	969	705	688	677	677	681	677	0
443	969	705	688	677	677	681	677	685	0
969	705	688	677	677	681	677	685	533	0
705	688	677	677	681	677	685	533	876	0
688	677	677	681	677	685	533	876	704	0
677	677	681	677	685	533	876	704	696	0
677	681	677	685	533	876	704	696	693	1
681	677	685	533	876	704	696	693	592	0
677	685	533	876	704	696	693	592	809	0
685	533	876	704	696	693	592	809	696	0
533	876	704	696	693	592	809	696	689	0
876	704	696	693	592	809	696	689	502	1
704	696	693	592	809	696	689	502	899	0
696	693	592	809	696	689	502	899	696	0
693	592	809	696	689	502	899	696	685	0
592	809	696	689	502	899	696	685	498	1
809	696	689	502	899	696	685	498	887	0
696	689	502	899	696	685	498	887	689	0
689	502	899	696	685	498	887	689	677	0
502	899	696	685	498	887	689	677	673	1
899	696	685	498	887	689	677	673	681	0
696	685	498	887	689	677	673	681	681	0
685	498	887	689	677	673	681	681	685	0
498	887	689	677	673	681	681	685	685	0
887	689	677	673	681	681	685	685	548	0
689	677	673	681	681	685	685	548	872	0
677	673	681	681	685	685	548	872	700	0
673	681	681	685	685	548	872	700	697	0
681	681	685	685	548	872	700	697	693	1
681	685	685	548	872	700	697	693	688	0
685	685	548	872	700	697	693	688	693	0
685	548	872	700	697	693	688	693	692	0
548	872	700	697	693	688	693	692	689	0
872	700	697	693	688	693	692	689	685	0
700	697	693	688	693	692	689	685	475	0
697	693	688	693	692	689	685	475	934	0
693	688	693	692	689	685	475	934	696	0
688	693	692	689	685	475	934	696	685	0
693	692	689	685	475	934	696	685	572	1
692	689	685	475	934	696	685	572	786	0
689	685	475	934	696	685	572	786	673	0
685	475	934	696	685	572	786	673	673	0
475	934	696	685	572	786	673	673	666	1
934	696	685	572	786	673	673	666	420	0
696	685	572	786	673	673	666	420	941	0
685	572	786	673	673	666	420	941	674	0
572	786	673	673	666	420	941	674	665	0
786	673	673	666	420	941	674	665	669	1
673	673	666	420	941	674	665	669	420	0
673	666	420	941	674	665	669	420	942	0
666	420	941	674	665	669	420	942	669	0
420	941	674	665	669	420	942	669	666	0
941	674	665	669	420	942	669	666	665	1
674	665	669	420	942	669	666	665	634	0
665	669	420	942	669	666	665	634	697	0
669	420	942	669	666	665	634	697	661	0
420	942	669	666	665	634	697	661	677	0
942	669	666	665	634	697	661	677	545	1
669	666	665	634	697	661	677	545	864	0
666	665	634	697	661	677	545	864	692	0
665	634	697	661	677	545	864	692	693	0
634	697	661	677	545	864	692	693	693	1
697	661	677	545	864	692	693	693	688	0
661	677	545	864	692	693	693	688	685	0
677	545	864	692	693	693	688	685	685	0
545	864	692	693	693	688	685	685	685	0
864	692	693	693	688	685	685	685	685	0
692	693	693	688	685	685	685	685	677	0
693	693	688	685	685	685	685	677	677	0
693	688	685	685	685	685	677	677	681	0
688	685	685	685	685	677	677	681	420	0
685	685	685	685	677	677	681	420	961	0
685	685	685	677	677	681	420	961	681	0
685	685	677	677	681	420	961	681	669	0
685	677	677	681	420	961	681	669	662	1
677	677	681	420	961	681	669	662	657	0
677	681	420	961	681	669	662	657	654	0
681	420	961	681	669	662	657	654	650	0
420	961	681	669	662	657	654	650	657	0
961	681	669	662	657	654	650	657	670	0
681	669	662	657	654	650	657	670	677	0
669	662	657	654	650	657	670	677	677	0
662	657	654	650	657	670	677	677	681	0
657	654	650	657	670	677	677	681	696	0
654	650	657	670	677	677	681	696	475	0
650	657	670	677	677	681	696	475	949	0
657	670	677	677	681	696	475	949	701	0
670	677	677	681	696	475	949	701	692	0
677	677	681	696	475	949	701	692	685	1
677	681	696	475	949	701	692	685	677	0
681	696	475	949	701	692	685	677	669	0
696	475	949	701	692	685	677	669	674	0
475	949	701	692	685	677	669	674	684	0
949	701	692	685	677	669	674	684	689	0
701	692	685	677	669	674	684	689	689	0
692	685	677	669	674	684	689	689	689	0
685	677	669	674	684	689	689	689	688	0
677	669	674	684	689	689	689	688	697	0
669	674	684	689	689	689	688	697	482	0
674	684	689	689	689	688	697	482	934	0
684	689	689	689	688	697	482	934	701	0
689	689	689	688	697	482	934	701	688	0
689	689	688	697	482	934	701	688	681	1
689	688	697	482	934	701	688	681	428	0
688	697	482	934	701	688	681	428	953	0
697	482	934	701	688	681	428	953	681	0
482	934	701	688	681	428	953	681	666	0
934	701	688	681	428	953	681	666	661	1
701	688	681	428	953	681	666	661	452	0
688	681	428	953	681	666	661	452	887	0
681	428	953	681	666	661	452	887	665	0
428	953	681	666	661	452	887	665	654	0
953	681	666	661	452	887	665	654	650	1
681	666	661	452	887	665	654	650	649	0
666	661	452	887	665	654	650	649	666	0
661	452	887	665	654	650	649	666	677	0
452	887	665	654	650	649	666	677	700	0
887	665	654	650	649	666	677	700	712	0
665	654	650	649	666	677	700	712	491	0
654	650	649	666	677	700	712	491	961	0
650	649	666	677	700	712	491	961	712	0
649	666	677	700	712	491	961	712	685	0
666	677	700	712	491	961	712	685	669	1
677	700	712	491	961	712	685	669	475	0
700	712	491	961	712	685	669	475	859	0
712	491	961	712	685	669	475	859	662	0
491	961	712	685	669	475	859	662	661	0
961	712	685	669	475	859	662	661	662	1
712	685	669	475	859	662	661	662	665	0
685	669	475	859	662	661	662	665	689	0
669	475	859	662	661	662	665	689	732	0
475	859	662	661	662	665	689	732	747	0
859	662	661	662	665	689	732	747	743	0
662	661	662	665	689	732	747	743	743	0
661	662	665	689	732	747	743	743	759	0
662	665	689	732	747	743	743	759	770	0
665	689	732	747	743	743	759	770	759	0
689	732	747	743	743	759	770	759	739	0
732	747	743	743	759	770	759	739	743	0
747	743	743	759	770	759	739	743	740	0
743	743	759	770	759	739	743	740	735	0
743	759	770	759	739	743	740	735	720	0
759	770	759	739	743	740	735	720	704	0
770	759	739	743	740	735	720	704	712	0
759	739	743	740	735	720	704	712	708	0
739	743	740	735	720	704	712	708	716	0
743	740	735	720	704	712	708	716	716	0
740	735	720	704	712	708	716	716	716	0
735	720	704	712	708	716	716	716	724	0
720	704	712	708	716	716	716	724	735	0
704	712	708	716	716	716	724	735	740	0
712	708	716	716	716	724	735	740	735	0
708	716	716	716	724	735	740	735	743	0
716	716	716	724	735	740	735	743	744	0
716	716	724	735	740	735	743	744	751	0
716	724	735	740	735	743	744	751	739	0
724	735	740	735	743	744	751	739	727	0
735	740	735	743	744	751	739	727	736	0
740	735	743	744	751	739	727	736	731	0
735	743	744	751	739	727	736	731	736	0
743	744	751	739	727	736	731	736	724	0
744	751	739	727	736	731	736	724	715	0
751	739	727	736	731	736	724	715	724	0
739	727	736	731	736	724	715	724	720	0
727	736	731	736	724	715	724	720	720	0
736	731	736	724	715	724	720	720	716	0
731	736	724	715	724	720	720	716	459	0
736	724	715	724	720	720	716	459	992	0
724	715	724	720	720	716	459	992	724	0
715	724	720	720	716	459	992	724	712	0
724	720	720	716	459	992	724	712	463	1
720	720	716	459	992	724	712	463	953	0
720	716	459	992	724	712	463	953	697	0
716	459	992	724	712	463	953	697	677	0
459	992	724	712	463	953	697	677	669	1
992	724	712	463	953	697	677	669	420	0
724	712	463	953	697	677	669	420	969	0
712	463	953	697	677	669	420	969	685	0
463	953	697	677	669	420	969	685	689	0
953	697	677	669	420	969	685	689	700	1
697	677	669	420	969	685	689	700	424	0
677	669	420	969	685	689	700	424	1086	0
669	420	969	685	689	700	424	1086	506	0
420	969	685	689	700	424	1086	506	1008	0
969	685	689	700	424	1086	506	1008	715	1
685	689	700	424	1086	506	1008	715	709	0
689	700	424	1086	506	1008	715	709	708	1
700	424	1086	506	1008	715	709	708	502	0
424	1086	506	1008	715	709	708	502	910	0
1086	506	1008	715	709	708	502	910	689	0
506	1008	715	709	708	502	910	689	673	0
1008	715	709	708	502	910	689	673	557	1
715	709	708	502	910	689	673	557	747	0
709	708	502	910	689	673	557	747	638	0
708	502	910	689	673	557	747	638	622	0
502	910	689	673	557	747	638	622	545	1
910	689	673	557	747	638	622	545	712	0
689	673	557	747	638	622	545	712	638	0
673	557	747	638	622	545	712	638	693	0
557	747	638	622	545	712	638	693	829	1
747	638	622	545	712	638	693	829	957	0
638	622	545	712	638	693	829	957	938	0
622	545	712	638	693	829	957	938	420	0
545	712	638	693	829	957	938	420	1284	0
712	638	693	829	957	938	420	1284	424	0
638	693	829	957	938	420	1284	424	1202	0
693	829	957	938	420	1284	424	1202	448	1
829	957	938	420	1284	424	1202	448	1078	0
957	938	420	1284	424	1202	448	1078	509	1
938	420	1284	424	1202	448	1078	509	942	0
420	1284	424	1202	448	1078	509	942	689	1
1284	424	1202	448	1078	509	942	689	677	0
424	1202	448	1078	509	942	689	677	677	1
1202	448	1078	509	942	689	677	677	424	0
448	1078	509	942	689	677	677	424	992	0
1078	509	942	689	677	677	424	992	693	0
509	942	689	677	677	424	992	693	689	0
942	689	677	677	424	992	693	689	700	1
689	677	677	424	992	693	689	700	428	0
677	677	424	992	693	689	700	428	1050	0
677	424	992	693	689	700	428	1050	716	0
424	992	693	689	700	428	1050	716	713	0
992	693	689	700	428	1050	716	713	579	1
693	689	700	428	1050	716	713	579	821	0
689	700	428	1050	716	713	579	821	681	0
700	428	1050	716	713	579	821	681	669	0
428	1050	716	713	579	821	681	669	654	1
1050	716	713	579	821	681	669	654	417	0
716	713	579	821	681	669	654	417	879	0
713	579	821	681	669	654	417	879	630	0
579	821	681	669	654	417	879	630	619	0
821	681	669	654	417	879	630	619	607	1
681	669	654	417	879	630	619	607	525	0
669	654	417	879	630	619	607	525	701	0
654	417	879	630	619	607	525	701	614	0
417	879	630	619	607	525	701	614	635	0
879	630	619	607	525	701	614	635	665	1
630	619	607	525	701	614	635	665	716	0
619	607	525	701	614	635	665	716	638	0
607	525	701	614	635	665	716	638	809	0
525	701	614	635	665	716	638	809	705	0
701	614	635	665	716	638	809	705	712	0
614	635	665	716	638	809	705	712	720	1
635	665	716	638	809	705	712	720	478	0
665	716	638	809	705	712	720	478	989	0
716	638	809	705	712	720	478	989	712	0
638	809	705	712	720	478	989	712	688	0
809	705	712	720	478	989	712	688	479	1
705	712	720	478	989	712	688	479	875	0
712	720	478	989	712	688	479	875	658	0
720	478	989	712	688	479	875	658	650	0
478	989	712	688	479	875	658	650	459	1
989	712	688	479	875	658	650	459	837	0
712	688	479	875	658	650	459	837	638	0
688	479	875	658	650	459	837	638	622	0
479	875	658	650	459	837	638	622	611	1
875	658	650	459	837	638	622	611	611	0
658	650	459	837	638	622	611	611	615	0
650	459	837	638	622	611	611	615	611	0
459	837	638	622	611	611	615	611	614	0
837	638	622	611	611	615	611	614	615	0
638	622	611	611	615	611	614	615	611	0
622	611	611	615	611	614	615	611	619	0
611	611	615	611	614	615	611	619	619	0
611	615	611	614	615	611	619	619	622	0
615	611	614	615	611	619	619	622	619	0
611	614	615	611	619	619	622	619	618	0
614	615	611	619	619	622	619	618	615	0
615	611	619	619	622	619	618	615	615	0
611	619	619	622	619	618	615	615	611	0
619	619	622	619	618	615	615	611	408	0
619	622	619	618	615	615	611	408	833	0
622	619	618	615	615	611	408	833	615	0
619	618	615	615	611	408	833	615	599	0
618	615	615	611	408	833	615	599	592	1
615	615	611	408	833	615	599	592	583	0
615	611	408	833	615	599	592	583	584	0
611	408	833	615	599	592	583	584	475	0
408	833	615	599	592	583	584	475	677	0
833	615	599	592	583	584	475	677	560	0
615	599	592	583	584	475	677	560	533	0
599	592	583	584	475	677	560	533	603	1
592	583	584	475	677	560	533	603	568	0
583	584	475	677	560	533	603	568	584	0
584	475	677	560	533	603	568	584	599	1
475	677	560	533	603	568	584	599	634	0
677	560	533	603	568	584	599	634	677	0
560	533	603	568	584	599	634	677	460	0
533	603	568	584	599	634	677	460	1038	0
603	568	584	599	634	677	460	1038	549	0
568	584	599	634	677	460	1038	549	961	0
584	599	634	677	460	1038	549	961	716	1
599	634	677	460	1038	549	961	716	701	0
634	677	460	1038	549	961	716	701	704	1
677	460	1038	549	961	716	701	704	440	0
460	1038	549	961	716	701	704	440	1093	0
1038	549	961	716	701	704	440	1093	486	0
549	961	716	701	704	440	1093	486	1031	0
961	716	701	704	440	1093	486	1031	533	1
716	701	704	440	1093	486	1031	533	884	0
701	704	440	1093	486	1031	533	884	688	1
704	440	1093	486	1031	533	884	688	701	0
440	1093	486	1031	533	884	688	701	739	1
1093	486	1031	533	884	688	701	739	782	0
486	1031	533	884	688	701	739	782	786	0
1031	533	884	688	701	739	782	786	837	0
533	884	688	701	739	782	786	837	906	0
884	688	701	739	782	786	837	906	899	0
688	701	739	782	786	837	906	899	845	0
701	739	782	786	837	906	899	845	817	0
739	782	786	837	906	899	845	817	832	0
782	786	837	906	899	845	817	832	829	0
786	837	906	899	845	817	832	829	802	0
837	906	899	845	817	832	829	802	762	0
906	899	845	817	832	829	802	762	740	0
899	845	817	832	829	802	762	740	735	0
845	817	832	829	802	762	740	735	739	0
817	832	829	802	762	740	735	739	748	0
832	829	802	762	740	735	739	748	750	0
829	802	762	740	735	739	748	750	748	0
802	762	740	735	739	748	750	748	466	0
762	740	735	739	748	750	748	466	1098	0
740	735	739	748	750	748	466	1098	498	0
735	739	748	750	748	466	1098	498	1062	0
739	748	750	748	466	1098	498	1062	529	1
748	750	748	466	1098	498	1062	529	938	0
750	748	466	1098	498	1062	529	938	704	1
748	466	1098	498	1062	529	938	704	541	0
466	1098	498	1062	529	938	704	541	887	1
1098	498	1062	529	938	704	541	887	693	0
498	1062	529	938	704	541	887	693	689	0
1062	529	938	704	541	887	693	689	708	1
529	938	704	541	887	693	689	708	459	0
938	704	541	887	693	689	708	459	1136	0
704	541	887	693	689	708	459	1136	487	0
541	887	693	689	708	459	1136	487	1066	0
887	693	689	708	459	1136	487	1066	541	1
693	689	708	459	1136	487	1066	541	922	0
689	708	459	1136	487	1066	541	922	716	1
708	459	1136	487	1066	541	922	716	704	0
