index	i-4	i-3	i-2	i-1	i+0	i+1	i+2	i+3	i+4	Filter	Time
4	739	1238	1198	1167	1164	1198	1195	1085	1199	0	5506
5	1238	1198	1167	1164	1198	1195	1085	1199	1183	0	6704
6	1198	1167	1164	1198	1195	1085	1199	1183	1175	0	7899
7	1167	1164	1198	1195	1085	1199	1183	1175	1085	0	8984
8	1164	1198	1195	1085	1199	1183	1175	1085	1183	0	10183
9	1198	1195	1085	1199	1183	1175	1085	1183	1183	0	11366
10	1195	1085	1199	1183	1175	1085	1183	1183	1164	0	12541
11	1085	1199	1183	1175	1085	1183	1183	1164	1035	0	13626
12	1199	1183	1175	1085	1183	1183	1164	1035	1155	0	14809
13	1183	1175	1085	1183	1183	1164	1035	1155	1140	0	15992
14	1175	1085	1183	1183	1164	1035	1155	1140	1113	0	17156
15	1085	1183	1183	1164	1035	1155	1140	1113	1039	0	18191
16	1183	1183	1164	1035	1155	1140	1113	1039	1117	0	19346
17	1183	1164	1035	1155	1140	1113	1039	1117	1117	0	20486
18	1164	1035	1155	1140	1113	1039	1117	1117	1093	0	21599
19	1035	1155	1140	1113	1039	1117	1117	1093	992	0	22638
20	1155	1140	1113	1039	1117	1117	1093	992	1086	0	23755
21	1140	1113	1039	1117	1117	1093	992	1086	1011	0	24872
22	1113	1039	1117	1117	1093	992	1086	1011	1074	0	25965
23	1039	1117	1117	1093	992	1086	1011	1074	958	0	26957
24	1117	1117	1093	992	1086	1011	1074	958	949	0	28043
25	1117	1093	992	1086	1011	1074	958	949	973	0	29054
26	1093	992	1086	1011	1074	958	949	973	1050	0	30128
27	992	1086	1011	1074	958	949	973	1050	950	0	31086
28	1086	1011	1074	958	949	973	1050	950	976	0	32035
29	1011	1074	958	949	973	1050	950	976	962	0	33008
30	1074	958	949	973	1050	950	976	962	953	0	34058
31	958	949	973	1050	950	976	962	953	949	0	35008
32	949	973	1050	950	976	962	953	949	1063	0	35984
33	973	1050	950	976	962	953	949	1063	1081	0	36946
34	1050	950	976	962	953	949	1063	1081	1117	0	37899
35	950	976	962	953	949	1063	1081	1117	1113	0	38848
36	976	962	953	949	1063	1081	1117	1113	1039	0	39911
37	962	953	949	1063	1081	1117	1113	1039	1039	0	40992
38	953	949	1063	1081	1117	1113	1039	1039	1163	0	42109
39	949	1063	1081	1117	1113	1039	1039	1163	1136	0	43222
40	1063	1081	1117	1113	1039	1039	1163	1136	1148	0	44261
41	1081	1117	1113	1039	1039	1163	1136	1148	1031	0	45300
42	1117	1113	1039	1039	1163	1136	1148	1031	1125	0	46463
43	1113	1039	1039	1163	1136	1148	1031	1125	1054	0	47599
44	1039	1039	1163	1136	1148	1031	1125	1054	1156	0	48747
45	1039	1163	1136	1148	1031	1125	1054	1156	1019	0	49778
46	1163	1136	1148	1031	1125	1054	1156	1019	1129	0	50903
47	1136	1148	1031	1125	1054	1156	1019	1129	1148	0	51957
48	1148	1031	1125	1054	1156	1019	1129	1148	1167	0	53113
49	1031	1125	1054	1156	1019	1129	1148	1167	1175	0	54132
50	1125	1054	1156	1019	1129	1148	1167	1175	1160	0	55261
51	1054	1156	1019	1129	1148	1167	1175	1160	1225	0	56409
52	1156	1019	1129	1148	1167	1175	1160	1225	1226	0	57576
53	1019	1129	1148	1167	1175	1160	1225	1226	1226	0	58751
54	1129	1148	1167	1175	1160	1225	1226	1226	1089	0	59911
55	1148	1167	1175	1160	1225	1226	1226	1089	1198	0	61136
56	1167	1175	1160	1225	1226	1226	1089	1198	1078	0	62362
57	1175	1160	1225	1226	1226	1089	1198	1078	1172	0	63588
58	1160	1225	1226	1226	1089	1198	1078	1172	1031	0	64677
59	1225	1226	1226	1089	1198	1078	1172	1031	1112	0	65875
60	1226	1226	1089	1198	1078	1172	1031	1112	1113	0	66953
61	1226	1089	1198	1078	1172	1031	1112	1113	1144	0	68125
62	1089	1198	1078	1172	1031	1112	1113	1144	1148	0	69156
63	1198	1078	1172	1031	1112	1113	1144	1148	1051	0	70268
64	1078	1172	1031	1112	1113	1144	1148	1051	1233	0	71381
65	1172	1031	1112	1113	1144	1148	1051	1233	1183	0	72525
66	1031	1112	1113	1144	1148	1051	1233	1183	1164	0	73673
67	1112	1113	1144	1148	1051	1233	1183	1164	1031	0	74724
68	1113	1144	1148	1051	1233	1183	1164	1031	1179	0	75957
69	1144	1148	1051	1233	1183	1164	1031	1179	1050	0	77140
70	1148	1051	1233	1183	1164	1031	1179	1050	1171	0	78304
71	1051	1233	1183	1164	1031	1179	1050	1171	997	0	79335
72	1233	1183	1164	1031	1179	1050	1171	997	1124	0	80514
73	1183	1164	1031	1179	1050	1171	997	1124	1117	0	81564
74	1164	1031	1179	1050	1171	997	1124	1117	1113	0	82735
75	1031	1179	1050	1171	997	1124	1117	1113	1007	0	83732
76	1179	1050	1171	997	1124	1117	1113	1007	1160	0	84856
77	1050	1171	997	1124	1117	1113	1007	1160	1062	0	85973
78	1171	997	1124	1117	1113	1007	1160	1062	1179	0	87086
79	997	1124	1117	1113	1007	1160	1062	1179	1016	0	88093
80	1124	1117	1113	1007	1160	1062	1179	1016	1175	0	89253
81	1117	1113	1007	1160	1062	1179	1016	1175	1179	0	90315
82	1113	1007	1160	1062	1179	1016	1175	1179	1171	0	91494
83	1007	1160	1062	1179	1016	1175	1179	1171	1062	0	92510
84	1160	1062	1179	1016	1175	1179	1171	1062	1234	0	93685
85	1062	1179	1016	1175	1179	1171	1062	1234	1175	0	94864
86	1179	1016	1175	1179	1171	1062	1234	1175	1097	0	96035
87	1016	1175	1179	1171	1062	1234	1175	1097	1101	0	97097
88	1175	1179	1171	1062	1234	1175	1097	1101	1242	0	98331
89	1179	1171	1062	1234	1175	1097	1101	1242	1175	0	99506
90	1171	1062	1234	1175	1097	1101	1242	1175	1093	0	100603
91	1062	1234	1175	1097	1101	1242	1175	1093	1171	0	101704
92	1234	1175	1097	1101	1242	1175	1093	1171	1164	0	102946
93	1175	1097	1101	1242	1175	1093	1171	1164	1179	0	104121
94	1097	1101	1242	1175	1093	1171	1164	1179	1039	0	105214
95	1101	1242	1175	1093	1171	1164	1179	1039	1175	0	106385
96	1242	1175	1093	1171	1164	1179	1039	1175	1151	0	107549
97	1175	1093	1171	1164	1179	1039	1175	1151	1152	0	108728
98	1093	1171	1164	1179	1039	1175	1151	1152	1027	0	109767
99	1171	1164	1179	1039	1175	1151	1152	1027	1175	0	110942
100	1164	1179	1039	1175	1151	1152	1027	1175	1133	0	112093
101	1179	1039	1175	1151	1152	1027	1175	1133	1109	0	113245
102	1039	1175	1151	1152	1027	1175	1133	1109	988	0	114272
103	1175	1151	1152	1027	1175	1133	1109	988	1125	0	115447
104	1151	1152	1027	1175	1133	1109	988	1125	1007	0	116580
105	1152	1027	1175	1133	1109	988	1125	1007	996	0	117689
106	1027	1175	1133	1109	988	1125	1007	996	942	0	118677
107	1175	1133	1109	988	1125	1007	996	942	938	0	119802
108	1133	1109	988	1125	1007	996	942	938	976	0	120809
109	1109	988	1125	1007	996	942	938	976	1039	0	121805
110	988	1125	1007	996	942	938	976	1039	950	0	122747
111	1125	1007	996	942	938	976	1039	950	1011	0	123685
112	1007	996	942	938	976	1039	950	1011	977	0	124661
113	996	942	938	976	1039	950	1011	977	1105	0	125700
114	942	938	976	1039	950	1011	977	1105	1039	0	126650
115	938	976	1039	950	1011	977	1105	1039	1070	0	127661
116	976	1039	950	1011	977	1105	1039	1070	1051	0	128638
117	1039	950	1011	977	1105	1039	1070	1051	1202	0	129743
118	950	1011	977	1105	1039	1070	1051	1202	1179	0	130782
119	1011	977	1105	1039	1070	1051	1202	1179	1070	0	131852
120	977	1105	1039	1070	1051	1202	1179	1070	1066	0	132903
121	1105	1039	1070	1051	1202	1179	1070	1066	1183	0	134105
122	1039	1070	1051	1202	1179	1070	1066	1183	1090	0	135284
123	1070	1051	1202	1179	1070	1066	1183	1090	1093	0	136354
124	1051	1202	1179	1070	1066	1183	1090	1093	1160	0	137420
125	1202	1179	1070	1066	1183	1090	1093	1160	1151	0	138603
126	1179	1070	1066	1183	1090	1093	1160	1151	1168	0	139693
127	1070	1066	1183	1090	1093	1160	1151	1168	1140	0	140786
128	1066	1183	1090	1093	1160	1151	1168	1140	1015	0	141946
129	1183	1090	1093	1160	1151	1168	1140	1015	1148	0	143097
130	1090	1093	1160	1151	1168	1140	1015	1148	1132	0	144265
131	1093	1160	1151	1168	1140	1015	1148	1132	1113	0	145405
132	1160	1151	1168	1140	1015	1148	1132	1113	1024	0	146420
133	1151	1168	1140	1015	1148	1132	1113	1024	1147	0	147568
134	1168	1140	1015	1148	1132	1113	1024	1147	1203	0	148700
135	1140	1015	1148	1132	1113	1024	1147	1203	1183	0	149813
136	1015	1148	1132	1113	1024	1147	1203	1183	1148	0	150837
137	1148	1132	1113	1024	1147	1203	1183	1148	1186	0	151984
138	1132	1113	1024	1147	1203	1183	1148	1186	1160	0	153187
139	1113	1024	1147	1203	1183	1148	1186	1160	1152	0	154370
140	1024	1147	1203	1183	1148	1186	1160	1152	1019	0	155518
141	1147	1203	1183	1148	1186	1160	1152	1019	1171	0	156704
142	1203	1183	1148	1186	1160	1152	1019	1171	1125	0	157864
143	1183	1148	1186	1160	1152	1019	1171	1125	1120	0	159016
144	1148	1186	1160	1152	1019	1171	1125	1120	1094	0	160035
145	1186	1160	1152	1019	1171	1125	1120	1094	1159	0	161206
146	1160	1152	1019	1171	1125	1120	1094	1159	1187	0	162331
147	1152	1019	1171	1125	1120	1094	1159	1187	1206	0	163451
148	1019	1171	1125	1120	1094	1159	1187	1206	1133	0	164545
149	1171	1125	1120	1094	1159	1187	1206	1133	1182	0	165704
150	1125	1120	1094	1159	1187	1206	1133	1182	1055	0	166891
151	1120	1094	1159	1187	1206	1133	1182	1055	1015	0	168097
152	1094	1159	1187	1206	1133	1182	1055	1015	954	0	169230
153	1159	1187	1206	1133	1182	1055	1015	954	957	0	170412
154	1187	1206	1133	1182	1055	1015	954	957	934	0	171467
155	1206	1133	1182	1055	1015	954	957	934	949	0	172482
156	1133	1182	1055	1015	954	957	934	949	1020	0	173436
157	1182	1055	1015	954	957	934	949	1020	934	0	174393
158	1055	1015	954	957	934	949	1020	934	953	0	175327
159	1015	954	957	934	949	1020	934	953	961	0	176276
160	954	957	934	949	1020	934	953	961	938	0	177296
161	957	934	949	1020	934	953	961	938	941	0	178230
162	934	949	1020	934	953	961	938	941	973	0	179183
163	949	1020	934	953	961	938	941	973	1101	0	180144
164	1020	934	953	961	938	941	973	1101	1133	0	181082
165	934	953	961	938	941	973	1101	1133	1058	0	182023
166	953	961	938	941	973	1101	1133	1058	506	0	182996
167	961	938	941	973	1101	1133	1058	506	1692	0	184097
168	938	941	973	1101	1133	1058	506	1692	483	0	185230
169	941	973	1101	1133	1058	506	1692	483	1665	0	186288
170	973	1101	1133	1058	506	1692	483	1665	487	1	186794
171	1101	1133	1058	506	1692	483	1665	487	1630	0	188486
172	1133	1058	506	1692	483	1665	487	1630	486	1	188969
173	1058	506	1692	483	1665	487	1630	486	1588	0	190634
174	506	1692	483	1665	487	1630	486	1588	486	1	191121
175	1692	483	1665	487	1630	486	1588	486	1522	0	192751
176	483	1665	487	1630	486	1588	486	1522	486	1	193237
177	1665	487	1630	486	1588	486	1522	486	1428	0	194825
178	487	1630	486	1588	486	1522	486	1428	490	1	195311
179	1630	486	1588	486	1522	486	1428	490	1339	0	196833
180	486	1588	486	1522	486	1428	490	1339	490	1	197319
181	1588	486	1522	486	1428	490	1339	490	1292	0	198747
182	486	1522	486	1428	490	1339	490	1292	486	1	199237
183	1522	486	1428	490	1339	490	1292	486	1245	0	200576
184	486	1428	490	1339	490	1292	486	1245	491	1	201066
185	1428	490	1339	490	1292	486	1245	491	1225	0	202358
186	490	1339	490	1292	486	1245	491	1225	487	1	202844
187	1339	490	1292	486	1245	491	1225	487	1210	0	204089
188	490	1292	486	1245	491	1225	487	1210	490	1	204580
189	1292	486	1245	491	1225	487	1210	490	1238	0	205805
190	486	1245	491	1225	487	1210	490	1238	490	1	206292
191	1245	491	1225	487	1210	490	1238	490	1327	0	207502
192	491	1225	487	1210	490	1238	490	1327	494	1	207992
193	1225	487	1210	490	1238	490	1327	494	1475	0	209230
194	487	1210	490	1238	490	1327	494	1475	490	1	209720
195	1210	490	1238	490	1327	494	1475	490	1541	0	211047
196	490	1238	490	1327	494	1475	490	1541	482	1	211541
197	1238	490	1327	494	1475	490	1541	482	1560	0	213016
198	490	1327	494	1475	490	1541	482	1560	491	1	213506
199	1327	494	1475	490	1541	482	1560	491	1576	0	215047
200	494	1475	490	1541	482	1560	491	1576	490	1	215529
201	1475	490	1541	482	1560	491	1576	490	1521	0	217089
202	490	1541	482	1560	491	1576	490	1521	487	1	217580
203	1541	482	1560	491	1576	490	1521	487	1529	0	219156
204	482	1560	491	1576	490	1521	487	1529	490	1	219646
205	1560	491	1576	490	1521	487	1529	490	1428	0	221167
206	491	1576	490	1521	487	1529	490	1428	487	1	221654
207	1576	490	1521	487	1529	490	1428	487	1342	0	223183
208	490	1521	487	1529	490	1428	487	1342	486	1	223673
209	1521	487	1529	490	1428	487	1342	486	1296	0	225101
210	487	1529	490	1428	487	1342	486	1296	490	1	225588
211	1529	490	1428	487	1342	486	1296	490	1312	0	226930
212	490	1428	487	1342	486	1296	490	1312	486	1	227416
213	1428	487	1342	486	1296	490	1312	486	1393	0	228712
214	487	1342	486	1296	490	1312	486	1393	482	1	229202
215	1342	486	1296	490	1312	486	1393	482	1475	0	230514
216	486	1296	490	1312	486	1393	482	1475	487	1	231000
217	1296	490	1312	486	1393	482	1475	487	1494	0	232393
218	490	1312	486	1393	482	1475	487	1494	486	1	232875
219	1312	486	1393	482	1475	487	1494	486	1487	0	234350
220	486	1393	482	1475	487	1494	486	1487	486	1	234837
221	1393	482	1475	487	1494	486	1487	486	1506	0	236331
222	482	1475	487	1494	486	1487	486	1506	486	1	236817
223	1475	487	1494	486	1487	486	1506	486	1471	0	238304
224	487	1494	486	1487	486	1506	486	1471	490	1	238790
225	1494	486	1487	486	1506	486	1471	490	1479	0	240296
226	486	1487	486	1506	486	1471	490	1479	486	1	240782
227	1487	486	1506	486	1471	490	1479	486	1463	0	242253
228	486	1506	486	1471	490	1479	486	1463	483	1	242743
229	1506	486	1471	490	1479	486	1463	483	1435	0	244222
230	486	1471	490	1479	486	1463	483	1435	487	1	244708
231	1471	490	1479	486	1463	483	1435	487	1451	0	246171
232	490	1479	486	1463	483	1435	487	1451	483	1	246654
233	1479	486	1463	483	1435	487	1451	483	1404	0	248089
234	486	1463	483	1435	487	1451	483	1404	483	1	248576
235	1463	483	1435	487	1451	483	1404	483	1424	0	250027
236	483	1435	487	1451	483	1404	483	1424	486	1	250510
237	1435	487	1451	483	1404	483	1424	486	1401	0	251914
238	487	1451	483	1404	483	1424	486	1401	483	1	252397
239	1451	483	1404	483	1424	486	1401	483	1432	0	253821
240	483	1404	483	1424	486	1401	483	1432	474	1	254307
241	1404	483	1424	486	1401	483	1432	474	1405	0	255708
242	483	1424	486	1401	483	1432	474	1405	482	1	256191
243	1424	486	1401	483	1432	474	1405	482	1409	0	257623
244	486	1401	483	1432	474	1405	482	1409	486	1	258097
245	1401	483	1432	474	1405	482	1409	486	1378	0	259502
246	483	1432	474	1405	482	1409	486	1378	486	1	259984
247	1432	474	1405	482	1409	486	1378	486	1382	0	261393
248	474	1405	482	1409	486	1378	486	1382	482	1	261879
249	1405	482	1409	486	1378	486	1382	482	1346	0	263257
250	482	1409	486	1378	486	1382	482	1346	491	1	263743
251	1409	486	1378	486	1382	482	1346	491	1272	0	265125
252	486	1378	486	1382	482	1346	491	1272	490	1	265607
253	1378	486	1382	482	1346	491	1272	490	1222	0	266953
254	486	1382	482	1346	491	1272	490	1222	483	1	267444
255	1382	482	1346	491	1272	490	1222	483	1186	0	268716
256	482	1346	491	1272	490	1222	483	1186	483	1	269206
257	1346	491	1272	490	1222	483	1186	483	1159	0	270428
258	491	1272	490	1222	483	1186	483	1159	491	1	270911
259	1272	490	1222	483	1186	483	1159	491	1151	0	272097
260	490	1222	483	1186	483	1159	491	1151	479	1	272580
261	1222	483	1186	483	1159	491	1151	479	1156	0	273739
262	483	1186	483	1159	491	1151	479	1156	482	1	274230
263	1186	483	1159	491	1151	479	1156	482	1202	0	275381
264	483	1159	491	1151	479	1156	482	1202	487	1	275860
265	1159	491	1151	479	1156	482	1202	487	1272	0	277016
266	491	1151	479	1156	482	1202	487	1272	483	1	277498
267	1151	479	1156	482	1202	487	1272	483	1369	0	278700
268	479	1156	482	1202	487	1272	483	1369	487	1	279187
269	1156	482	1202	487	1272	483	1369	487	1416	0	280459
270	482	1202	487	1272	483	1369	487	1416	486	1	280942
271	1202	487	1272	483	1369	487	1416	486	1436	0	282311
272	487	1272	483	1369	487	1416	486	1436	490	1	282798
273	1272	483	1369	487	1416	486	1436	490	1448	0	284214
274	483	1369	487	1416	486	1436	490	1448	482	1	284700
275	1369	487	1416	486	1436	490	1448	482	1460	0	286136
276	487	1416	486	1436	490	1448	482	1460	486	1	286626
277	1416	486	1436	490	1448	482	1460	486	1455	0	288074
278	486	1436	490	1448	482	1460	486	1455	483	1	288556
279	1436	490	1448	482	1460	486	1455	483	1451	0	290016
280	490	1448	482	1460	486	1455	483	1451	483	1	290502
281	1448	482	1460	486	1455	483	1451	483	1424	0	291957
282	482	1460	486	1455	483	1451	483	1424	486	1	292440
283	1460	486	1455	483	1451	483	1424	486	1467	0	293891
284	486	1455	483	1451	483	1424	486	1467	482	1	294374
285	1455	483	1451	483	1424	486	1467	482	1479	0	295798
286	483	1451	483	1424	486	1467	482	1479	486	1	296284
287	1451	483	1424	486	1467	482	1479	486	1491	0	297751
288	483	1424	486	1467	482	1479	486	1491	482	1	298233
289	1424	486	1467	482	1479	486	1491	482	1510	0	299712
290	486	1467	482	1479	486	1491	482	1510	486	1	300198
291	1467	482	1479	486	1491	482	1510	486	1498	0	301689
292	482	1479	486	1491	482	1510	486	1498	483	1	302171
293	1479	486	1491	482	1510	486	1498	483	1451	0	303681
294	486	1491	482	1510	486	1498	483	1451	483	1	304167
295	1491	482	1510	486	1498	483	1451	483	1408	0	305665
296	482	1510	486	1498	483	1451	483	1408	487	1	306148
297	1510	486	1498	483	1451	483	1408	487	1408	0	307599
298	486	1498	483	1451	483	1408	487	1408	483	1	308082
299	1498	483	1451	483	1408	487	1408	483	1377	0	309490
300	483	1451	483	1408	487	1408	483	1377	490	1	309977
301	1451	483	1408	487	1408	483	1377	490	1327	0	311385
302	483	1408	487	1408	483	1377	490	1327	483	1	311868
303	1408	487	1408	483	1377	490	1327	483	1264	0	313245
304	487	1408	483	1377	490	1327	483	1264	483	1	313735
305	1408	483	1377	490	1327	483	1264	483	1210	0	315062
306	483	1377	490	1327	483	1264	483	1210	490	1	315545
307	1377	490	1327	483	1264	483	1210	490	1175	0	316809
308	490	1327	483	1264	483	1210	490	1175	483	1	317292
309	1327	483	1264	483	1210	490	1175	483	1163	0	318502
310	483	1264	483	1210	490	1175	483	1163	494	1	318992
311	1264	483	1210	490	1175	483	1163	494	1156	0	320167
312	483	1210	490	1175	483	1163	494	1156	483	1	320650
313	1210	490	1175	483	1163	494	1156	483	1171	0	321813
314	490	1175	483	1163	494	1156	483	1171	490	1	322307
315	1175	483	1163	494	1156	483	1171	490	1171	0	323463
316	483	1163	494	1156	483	1171	490	1171	487	1	323946
317	1163	494	1156	483	1171	490	1171	487	1214	0	325117
318	494	1156	483	1171	490	1171	487	1214	482	1	325607
319	1156	483	1171	490	1171	487	1214	482	1249	0	326778
320	483	1171	490	1171	487	1214	482	1249	483	1	327265
321	1171	490	1171	487	1214	482	1249	483	1346	0	328479
322	490	1171	487	1214	482	1249	483	1346	486	1	328961
323	1171	487	1214	482	1249	483	1346	486	1405	0	330210
324	487	1214	482	1249	483	1346	486	1405	490	1	330693
325	1214	482	1249	483	1346	486	1405	490	1432	0	332039
326	482	1249	483	1346	486	1405	490	1432	487	1	332525
327	1249	483	1346	486	1405	490	1432	487	1455	0	333930
328	483	1346	486	1405	490	1432	487	1455	494	1	334420
329	1346	486	1405	490	1432	487	1455	494	1486	0	335852
330	486	1405	490	1432	487	1455	494	1486	487	1	336339
331	1405	490	1432	487	1455	494	1486	487	1521	0	337794
332	490	1432	487	1455	494	1486	487	1521	486	1	338288
333	1432	487	1455	494	1486	487	1521	486	1510	0	339774
334	487	1455	494	1486	487	1521	486	1510	483	1	340261
335	1455	494	1486	487	1521	486	1510	483	1509	0	341782
336	494	1486	487	1521	486	1510	483	1509	491	1	342268
337	1486	487	1521	486	1510	483	1509	491	1486	0	343778
338	487	1521	486	1510	483	1509	491	1486	502	1	344261
339	1521	486	1510	483	1509	491	1486	502	1463	0	345770
340	486	1510	483	1509	491	1486	502	1463	490	1	346261
341	1510	483	1509	491	1486	502	1463	490	1456	0	347747
342	483	1509	491	1486	502	1463	490	1456	984	1	348249
343	1509	491	1486	502	1463	490	1456	984	1027	0	349712
344	491	1486	502	1463	490	1456	984	1027	1074	1	350202
345	1486	502	1463	490	1456	984	1027	1074	1090	0	351658
346	502	1463	490	1456	984	1027	1074	1090	1116	0	352642
347	1463	490	1456	984	1027	1074	1090	1116	1183	0	353669
348	490	1456	984	1027	1074	1090	1116	1183	1199	0	354743
349	1456	984	1027	1074	1090	1116	1183	1199	1132	0	355833
350	984	1027	1074	1090	1116	1183	1199	1132	1261	0	356949
351	1027	1074	1090	1116	1183	1199	1132	1261	1163	0	358132
352	1074	1090	1116	1183	1199	1132	1261	1163	1066	0	359331
353	1090	1116	1183	1199	1132	1261	1163	1066	1051	0	360463
354	1116	1183	1199	1132	1261	1163	1066	1051	1187	0	361724
355	1183	1199	1132	1261	1163	1066	1051	1187	1066	0	362887
356	1199	1132	1261	1163	1066	1051	1187	1066	1148	0	363953
357	1132	1261	1163	1066	1051	1187	1066	1148	1007	0	365004
358	1261	1163	1066	1051	1187	1066	1148	1007	1172	0	366191
359	1163	1066	1051	1187	1066	1148	1007	1172	1148	0	367257
360	1066	1051	1187	1066	1148	1007	1172	1148	1066	0	368405
361	1051	1187	1066	1148	1007	1172	1148	1066	1132	0	369412
362	1187	1066	1148	1007	1172	1148	1066	1132	1074	0	370584
363	1066	1148	1007	1172	1148	1066	1132	1074	1132	0	371732
364	1148	1007	1172	1148	1066	1132	1074	1132	973	0	372798
365	1007	1172	1148	1066	1132	1074	1132	973	953	0	373930
366	1172	1148	1066	1132	1074	1132	973	953	950	0	375004
367	1148	1066	1132	1074	1132	973	953	950	934	0	376136
368	1066	1132	1074	1132	973	953	950	934	929	0	377109
369	1132	1074	1132	973	953	950	934	929	915	0	378062
370	1074	1132	973	953	950	934	929	915	914	0	379012
371	1132	973	953	950	934	929	915	914	895	0	379946
372	973	953	950	934	929	915	914	895	895	0	380875
373	953	950	934	929	915	914	895	895	918	0	381790
374	950	934	929	915	914	895	895	918	1067	0	382704
375	934	929	915	914	895	895	918	1067	1105	0	383599
376	929	915	914	895	895	918	1067	1105	1132	0	384494
377	915	914	895	895	918	1067	1105	1132	1152	0	385412
378	914	895	895	918	1067	1105	1132	1152	1233	0	386479
379	895	895	918	1067	1105	1132	1152	1233	1241	0	387584
380	895	918	1067	1105	1132	1152	1233	1241	1273	0	388716
381	918	1067	1105	1132	1152	1233	1241	1273	1210	0	389868
382	1067	1105	1132	1152	1233	1241	1273	1210	1288	0	391101
383	1105	1132	1152	1233	1241	1273	1210	1288	1074	0	392342
384	1132	1152	1233	1241	1273	1210	1288	1074	1105	0	393615
385	1152	1233	1241	1273	1210	1288	1074	1105	1113	0	394825
386	1233	1241	1273	1210	1288	1074	1105	1113	1183	0	396113
387	1241	1273	1210	1288	1074	1105	1113	1183	1085	0	397187
388	1273	1210	1288	1074	1105	1113	1183	1085	1086	0	398292
389	1210	1288	1074	1105	1113	1183	1085	1086	1198	0	399405
390	1288	1074	1105	1113	1183	1085	1086	1198	1129	0	400588
391	1074	1105	1113	1183	1085	1086	1198	1129	1241	0	401673
392	1105	1113	1183	1085	1086	1198	1129	1241	1082	0	402759
393	1113	1183	1085	1086	1198	1129	1241	1082	1256	0	403957
394	1183	1085	1086	1198	1129	1241	1082	1256	1210	0	405086
395	1085	1086	1198	1129	1241	1082	1256	1210	1191	0	406327
396	1086	1198	1129	1241	1082	1256	1210	1191	1078	0	407409
397	1198	1129	1241	1082	1256	1210	1191	1078	1206	0	408665
398	1129	1241	1082	1256	1210	1191	1078	1206	1105	0	409875
399	1241	1082	1256	1210	1191	1078	1206	1105	1195	0	411066
400	1082	1256	1210	1191	1078	1206	1105	1195	1015	0	412144
401	1256	1210	1191	1078	1206	1105	1195	1015	1175	0	413350
402	1210	1191	1078	1206	1105	1195	1015	1175	1067	0	414455
403	1191	1078	1206	1105	1195	1015	1175	1067	1190	0	415650
404	1078	1206	1105	1195	1015	1175	1067	1190	1016	0	416665
405	1206	1105	1195	1015	1175	1067	1190	1016	1187	0	417840
406	1105	1195	1015	1175	1067	1190	1016	1187	1186	0	418907
407	1195	1015	1175	1067	1190	1016	1187	1186	1230	0	420097
408	1015	1175	1067	1190	1016	1187	1186	1230	1179	0	421113
409	1175	1067	1190	1016	1187	1186	1230	1179	1163	0	422300
410	1067	1190	1016	1187	1186	1230	1179	1163	1179	0	423486
411	1190	1016	1187	1186	1230	1179	1163	1179	1094	0	424716
412	1016	1187	1186	1230	1179	1163	1179	1094	1074	0	425895
413	1187	1186	1230	1179	1163	1179	1094	1074	1183	0	427058
414	1186	1230	1179	1163	1179	1094	1074	1183	1077	0	428237
415	1230	1179	1163	1179	1094	1074	1183	1077	1105	0	429331
416	1179	1163	1179	1094	1074	1183	1077	1105	1063	0	430405
417	1163	1179	1094	1074	1183	1077	1105	1063	1194	0	431588
418	1179	1094	1074	1183	1077	1105	1063	1194	1078	0	432665
419	1094	1074	1183	1077	1105	1063	1194	1078	1109	0	433770
420	1074	1183	1077	1105	1063	1194	1078	1109	1043	0	434833
421	1183	1077	1105	1063	1194	1078	1109	1043	1074	0	436027
422	1077	1105	1063	1194	1078	1109	1043	1074	1085	0	437105
423	1105	1063	1194	1078	1109	1043	1074	1085	1082	0	438214
424	1063	1194	1078	1109	1043	1074	1085	1082	1043	0	439257
425	1194	1078	1109	1043	1074	1085	1082	1043	1070	0	440331
426	1078	1109	1043	1074	1085	1082	1043	1070	1089	0	441416
427	1109	1043	1074	1085	1082	1043	1070	1089	1067	0	442498
428	1043	1074	1085	1082	1043	1070	1089	1067	1031	0	443541
429	1074	1085	1082	1043	1070	1089	1067	1031	1058	0	444611
430	1085	1082	1043	1070	1089	1067	1031	1058	1058	0	445700
431	1082	1043	1070	1089	1067	1031	1058	1058	1063	0	446767
432	1043	1070	1089	1067	1031	1058	1058	1063	1023	0	447798
433	1070	1089	1067	1031	1058	1058	1063	1023	1008	0	448856
434	1089	1067	1031	1058	1058	1063	1023	1008	1039	0	449914
435	1067	1031	1058	1058	1063	1023	1008	1039	1031	0	450977
436	1031	1058	1058	1063	1023	1008	1039	1031	988	0	452000
437	1058	1058	1063	1023	1008	1039	1031	988	1016	0	453008
438	1058	1063	1023	1008	1039	1031	988	1016	1023	0	454047
439	1063	1023	1008	1039	1031	988	1016	1023	1058	0	455078
440	1023	1008	1039	1031	988	1016	1023	1058	1070	0	456066
441	1008	1039	1031	988	1016	1023	1058	1070	1063	0	457082
442	1039	1031	988	1016	1023	1058	1070	1063	1081	0	458105
443	1031	988	1016	1023	1058	1070	1063	1081	1086	0	459163
444	988	1016	1023	1058	1070	1063	1081	1086	1074	0	460233
445	1016	1023	1058	1070	1063	1081	1086	1074	1070	0	461296
446	1023	1058	1070	1063	1081	1086	1074	1070	1082	0	462377
447	1058	1070	1063	1081	1086	1074	1070	1082	1066	0	463463
448	1070	1063	1081	1086	1074	1070	1082	1066	1058	0	464537
449	1063	1081	1086	1074	1070	1082	1066	1058	1082	0	465607
450	1081	1086	1074	1070	1082	1066	1058	1082	1074	0	466689
451	1086	1074	1070	1082	1066	1058	1082	1074	1058	0	467755
452	1074	1070	1082	1066	1058	1082	1074	1058	1070	0	468813
453	1070	1082	1066	1058	1082	1074	1058	1070	1059	0	469895
454	1082	1066	1058	1082	1074	1058	1070	1059	1042	0	470969
455	1066	1058	1082	1074	1058	1070	1059	1042	1055	0	472027
456	1058	1082	1074	1058	1070	1059	1042	1055	1031	0	473097
457	1082	1074	1058	1070	1059	1042	1055	1031	1023	0	474156
458	1074	1058	1070	1059	1042	1055	1031	1023	1043	0	475198
459	1058	1070	1059	1042	1055	1031	1023	1043	1047	0	476253
460	1070	1059	1042	1055	1031	1023	1043	1047	1027	0	477284
461	1059	1042	1055	1031	1023	1043	1047	1027	996	0	478307
462	1042	1055	1031	1023	1043	1047	1027	996	1020	0	479350
463	1055	1031	1023	1043	1047	1027	996	1020	1027	0	480397
464	1031	1023	1043	1047	1027	996	1020	1027	1012	0	481424
465	1023	1043	1047	1027	996	1020	1027	1012	1003	0	482420
466	1043	1047	1027	996	1020	1027	1012	1003	981	0	483440
467	1047	1027	996	1020	1027	1012	1003	981	961	0	484467
468	1027	996	1020	1027	1012	1003	981	961	942	0	485479
469	996	1020	1027	1012	1003	981	961	942	969	0	486482
470	1020	1027	1012	1003	981	961	942	969	949	0	487463
471	1027	1012	1003	981	961	942	969	949	949	0	488424
472	1012	1003	981	961	942	969	949	949	965	0	489366
473	1003	981	961	942	969	949	949	965	973	0	490335
474	981	961	942	969	949	949	965	973	981	0	491284
475	961	942	969	949	949	965	973	981	1000	0	492233
476	942	969	949	949	965	973	981	1000	1004	0	493198
477	969	949	949	965	973	981	1000	1004	1004	0	494171
478	949	949	965	973	981	1000	1004	1004	1015	0	495152
479	949	965	973	981	1000	1004	1004	1015	1027	0	496152
480	965	973	981	1000	1004	1004	1015	1027	1004	0	497156
481	973	981	1000	1004	1004	1015	1027	1004	1020	0	498160
482	981	1000	1004	1004	1015	1027	1004	1020	1000	0	499175
483	1000	1004	1004	1015	1027	1004	1020	1000	996	0	500202
484	1004	1004	1015	1027	1004	1020	1000	996	1004	0	501206
485	1004	1015	1027	1004	1020	1000	996	1004	988	0	502226
486	1015	1027	1004	1020	1000	996	1004	988	977	0	503226
487	1027	1004	1020	1000	996	1004	988	977	980	0	504222
488	1004	1020	1000	996	1004	988	977	980	969	0	505226
489	1020	1000	996	1004	988	977	980	969	965	0	506214
490	1000	996	1004	988	977	980	969	965	957	0	507191
491	996	1004	988	977	980	969	965	957	965	0	508171
492	1004	988	977	980	969	965	957	965	938	0	509140
493	988	977	980	969	965	957	965	938	930	0	510105
494	977	980	969	965	957	965	938	930	942	0	511062
495	980	969	965	957	965	938	930	942	918	0	512027
496	969	965	957	965	938	930	942	918	922	0	512965
497	965	957	965	938	930	942	918	922	903	0	513895
498	957	965	938	930	942	918	922	903	891	0	514837
499	965	938	930	942	918	922	903	891	903	0	515755
500	938	930	942	918	922	903	891	903	871	0	516677
501	930	942	918	922	903	891	903	871	848	0	517580
502	942	918	922	903	891	903	871	848	841	0	518471
503	918	922	903	891	903	871	848	841	836	0	519374
504	922	903	891	903	871	848	841	836	821	0	520245
505	903	891	903	871	848	841	836	821	814	0	521093
506	891	903	871	848	841	836	821	814	895	0	521934
507	903	871	848	841	836	821	814	895	844	0	522770
508	871	848	841	836	821	814	895	844	837	0	523591
509	848	841	836	821	814	895	844	837	840	0	524405
510	841	836	821	814	895	844	837	840	868	0	525300
511	836	821	814	895	844	837	840	868	867	0	526144
512	821	814	895	844	837	840	868	867	860	0	526981
513	814	895	844	837	840	868	867	860	864	0	527821
514	895	844	837	840	868	867	860	864	899	0	528689
515	844	837	840	868	867	860	864	899	961	0	529556
516	837	840	868	867	860	864	899	961	479	0	530416
517	840	868	867	860	864	899	961	479	1307	0	531280
518	868	867	860	864	899	961	479	1307	483	0	532179
519	867	860	864	899	961	479	1307	483	1280	0	533140
520	860	864	899	961	479	1307	483	1280	482	1	533619
521	864	899	961	479	1307	483	1280	482	1249	0	534926
522	899	961	479	1307	483	1280	482	1249	487	1	535409
523	961	479	1307	483	1280	482	1249	487	1218	0	536689
524	479	1307	483	1280	482	1249	487	1218	482	1	537171
525	1307	483	1280	482	1249	487	1218	482	1175	0	538420
526	483	1280	482	1249	487	1218	482	1175	486	1	538907
527	1280	482	1249	487	1218	482	1175	486	1133	0	540125
528	482	1249	487	1218	482	1175	486	1133	486	1	540607
529	1249	487	1218	482	1175	486	1133	486	1090	0	541782
530	487	1218	482	1175	486	1133	486	1090	482	1	542268
531	1218	482	1175	486	1133	486	1090	482	1074	0	543401
532	482	1175	486	1133	486	1090	482	1074	486	1	543887
533	1175	486	1133	486	1090	482	1074	486	1063	0	544977
534	486	1133	486	1090	482	1074	486	1063	486	1	545459
535	1133	486	1090	482	1074	486	1063	486	1070	0	546533
536	486	1090	482	1074	486	1063	486	1070	487	1	547019
537	1090	482	1074	486	1063	486	1070	487	1089	0	548082
538	482	1074	486	1063	486	1070	487	1089	490	1	548568
539	1074	486	1063	486	1070	487	1089	490	1105	0	549638
540	486	1063	486	1070	487	1089	490	1105	491	1	550125
541	1063	486	1070	487	1089	490	1105	491	1124	0	551214
542	486	1070	487	1089	490	1105	491	1124	490	1	551704
543	1070	487	1089	490	1105	491	1124	490	1168	0	552809
544	487	1089	490	1105	491	1124	490	1168	494	1	553300
545	1089	490	1105	491	1124	490	1168	494	1167	0	554424
546	490	1105	491	1124	490	1168	494	1167	498	1	554914
547	1105	491	1124	490	1168	494	1167	498	1203	0	556082
548	491	1124	490	1168	494	1167	498	1203	490	1	556576
549	1124	490	1168	494	1167	498	1203	490	1206	0	557743
550	490	1168	494	1167	498	1203	490	1206	490	1	558241
551	1168	494	1167	498	1203	490	1206	490	1210	0	559444
552	494	1167	498	1203	490	1206	490	1210	483	1	559934
553	1167	498	1203	490	1206	490	1210	483	1214	0	561140
554	498	1203	490	1206	490	1210	483	1214	490	1	561630
555	1203	490	1206	490	1210	483	1214	490	1183	0	562840
556	490	1206	490	1210	483	1214	490	1183	483	1	563323
557	1206	490	1210	483	1214	490	1183	483	1190	0	564537
558	490	1210	483	1214	490	1183	483	1190	487	1	565027
559	1210	483	1214	490	1183	483	1190	487	1171	0	566210
560	483	1214	490	1183	483	1190	487	1171	482	1	566693
561	1214	490	1183	483	1190	487	1171	482	1168	0	567883
562	490	1183	483	1190	487	1171	482	1168	478	1	568370
563	1183	483	1190	487	1171	482	1168	478	1171	0	569541
564	483	1190	487	1171	482	1168	478	1171	487	1	570023
565	1190	487	1171	482	1168	478	1171	487	1148	0	571191
566	487	1171	482	1168	478	1171	487	1148	478	1	571669
567	1171	482	1168	478	1171	487	1148	478	1144	0	572840
568	482	1168	478	1171	487	1148	478	1144	483	1	573327
569	1168	478	1171	487	1148	478	1144	483	1124	0	574475
570	478	1171	487	1148	478	1144	483	1124	479	1	574953
571	1171	487	1148	478	1144	483	1124	479	1109	0	576097
572	487	1148	478	1144	483	1124	479	1109	478	1	576580
573	1148	478	1144	483	1124	479	1109	478	1105	0	577704
574	478	1144	483	1124	479	1109	478	1105	483	1	578183
575	1144	483	1124	479	1109	478	1105	483	1097	0	579292
576	483	1124	479	1109	478	1105	483	1097	475	1	579770
577	1124	479	1109	478	1105	483	1097	475	1124	0	580875
578	479	1109	478	1105	483	1097	475	1124	479	1	581358
579	1109	478	1105	483	1097	475	1124	479	1160	0	582455
580	478	1105	483	1097	475	1124	479	1160	482	1	582930
581	1105	483	1097	475	1124	479	1160	482	1171	0	584054
582	483	1097	475	1124	479	1160	482	1171	475	1	584533
583	1097	475	1124	479	1160	482	1171	475	1198	0	585693
584	475	1124	479	1160	482	1171	475	1198	483	1	586175
585	1124	479	1160	482	1171	475	1198	483	1198	0	587346
586	479	1160	482	1171	475	1198	483	1198	479	1	587821
587	1160	482	1171	475	1198	483	1198	479	1214	0	589019
588	482	1171	475	1198	483	1198	479	1214	479	1	589502
589	1171	475	1198	483	1198	479	1214	479	1237	0	590700
590	475	1198	483	1198	479	1214	479	1237	479	1	591179
591	1198	483	1198	479	1214	479	1237	479	1245	0	592393
592	483	1198	479	1214	479	1237	479	1245	478	1	592872
593	1198	479	1214	479	1237	479	1245	478	1269	0	594109
594	479	1214	479	1237	479	1245	478	1269	486	1	594588
595	1214	479	1237	479	1245	478	1269	486	1253	0	595833
596	479	1237	479	1245	478	1269	486	1253	483	1	596311
597	1237	479	1245	478	1269	486	1253	483	1256	0	597580
598	479	1245	478	1269	486	1253	483	1256	491	1	598066
599	1245	478	1269	486	1253	483	1256	491	1241	0	599319
600	478	1269	486	1253	483	1256	491	1241	482	1	599802
601	1269	486	1253	483	1256	491	1241	482	1249	0	601058
602	486	1253	483	1256	491	1241	482	1249	487	1	601549
603	1253	483	1256	491	1241	482	1249	487	1257	0	602790
604	483	1256	491	1241	482	1249	487	1257	486	1	603272
605	1256	491	1241	482	1249	487	1257	486	1292	0	604521
606	491	1241	482	1249	487	1257	486	1292	486	1	605008
607	1241	482	1249	487	1257	486	1292	486	1319	0	606265
608	482	1249	487	1257	486	1292	486	1319	479	1	606751
609	1249	487	1257	486	1292	486	1319	479	1327	0	608043
610	487	1257	486	1292	486	1319	479	1327	498	1	608529
611	1257	486	1292	486	1319	479	1327	498	1338	0	609848
612	486	1292	486	1319	479	1327	498	1338	487	1	610327
613	1292	486	1319	479	1327	498	1338	487	1334	0	611654
614	486	1319	479	1327	498	1338	487	1334	938	1	612152
615	1319	479	1327	498	1338	487	1334	938	957	0	613490
616	479	1327	498	1338	487	1334	938	957	954	1	613977
617	1327	498	1338	487	1334	938	957	954	965	0	615311
618	498	1338	487	1334	938	957	954	965	980	0	616249
619	1338	487	1334	938	957	954	965	980	1000	0	617206
620	487	1334	938	957	954	965	980	1000	1066	0	618160
621	1334	938	957	954	965	980	1000	1066	1082	0	619125
622	938	957	954	965	980	1000	1066	1082	1031	0	620105
623	957	954	965	980	1000	1066	1082	1031	1016	0	621105
624	954	965	980	1000	1066	1082	1031	1016	1015	0	622171
625	965	980	1000	1066	1082	1031	1016	1015	1004	0	623253
626	980	1000	1066	1082	1031	1016	1015	1004	1004	0	624284
627	1000	1066	1082	1031	1016	1015	1004	1004	1000	0	625300
628	1066	1082	1031	1016	1015	1004	1004	1000	1004	0	626315
629	1082	1031	1016	1015	1004	1004	1000	1004	980	0	627319
630	1031	1016	1015	1004	1004	1000	1004	980	985	0	628323
631	1016	1015	1004	1004	1000	1004	980	985	984	0	629323
632	1015	1004	1004	1000	1004	980	985	984	977	0	630327
633	1004	1004	1000	1004	980	985	984	977	969	0	631307
634	1004	1000	1004	980	985	984	977	969	969	0	632292
635	1000	1004	980	985	984	977	969	969	949	0	633276
636	1004	980	985	984	977	969	969	949	961	0	634253
637	980	985	984	977	969	969	949	961	957	0	635222
638	985	984	977	969	969	949	961	957	946	0	636191
639	984	977	969	969	949	961	957	946	957	0	637140
640	977	969	969	949	961	957	946	957	957	0	638101
641	969	969	949	961	957	946	957	957	946	0	639058
642	969	949	961	957	946	957	957	946	949	0	640004
643	949	961	957	946	957	957	946	949	946	0	640961
644	961	957	946	957	957	946	949	946	949	0	641918
645	957	946	957	957	946	949	946	949	934	0	642864
646	946	957	957	946	949	946	949	934	957	0	643813
647	957	957	946	949	946	949	934	957	954	0	644759
648	957	946	949	946	949	934	957	954	957	0	645708
649	946	949	946	949	934	957	954	957	972	0	646642
650	949	946	949	934	957	954	957	972	977	0	647599
651	946	949	934	957	954	957	972	977	973	0	648553
652	949	934	957	954	957	972	977	973	973	0	649510
653	934	957	954	957	972	977	973	973	961	0	650482
654	957	954	957	972	977	973	973	961	976	0	651459
655	954	957	972	977	973	973	961	976	973	0	652432
656	957	972	977	973	973	961	976	973	965	0	653405
657	972	977	973	973	961	976	973	965	981	0	654366
658	977	973	973	961	976	973	965	981	988	0	655342
659	973	973	961	976	973	965	981	988	973	0	656315
660	973	961	976	973	965	981	988	973	949	0	657280
661	961	976	973	965	981	988	973	949	981	0	658261
662	976	973	965	981	988	973	949	981	980	0	659249
663	973	965	981	988	973	949	981	980	954	0	660222
664	965	981	988	973	949	981	980	954	953	0	661171
665	981	988	973	949	981	980	954	953	957	0	662152
666	988	973	949	981	980	954	953	957	953	0	663132
667	973	949	981	980	954	953	957	953	923	0	664086
668	949	981	980	954	953	957	953	923	941	0	665039
669	981	980	954	953	957	953	923	941	942	0	665996
670	980	954	953	957	953	923	941	942	953	0	666949
671	954	953	957	953	923	941	942	953	926	0	667872
672	953	957	953	923	941	942	953	926	938	0	668813
673	957	953	923	941	942	953	926	938	953	0	669755
674	953	923	941	942	953	926	938	953	961	0	670708
675	923	941	942	953	926	938	953	961	961	0	671634
676	941	942	953	926	938	953	961	961	923	0	672572
677	942	953	926	938	953	961	961	923	961	0	673525
678	953	926	938	953	961	961	923	961	969	0	674486
679	926	938	953	961	961	923	961	969	941	0	675447
680	938	953	961	961	923	961	969	941	938	0	676370
681	953	961	961	923	961	969	941	938	957	0	677331
682	961	961	923	961	969	941	938	957	981	0	678300
683	961	923	961	969	941	938	957	981	976	0	679241
684	923	961	969	941	938	957	981	976	969	0	680179
685	961	969	941	938	957	981	976	969	934	0	681136
686	969	941	938	957	981	976	969	934	942	0	682117
687	941	938	957	981	976	969	934	942	973	0	683093
688	938	957	981	976	969	934	942	973	957	0	684062
689	957	981	976	969	934	942	973	957	972	0	684996
690	981	976	969	934	942	973	957	972	938	0	685938
691	976	969	934	942	973	957	972	938	1043	0	686911
692	969	934	942	973	957	972	938	1043	984	0	687868
693	934	942	973	957	972	938	1043	984	973	0	688840
694	942	973	957	972	938	1043	984	973	1008	0	689778
695	973	957	972	938	1043	984	973	1008	1023	0	690821
696	957	972	938	1043	984	973	1008	1023	1020	0	691805
697	972	938	1043	984	973	1008	1023	1020	1008	0	692778
698	938	1043	984	973	1008	1023	1020	1008	1035	0	693786
699	1043	984	973	1008	1023	1020	1008	1035	1042	0	694809
700	984	973	1008	1023	1020	1008	1035	1042	1016	0	695829
701	973	1008	1023	1020	1008	1035	1042	1016	1023	0	696837
702	1008	1023	1020	1008	1035	1042	1016	1023	1035	0	697872
703	1023	1020	1008	1035	1042	1016	1023	1035	1020	0	698914
704	1020	1008	1035	1042	1016	1023	1035	1020	988	0	699930
705	1008	1035	1042	1016	1023	1035	1020	988	1004	0	700953
706	1035	1042	1016	1023	1035	1020	988	1004	988	0	701988
707	1042	1016	1023	1035	1020	988	1004	988	993	0	703008
708	1016	1023	1035	1020	988	1004	988	993	957	0	703996
709	1023	1035	1020	988	1004	988	993	957	976	0	705000
710	1035	1020	988	1004	988	993	957	976	989	0	705988
711	1020	988	1004	988	993	957	976	989	976	0	706981
712	988	1004	988	993	957	976	989	976	977	0	707938
713	1004	988	993	957	976	989	976	977	957	0	708914
714	988	993	957	976	989	976	977	957	1004	0	709903
715	993	957	976	989	976	977	957	1004	996	0	710879
716	957	976	989	976	977	957	1004	996	992	0	711856
717	976	989	976	977	957	1004	996	992	1004	0	712813
718	989	976	977	957	1004	996	992	1004	1031	0	713817
719	976	977	957	1004	996	992	1004	1031	1012	0	714813
720	977	957	1004	996	992	1004	1031	1012	1004	0	715805
721	957	1004	996	992	1004	1031	1012	1004	1027	0	716809
722	1004	996	992	1004	1031	1012	1004	1027	1016	0	717840
723	996	992	1004	1031	1012	1004	1027	1016	1015	0	718852
724	992	1004	1031	1012	1004	1027	1016	1015	1024	0	719856
725	1004	1031	1012	1004	1027	1016	1015	1024	1004	0	720883
726	1031	1012	1004	1027	1016	1015	1024	1004	972	0	721899
727	1012	1004	1027	1016	1015	1024	1004	972	997	0	722914
728	1004	1027	1016	1015	1024	1004	972	997	992	0	723938
729	1027	1016	1015	1024	1004	972	997	992	957	0	724942
730	1016	1015	1024	1004	972	997	992	957	934	0	725914
731	1015	1024	1004	972	997	992	957	934	957	0	726911
732	1024	1004	972	997	992	957	934	957	965	0	727903
733	1004	972	997	992	957	934	957	965	957	0	728860
734	972	997	992	957	934	957	965	957	946	0	729794
735	997	992	957	934	957	965	957	946	934	0	730751
736	992	957	934	957	965	957	946	934	972	0	731716
737	957	934	957	965	957	946	934	972	981	0	732673
738	934	957	965	957	946	934	972	981	961	0	733619
739	957	965	957	946	934	972	981	961	942	0	734553
740	965	957	946	934	972	981	961	942	992	0	735525
741	957	946	934	972	981	961	942	992	1015	0	736506
742	946	934	972	981	961	942	992	1015	989	0	737467
743	934	972	981	961	942	992	1015	989	984	0	738409
744	972	981	961	942	992	1015	989	984	1004	0	739401
745	981	961	942	992	1015	989	984	1004	996	0	740416
746	961	942	992	1015	989	984	1004	996	981	0	741405
747	942	992	1015	989	984	1004	996	981	992	0	742389
748	992	1015	989	984	1004	996	981	992	1004	0	743393
749	1015	989	984	1004	996	981	992	1004	996	0	744389
750	989	984	1004	996	981	992	1004	996	1008	0	745370
751	984	1004	996	981	992	1004	996	1008	1027	0	746362
752	1004	996	981	992	1004	996	1008	1027	1023	0	747366
753	996	981	992	1004	996	1008	1027	1023	1004	0	748362
754	981	992	1004	996	1008	1027	1023	1004	1016	0	749370
755	992	1004	996	1008	1027	1023	1004	1016	1035	0	750397
756	1004	996	1008	1027	1023	1004	1016	1035	1031	0	751420
757	996	1008	1027	1023	1004	1016	1035	1031	969	0	752424
758	1008	1027	1023	1004	1016	1035	1031	969	988	0	753440
759	1027	1023	1004	1016	1035	1031	969	988	992	0	754475
760	1023	1004	1016	1035	1031	969	988	992	973	0	755506
761	1004	1016	1035	1031	969	988	992	973	961	0	756475
762	1016	1035	1031	969	988	992	973	961	1066	0	757463
763	1035	1031	969	988	992	973	961	1066	985	0	758455
764	1031	969	988	992	973	961	1066	985	988	0	759428
765	969	988	992	973	961	1066	985	988	949	0	760389
766	988	992	973	961	1066	985	988	949	985	0	761455
767	992	973	961	1066	985	988	949	985	996	0	762440
768	973	961	1066	985	988	949	985	996	992	0	763428
769	961	1066	985	988	949	985	996	992	965	0	764377
770	1066	985	988	949	985	996	992	965	965	0	765362
771	985	988	949	985	996	992	965	965	1004	0	766358
772	988	949	985	996	992	965	965	1004	1074	0	767350
773	949	985	996	992	965	965	1004	1074	953	0	768315
774	985	996	992	965	965	1004	1074	953	961	0	769280
775	996	992	965	965	1004	1074	953	961	989	0	770284
776	992	965	965	1004	1074	953	961	989	1004	0	771358
777	965	965	1004	1074	953	961	989	1004	1011	0	772311
778	965	1004	1074	953	961	989	1004	1011	977	0	773272
779	1004	1074	953	961	989	1004	1011	977	949	0	774261
780	1074	953	961	989	1004	1011	977	949	993	0	775265
781	953	961	989	1004	1011	977	949	993	988	0	776276
782	961	989	1004	1011	977	949	993	988	996	0	777253
783	989	1004	1011	977	949	993	988	996	946	0	778202
784	1004	1011	977	949	993	988	996	946	976	0	779195
785	1011	977	949	993	988	996	946	976	973	0	780183
786	977	949	993	988	996	946	976	973	953	0	781179
787	949	993	988	996	946	976	973	953	922	0	782125
788	993	988	996	946	976	973	953	922	958	0	783101
789	988	996	946	976	973	953	922	958	972	0	784074
790	996	946	976	973	953	922	958	972	973	0	785027
791	946	976	973	953	922	958	972	973	965	0	785949
792	976	973	953	922	958	972	973	965	942	0	786907
793	973	953	922	958	972	973	965	942	992	0	787879
794	953	922	958	972	973	965	942	992	1008	0	788852
795	922	958	972	973	965	942	992	1008	1031	0	789817
796	958	972	973	965	942	992	1008	1031	988	0	790759
797	972	973	965	942	992	1008	1031	988	969	0	791751
798	973	965	942	992	1008	1031	988	969	1012	0	792759
799	965	942	992	1008	1031	988	969	1012	1008	0	793790
800	942	992	1008	1031	988	969	1012	1008	988	0	794778
801	992	1008	1031	988	969	1012	1008	988	957	0	795747
802	1008	1031	988	969	1012	1008	988	957	992	0	796759
803	1031	988	969	1012	1008	988	957	992	1004	0	797767
804	988	969	1012	1008	988	957	992	1004	1000	0	798755
805	969	1012	1008	988	957	992	1004	1000	973	0	799712
806	1012	1008	988	957	992	1004	1000	973	945	0	800704
807	1008	988	957	992	1004	1000	973	945	1008	0	801708
808	988	957	992	1004	1000	973	945	1008	992	0	802708
809	957	992	1004	1000	973	945	1008	992	997	0	803681
810	992	1004	1000	973	945	1008	992	997	957	0	804626
811	1004	1000	973	945	1008	992	997	957	996	0	805634
812	1000	973	945	1008	992	997	957	996	1070	0	806626
813	973	945	1008	992	997	957	996	1070	988	0	807623
814	945	1008	992	997	957	996	1070	988	996	0	808580
815	1008	992	997	957	996	1070	988	996	1016	0	809576
816	992	997	957	996	1070	988	996	1016	1012	0	810646
817	997	957	996	1070	988	996	1016	1012	1031	0	811634
818	957	996	1070	988	996	1016	1012	1031	969	0	812630
819	996	1070	988	996	1016	1012	1031	969	984	0	813646
820	1070	988	996	1016	1012	1031	969	984	992	0	814658
821	988	996	1016	1012	1031	969	984	992	1004	0	815689
822	996	1016	1012	1031	969	984	992	1004	981	0	816658
823	1016	1012	1031	969	984	992	1004	981	949	0	817642
824	1012	1031	969	984	992	1004	981	949	981	0	818634
825	1031	969	984	992	1004	981	949	981	1004	0	819638
826	969	984	992	1004	981	949	981	1004	1019	0	820619
827	984	992	1004	981	949	981	1004	1019	988	0	821568
828	992	1004	981	949	981	1004	1019	988	996	0	822549
829	1004	981	949	981	1004	1019	988	996	1032	0	823553
830	981	949	981	1004	1019	988	996	1032	1035	0	824572
831	949	981	1004	1019	988	996	1032	1035	984	0	825560
832	981	1004	1019	988	996	1032	1035	984	1000	0	826556
833	1004	1019	988	996	1032	1035	984	1000	1019	0	827588
834	1019	988	996	1032	1035	984	1000	1019	1004	0	828623
835	988	996	1032	1035	984	1000	1019	1004	958	0	829607
836	996	1032	1035	984	1000	1019	1004	958	1066	0	830607
837	1032	1035	984	1000	1019	1004	958	1066	992	0	831626
838	1035	984	1000	1019	1004	958	1066	992	1000	0	832630
839	984	1000	1019	1004	958	1066	992	1000	934	0	833588
840	1000	1019	1004	958	1066	992	1000	934	930	0	834654
841	1019	1004	958	1066	992	1000	934	930	1039	0	835646
842	1004	958	1066	992	1000	934	930	1039	957	0	836646
843	958	1066	992	1000	934	930	1039	957	988	0	837580
844	1066	992	1000	934	930	1039	957	988	934	0	838510
845	992	1000	934	930	1039	957	988	934	934	0	839549
846	1000	934	930	1039	957	988	934	934	1054	0	840506
847	934	930	1039	957	988	934	934	1054	993	0	841494
848	930	1039	957	988	934	934	1054	993	1015	0	842428
849	1039	957	988	934	934	1054	993	1015	981	0	843362
850	957	988	934	934	1054	993	1015	981	957	0	844416
851	988	934	934	1054	993	1015	981	957	1000	0	845409
852	934	934	1054	993	1015	981	957	1000	996	0	846424
853	934	1054	993	1015	981	957	1000	996	942	0	847405
854	1054	993	1015	981	957	1000	996	942	968	0	848362
855	993	1015	981	957	1000	996	942	968	981	0	849362
856	1015	981	957	1000	996	942	968	981	961	0	850358
857	981	957	1000	996	942	968	981	961	942	0	851300
858	957	1000	996	942	968	981	961	942	980	0	852268
859	1000	996	942	968	981	961	942	980	1020	0	853249
860	996	942	968	981	961	942	980	1020	1023	0	854210
861	942	968	981	961	942	980	1020	1023	1000	0	855152
862	968	981	961	942	980	1020	1023	1000	981	0	856132
863	981	961	942	980	1020	1023	1000	981	1042	0	857152
864	961	942	980	1020	1023	1000	981	1042	1043	0	858175
865	942	980	1020	1023	1000	981	1042	1043	1004	0	859175
866	980	1020	1023	1000	981	1042	1043	1004	988	0	860156
867	1020	1023	1000	981	1042	1043	1004	988	1039	0	861198
868	1023	1000	981	1042	1043	1004	988	1039	1020	0	862241
869	1000	981	1042	1043	1004	988	1039	1020	988	0	863245
870	981	1042	1043	1004	988	1039	1020	988	961	0	864233
871	1042	1043	1004	988	1039	1020	988	961	1008	0	865272
872	1043	1004	988	1039	1020	988	961	1008	1004	0	866292
873	1004	988	1039	1020	988	961	1008	1004	1012	0	867280
874	988	1039	1020	988	961	1008	1004	1012	953	0	868241
875	1039	1020	988	961	1008	1004	1012	953	1008	0	869249
876	1020	988	961	1008	1004	1012	953	1008	1000	0	870253
877	988	961	1008	1004	1012	953	1008	1000	961	0	871265
878	961	1008	1004	1012	953	1008	1000	961	961	0	872218
879	1008	1004	1012	953	1008	1000	961	961	1008	0	873226
880	1004	1012	953	1008	1000	961	961	1008	1004	0	874226
881	1012	953	1008	1000	961	961	1008	1004	1019	0	875187
882	953	1008	1000	961	961	1008	1004	1019	984	0	876148
883	1008	1000	961	961	1008	1004	1019	984	989	0	877156
884	1000	961	961	1008	1004	1019	984	989	1015	0	878160
885	961	961	1008	1004	1019	984	989	1015	1012	0	879179
886	961	1008	1004	1019	984	989	1015	1012	1000	0	880163
887	1008	1004	1019	984	989	1015	1012	1000	953	0	881152
888	1004	1019	984	989	1015	1012	1000	953	1008	0	882167
889	1019	984	989	1015	1012	1000	953	1008	1004	0	883179
890	984	989	1015	1012	1000	953	1008	1004	1089	0	884179
891	989	1015	1012	1000	953	1008	1004	1089	997	0	885132
892	1015	1012	1000	953	1008	1004	1089	997	988	0	886140
893	1012	1000	953	1008	1004	1089	997	988	1097	0	887144
894	1000	953	1008	1004	1089	997	988	1097	1008	0	888233
895	953	1008	1004	1089	997	988	1097	1008	1047	0	889230
896	1008	1004	1089	997	988	1097	1008	1047	996	0	890218
897	1004	1089	997	988	1097	1008	1047	996	961	0	891315
898	1089	997	988	1097	1008	1047	996	961	1105	0	892323
899	997	988	1097	1008	1047	996	961	1105	1000	0	893370
900	988	1097	1008	1047	996	961	1105	1000	1105	0	894366
901	1097	1008	1047	996	961	1105	1000	1105	992	0	895327
902	1008	1047	996	961	1105	1000	1105	992	996	0	896432
903	1047	996	961	1105	1000	1105	992	996	1125	0	897432
904	996	961	1105	1000	1105	992	996	1125	1000	0	898537
905	961	1105	1000	1105	992	996	1125	1000	1004	0	899529
906	1105	1000	1105	992	996	1125	1000	1004	980	0	900525
907	1000	1105	992	996	1125	1000	1004	980	977	0	901650
908	1105	992	996	1125	1000	1004	980	977	1004	0	902650
909	992	996	1125	1000	1004	980	977	1004	980	0	903654
910	996	1125	1000	1004	980	977	1004	980	950	0	904634
911	1125	1000	1004	980	977	1004	980	950	945	0	905611
912	1000	1004	980	977	1004	980	950	945	965	0	906615
913	1004	980	977	1004	980	950	945	965	969	0	907595
914	980	977	1004	980	950	945	965	969	969	0	908545
915	977	1004	980	950	945	965	969	969	1008	0	909490
916	1004	980	950	945	965	969	969	1008	1050	0	910455
917	980	950	945	965	969	969	1008	1050	1055	0	911424
918	950	945	965	969	969	1008	1050	1055	1019	0	912393
919	945	965	969	969	1008	1050	1055	1019	1109	0	913401
920	965	969	969	1008	1050	1055	1019	1109	1098	0	914451
921	969	969	1008	1050	1055	1019	1109	1098	1124	0	915506
922	969	1008	1050	1055	1019	1109	1098	1124	1082	0	916525
923	1008	1050	1055	1019	1109	1098	1124	1082	1062	0	917634
924	1050	1055	1019	1109	1098	1124	1082	1062	1062	0	918732
925	1055	1019	1109	1098	1124	1082	1062	1062	1078	0	919856
926	1019	1109	1098	1124	1082	1062	1062	1078	1055	0	920938
927	1109	1098	1124	1082	1062	1062	1078	1055	1019	0	922000
928	1098	1124	1082	1062	1062	1078	1055	1019	1043	0	923062
929	1124	1082	1062	1062	1078	1055	1019	1043	1050	0	924140
930	1082	1062	1062	1078	1055	1019	1043	1050	1059	0	925195
931	1062	1062	1078	1055	1019	1043	1050	1059	1031	0	926214
932	1062	1078	1055	1019	1043	1050	1059	1031	1027	0	927257
933	1078	1055	1019	1043	1050	1059	1031	1027	1148	0	928307
934	1055	1019	1043	1050	1059	1031	1027	1148	1074	0	929366
935	1019	1043	1050	1059	1031	1027	1148	1074	1089	0	930397
936	1043	1050	1059	1031	1027	1148	1074	1089	1067	0	931424
937	1050	1059	1031	1027	1148	1074	1089	1067	1085	0	932572
938	1059	1031	1027	1148	1074	1089	1067	1085	1097	0	933646
939	1031	1027	1148	1074	1089	1067	1085	1097	1094	0	934735
940	1027	1148	1074	1089	1067	1085	1097	1094	1058	0	935802
941	1148	1074	1089	1067	1085	1097	1094	1058	1047	0	936887
942	1074	1089	1067	1085	1097	1094	1058	1047	1097	0	937984
943	1089	1067	1085	1097	1094	1058	1047	1097	1097	0	939078
944	1067	1085	1097	1094	1058	1047	1097	1097	1082	0	940136
945	1085	1097	1094	1058	1047	1097	1097	1082	1070	0	941183
946	1097	1094	1058	1047	1097	1097	1082	1070	1039	0	942280
947	1094	1058	1047	1097	1097	1082	1070	1039	1074	0	943377
948	1058	1047	1097	1097	1082	1070	1039	1074	1062	0	944459
949	1047	1097	1097	1082	1070	1039	1074	1062	1063	0	945529
950	1097	1097	1082	1070	1039	1074	1062	1063	1035	0	946568
951	1097	1082	1070	1039	1074	1062	1063	1035	1035	0	947642
952	1082	1070	1039	1074	1062	1063	1035	1035	1058	0	948704
953	1070	1039	1074	1062	1063	1035	1035	1058	1047	0	949767
954	1039	1074	1062	1063	1035	1035	1058	1047	1066	0	950802
955	1074	1062	1063	1035	1035	1058	1047	1066	1023	0	951837
956	1062	1063	1035	1035	1058	1047	1066	1023	1027	0	952895
957	1063	1035	1035	1058	1047	1066	1023	1027	1039	0	953942
958	1035	1035	1058	1047	1066	1023	1027	1039	1043	0	955008
959	1035	1058	1047	1066	1023	1027	1039	1043	1016	0	956031
960	1058	1047	1066	1023	1027	1039	1043	1016	996	0	957058
961	1047	1066	1023	1027	1039	1043	1016	996	1050	0	958097
962	1066	1023	1027	1039	1043	1016	996	1050	1070	0	959140
963	1023	1027	1039	1043	1016	996	1050	1070	1070	0	960156
964	1027	1039	1043	1016	996	1050	1070	1070	1059	0	961152
965	1039	1043	1016	996	1050	1070	1070	1059	1081	0	962202
966	1043	1016	996	1050	1070	1070	1059	1081	1094	0	963272
967	1016	996	1050	1070	1070	1059	1081	1094	1078	0	964342
968	996	1050	1070	1070	1059	1081	1094	1078	1058	0	965401
969	1050	1070	1070	1059	1081	1094	1078	1058	1086	0	966482
970	1070	1070	1059	1081	1094	1078	1058	1086	1081	0	967576
971	1070	1059	1081	1094	1078	1058	1086	1081	1067	0	968654
972	1059	1081	1094	1078	1058	1086	1081	1067	1038	0	969712
973	1081	1094	1078	1058	1086	1081	1067	1038	1051	0	970798
974	1094	1078	1058	1086	1081	1067	1038	1051	1035	0	971879
975	1078	1058	1086	1081	1067	1038	1051	1035	1023	0	972946
976	1058	1086	1081	1067	1038	1051	1035	1023	1012	0	973984
977	1086	1081	1067	1038	1051	1035	1023	1012	1035	0	975035
978	1081	1067	1038	1051	1035	1023	1012	1035	1055	0	976070
979	1067	1038	1051	1035	1023	1012	1035	1055	1027	0	977093
980	1038	1051	1035	1023	1012	1035	1055	1027	1027	0	978105
981	1051	1035	1023	1012	1035	1055	1027	1027	1047	0	979140
982	1035	1023	1012	1035	1055	1027	1027	1047	1054	0	980195
983	1023	1012	1035	1055	1027	1027	1047	1054	1016	0	981222
984	1012	1035	1055	1027	1027	1047	1054	1016	1027	0	982249
985	1035	1055	1027	1027	1047	1054	1016	1027	1047	0	983296
986	1055	1027	1027	1047	1054	1016	1027	1047	1046	0	984350
987	1027	1027	1047	1054	1016	1027	1047	1046	1032	0	985366
988	1027	1047	1054	1016	1027	1047	1046	1032	996	0	986393
989	1047	1054	1016	1027	1047	1046	1032	996	1050	0	987440
990	1054	1016	1027	1047	1046	1032	996	1050	1125	0	988486
991	1016	1027	1047	1046	1032	996	1050	1125	1031	0	989518
992	1027	1047	1046	1032	996	1050	1125	1031	1004	0	990514
993	1047	1046	1032	996	1050	1125	1031	1004	1105	0	991564
994	1046	1032	996	1050	1125	1031	1004	1105	1031	0	992689
995	1032	996	1050	1125	1031	1004	1105	1031	1105	0	993720
996	996	1050	1125	1031	1004	1105	1031	1105	973	0	994724
997	1050	1125	1031	1004	1105	1031	1105	973	1113	0	995829
998	1125	1031	1004	1105	1031	1105	973	1113	1038	0	996860
999	1031	1004	1105	1031	1105	973	1113	1038	1039	0	997965
1000	1004	1105	1031	1105	973	1113	1038	1039	993	0	998938
1001	1105	1031	1105	973	1113	1038	1039	993	1004	0	1000051
1002	1031	1105	973	1113	1038	1039	993	1004	1101	0	1001089
1003	1105	973	1113	1038	1039	993	1004	1101	1015	0	1002128
1004	973	1113	1038	1039	993	1004	1101	1015	1000	0	1003121
1005	1113	1038	1039	993	1004	1101	1015	1000	981	0	1004125
1006	1038	1039	993	1004	1101	1015	1000	981	1120	0	1005226
1007	1039	993	1004	1101	1015	1000	981	1120	1035	0	1006241
1008	993	1004	1101	1015	1000	981	1120	1035	1028	0	1007241
1009	1004	1101	1015	1000	981	1120	1035	1028	1015	0	1008222
1010	1101	1015	1000	981	1120	1035	1028	1015	1035	0	1009342
1011	1015	1000	981	1120	1035	1028	1015	1035	1031	0	1010377
1012	1000	981	1120	1035	1028	1015	1035	1031	1004	0	1011405
1013	981	1120	1035	1028	1015	1035	1031	1004	1016	0	1012420
1014	1120	1035	1028	1015	1035	1031	1004	1016	1035	0	1013455
1015	1035	1028	1015	1035	1031	1004	1016	1035	1015	0	1014486
1016	1028	1015	1035	1031	1004	1016	1035	1015	989	0	1015490
1017	1015	1035	1031	1004	1016	1035	1015	989	1093	0	1016506
1018	1035	1031	1004	1016	1035	1015	989	1093	1012	0	1017541
1019	1031	1004	1016	1035	1015	989	1093	1012	1031	0	1018556
1020	1004	1016	1035	1015	989	1093	1012	1031	980	0	1019545
1021	1016	1035	1015	989	1093	1012	1031	980	965	0	1020638
1022	1035	1015	989	1093	1012	1031	980	965	1082	0	1021650
1023	1015	989	1093	1012	1031	980	965	1082	1035	0	1022681
1024	989	1093	1012	1031	980	965	1082	1035	1043	0	1023661
1025	1093	1012	1031	980	965	1082	1035	1043	1008	0	1024626
1026	1012	1031	980	965	1082	1035	1043	1008	1046	0	1025708
1027	1031	980	965	1082	1035	1043	1008	1046	1051	0	1026743
1028	980	965	1082	1035	1043	1008	1046	1051	1031	0	1027786
1029	965	1082	1035	1043	1008	1046	1051	1031	1070	0	1028794
1030	1082	1035	1043	1008	1046	1051	1031	1070	1070	0	1029840
1031	1035	1043	1008	1046	1051	1031	1070	1070	1051	0	1030891
1032	1043	1008	1046	1051	1031	1070	1070	1051	1050	0	1031922
1033	1008	1046	1051	1031	1070	1070	1051	1050	1090	0	1032992
1034	1046	1051	1031	1070	1070	1051	1050	1090	1070	0	1034062
1035	1051	1031	1070	1070	1051	1050	1090	1070	1031	0	1035113
1036	1031	1070	1070	1051	1050	1090	1070	1031	1016	0	1036163
1037	1070	1070	1051	1050	1090	1070	1031	1016	1042	0	1037253
1038	1070	1051	1050	1090	1070	1031	1016	1042	1043	0	1038323
1039	1051	1050	1090	1070	1031	1016	1042	1043	1012	0	1039354
1040	1050	1090	1070	1031	1016	1042	1043	1012	996	0	1040370
1041	1090	1070	1031	1016	1042	1043	1012	996	1023	0	1041412
1042	1070	1031	1016	1042	1043	1012	996	1023	1020	0	1042455
1043	1031	1016	1042	1043	1012	996	1023	1020	996	0	1043467
1044	1016	1042	1043	1012	996	1023	1020	996	980	0	1044463
1045	1042	1043	1012	996	1023	1020	996	980	1024	0	1045486
1046	1043	1012	996	1023	1020	996	980	1024	1031	0	1046506
1047	1012	996	1023	1020	996	980	1024	1031	988	0	1047502
1048	996	1023	1020	996	980	1024	1031	988	1043	0	1048482
1049	1023	1020	996	980	1024	1031	988	1043	1043	0	1049506
1050	1020	996	980	1024	1031	988	1043	1043	1027	0	1050537
1051	996	980	1024	1031	988	1043	1043	1027	1004	0	1051525
1052	980	1024	1031	988	1043	1043	1027	1004	1058	0	1052568
1053	1024	1031	988	1043	1043	1027	1004	1058	1055	0	1053611
1054	1031	988	1043	1043	1027	1004	1058	1055	1039	0	1054638
1055	988	1043	1043	1027	1004	1058	1055	1039	1011	0	1055642
1056	1043	1043	1027	1004	1058	1055	1039	1011	1063	0	1056700
1057	1043	1027	1004	1058	1055	1039	1011	1063	1070	0	1057755
1058	1027	1004	1058	1055	1039	1011	1063	1070	1043	0	1058794
1059	1004	1058	1055	1039	1011	1063	1070	1043	1015	0	1059805
1060	1058	1055	1039	1011	1063	1070	1043	1015	1055	0	1060868
1061	1055	1039	1011	1063	1070	1043	1015	1055	1054	0	1061938
1062	1039	1011	1063	1070	1043	1015	1055	1054	1027	0	1062981
1063	1011	1063	1070	1043	1015	1055	1054	1027	1000	0	1063996
1064	1063	1070	1043	1015	1055	1054	1027	1000	1047	0	1065051
1065	1070	1043	1015	1055	1054	1027	1000	1047	1047	0	1066105
1066	1043	1015	1055	1054	1027	1000	1047	1047	1050	0	1067132
1067	1015	1055	1054	1027	1000	1047	1047	1050	1004	0	1068132
1068	1055	1054	1027	1000	1047	1047	1050	1004	1047	0	1069179
1069	1054	1027	1000	1047	1047	1050	1004	1047	1054	0	1070226
1070	1027	1000	1047	1047	1050	1004	1047	1054	1066	0	1071276
1071	1000	1047	1047	1050	1004	1047	1054	1066	1032	0	1072280
1072	1047	1047	1050	1004	1047	1054	1066	1032	1019	0	1073327
1073	1047	1050	1004	1047	1054	1066	1032	1019	1035	0	1074381
1074	1050	1004	1047	1054	1066	1032	1019	1035	1043	0	1075447
1075	1004	1047	1054	1066	1032	1019	1035	1043	1047	0	1076479
1076	1047	1054	1066	1032	1019	1035	1043	1047	992	0	1077498
1077	1054	1066	1032	1019	1035	1043	1047	992	992	0	1078533
1078	1066	1032	1019	1035	1043	1047	992	992	1113	0	1079576
1079	1032	1019	1035	1043	1047	992	992	1113	1039	0	1080623
1080	1019	1035	1043	1047	992	992	1113	1039	1035	0	1081615
1081	1035	1043	1047	992	992	1113	1039	1035	1011	0	1082607
1082	1043	1047	992	992	1113	1039	1035	1011	1078	0	1083720
1083	1047	992	992	1113	1039	1035	1011	1078	1070	0	1084759
1084	992	992	1113	1039	1035	1011	1078	1070	1047	0	1085794
1085	992	1113	1039	1035	1011	1078	1070	1047	1031	0	1086805
1086	1113	1039	1035	1011	1078	1070	1047	1031	1055	0	1087883
1087	1039	1035	1011	1078	1070	1047	1031	1055	1062	0	1088953
1088	1035	1011	1078	1070	1047	1031	1055	1062	1039	0	1090000
1089	1011	1078	1070	1047	1031	1055	1062	1039	1011	0	1091031
1090	1078	1070	1047	1031	1055	1062	1039	1011	1043	0	1092086
1091	1070	1047	1031	1055	1062	1039	1011	1043	1047	0	1093148
1092	1047	1031	1055	1062	1039	1011	1043	1047	1047	0	1094187
1093	1031	1055	1062	1039	1011	1043	1047	1047	1004	0	1095198
1094	1055	1062	1039	1011	1043	1047	1047	1004	1031	0	1096241
1095	1062	1039	1011	1043	1047	1047	1004	1031	1046	0	1097288
1096	1039	1011	1043	1047	1047	1004	1031	1046	1024	0	1098335
1097	1011	1043	1047	1047	1004	1031	1046	1024	988	0	1099339
1098	1043	1047	1047	1004	1031	1046	1024	988	1016	0	1100370
1099	1047	1047	1004	1031	1046	1024	988	1016	1023	0	1101416
1100	1047	1004	1031	1046	1024	988	1016	1023	1023	0	1102440
1101	1004	1031	1046	1024	988	1016	1023	1023	1004	0	1103428
1102	1031	1046	1024	988	1016	1023	1023	1004	1109	0	1104444
1103	1046	1024	988	1016	1023	1023	1004	1109	1023	0	1105467
1104	1024	988	1016	1023	1023	1004	1109	1023	1024	0	1106490
1105	988	1016	1023	1023	1004	1109	1023	1024	1054	0	1107494
1106	1016	1023	1023	1004	1109	1023	1024	1054	1059	0	1108603
1107	1023	1023	1004	1109	1023	1024	1054	1059	1058	0	1109626
1108	1023	1004	1109	1023	1024	1054	1059	1058	1023	0	1110650
1109	1004	1109	1023	1024	1054	1059	1058	1023	1039	0	1111704
1110	1109	1023	1024	1054	1059	1058	1023	1039	1047	0	1112763
1111	1023	1024	1054	1059	1058	1023	1039	1047	1035	0	1113821
1112	1024	1054	1059	1058	1023	1039	1047	1035	1000	0	1114844
1113	1054	1059	1058	1023	1039	1047	1035	1000	977	0	1115883
1114	1059	1058	1023	1039	1047	1035	1000	977	1015	0	1116930
1115	1058	1023	1039	1047	1035	1000	977	1015	1012	0	1117965
1116	1023	1039	1047	1035	1000	977	1015	1012	992	0	1118965
1117	1039	1047	1035	1000	977	1015	1012	992	969	0	1119942
1118	1047	1035	1000	977	1015	1012	992	969	1019	0	1120957
1119	1035	1000	977	1015	1012	992	969	1019	1016	0	1121969
1120	1000	977	1015	1012	992	969	1019	1016	1012	0	1122961
1121	977	1015	1012	992	969	1019	1016	1012	992	0	1123930
1122	1015	1012	992	969	1019	1016	1012	992	1015	0	1124949
1123	1012	992	969	1019	1016	1012	992	1015	1028	0	1125965
1124	992	969	1019	1016	1012	992	1015	1028	996	0	1126977
1125	969	1019	1016	1012	992	1015	1028	996	980	0	1127969
1126	1019	1016	1012	992	1015	1028	996	980	1082	0	1128984
1127	1016	1012	992	1015	1028	996	980	1082	1004	0	1130012
1128	1012	992	1015	1028	996	980	1082	1004	1000	0	1131008
1129	992	1015	1028	996	980	1082	1004	1000	969	0	1131988
1130	1015	1028	996	980	1082	1004	1000	969	1000	0	1133070
1131	1028	996	980	1082	1004	1000	969	1000	1082	0	1134074
1132	996	980	1082	1004	1000	969	1000	1082	984	0	1135074
1133	980	1082	1004	1000	969	1000	1082	984	996	0	1136043
1134	1082	1004	1000	969	1000	1082	984	996	1035	0	1137043
1135	1004	1000	969	1000	1082	984	996	1035	1020	0	1138125
1136	1000	969	1000	1082	984	996	1035	1020	992	0	1139109
1137	969	1000	1082	984	996	1035	1020	992	1011	0	1140105
1138	1000	1082	984	996	1035	1020	992	1011	1098	0	1141140
1139	1082	984	996	1035	1020	992	1011	1098	1015	0	1142160
1140	984	996	1035	1020	992	1011	1098	1015	1008	0	1143152
1141	996	1035	1020	992	1011	1098	1015	1008	969	0	1144163
1142	1035	1020	992	1011	1098	1015	1008	969	1019	0	1145261
1143	1020	992	1011	1098	1015	1008	969	1019	946	0	1146276
1144	992	1011	1098	1015	1008	969	1019	946	895	0	1147284
1145	1011	1098	1015	1008	969	1019	946	895	887	0	1148253
1146	1098	1015	1008	969	1019	946	895	887	868	0	1149272
1147	1015	1008	969	1019	946	895	887	868	856	0	1150218
1148	1008	969	1019	946	895	887	868	856	852	0	1151113
1149	969	1019	946	895	887	868	856	852	871	0	1152000
1150	1019	946	895	887	868	856	852	871	997	0	1152868
1151	946	895	887	868	856	852	871	997	1081	0	1153724
1152	895	887	868	856	852	871	997	1081	1140	0	1154576
1153	887	868	856	852	871	997	1081	1140	1059	0	1155447
1154	868	856	852	871	997	1081	1140	1059	1062	0	1156444
1155	856	852	871	997	1081	1140	1059	1062	1163	0	1157525
1156	852	871	997	1081	1140	1059	1062	1163	1074	0	1158665
1157	871	997	1081	1140	1059	1062	1163	1074	1070	0	1159724
1158	997	1081	1140	1059	1062	1163	1074	1070	1032	0	1160786
1159	1081	1140	1059	1062	1163	1074	1070	1032	1066	0	1161949
1160	1140	1059	1062	1163	1074	1070	1032	1066	1046	0	1163023
1161	1059	1062	1163	1074	1070	1032	1066	1046	1028	0	1164093
1162	1062	1163	1074	1070	1032	1066	1046	1028	984	0	1165125
1163	1163	1074	1070	1032	1066	1046	1028	984	996	0	1166191
1164	1074	1070	1032	1066	1046	1028	984	996	992	0	1167237
1165	1070	1032	1066	1046	1028	984	996	992	969	0	1168265
1166	1032	1066	1046	1028	984	996	992	969	961	0	1169249
1167	1066	1046	1028	984	996	992	969	961	1074	0	1170245
1168	1046	1028	984	996	992	969	961	1074	1012	0	1171237
1169	1028	984	996	992	969	961	1074	1012	1031	0	1172206
1170	984	996	992	969	961	1074	1012	1031	1051	0	1173167
1171	996	992	969	961	1074	1012	1031	1051	1179	0	1174241
1172	992	969	961	1074	1012	1031	1051	1179	1046	0	1175253
1173	969	961	1074	1012	1031	1051	1179	1046	1063	0	1176284
1174	961	1074	1012	1031	1051	1179	1046	1063	1109	0	1177335
1175	1074	1012	1031	1051	1179	1046	1063	1109	1097	0	1178514
1176	1012	1031	1051	1179	1046	1063	1109	1097	1124	0	1179560
1177	1031	1051	1179	1046	1063	1109	1097	1124	1098	0	1180623
1178	1051	1179	1046	1063	1109	1097	1124	1098	1151	0	1181732
1179	1179	1046	1063	1109	1097	1124	1098	1151	1156	0	1182829
1180	1046	1063	1109	1097	1124	1098	1151	1156	1152	0	1183953
1181	1063	1109	1097	1124	1098	1151	1156	1152	1120	0	1185051
1182	1109	1097	1124	1098	1151	1156	1152	1120	1144	0	1186202
1183	1097	1124	1098	1151	1156	1152	1120	1144	1129	0	1187358
1184	1124	1098	1151	1156	1152	1120	1144	1129	1140	0	1188510
1185	1098	1151	1156	1152	1120	1144	1129	1140	1093	0	1189630
1186	1151	1156	1152	1120	1144	1129	1140	1093	1094	0	1190774
1187	1156	1152	1120	1144	1129	1140	1093	1094	1097	0	1191903
1188	1152	1120	1144	1129	1140	1093	1094	1097	1089	0	1193043
1189	1120	1144	1129	1140	1093	1094	1097	1089	1066	0	1194136
1190	1144	1129	1140	1093	1094	1097	1089	1066	1039	0	1195230
1191	1129	1140	1093	1094	1097	1089	1066	1039	1051	0	1196327
1192	1140	1093	1094	1097	1089	1066	1039	1051	1054	0	1197416
1193	1093	1094	1097	1089	1066	1039	1051	1054	1074	0	1198482
1194	1094	1097	1089	1066	1039	1051	1054	1074	1078	0	1199521
1195	1097	1089	1066	1039	1051	1054	1074	1078	1043	0	1200572
1196	1089	1066	1039	1051	1054	1074	1078	1043	1086	0	1201626
1197	1066	1039	1051	1054	1074	1078	1043	1086	1077	0	1202700
1198	1039	1051	1054	1074	1078	1043	1086	1077	1105	0	1203778
1199	1051	1054	1074	1078	1043	1086	1077	1105	1094	0	1204821
1200	1054	1074	1078	1043	1086	1077	1105	1094	1105	0	1205907
1201	1074	1078	1043	1086	1077	1105	1094	1105	1105	0	1206984
1202	1078	1043	1086	1077	1105	1094	1105	1105	1117	0	1208089
1203	1043	1086	1077	1105	1094	1105	1105	1117	1124	0	1209183
1204	1086	1077	1105	1094	1105	1105	1117	1124	1144	0	1210288
1205	1077	1105	1094	1105	1105	1117	1124	1144	1105	0	1211393
1206	1105	1094	1105	1105	1117	1124	1144	1105	1133	0	1212510
1207	1094	1105	1105	1117	1124	1144	1105	1133	1132	0	1213634
1208	1105	1105	1117	1124	1144	1105	1133	1132	1132	0	1214778
1209	1105	1117	1124	1144	1105	1133	1132	1132	1078	0	1215883
1210	1117	1124	1144	1105	1133	1132	1132	1078	1121	0	1217016
1211	1124	1144	1105	1133	1132	1132	1078	1121	1109	0	1218148
1212	1144	1105	1133	1132	1132	1078	1121	1109	1085	0	1219280
1213	1105	1133	1132	1132	1078	1121	1109	1085	1059	0	1220358
1214	1133	1132	1132	1078	1121	1109	1085	1059	1054	0	1221479
1215	1132	1132	1078	1121	1109	1085	1059	1054	1097	0	1222588
1216	1132	1078	1121	1109	1085	1059	1054	1097	1086	0	1223673
1217	1078	1121	1109	1085	1059	1054	1097	1086	1093	0	1224732
1218	1121	1109	1085	1059	1054	1097	1086	1093	1074	0	1225786
1219	1109	1085	1059	1054	1097	1086	1093	1074	1101	0	1226883
1220	1085	1059	1054	1097	1086	1093	1074	1101	1121	0	1227969
1221	1059	1054	1097	1086	1093	1074	1101	1121	1144	0	1229062
1222	1054	1097	1086	1093	1074	1101	1121	1144	1101	0	1230136
1223	1097	1086	1093	1074	1101	1121	1144	1101	1101	0	1231237
1224	1086	1093	1074	1101	1121	1144	1101	1101	1125	0	1232358
1225	1093	1074	1101	1121	1144	1101	1101	1125	1128	0	1233502
1226	1074	1101	1121	1144	1101	1101	1125	1128	1105	0	1234603
1227	1101	1121	1144	1101	1101	1125	1128	1105	1012	0	1235704
1228	1121	1144	1101	1101	1125	1128	1105	1012	988	0	1236829
1229	1144	1101	1101	1125	1128	1105	1012	988	996	0	1237957
1230	1101	1101	1125	1128	1105	1012	988	996	989	0	1239062
1231	1101	1125	1128	1105	1012	988	996	989	980	0	1240074
1232	1125	1128	1105	1012	988	996	989	980	965	0	1241062
1233	1128	1105	1012	988	996	989	980	965	1086	0	1242058
1234	1105	1012	988	996	989	980	965	1086	1047	0	1243047
1235	1012	988	996	989	980	965	1086	1047	1190	0	1244027
1236	988	996	989	980	965	1086	1047	1190	1047	0	1244992
1237	996	989	980	965	1086	1047	1190	1047	1136	0	1246078
1238	989	980	965	1086	1047	1190	1047	1136	1167	0	1247125
1239	980	965	1086	1047	1190	1047	1136	1167	1172	0	1248315
1240	965	1086	1047	1190	1047	1136	1167	1172	1128	0	1249362
1241	1086	1047	1190	1047	1136	1167	1172	1128	1136	0	1250498
1242	1047	1190	1047	1136	1167	1172	1128	1136	1132	0	1251665
1243	1190	1047	1136	1167	1172	1128	1136	1132	1117	0	1252837
1244	1047	1136	1167	1172	1128	1136	1132	1117	1109	0	1253965
1245	1136	1167	1172	1128	1136	1132	1117	1109	1070	0	1255101
1246	1167	1172	1128	1136	1132	1117	1109	1070	1090	0	1256233
1247	1172	1128	1136	1132	1117	1109	1070	1090	1074	0	1257350
1248	1128	1136	1132	1117	1109	1070	1090	1074	1074	0	1258459
1249	1136	1132	1117	1109	1070	1090	1074	1074	1073	0	1259529
1250	1132	1117	1109	1070	1090	1074	1074	1073	1047	0	1260619
1251	1117	1109	1070	1090	1074	1074	1073	1047	1043	0	1261693
1252	1109	1070	1090	1074	1074	1073	1047	1043	1136	0	1262767
1253	1070	1090	1074	1074	1073	1047	1043	1136	1055	0	1263840
1254	1090	1074	1074	1073	1047	1043	1136	1055	1179	0	1264887
1255	1074	1074	1073	1047	1043	1136	1055	1179	1112	0	1265930
1256	1074	1073	1047	1043	1136	1055	1179	1112	1117	0	1267066
1257	1073	1047	1043	1136	1055	1179	1112	1117	1234	0	1268121
1258	1047	1043	1136	1055	1179	1112	1117	1234	1148	0	1269300
1259	1043	1136	1055	1179	1112	1117	1234	1148	1190	0	1270412
1260	1136	1055	1179	1112	1117	1234	1148	1190	1156	0	1271529
1261	1055	1179	1112	1117	1234	1148	1190	1156	1171	0	1272763
1262	1179	1112	1117	1234	1148	1190	1156	1171	1163	0	1273911
1263	1112	1117	1234	1148	1190	1156	1171	1163	1164	0	1275101
1264	1117	1234	1148	1190	1156	1171	1163	1164	1132	0	1276257
1265	1234	1148	1190	1156	1171	1163	1164	1132	1140	0	1277428
1266	1148	1190	1156	1171	1163	1164	1132	1140	1117	0	1278591
1267	1190	1156	1171	1163	1164	1132	1140	1117	1101	0	1279755
1268	1156	1171	1163	1164	1132	1140	1117	1101	1082	0	1280887
1269	1171	1163	1164	1132	1140	1117	1101	1082	1089	0	1282027
1270	1163	1164	1132	1140	1117	1101	1082	1089	1090	0	1283144
1271	1164	1132	1140	1117	1101	1082	1089	1090	1159	0	1284245
1272	1132	1140	1117	1101	1082	1089	1090	1159	1035	0	1285327
1273	1140	1117	1101	1082	1089	1090	1159	1035	1070	0	1286416
1274	1117	1101	1082	1089	1090	1159	1035	1070	1183	0	1287506
1275	1101	1082	1089	1090	1159	1035	1070	1183	1078	0	1288665
1276	1082	1089	1090	1159	1035	1070	1183	1078	1082	0	1289700
1277	1089	1090	1159	1035	1070	1183	1078	1082	1050	0	1290770
1278	1090	1159	1035	1070	1183	1078	1082	1050	1098	0	1291953
1279	1159	1035	1070	1183	1078	1082	1050	1098	1105	0	1293031
1280	1035	1070	1183	1078	1082	1050	1098	1105	1066	0	1294113
1281	1070	1183	1078	1082	1050	1098	1105	1066	1066	0	1295163
1282	1183	1078	1082	1050	1098	1105	1066	1066	1113	0	1296261
1283	1078	1082	1050	1098	1105	1066	1066	1113	1101	0	1297366
1284	1082	1050	1098	1105	1066	1066	1113	1101	1090	0	1298432
1285	1050	1098	1105	1066	1066	1113	1101	1090	1081	0	1299498
1286	1098	1105	1066	1066	1113	1101	1090	1081	1175	0	1300611
1287	1105	1066	1066	1113	1101	1090	1081	1175	1078	0	1301712
1288	1066	1066	1113	1101	1090	1081	1175	1078	1082	0	1302802
1289	1066	1113	1101	1090	1081	1175	1078	1082	1074	0	1303883
1290	1113	1101	1090	1081	1175	1078	1082	1074	1101	0	1305058
1291	1101	1090	1081	1175	1078	1082	1074	1101	1093	0	1306136
1292	1090	1081	1175	1078	1082	1074	1101	1093	1067	0	1307218
1293	1081	1175	1078	1082	1074	1101	1093	1067	1042	0	1308292
1294	1175	1078	1082	1074	1101	1093	1067	1042	1086	0	1309393
1295	1078	1082	1074	1101	1093	1067	1042	1086	1066	0	1310486
1296	1082	1074	1101	1093	1067	1042	1086	1066	1058	0	1311553
1297	1074	1101	1093	1067	1042	1086	1066	1058	1032	0	1312595
1298	1101	1093	1067	1042	1086	1066	1058	1032	1140	0	1313681
1299	1093	1067	1042	1086	1066	1058	1032	1140	1050	0	1314747
1300	1067	1042	1086	1066	1058	1032	1140	1050	1148	0	1315805
1301	1042	1086	1066	1058	1032	1140	1050	1148	1004	0	1316837
1302	1086	1066	1058	1032	1140	1050	1148	1004	1023	0	1317977
1303	1066	1058	1032	1140	1050	1148	1004	1023	1140	0	1319027
1304	1058	1032	1140	1050	1148	1004	1023	1140	1059	0	1320175
1305	1032	1140	1050	1148	1004	1023	1140	1059	1078	0	1321179
1306	1140	1050	1148	1004	1023	1140	1059	1078	1031	0	1322202
1307	1050	1148	1004	1023	1140	1059	1078	1031	1155	0	1323342
1308	1148	1004	1023	1140	1059	1078	1031	1155	1039	0	1324401
1309	1004	1023	1140	1059	1078	1031	1155	1039	1078	0	1325479
1310	1023	1140	1059	1078	1031	1155	1039	1078	1020	0	1326510
1311	1140	1059	1078	1031	1155	1039	1078	1020	1124	0	1327665
1312	1059	1078	1031	1155	1039	1078	1020	1124	1035	0	1328704
1313	1078	1031	1155	1039	1078	1020	1124	1035	1125	0	1329782
1314	1031	1155	1039	1078	1020	1124	1035	1125	1011	0	1330802
1315	1155	1039	1078	1020	1124	1035	1125	1011	1028	0	1331926
1316	1039	1078	1020	1124	1035	1125	1011	1028	1112	0	1332961
1317	1078	1020	1124	1035	1125	1011	1028	1112	1028	0	1334086
1318	1020	1124	1035	1125	1011	1028	1112	1028	1035	0	1335097
1319	1124	1035	1125	1011	1028	1112	1028	1035	1004	0	1336125
1320	1035	1125	1011	1028	1112	1028	1035	1004	996	0	1337237
1321	1125	1011	1028	1112	1028	1035	1004	996	1085	0	1338265
1322	1011	1028	1112	1028	1035	1004	996	1085	1008	0	1339300
1323	1028	1112	1028	1035	1004	996	1085	1008	1113	0	1340304
1324	1112	1028	1035	1004	996	1085	1008	1113	984	0	1341300
1325	1028	1035	1004	996	1085	1008	1113	984	1113	0	1342385
1326	1035	1004	996	1085	1008	1113	984	1113	1012	0	1343393
1327	1004	996	1085	1008	1113	984	1113	1012	1117	0	1344506
1328	996	1085	1008	1113	984	1113	1012	1117	1003	0	1345490
1329	1085	1008	1113	984	1113	1012	1117	1003	997	0	1346603
1330	1008	1113	984	1113	1012	1117	1003	997	1093	0	1347615
1331	1113	984	1113	1012	1117	1003	997	1093	1000	0	1348732
1332	984	1113	1012	1117	1003	997	1093	1000	1070	0	1349735
1333	1113	1012	1117	1003	997	1093	1000	1070	961	0	1350732
1334	1012	1117	1003	997	1093	1000	1070	961	1066	0	1351825
1335	1117	1003	997	1093	1000	1070	961	1066	1062	0	1352825
1336	1003	997	1093	1000	1070	961	1066	1062	997	0	1353895
1337	997	1093	1000	1070	961	1066	1062	997	1031	0	1354856
1338	1093	1000	1070	961	1066	1062	997	1031	1004	0	1355922
1339	1000	1070	961	1066	1062	997	1031	1004	1140	0	1356984
1340	1070	961	1066	1062	997	1031	1004	1140	1042	0	1357981
1341	961	1066	1062	997	1031	1004	1140	1042	1055	0	1359012
1342	1066	1062	997	1031	1004	1140	1042	1055	1035	0	1360016
1343	1062	997	1031	1004	1140	1042	1055	1035	1066	0	1361156
1344	997	1031	1004	1140	1042	1055	1035	1066	1058	0	1362198
1345	1031	1004	1140	1042	1055	1035	1066	1058	1043	0	1363253
1346	1004	1140	1042	1055	1035	1066	1058	1043	996	0	1364288
1347	1140	1042	1055	1035	1066	1058	1043	996	1109	0	1365354
1348	1042	1055	1035	1066	1058	1043	996	1109	1016	0	1366412
1349	1055	1035	1066	1058	1043	996	1109	1016	1097	0	1367455
1350	1035	1066	1058	1043	996	1109	1016	1097	977	0	1368451
1351	1066	1058	1043	996	1109	1016	1097	977	984	0	1369560
1352	1058	1043	996	1109	1016	1097	977	984	1082	0	1370576
1353	1043	996	1109	1016	1097	977	984	1082	1004	0	1371673
1354	996	1109	1016	1097	977	984	1082	1004	1109	0	1372650
1355	1109	1016	1097	977	984	1082	1004	1109	1004	0	1373634
1356	1016	1097	977	984	1082	1004	1109	1004	1120	0	1374716
1357	1097	977	984	1082	1004	1109	1004	1120	1090	0	1375720
1358	977	984	1082	1004	1109	1004	1120	1090	1109	0	1376829
1359	984	1082	1004	1109	1004	1120	1090	1109	1058	0	1377833
1360	1082	1004	1109	1004	1120	1090	1109	1058	1167	0	1378953
1361	1004	1109	1004	1120	1090	1109	1058	1167	1086	0	1380043
1362	1109	1004	1120	1090	1109	1058	1167	1086	1086	0	1381152
1363	1004	1120	1090	1109	1058	1167	1086	1086	1054	0	1382210
1364	1120	1090	1109	1058	1167	1086	1086	1054	1043	0	1383377
1365	1090	1109	1058	1167	1086	1086	1054	1043	1050	0	1384463
1366	1109	1058	1167	1086	1086	1054	1043	1050	1051	0	1385549
1367	1058	1167	1086	1086	1054	1043	1050	1051	1117	0	1386603
1368	1167	1086	1086	1054	1043	1050	1051	1117	1000	0	1387646
1369	1086	1086	1054	1043	1050	1051	1117	1000	1008	0	1388696
1370	1086	1054	1043	1050	1051	1117	1000	1008	1105	0	1389747
1371	1054	1043	1050	1051	1117	1000	1008	1105	1027	0	1390864
1372	1043	1050	1051	1117	1000	1008	1105	1027	1058	0	1391864
1373	1050	1051	1117	1000	1008	1105	1027	1058	1027	0	1392872
1374	1051	1117	1000	1008	1105	1027	1058	1027	1051	0	1393977
1375	1117	1000	1008	1105	1027	1058	1027	1051	1148	0	1395004
1376	1000	1008	1105	1027	1058	1027	1051	1148	1062	0	1396062
1377	1008	1105	1027	1058	1027	1051	1148	1062	1101	0	1397089
1378	1105	1027	1058	1027	1051	1148	1062	1101	1055	0	1398140
1379	1027	1058	1027	1051	1148	1062	1101	1055	1070	0	1399288
1380	1058	1027	1051	1148	1062	1101	1055	1070	1097	0	1400350
1381	1027	1051	1148	1062	1101	1055	1070	1097	1062	0	1401451
1382	1051	1148	1062	1101	1055	1070	1097	1062	1032	0	1402506
1383	1148	1062	1101	1055	1070	1097	1062	1032	1112	0	1403576
1384	1062	1101	1055	1070	1097	1062	1032	1112	1032	0	1404673
1385	1101	1055	1070	1097	1062	1032	1112	1032	1112	0	1405735
1386	1055	1070	1097	1062	1032	1112	1032	1112	1008	0	1406767
1387	1070	1097	1062	1032	1112	1032	1112	1008	1020	0	1407879
1388	1097	1062	1032	1112	1032	1112	1008	1020	1112	0	1408911
1389	1062	1032	1112	1032	1112	1008	1020	1112	1032	0	1410023
1390	1032	1112	1032	1112	1008	1020	1112	1032	1112	0	1411031
1391	1112	1032	1112	1008	1020	1112	1032	1112	997	0	1412051
1392	1032	1112	1008	1020	1112	1032	1112	997	1136	0	1413163
1393	1112	1008	1020	1112	1032	1112	997	1136	1074	0	1414195
1394	1008	1020	1112	1032	1112	997	1136	1074	1074	0	1415307
1395	1020	1112	1032	1112	997	1136	1074	1074	1066	0	1416304
1396	1112	1032	1112	997	1136	1074	1074	1066	1155	0	1417440
1397	1032	1112	997	1136	1074	1074	1066	1155	1082	0	1418514
1398	1112	997	1136	1074	1074	1066	1155	1082	1086	0	1419588
1399	997	1136	1074	1074	1066	1155	1082	1086	1042	0	1420654
1400	1136	1074	1074	1066	1155	1082	1086	1042	1035	0	1421809
1401	1074	1074	1066	1155	1082	1086	1042	1035	1063	0	1422891
1402	1074	1066	1155	1082	1086	1042	1035	1063	1116	0	1423977
1403	1066	1155	1082	1086	1042	1035	1063	1116	1016	0	1425019
1404	1155	1082	1086	1042	1035	1063	1116	1016	1016	0	1426054
1405	1082	1086	1042	1035	1063	1116	1016	1016	1093	0	1427117
1406	1086	1042	1035	1063	1116	1016	1016	1093	1016	0	1428233
1407	1042	1035	1063	1116	1016	1016	1093	1016	1023	0	1429249
1408	1035	1063	1116	1016	1016	1093	1016	1023	1004	0	1430265
1409	1063	1116	1016	1016	1093	1016	1023	1004	1089	0	1431358
1410	1116	1016	1016	1093	1016	1023	1004	1089	1008	0	1432374
1411	1016	1016	1093	1016	1023	1004	1089	1008	1090	0	1433397
1412	1016	1093	1016	1023	1004	1089	1008	1090	996	0	1434401
1413	1093	1016	1023	1004	1089	1008	1090	996	1011	0	1435490
1414	1016	1023	1004	1089	1008	1090	996	1011	1086	0	1436498
1415	1023	1004	1089	1008	1090	996	1011	1086	1012	0	1437588
1416	1004	1089	1008	1090	996	1011	1086	1012	1031	0	1438584
1417	1089	1008	1090	996	1011	1086	1012	1031	1000	0	1439595
1418	1008	1090	996	1011	1086	1012	1031	1000	1093	0	1440681
1419	1090	996	1011	1086	1012	1031	1000	1093	1027	0	1441693
1420	996	1011	1086	1012	1031	1000	1093	1027	1105	0	1442724
1421	1011	1086	1012	1031	1000	1093	1027	1105	1035	0	1443724
1422	1086	1012	1031	1000	1093	1027	1105	1035	1020	0	1444817
1423	1012	1031	1000	1093	1027	1105	1035	1020	1101	0	1445844
1424	1031	1000	1093	1027	1105	1035	1020	1101	1035	0	1446949
1425	1000	1093	1027	1105	1035	1020	1101	1035	1105	0	1447984
1426	1093	1027	1105	1035	1020	1101	1035	1105	1023	0	1449004
1427	1027	1105	1035	1020	1101	1035	1105	1023	1020	0	1450105
1428	1105	1035	1020	1101	1035	1105	1023	1020	1109	0	1451140
1429	1035	1020	1101	1035	1105	1023	1020	1109	1097	0	1452245
1430	1020	1101	1035	1105	1023	1020	1109	1097	1090	0	1453268
1431	1101	1035	1105	1023	1020	1109	1097	1090	1004	0	1454288
1432	1035	1105	1023	1020	1109	1097	1090	1004	1085	0	1455397
1433	1105	1023	1020	1109	1097	1090	1004	1085	1082	0	1456494
1434	1023	1020	1109	1097	1090	1004	1085	1082	1078	0	1457584
1435	1020	1109	1097	1090	1004	1085	1082	1078	1011	0	1458588
1436	1109	1097	1090	1004	1085	1082	1078	1011	1086	0	1459673
1437	1097	1090	1004	1085	1082	1078	1011	1086	1093	0	1460755
1438	1090	1004	1085	1082	1078	1011	1086	1093	1020	0	1461833
1439	1004	1085	1082	1078	1011	1086	1093	1020	1089	0	1462844
1440	1085	1082	1078	1011	1086	1093	1020	1089	993	0	1463930
1441	1082	1078	1011	1086	1093	1020	1089	993	1093	0	1465023
1442	1078	1011	1086	1093	1020	1089	993	1093	1078	0	1466043
1443	1011	1086	1093	1020	1089	993	1093	1078	1078	0	1467132
1444	1086	1093	1020	1089	993	1093	1078	1078	1011	0	1468125
1445	1093	1020	1089	993	1093	1078	1078	1011	1082	0	1469218
1446	1020	1089	993	1093	1078	1078	1011	1082	1093	0	1470296
1447	1089	993	1093	1078	1078	1011	1082	1093	1031	0	1471374
1448	993	1093	1078	1078	1011	1082	1093	1031	1047	0	1472385
1449	1093	1078	1078	1011	1082	1093	1031	1047	1125	0	1473467
1450	1078	1078	1011	1082	1093	1031	1047	1125	1112	0	1474560
1451	1078	1011	1082	1093	1031	1047	1125	1112	1067	0	1475591
1452	1011	1082	1093	1031	1047	1125	1112	1067	1132	0	1476638
1453	1082	1093	1031	1047	1125	1112	1067	1132	980	0	1477763
1454	1093	1031	1047	1125	1112	1067	1132	980	1121	0	1478875
1455	1031	1047	1125	1112	1067	1132	980	1121	992	0	1479942
1456	1047	1125	1112	1067	1132	980	1121	992	965	0	1481074
1457	1125	1112	1067	1132	980	1121	992	965	922	0	1482054
1458	1112	1067	1132	980	1121	992	965	922	1012	0	1483175
1459	1067	1132	980	1121	992	965	922	1012	1023	0	1484167
1460	1132	980	1121	992	965	922	1012	1023	1039	0	1485132
1461	980	1121	992	965	922	1012	1023	1039	1082	0	1486054
1462	1121	992	965	922	1012	1023	1039	1082	1148	0	1487066
1463	992	965	922	1012	1023	1039	1082	1148	1202	0	1488089
1464	965	922	1012	1023	1039	1082	1148	1202	1168	0	1489128
1465	922	1012	1023	1039	1082	1148	1202	1168	1046	0	1490210
1466	1012	1023	1039	1082	1148	1202	1168	1046	1121	0	1491358
1467	1023	1039	1082	1148	1202	1168	1046	1121	1113	0	1492560
1468	1039	1082	1148	1202	1168	1046	1121	1113	1171	0	1493728
1469	1082	1148	1202	1168	1046	1121	1113	1171	1043	0	1494774
1470	1148	1202	1168	1046	1121	1113	1171	1043	1039	0	1495895
1471	1202	1168	1046	1121	1113	1171	1043	1039	1136	0	1497008
1472	1168	1046	1121	1113	1171	1043	1039	1136	1050	0	1498179
1473	1046	1121	1113	1171	1043	1039	1136	1050	1144	0	1499222
1474	1121	1113	1171	1043	1039	1136	1050	1144	1008	0	1500261
1475	1113	1171	1043	1039	1136	1050	1144	1008	1168	0	1501397
1476	1171	1043	1039	1136	1050	1144	1008	1168	1151	0	1502447
1477	1043	1039	1136	1050	1144	1008	1168	1151	1094	0	1503591
1478	1039	1136	1050	1144	1008	1168	1151	1094	1105	0	1504599
1479	1136	1050	1144	1008	1168	1151	1094	1105	1167	0	1505767
1480	1050	1144	1008	1168	1151	1094	1105	1167	1101	0	1506918
1481	1144	1008	1168	1151	1094	1105	1167	1101	1214	0	1508012
1482	1008	1168	1151	1094	1105	1167	1101	1214	1113	0	1509117
1483	1168	1151	1094	1105	1167	1101	1214	1113	1090	0	1510284
1484	1151	1094	1105	1167	1101	1214	1113	1090	1206	0	1511385
1485	1094	1105	1167	1101	1214	1113	1090	1206	1109	0	1512599
1486	1105	1167	1101	1214	1113	1090	1206	1109	1124	0	1513712
1487	1167	1101	1214	1113	1090	1206	1109	1124	1078	0	1514802
1488	1101	1214	1113	1090	1206	1109	1124	1078	1058	0	1516008
1489	1214	1113	1090	1206	1109	1124	1078	1058	1176	0	1517117
1490	1113	1090	1206	1109	1124	1078	1058	1176	1070	0	1518241
1491	1090	1206	1109	1124	1078	1058	1176	1070	1077	0	1519319
1492	1206	1109	1124	1078	1058	1176	1070	1077	1070	0	1520377
1493	1109	1124	1078	1058	1176	1070	1077	1070	1164	0	1521553
1494	1124	1078	1058	1176	1070	1077	1070	1164	1082	0	1522623
1495	1078	1058	1176	1070	1077	1070	1164	1082	1081	0	1523700
1496	1058	1176	1070	1077	1070	1164	1082	1081	1051	0	1524770
1497	1176	1070	1077	1070	1164	1082	1081	1051	1078	0	1525934
1498	1070	1077	1070	1164	1082	1081	1051	1078	1078	0	1527016
1499	1077	1070	1164	1082	1081	1051	1078	1078	1070	0	1528097
1500	1070	1164	1082	1081	1051	1078	1078	1070	1050	0	1529148
1501	1164	1082	1081	1051	1078	1078	1070	1050	1031	0	1530226
1502	1082	1081	1051	1078	1078	1070	1050	1031	1144	0	1531304
1503	1081	1051	1078	1078	1070	1050	1031	1144	1066	0	1532374
1504	1051	1078	1078	1070	1050	1031	1144	1066	1082	0	1533424
1505	1078	1078	1070	1050	1031	1144	1066	1082	1047	0	1534455
1506	1078	1070	1050	1031	1144	1066	1082	1047	1039	0	1535599
1507	1070	1050	1031	1144	1066	1082	1047	1039	1167	0	1536665
1508	1050	1031	1144	1066	1082	1047	1039	1167	1086	0	1537747
1509	1031	1144	1066	1082	1047	1039	1167	1086	1112	0	1538794
1510	1144	1066	1082	1047	1039	1167	1086	1112	1074	0	1539833
1511	1066	1082	1047	1039	1167	1086	1112	1074	1191	0	1541000
1512	1082	1047	1039	1167	1086	1112	1074	1191	1105	0	1542086
1513	1047	1039	1167	1086	1112	1074	1191	1105	1117	0	1543198
1514	1039	1167	1086	1112	1074	1191	1105	1117	1093	0	1544272
1515	1167	1086	1112	1074	1191	1105	1117	1093	1117	0	1545463
1516	1086	1112	1074	1191	1105	1117	1093	1117	1124	0	1546568
1517	1112	1074	1191	1105	1117	1093	1117	1124	1090	0	1547685
1518	1074	1191	1105	1117	1093	1117	1124	1090	1070	0	1548778
1519	1191	1105	1117	1093	1117	1124	1090	1070	1163	0	1549895
1520	1105	1117	1093	1117	1124	1090	1070	1163	1078	0	1551019
1521	1117	1093	1117	1124	1090	1070	1163	1078	1171	0	1552109
1522	1093	1117	1124	1090	1070	1163	1078	1171	1059	0	1553179
1523	1117	1124	1090	1070	1163	1078	1171	1059	1190	0	1554342
1524	1124	1090	1070	1163	1078	1171	1059	1190	1098	0	1555420
1525	1090	1070	1163	1078	1171	1059	1190	1098	1136	0	1556591
1526	1070	1163	1078	1171	1059	1190	1098	1136	1093	0	1557650
1527	1163	1078	1171	1059	1190	1098	1136	1093	1121	0	1558840
1528	1078	1171	1059	1190	1098	1136	1093	1121	1136	0	1559938
1529	1171	1059	1190	1098	1136	1093	1121	1136	1094	0	1561074
1530	1059	1190	1098	1136	1093	1121	1136	1094	1108	0	1562167
1531	1190	1098	1136	1093	1121	1136	1094	1108	1098	0	1563288
1532	1098	1136	1093	1121	1136	1094	1108	1098	1074	0	1564424
1533	1136	1093	1121	1136	1094	1108	1098	1074	1183	0	1565518
1534	1093	1121	1136	1094	1108	1098	1074	1183	1097	0	1566626
1535	1121	1136	1094	1108	1098	1074	1183	1097	1089	0	1567724
1536	1136	1094	1108	1098	1074	1183	1097	1089	1039	0	1568798
1537	1094	1108	1098	1074	1183	1097	1089	1039	1171	0	1569981
1538	1108	1098	1074	1183	1097	1089	1039	1171	1078	0	1571078
1539	1098	1074	1183	1097	1089	1039	1171	1078	1171	0	1572167
1540	1074	1183	1097	1089	1039	1171	1078	1171	1000	0	1573206
1541	1183	1097	1089	1039	1171	1078	1171	1000	1035	0	1574377
1542	1097	1089	1039	1171	1078	1171	1000	1035	1032	0	1575455
1543	1089	1039	1171	1078	1171	1000	1035	1032	980	0	1576626
1544	1039	1171	1078	1171	1000	1035	1032	980	965	0	1577626
1545	1171	1078	1171	1000	1035	1032	980	965	1086	0	1578661
1546	1078	1171	1000	1035	1032	980	965	1086	1101	0	1579693
1547	1171	1000	1035	1032	980	965	1086	1101	1004	0	1580673
1548	1000	1035	1032	980	965	1086	1101	1004	1202	0	1581638
1549	1035	1032	980	965	1086	1101	1004	1202	1113	0	1582724
1550	1032	980	965	1086	1101	1004	1202	1113	1214	0	1583825
1551	980	965	1086	1101	1004	1202	1113	1214	1051	0	1584829
1552	965	1086	1101	1004	1202	1113	1214	1051	1194	0	1586031
1553	1086	1101	1004	1202	1113	1214	1051	1194	1078	0	1587144
1554	1101	1004	1202	1113	1214	1051	1194	1078	1093	0	1588358
1555	1004	1202	1113	1214	1051	1194	1078	1093	1039	0	1589409
1556	1202	1113	1214	1051	1194	1078	1093	1039	1024	0	1590603
1557	1113	1214	1051	1194	1078	1093	1039	1024	1015	0	1591681
1558	1214	1051	1194	1078	1093	1039	1024	1015	1074	0	1592774
1559	1051	1194	1078	1093	1039	1024	1015	1074	973	0	1593813
1560	1194	1078	1093	1039	1024	1015	1074	973	1058	0	1594837
1561	1078	1093	1039	1024	1015	1074	973	1058	1086	0	1595852
1562	1093	1039	1024	1015	1074	973	1058	1086	1175	0	1596926
1563	1039	1024	1015	1074	973	1058	1086	1175	1198	0	1597899
1564	1024	1015	1074	973	1058	1086	1175	1198	1152	0	1598957
1565	1015	1074	973	1058	1086	1175	1198	1152	1253	0	1600043
1566	1074	973	1058	1086	1175	1198	1152	1253	1268	0	1601218
1567	973	1058	1086	1175	1198	1152	1253	1268	1164	0	1602416
1568	1058	1086	1175	1198	1152	1253	1268	1164	1191	0	1603568
1569	1086	1175	1198	1152	1253	1268	1164	1191	1299	0	1604821
1570	1175	1198	1152	1253	1268	1164	1191	1299	1175	0	1606089
1571	1198	1152	1253	1268	1164	1191	1299	1175	1179	0	1607253
1572	1152	1253	1268	1164	1191	1299	1175	1179	1125	0	1608444
1573	1253	1268	1164	1191	1299	1175	1179	1125	1155	0	1609743
1574	1268	1164	1191	1299	1175	1179	1125	1155	1164	0	1610918
1575	1164	1191	1299	1175	1179	1125	1155	1164	1132	0	1612097
1576	1191	1299	1175	1179	1125	1155	1164	1132	1078	0	1613222
1577	1299	1175	1179	1125	1155	1164	1132	1078	1105	0	1614377
1578	1175	1179	1125	1155	1164	1132	1078	1105	1121	0	1615541
1579	1179	1125	1155	1164	1132	1078	1105	1121	1109	0	1616673
1580	1125	1155	1164	1132	1078	1105	1121	1109	1109	0	1617751
1581	1155	1164	1132	1078	1105	1121	1109	1109	1132	0	1618856
1582	1164	1132	1078	1105	1121	1109	1109	1132	1117	0	1619977
1583	1132	1078	1105	1121	1109	1109	1132	1117	1101	0	1621086
1584	1078	1105	1121	1109	1109	1132	1117	1101	1120	0	1622195
1585	1105	1121	1109	1109	1132	1117	1101	1120	1140	0	1623327
1586	1121	1109	1109	1132	1117	1101	1120	1140	1117	0	1624444
1587	1109	1109	1132	1117	1101	1120	1140	1117	1097	0	1625545
1588	1109	1132	1117	1101	1120	1140	1117	1097	1102	0	1626665
1589	1132	1117	1101	1120	1140	1117	1097	1102	1109	0	1627805
1590	1117	1101	1120	1140	1117	1097	1102	1109	1097	0	1628922
1591	1101	1120	1140	1117	1097	1102	1109	1097	1089	0	1630019
1592	1120	1140	1117	1097	1102	1109	1097	1089	1059	0	1631121
1593	1140	1117	1097	1102	1109	1097	1089	1059	1039	0	1632230
1594	1117	1097	1102	1109	1097	1089	1059	1039	1070	0	1633327
1595	1097	1102	1109	1097	1089	1059	1039	1070	1077	0	1634416
1596	1102	1109	1097	1089	1059	1039	1070	1077	1067	0	1635475
1597	1109	1097	1089	1059	1039	1070	1077	1067	1062	0	1636514
1598	1097	1089	1059	1039	1070	1077	1067	1062	1035	0	1637584
1599	1089	1059	1039	1070	1077	1067	1062	1035	1163	0	1638661
1600	1059	1039	1070	1077	1067	1062	1035	1163	1043	0	1639728
1601	1039	1070	1077	1067	1062	1035	1163	1043	1031	0	1640790
1602	1070	1077	1067	1062	1035	1163	1043	1031	1012	0	1641825
1603	1077	1067	1062	1035	1163	1043	1031	1012	1124	0	1642988
1604	1067	1062	1035	1163	1043	1031	1012	1124	1039	0	1644031
1605	1062	1035	1163	1043	1031	1012	1124	1039	1043	0	1645062
1606	1035	1163	1043	1031	1012	1124	1039	1043	1031	0	1646074
1607	1163	1043	1031	1012	1124	1039	1043	1031	1171	0	1647198
1608	1043	1031	1012	1124	1039	1043	1031	1171	1102	0	1648237
1609	1031	1012	1124	1039	1043	1031	1171	1102	1109	0	1649280
1610	1012	1124	1039	1043	1031	1171	1102	1109	1089	0	1650311
1611	1124	1039	1043	1031	1171	1102	1109	1089	1113	0	1651482
1612	1039	1043	1031	1171	1102	1109	1089	1113	1124	0	1652584
1613	1043	1031	1171	1102	1109	1089	1113	1124	1102	0	1653693
1614	1031	1171	1102	1109	1089	1113	1124	1102	1074	0	1654782
1615	1171	1102	1109	1089	1113	1124	1102	1074	1105	0	1655895
1616	1102	1109	1089	1113	1124	1102	1074	1105	1105	0	1657019
1617	1109	1089	1113	1124	1102	1074	1105	1105	1081	0	1658121
1618	1089	1113	1124	1102	1074	1105	1105	1081	1078	0	1659195
1619	1113	1124	1102	1074	1105	1105	1081	1078	1094	0	1660300
1620	1124	1102	1074	1105	1105	1081	1078	1094	1081	0	1661405
1621	1102	1074	1105	1105	1081	1078	1094	1081	1047	0	1662486
1622	1074	1105	1105	1081	1078	1094	1081	1047	1066	0	1663564
1623	1105	1105	1081	1078	1094	1081	1047	1066	1082	0	1664658
1624	1105	1081	1078	1094	1081	1047	1066	1082	1085	0	1665739
1625	1081	1078	1094	1081	1047	1066	1082	1085	1063	0	1666786
1626	1078	1094	1081	1047	1066	1082	1085	1063	1085	0	1667852
1627	1094	1081	1047	1066	1082	1085	1063	1085	1094	0	1668934
1628	1081	1047	1066	1082	1085	1063	1085	1094	1093	0	1670019
1629	1047	1066	1082	1085	1063	1085	1094	1093	1051	0	1671082
1630	1066	1082	1085	1063	1085	1094	1093	1051	1074	0	1672167
1631	1082	1085	1063	1085	1094	1093	1051	1074	1081	0	1673261
1632	1085	1063	1085	1094	1093	1051	1074	1081	1070	0	1674354
1633	1063	1085	1094	1093	1051	1074	1081	1070	1035	0	1675405
1634	1085	1094	1093	1051	1074	1081	1070	1035	1129	0	1676479
1635	1094	1093	1051	1074	1081	1070	1035	1129	1043	0	1677560
1636	1093	1051	1074	1081	1070	1035	1129	1043	1112	0	1678630
1637	1051	1074	1081	1070	1035	1129	1043	1112	985	0	1679665
1638	1074	1081	1070	1035	1129	1043	1112	985	957	0	1680794
1639	1081	1070	1035	1129	1043	1112	985	957	1062	0	1681837
1640	1070	1035	1129	1043	1112	985	957	1062	1043	0	1682949
1641	1035	1129	1043	1112	985	957	1062	1043	1066	0	1683934
1642	1129	1043	1112	985	957	1062	1043	1066	1063	0	1684891
1643	1043	1112	985	957	1062	1043	1066	1063	1105	0	1685953
1644	1112	985	957	1062	1043	1066	1063	1105	1171	0	1686996
1645	985	957	1062	1043	1066	1063	1105	1171	1163	0	1688062
1646	957	1062	1043	1066	1063	1105	1171	1163	1059	0	1689125
1647	1062	1043	1066	1063	1105	1171	1163	1059	1217	0	1690230
1648	1043	1066	1063	1105	1171	1163	1059	1217	1137	0	1691401
1649	1066	1063	1105	1171	1163	1059	1217	1137	1151	0	1692564
1650	1063	1105	1171	1163	1059	1217	1137	1151	1086	0	1693623
1651	1105	1171	1163	1059	1217	1137	1151	1086	1144	0	1694840
1652	1171	1163	1059	1217	1137	1151	1086	1144	1128	0	1695977
1653	1163	1059	1217	1137	1151	1086	1144	1128	1113	0	1697128
1654	1059	1217	1137	1151	1086	1144	1128	1113	1070	0	1698214
1655	1217	1137	1151	1086	1144	1128	1113	1070	1105	0	1699358
1656	1137	1151	1086	1144	1128	1113	1070	1105	1098	0	1700486
1657	1151	1086	1144	1128	1113	1070	1105	1098	1105	0	1701599
1658	1086	1144	1128	1113	1070	1105	1098	1105	1062	0	1702669
1659	1144	1128	1113	1070	1105	1098	1105	1062	1058	0	1703774
1660	1128	1113	1070	1105	1098	1105	1062	1058	1074	0	1704872
1661	1113	1070	1105	1098	1105	1062	1058	1074	1094	0	1705977
1662	1070	1105	1098	1105	1062	1058	1074	1094	1058	0	1707039
1663	1105	1098	1105	1062	1058	1074	1094	1058	1031	0	1708097
1664	1098	1105	1062	1058	1074	1094	1058	1031	1074	0	1709171
1665	1105	1062	1058	1074	1094	1058	1031	1074	1090	0	1710265
1666	1062	1058	1074	1094	1058	1031	1074	1090	1089	0	1711323
1667	1058	1074	1094	1058	1031	1074	1090	1089	1058	0	1712354
1668	1074	1094	1058	1031	1074	1090	1089	1058	1168	0	1713428
1669	1094	1058	1031	1074	1090	1089	1058	1168	1120	0	1714518
1670	1058	1031	1074	1090	1089	1058	1168	1120	1105	0	1715607
1671	1031	1074	1090	1089	1058	1168	1120	1105	1074	0	1716665
1672	1074	1090	1089	1058	1168	1120	1105	1074	1133	0	1717833
1673	1090	1089	1058	1168	1120	1105	1074	1133	1124	0	1718953
1674	1089	1058	1168	1120	1105	1074	1133	1124	1086	0	1720058
1675	1058	1168	1120	1105	1074	1133	1124	1086	1116	0	1721132
1676	1168	1120	1105	1074	1133	1124	1086	1116	1109	0	1722265
1677	1120	1105	1074	1133	1124	1086	1116	1109	1102	0	1723389
1678	1105	1074	1133	1124	1086	1116	1109	1102	1050	0	1724475
1679	1074	1133	1124	1086	1116	1109	1102	1050	1156	0	1725591
1680	1133	1124	1086	1116	1109	1102	1050	1156	1054	0	1726700
1681	1124	1086	1116	1109	1102	1050	1156	1054	1066	0	1727802
1682	1086	1116	1109	1102	1050	1156	1054	1066	1028	0	1728852
1683	1116	1109	1102	1050	1156	1054	1066	1028	992	0	1730008
1684	1109	1102	1050	1156	1054	1066	1028	992	1035	0	1731062
1685	1102	1050	1156	1054	1066	1028	992	1035	1117	0	1732128
1686	1050	1156	1054	1066	1028	992	1035	1117	1019	0	1733156
1687	1156	1054	1066	1028	992	1035	1117	1019	1016	0	1734148
1688	1054	1066	1028	992	1035	1117	1019	1016	1116	0	1735183
1689	1066	1028	992	1035	1117	1019	1016	1116	1059	0	1736300
1690	1028	992	1035	1117	1019	1016	1116	1059	1116	0	1737319
1691	992	1035	1117	1019	1016	1116	1059	1116	958	0	1738335
1692	1035	1117	1019	1016	1116	1059	1116	958	972	0	1739451
1693	1117	1019	1016	1116	1059	1116	958	972	946	0	1740510
1694	1019	1016	1116	1059	1116	958	972	946	914	0	1741626
1695	1016	1116	1059	1116	958	972	946	914	1043	0	1742584
1696	1116	1059	1116	958	972	946	914	1043	1086	0	1743556
1697	1059	1116	958	972	946	914	1043	1086	1148	0	1744502
1698	1116	958	972	946	914	1043	1086	1148	1147	0	1745416
1699	958	972	946	914	1043	1086	1148	1147	1281	0	1746459
1700	972	946	914	1043	1086	1148	1147	1281	1264	0	1747545
1701	946	914	1043	1086	1148	1147	1281	1264	1148	0	1748693
1702	914	1043	1086	1148	1147	1281	1264	1148	1125	0	1749840
1703	1043	1086	1148	1147	1281	1264	1148	1125	1171	0	1751121
1704	1086	1148	1147	1281	1264	1148	1125	1171	1155	0	1752385
1705	1148	1147	1281	1264	1148	1125	1171	1155	1137	0	1753533
1706	1147	1281	1264	1148	1125	1171	1155	1137	1070	0	1754658
1707	1281	1264	1148	1125	1171	1155	1137	1070	1113	0	1755829
1708	1264	1148	1125	1171	1155	1137	1070	1113	1124	0	1756984
1709	1148	1125	1171	1155	1137	1070	1113	1124	1093	0	1758121
1710	1125	1171	1155	1137	1070	1113	1124	1093	1078	0	1759191
1711	1171	1155	1137	1070	1113	1124	1093	1078	1070	0	1760304
1712	1155	1137	1070	1113	1124	1093	1078	1070	1191	0	1761428
1713	1137	1070	1113	1124	1093	1078	1070	1191	1105	0	1762521
1714	1070	1113	1124	1093	1078	1070	1191	1105	1101	0	1763599
1715	1113	1124	1093	1078	1070	1191	1105	1101	1101	0	1764669
1716	1124	1093	1078	1070	1191	1105	1101	1101	1121	0	1765860
1717	1093	1078	1070	1191	1105	1101	1101	1121	1101	0	1766965
1718	1078	1070	1191	1105	1101	1101	1121	1101	1070	0	1768066
1719	1070	1191	1105	1101	1101	1121	1101	1070	1051	0	1769167
1720	1191	1105	1101	1101	1121	1101	1070	1051	1175	0	1770288
1721	1105	1101	1101	1121	1101	1070	1051	1175	1101	0	1771389
1722	1101	1101	1121	1101	1070	1051	1175	1101	1179	0	1772459
1723	1101	1121	1101	1070	1051	1175	1101	1179	1121	0	1773510
1724	1121	1101	1070	1051	1175	1101	1179	1121	1218	0	1774685
1725	1101	1070	1051	1175	1101	1179	1121	1218	1155	0	1775786
1726	1070	1051	1175	1101	1179	1121	1218	1155	1167	0	1776965
1727	1051	1175	1101	1179	1121	1218	1155	1167	1125	0	1778086
1728	1175	1101	1179	1121	1218	1155	1167	1125	1152	0	1779304
1729	1101	1179	1121	1218	1155	1167	1125	1152	1155	0	1780459
1730	1179	1121	1218	1155	1167	1125	1152	1155	1133	0	1781626
1731	1121	1218	1155	1167	1125	1152	1155	1133	1113	0	1782751
1732	1218	1155	1167	1125	1152	1155	1133	1113	1128	0	1783903
1733	1155	1167	1125	1152	1155	1133	1113	1128	1132	0	1785058
1734	1167	1125	1152	1155	1133	1113	1128	1132	1117	0	1786191
1735	1125	1152	1155	1133	1113	1128	1132	1117	1070	0	1787304
1736	1152	1155	1133	1113	1128	1132	1117	1070	1113	0	1788432
1737	1155	1133	1113	1128	1132	1117	1070	1113	1109	0	1789564
1738	1133	1113	1128	1132	1117	1070	1113	1109	1109	0	1790681
1739	1113	1128	1132	1117	1070	1113	1109	1109	1093	0	1791751
1740	1128	1132	1117	1070	1113	1109	1109	1093	1132	0	1792864
1741	1132	1117	1070	1113	1109	1109	1093	1132	1133	0	1793973
1742	1117	1070	1113	1109	1109	1093	1132	1133	1113	0	1795082
