index	i-4	i-3	i-2	i-1	i+0	i+1	i+2	i+3	i+4	Filter	Time
4	937	946	949	938	949	907	911	879	868	0	4840
5	946	949	938	949	907	911	879	868	836	0	5747
6	949	938	949	907	911	879	868	836	829	0	6658
7	938	949	907	911	879	868	836	829	837	0	7537
8	949	907	911	879	868	836	829	837	883	0	8405
9	907	911	879	868	836	829	837	883	852	0	9241
10	911	879	868	836	829	837	883	852	860	0	10070
11	879	868	836	829	837	883	852	860	860	0	10907
12	868	836	829	837	883	852	860	860	864	0	11790
13	836	829	837	883	852	860	860	864	852	0	12642
14	829	837	883	852	860	860	864	852	852	0	13502
15	837	883	852	860	860	864	852	852	856	0	14362
16	883	852	860	860	864	852	852	856	856	0	15226
17	852	860	860	864	852	852	856	856	852	0	16078
18	860	860	864	852	852	856	856	852	868	0	16930
19	860	864	852	852	856	856	852	868	860	0	17786
20	864	852	852	856	856	852	868	860	867	0	18642
21	852	852	856	856	852	868	860	867	895	0	19494
22	852	856	856	852	868	860	867	895	927	0	20362
23	856	856	852	868	860	867	895	927	782	0	21222
24	856	852	868	860	867	895	927	782	1101	0	22089
25	852	868	860	867	895	927	782	1101	934	0	22984
26	868	860	867	895	927	782	1101	934	933	0	23911
27	860	867	895	927	782	1101	934	933	942	1	24693
28	867	895	927	782	1101	934	933	942	934	0	25794
29	895	927	782	1101	934	933	942	934	934	0	26728
30	927	782	1101	934	933	942	934	934	922	0	27661
31	782	1101	934	933	942	934	934	922	907	0	28603
32	1101	934	933	942	934	934	922	907	914	0	29537
33	934	933	942	934	934	922	907	914	918	0	30471
34	933	942	934	934	922	907	914	918	930	0	31393
35	942	934	934	922	907	914	918	930	919	0	32300
36	934	934	922	907	914	918	930	919	926	0	33214
37	934	922	907	914	918	930	919	926	957	0	34132
38	922	907	914	918	930	919	926	957	969	0	35062
39	907	914	918	930	919	926	957	969	949	0	35981
40	914	918	930	919	926	957	969	949	938	0	36907
41	918	930	919	926	957	969	949	938	961	0	37864
42	930	919	926	957	969	949	938	961	969	0	38833
43	919	926	957	969	949	938	961	969	973	0	39782
44	926	957	969	949	938	961	969	973	968	0	40720
45	957	969	949	938	961	969	973	968	954	0	41681
46	969	949	938	961	969	973	968	954	937	0	42650
47	949	938	961	969	973	968	954	937	927	0	43623
48	938	961	969	973	968	954	937	927	895	0	44591
49	961	969	973	968	954	937	927	895	922	0	45545
50	969	973	968	954	937	927	895	922	899	0	46482
51	973	968	954	937	927	895	922	899	863	0	47409
52	968	954	937	927	895	922	899	863	887	0	48304
53	954	937	927	895	922	899	863	887	880	0	49226
54	937	927	895	922	899	863	887	880	856	0	50125
55	927	895	922	899	863	887	880	856	852	0	50988
56	895	922	899	863	887	880	856	852	837	0	51875
57	922	899	863	887	880	856	852	837	832	0	52755
58	899	863	887	880	856	852	837	832	825	0	53611
59	863	887	880	856	852	837	832	825	833	0	54463
60	887	880	856	852	837	832	825	833	821	0	55300
61	880	856	852	837	832	825	833	821	848	0	56132
62	856	852	837	832	825	833	821	848	821	0	56957
63	852	837	832	825	833	821	848	821	841	0	57790
64	837	832	825	833	821	848	821	841	856	0	58611
65	832	825	833	821	848	821	841	856	836	0	59459
66	825	833	821	848	821	841	856	836	825	0	60280
67	833	821	848	821	841	856	836	825	841	0	61121
68	821	848	821	841	856	836	825	841	852	0	61977
69	848	821	841	856	836	825	841	852	860	0	62813
70	821	841	856	836	825	841	852	860	883	0	63638
71	841	856	836	825	841	852	860	883	879	0	64479
72	856	836	825	841	852	860	883	879	891	0	65331
73	836	825	841	852	860	883	879	891	888	0	66191
74	825	841	852	860	883	879	891	888	906	0	67074
75	841	852	860	883	879	891	888	906	922	0	67953
76	852	860	883	879	891	888	906	922	930	0	68844
77	860	883	879	891	888	906	922	930	934	0	69732
78	883	879	891	888	906	922	930	934	918	0	70638
79	879	891	888	906	922	930	934	918	919	0	71560
80	891	888	906	922	930	934	918	919	930	0	72490
81	888	906	922	930	934	918	919	930	930	0	73424
82	906	922	930	934	918	919	930	930	941	0	74342
83	922	930	934	918	919	930	930	941	930	0	75261
84	930	934	918	919	930	930	941	930	915	0	76191
85	934	918	919	930	930	941	930	915	895	0	77121
86	918	919	930	930	941	930	915	895	883	0	78062
87	919	930	930	941	930	915	895	883	899	0	78992
88	930	930	941	930	915	895	883	899	895	0	79907
89	930	941	930	915	895	883	899	895	891	0	80802
90	941	930	915	895	883	899	895	891	883	0	81685
91	930	915	895	883	899	895	891	883	735	0	82584
92	915	895	883	899	895	891	883	735	1094	0	83479
93	895	883	899	895	891	883	735	1094	910	0	84370
94	883	899	895	891	883	735	1094	910	899	0	85253
95	899	895	891	883	735	1094	910	899	907	1	85988
96	895	891	883	735	1094	910	899	907	910	0	87082
97	891	883	735	1094	910	899	907	910	911	0	87992
98	883	735	1094	910	899	907	910	911	910	0	88891
99	735	1094	910	899	907	910	911	910	899	0	89798
100	1094	910	899	907	910	911	910	899	907	0	90708
101	910	899	907	910	911	910	899	907	887	0	91619
102	899	907	910	911	910	899	907	887	875	0	92529
103	907	910	911	910	899	907	887	875	852	0	93428
104	910	911	910	899	907	887	875	852	891	0	94335
105	911	910	899	907	887	875	852	891	868	0	95222
106	910	899	907	887	875	852	891	868	880	0	96097
107	899	907	887	875	852	891	868	880	914	0	96949
108	907	887	875	852	891	868	880	914	903	0	97840
109	887	875	852	891	868	880	914	903	918	0	98708
110	875	852	891	868	880	914	903	918	953	0	99588
111	852	891	868	880	914	903	918	953	965	0	100502
112	891	868	880	914	903	918	953	965	942	0	101405
113	868	880	914	903	918	953	965	942	942	0	102323
114	880	914	903	918	953	965	942	942	976	0	103276
115	914	903	918	953	965	942	942	976	965	0	104241
116	903	918	953	965	942	942	976	965	938	0	105183
117	918	953	965	942	942	976	965	938	969	0	106125
118	953	965	942	942	976	965	938	969	980	0	107101
119	965	942	942	976	965	938	969	980	961	0	108066
120	942	942	976	965	938	969	980	961	958	0	109004
121	942	976	965	938	969	980	961	958	992	0	109973
122	976	965	938	969	980	961	958	992	1011	0	110953
123	965	938	969	980	961	958	992	1011	1004	0	111914
124	938	969	980	961	958	992	1011	1004	989	0	112872
125	969	980	961	958	992	1011	1004	989	1007	0	113864
126	980	961	958	992	1011	1004	989	1007	1012	0	114875
127	961	958	992	1011	1004	989	1007	1012	1020	0	115879
128	958	992	1011	1004	989	1007	1012	1020	1000	0	116868
129	992	1011	1004	989	1007	1012	1020	1000	996	0	117875
130	1011	1004	989	1007	1012	1020	1000	996	1015	0	118887
131	1004	989	1007	1012	1020	1000	996	1015	1000	0	119907
132	989	1007	1012	1020	1000	996	1015	1000	989	0	120907
133	1007	1012	1020	1000	996	1015	1000	989	1000	0	121903
134	1012	1020	1000	996	1015	1000	989	1000	1015	0	122918
135	1020	1000	996	1015	1000	989	1000	1015	992	0	123918
136	1000	996	1015	1000	989	1000	1015	992	985	0	124907
137	996	1015	1000	989	1000	1015	992	985	996	0	125907
138	1015	1000	989	1000	1015	992	985	996	945	0	126922
139	1000	989	1000	1015	992	985	996	945	899	0	127914
140	989	1000	1015	992	985	996	945	899	926	0	128899
141	1000	1015	992	985	996	945	899	926	919	0	129895
142	1015	992	985	996	945	899	926	919	949	0	130840
143	992	985	996	945	899	926	919	949	942	0	131739
144	985	996	945	899	926	919	949	942	945	0	132665
145	996	945	899	926	919	949	942	945	950	0	133584
146	945	899	926	919	949	942	945	950	992	0	134533
147	899	926	919	949	942	945	950	992	988	0	135475
148	926	919	949	942	945	950	992	988	973	0	136420
149	919	949	942	945	950	992	988	973	977	0	137370
150	949	942	945	950	992	988	973	977	968	0	138362
151	942	945	950	992	988	973	977	968	942	0	139350
152	945	950	992	988	973	977	968	942	926	0	140323
153	950	992	988	973	977	968	942	926	899	0	141300
154	992	988	973	977	968	942	926	899	876	0	142268
155	988	973	977	968	942	926	899	876	875	0	143210
156	973	977	968	942	926	899	876	875	840	0	144136
157	977	968	942	926	899	876	875	840	860	0	145035
158	968	942	926	899	876	875	840	860	919	0	145911
159	942	926	899	876	875	840	860	919	891	0	146786
160	926	899	876	875	840	860	919	891	891	0	147626
161	899	876	875	840	860	919	891	891	902	0	148486
162	876	875	840	860	919	891	891	902	895	0	149405
163	875	840	860	919	891	891	902	895	891	0	150296
164	840	860	919	891	891	902	895	891	892	0	151187
165	860	919	891	891	902	895	891	892	910	0	152089
166	919	891	891	902	895	891	892	910	911	0	152984
167	891	891	902	895	891	892	910	911	910	0	153875
168	891	902	895	891	892	910	911	910	899	0	154767
169	902	895	891	892	910	911	910	899	903	0	155677
170	895	891	892	910	911	910	899	903	926	0	156588
171	891	892	910	911	910	899	903	926	937	0	157498
172	892	910	911	910	899	903	926	937	954	0	158397
173	910	911	910	899	903	926	937	954	945	0	159300
174	911	910	899	903	926	937	954	945	950	0	160226
175	910	899	903	926	937	954	945	950	949	0	161163
176	899	903	926	937	954	945	950	949	965	0	162117
177	903	926	937	954	945	950	949	965	961	0	163062
178	926	937	954	945	950	949	965	961	946	0	164012
179	937	954	945	950	949	965	961	946	957	0	164961
180	954	945	950	949	965	961	946	957	945	0	165926
181	945	950	949	965	961	946	957	945	942	0	166887
182	950	949	965	961	946	957	945	942	926	0	167833
183	949	965	961	946	957	945	942	926	907	0	168790
184	965	961	946	957	945	942	926	907	867	0	169735
185	961	946	957	945	942	926	907	867	954	0	170677
186	946	957	945	942	926	907	867	954	918	0	171603
187	957	945	942	926	907	867	954	918	899	0	172510
188	945	942	926	907	867	954	918	899	891	0	173377
189	942	926	907	867	954	918	899	891	914	0	174331
190	926	907	867	954	918	899	891	914	926	0	175249
191	907	867	954	918	899	891	914	926	930	0	176148
192	867	954	918	899	891	914	926	930	934	0	177039
193	954	918	899	891	914	926	930	934	934	0	177953
194	918	899	891	914	926	930	934	934	907	0	178879
195	899	891	914	926	930	934	934	907	922	0	179809
196	891	914	926	930	934	934	907	922	953	0	180743
197	914	926	930	934	934	907	922	953	961	0	181677
198	926	930	934	934	907	922	953	961	950	0	182584
199	930	934	934	907	922	953	961	950	937	0	183506
200	934	934	907	922	953	961	950	937	950	0	184459
201	934	907	922	953	961	950	937	950	969	0	185420
202	907	922	953	961	950	937	950	969	972	0	186370
203	922	953	961	950	937	950	969	972	965	0	187307
204	953	961	950	937	950	969	972	965	969	0	188257
205	961	950	937	950	969	972	965	969	973	0	189226
206	950	937	950	969	972	965	969	973	988	0	190198
207	937	950	969	972	965	969	973	988	1004	0	191163
208	950	969	972	965	969	973	988	1004	985	0	192132
209	969	972	965	969	973	988	1004	985	961	0	193105
210	972	965	969	973	988	1004	985	961	949	0	194093
211	965	969	973	988	1004	985	961	949	930	0	195097
212	969	973	988	1004	985	961	949	930	934	0	196082
213	973	988	1004	985	961	949	930	934	942	0	197043
214	988	1004	985	961	949	930	934	942	941	0	197992
215	1004	985	961	949	930	934	942	941	926	0	198922
216	985	961	949	930	934	942	941	926	934	0	199856
217	961	949	930	934	942	941	926	934	946	0	200798
218	949	930	934	942	941	926	934	946	949	0	201739
219	930	934	942	941	926	934	946	949	965	0	202665
220	934	942	941	926	934	946	949	965	953	0	203599
221	942	941	926	934	946	949	965	953	934	0	204545
222	941	926	934	946	949	965	953	934	926	0	205494
223	926	934	946	949	965	953	934	926	926	0	206459
224	934	946	949	965	953	934	926	926	942	0	207412
225	946	949	965	953	934	926	926	942	938	0	208346
226	949	965	953	934	926	926	942	938	949	0	209272
227	965	953	934	926	926	942	938	949	950	0	210198
228	953	934	926	926	942	938	949	950	922	0	211140
229	934	926	926	942	938	949	950	922	934	0	212078
230	926	926	942	938	949	950	922	934	957	0	213027
231	926	942	938	949	950	922	934	957	973	0	213977
232	942	938	949	950	922	934	957	973	941	0	214899
233	938	949	950	922	934	957	973	941	954	0	215833
234	949	950	922	934	957	973	941	954	976	0	216790
235	950	922	934	957	973	941	954	976	977	0	217763
236	922	934	957	973	941	954	976	977	965	0	218704
237	934	957	973	941	954	976	977	965	992	0	219658
238	957	973	941	954	976	977	965	992	1008	0	220634
239	973	941	954	976	977	965	992	1008	1004	0	221611
240	941	954	976	977	965	992	1008	1004	1027	0	222576
241	954	976	977	965	992	1008	1004	1027	1031	0	223568
242	976	977	965	992	1008	1004	1027	1031	1031	0	224576
243	977	965	992	1008	1004	1027	1031	1031	1016	0	225580
244	965	992	1008	1004	1027	1031	1031	1016	1008	0	226607
245	992	1008	1004	1027	1031	1031	1016	1008	957	0	227638
246	1008	1004	1027	1031	1031	1016	1008	957	941	0	228669
247	1004	1027	1031	1031	1016	1008	957	941	891	0	229685
248	1027	1031	1031	1016	1008	957	941	891	868	0	230693
249	1031	1031	1016	1008	957	941	891	868	887	0	231650
250	1031	1016	1008	957	941	891	868	887	919	0	232591
251	1016	1008	957	941	891	868	887	919	895	0	233482
252	1008	957	941	891	868	887	919	895	910	0	234350
253	957	941	891	868	887	919	895	910	934	0	235237
254	941	891	868	887	919	895	910	934	914	0	236156
255	891	868	887	919	895	910	934	914	926	0	237051
256	868	887	919	895	910	934	914	926	946	0	237961
257	887	919	895	910	934	914	926	946	957	0	238895
258	919	895	910	934	914	926	946	957	961	0	239809
259	895	910	934	914	926	946	957	961	969	0	240735
260	910	934	914	926	946	957	961	969	977	0	241681
261	934	914	926	946	957	961	969	977	957	0	242638
262	914	926	946	957	961	969	977	957	934	0	243599
263	926	946	957	961	969	977	957	934	891	0	244568
264	946	957	961	969	977	957	934	891	871	0	245545
265	957	961	969	977	957	934	891	871	884	0	246502
266	961	969	977	957	934	891	871	884	871	0	247436
267	969	977	957	934	891	871	884	871	880	0	248327
268	977	957	934	891	871	884	871	880	918	0	249198
269	957	934	891	871	884	871	880	918	914	0	250082
270	934	891	871	884	871	880	918	914	934	0	250953
271	891	871	884	871	880	918	914	934	934	0	251833
272	871	884	871	880	918	914	934	934	942	0	252751
273	884	871	880	918	914	934	934	942	934	0	253665
274	871	880	918	914	934	934	942	934	902	0	254599
275	880	918	914	934	934	942	934	902	849	0	255533
276	918	914	934	934	942	934	902	849	848	0	256475
277	914	934	934	942	934	902	849	848	832	0	257409
278	934	934	942	934	902	849	848	832	829	0	258311
279	934	942	934	902	849	848	832	829	922	0	259160
280	942	934	902	849	848	832	829	922	868	0	260008
281	934	902	849	848	832	829	922	868	887	0	260840
282	902	849	848	832	829	922	868	887	903	0	261669
283	849	848	832	829	922	868	887	903	899	0	262591
284	848	832	829	922	868	887	903	899	887	0	263459
285	832	829	922	868	887	903	899	887	891	0	264346
286	829	922	868	887	903	899	887	891	650	0	265249
287	922	868	887	903	899	887	891	650	1152	0	266148
288	868	887	903	899	887	891	650	1152	902	0	267035
289	887	903	899	887	891	650	1152	902	888	0	267926
290	903	899	887	891	650	1152	902	888	879	1	268576
291	899	887	891	650	1152	902	888	879	887	0	269728
292	887	891	650	1152	902	888	879	887	903	0	270630
293	891	650	1152	902	888	879	887	903	899	0	271518
294	650	1152	902	888	879	887	903	899	906	0	272397
295	1152	902	888	879	887	903	899	906	876	0	273284
296	902	888	879	887	903	899	906	876	875	0	274187
297	888	879	887	903	899	906	876	875	596	0	275086
298	879	887	903	899	906	876	875	596	1116	0	275992
299	887	903	899	906	876	875	596	1116	856	0	276868
300	903	899	906	876	875	596	1116	856	852	0	277743
301	899	906	876	875	596	1116	856	852	856	1	278339
302	906	876	875	596	1116	856	852	856	837	0	279455
303	876	875	596	1116	856	852	856	837	860	0	280311
304	875	596	1116	856	852	856	837	860	825	0	281163
305	596	1116	856	852	856	837	860	825	844	0	282019
306	1116	856	852	856	837	860	825	844	845	0	282856
307	856	852	856	837	860	825	844	845	863	0	283716
308	852	856	837	860	825	844	845	863	853	0	284541
309	856	837	860	825	844	845	863	853	836	0	285385
310	837	860	825	844	845	863	853	836	833	0	286230
311	860	825	844	845	863	853	836	833	832	0	287093
312	825	844	845	863	853	836	833	832	857	0	287946
313	844	845	863	853	836	833	832	857	832	0	288782
314	845	863	853	836	833	832	857	832	841	0	289615
315	863	853	836	833	832	857	832	841	840	0	290447
316	853	836	833	832	857	832	841	840	837	0	291304
317	836	833	832	857	832	841	840	837	828	0	292136
318	833	832	857	832	841	840	837	828	829	0	292977
319	832	857	832	841	840	837	828	829	845	0	293817
320	857	832	841	840	837	828	829	845	836	0	294654
321	832	841	840	837	828	829	845	836	837	0	295482
322	841	840	837	828	829	845	836	837	832	0	296311
323	840	837	828	829	845	836	837	832	853	0	297156
324	837	828	829	845	836	837	832	853	860	0	297992
325	828	829	845	836	837	832	853	860	867	0	298829
326	829	845	836	837	832	853	860	867	864	0	299661
327	845	836	837	832	853	860	867	864	914	0	300514
328	836	837	832	853	860	867	864	914	930	0	301374
329	837	832	853	860	867	864	914	930	950	0	302241
330	832	853	860	867	864	914	930	950	945	0	303105
331	853	860	867	864	914	930	950	945	720	0	304019
332	860	867	864	914	930	950	945	720	1164	0	304949
333	867	864	914	930	950	945	720	1164	922	0	305899
334	864	914	930	950	945	720	1164	922	918	0	306844
335	914	930	950	945	720	1164	922	918	899	1	307564
336	930	950	945	720	1164	922	918	899	887	0	308728
337	950	945	720	1164	922	918	899	887	879	0	309650
338	945	720	1164	922	918	899	887	879	860	0	310568
339	720	1164	922	918	899	887	879	860	856	0	311467
340	1164	922	918	899	887	879	860	856	860	0	312354
341	922	918	899	887	879	860	856	860	864	0	313233
342	918	899	887	879	860	856	860	864	872	0	314093
343	899	887	879	860	856	860	864	872	867	0	314949
344	887	879	860	856	860	864	872	867	864	0	315809
345	879	860	856	860	864	872	867	864	887	0	316673
346	860	856	860	864	872	867	864	887	907	0	317545
347	856	860	864	872	867	864	887	907	911	0	318412
348	860	864	872	867	864	887	907	911	906	0	319276
349	864	872	867	864	887	907	911	906	907	0	320163
350	872	867	864	887	907	911	906	907	922	0	321070
351	867	864	887	907	911	906	907	922	926	0	321981
352	864	887	907	911	906	907	922	926	930	0	322887
353	887	907	911	906	907	922	926	930	918	0	323794
354	907	911	906	907	922	926	930	918	934	0	324716
355	911	906	907	922	926	930	918	934	946	0	325642
356	906	907	922	926	930	918	934	946	945	0	326572
357	907	922	926	930	918	934	946	945	953	0	327490
358	922	926	930	918	934	946	945	953	962	0	328424
359	926	930	918	934	946	945	953	962	953	0	329370
360	930	918	934	946	945	953	962	953	945	0	330315
361	918	934	946	945	953	962	953	945	969	0	331268
362	934	946	945	953	962	953	945	969	985	0	332230
363	946	945	953	962	953	945	969	985	988	0	333183
364	945	953	962	953	945	969	985	988	938	0	334128
365	953	962	953	945	969	985	988	938	945	0	335097
366	962	953	945	969	985	988	938	945	950	0	336082
367	953	945	969	985	988	938	945	950	949	0	337070
368	945	969	985	988	938	945	950	949	950	0	338008
369	969	985	988	938	945	950	949	950	945	0	338953
370	985	988	938	945	950	949	950	945	942	0	339903
371	988	938	945	950	949	950	945	942	930	0	340852
372	938	945	950	949	950	945	942	930	918	0	341802
373	945	950	949	950	945	942	930	918	899	0	342747
374	950	949	950	945	942	930	918	899	918	0	343689
375	949	950	945	942	930	918	899	918	938	0	344619
376	950	945	942	930	918	899	918	938	938	0	345537
377	945	942	930	918	899	918	938	938	965	0	346436
378	942	930	918	899	918	938	938	965	937	0	347354
379	930	918	899	918	938	938	965	937	946	0	348292
380	918	899	918	938	938	965	937	946	938	0	349230
381	899	918	938	938	965	937	946	938	926	0	350195
382	918	938	938	965	937	946	938	926	918	0	351132
383	938	938	965	937	946	938	926	918	907	0	352078
384	938	965	937	946	938	926	918	907	906	0	353016
385	965	937	946	938	926	918	907	906	887	0	353942
386	937	946	938	926	918	907	906	887	887	0	354860
387	946	938	926	918	907	906	887	887	903	0	355767
388	938	926	918	907	906	887	887	903	915	0	356673
389	926	918	907	906	887	887	903	915	914	0	357560
390	918	907	906	887	887	903	915	914	910	0	358447
391	907	906	887	887	903	915	914	910	907	0	359350
392	906	887	887	903	915	914	910	907	926	0	360265
393	887	887	903	915	914	910	907	926	930	0	361179
394	887	903	915	914	910	907	926	930	938	0	362089
395	903	915	914	910	907	926	930	938	949	0	362996
396	915	914	910	907	926	930	938	949	934	0	363922
397	914	910	907	926	930	938	949	934	926	0	364852
398	910	907	926	930	938	949	934	926	934	0	365790
399	907	926	930	938	949	934	926	934	938	0	366739
400	926	930	938	949	934	926	934	938	941	0	367673
401	930	938	949	934	926	934	938	941	915	0	368599
402	938	949	934	926	934	938	941	915	914	0	369533
403	949	934	926	934	938	941	915	914	911	0	370471
404	934	926	934	938	941	915	914	911	879	0	371412
405	926	934	938	941	915	914	911	879	868	0	372327
406	934	938	941	915	914	911	879	868	918	0	373241
407	938	941	915	914	911	879	868	918	907	0	374152
408	941	915	914	911	879	868	918	907	918	0	375031
409	915	914	911	879	868	918	907	918	930	0	375899
410	914	911	879	868	918	907	918	930	926	0	376817
411	911	879	868	918	907	918	930	926	926	0	377724
412	879	868	918	907	918	930	926	926	926	0	378642
413	868	918	907	918	930	926	926	926	918	0	379572
414	918	907	918	930	926	926	926	918	899	0	380498
415	907	918	930	926	926	926	918	899	887	0	381424
416	918	930	926	926	926	918	899	887	903	0	382350
417	930	926	926	926	918	899	887	903	918	0	383268
418	926	926	926	918	899	887	903	918	942	0	384167
419	926	926	918	899	887	903	918	942	953	0	385054
420	926	918	899	887	903	918	942	953	962	0	385957
421	918	899	887	903	918	942	953	962	972	0	386875
422	899	887	903	918	942	953	962	972	977	0	387817
423	887	903	918	942	953	962	972	977	945	0	388770
424	903	918	942	953	962	972	977	945	954	0	389732
425	918	942	953	962	972	977	945	954	969	0	390704
426	942	953	962	972	977	945	954	969	984	0	391681
427	953	962	972	977	945	954	969	984	926	0	392626
428	962	972	977	945	954	969	984	926	930	0	393580
429	972	977	945	954	969	984	926	930	926	0	394549
430	977	945	954	969	984	926	930	926	903	0	395533
431	945	954	969	984	926	930	926	903	875	0	396459
432	954	969	984	926	930	926	903	875	860	0	397389
433	969	984	926	930	926	903	875	860	845	0	398315
434	984	926	930	926	903	875	860	845	856	0	399218
435	926	930	926	903	875	860	845	856	856	0	400093
436	930	926	903	875	860	845	856	856	844	0	400953
437	926	903	875	860	845	856	856	844	833	0	401798
438	903	875	860	845	856	856	844	833	832	0	402654
439	875	860	845	856	856	844	833	832	845	0	403510
440	860	845	856	856	844	833	832	845	836	0	404354
441	845	856	856	844	833	832	845	836	825	0	405187
442	856	856	844	833	832	845	836	825	817	0	406019
443	856	844	833	832	845	836	825	817	810	0	406864
444	844	833	832	845	836	825	817	810	797	0	407700
445	833	832	845	836	825	817	810	797	798	0	408525
446	832	845	836	825	817	810	797	798	798	0	409342
447	845	836	825	817	810	797	798	798	871	0	410152
448	836	825	817	810	797	798	798	871	845	0	410949
449	825	817	810	797	798	798	871	845	836	0	411747
450	817	810	797	798	798	871	845	836	833	0	412545
451	810	797	798	798	871	845	836	833	809	0	413416
452	797	798	798	871	845	836	833	809	856	0	414261
453	798	798	871	845	836	833	809	856	860	0	415097
454	798	871	845	836	833	809	856	860	864	0	415930
455	871	845	836	833	809	856	860	864	876	0	416739
456	845	836	833	809	856	860	864	876	863	0	417595
457	836	833	809	856	860	864	876	863	845	0	418455
458	833	809	856	860	864	876	863	845	852	0	419319
459	809	856	860	864	876	863	845	852	840	0	420195
460	856	860	864	876	863	845	852	840	884	0	421058
461	860	864	876	863	845	852	840	884	883	0	421903
462	864	876	863	845	852	840	884	883	868	0	422755
463	876	863	845	852	840	884	883	868	875	0	423595
464	863	845	852	840	884	883	868	875	903	0	424479
465	845	852	840	884	883	868	875	903	922	0	425362
466	852	840	884	883	868	875	903	922	926	0	426230
467	840	884	883	868	875	903	922	926	934	0	427105
468	884	883	868	875	903	922	926	934	942	0	428008
469	883	868	875	903	922	926	934	942	953	0	428930
470	868	875	903	922	926	934	942	953	973	0	429856
471	875	903	922	926	934	942	953	973	965	0	430790
472	903	922	926	934	942	953	973	965	968	0	431732
473	922	926	934	942	953	973	965	968	923	0	432685
474	926	934	942	953	973	965	968	923	922	0	433658
475	934	942	953	973	965	968	923	922	899	0	434623
476	942	953	973	965	968	923	922	899	867	0	435591
477	953	973	965	968	923	922	899	867	903	0	436514
478	973	965	968	923	922	899	867	903	883	0	437436
479	965	968	923	922	899	867	903	883	891	0	438335
480	968	923	922	899	867	903	883	891	849	0	439202
481	923	922	899	867	903	883	891	849	844	0	440105
482	922	899	867	903	883	891	849	844	891	0	440988
483	899	867	903	883	891	849	844	891	891	0	441879
484	867	903	883	891	849	844	891	891	879	0	442728
485	903	883	891	849	844	891	891	879	892	0	443572
486	883	891	849	844	891	891	879	892	906	0	444463
487	891	849	844	891	891	879	892	906	922	0	445354
488	849	844	891	891	879	892	906	922	930	0	446233
489	844	891	891	879	892	906	922	930	907	0	447125
490	891	891	879	892	906	922	930	907	922	0	448031
491	891	879	892	906	922	930	907	922	938	0	448953
492	879	892	906	922	930	907	922	938	945	0	449883
493	892	906	922	930	907	922	938	945	926	0	450790
494	906	922	930	907	922	938	945	926	961	0	451712
495	922	930	907	922	938	945	926	961	946	0	452650
496	930	907	922	938	945	926	961	946	961	0	453595
497	907	922	938	945	926	961	946	961	922	0	454521
498	922	938	945	926	961	946	961	922	919	0	455482
499	938	945	926	961	946	961	922	919	922	0	456428
500	945	926	961	946	961	922	919	922	926	0	457389
501	926	961	946	961	922	919	922	926	914	0	458311
502	961	946	961	922	919	922	926	914	915	0	459230
503	946	961	922	919	922	926	914	915	937	0	460152
504	961	922	919	922	926	914	915	937	946	0	461078
505	922	919	922	926	914	915	937	946	934	0	461992
506	919	922	926	914	915	937	946	934	922	0	462907
507	922	926	914	915	937	946	934	922	945	0	463844
508	926	914	915	937	946	934	922	945	962	0	464790
509	914	915	937	946	934	922	945	962	953	0	465724
510	915	937	946	934	922	945	962	953	941	0	466646
511	937	946	934	922	945	962	953	941	930	0	467591
512	946	934	922	945	962	953	941	930	942	0	468553
513	934	922	945	962	953	941	930	942	930	0	469506
514	922	945	962	953	941	930	942	930	907	0	470447
515	945	962	953	941	930	942	930	907	910	0	471377
516	962	953	941	930	942	930	907	910	891	0	472319
517	953	941	930	942	930	907	910	891	852	0	473249
518	941	930	942	930	907	910	891	852	911	0	474156
519	930	942	930	907	910	891	852	911	895	0	475066
520	942	930	907	910	891	852	911	895	906	0	475957
521	930	907	910	891	852	911	895	906	891	0	476809
522	907	910	891	852	911	895	906	891	880	0	477720
523	910	891	852	911	895	906	891	880	887	0	478615
524	891	852	911	895	906	891	880	887	883	0	479521
525	852	911	895	906	891	880	887	883	887	0	480412
526	911	895	906	891	880	887	883	887	888	0	481292
527	895	906	891	880	887	883	887	888	891	0	482179
528	906	891	880	887	883	887	888	891	914	0	483062
529	891	880	887	883	887	888	891	914	903	0	483949
530	880	887	883	887	888	891	914	903	914	0	484837
531	887	883	887	888	891	914	903	914	926	0	485728
532	883	887	888	891	914	903	914	926	946	0	486642
533	887	888	891	914	903	914	926	946	949	0	487545
534	888	891	914	903	914	926	946	949	934	0	488459
535	891	914	903	914	926	946	949	934	946	0	489385
536	914	903	914	926	946	949	934	946	972	0	490331
537	903	914	926	946	949	934	946	972	989	0	491280
538	914	926	946	949	934	946	972	989	968	0	492214
539	926	946	949	934	946	972	989	968	969	0	493160
540	946	949	934	946	972	989	968	969	973	0	494132
541	949	934	946	972	989	968	969	973	973	0	495121
542	934	946	972	989	968	969	973	973	945	0	496089
543	946	972	989	968	969	973	973	945	954	0	497058
544	972	989	968	969	973	973	945	954	976	0	498031
545	989	968	969	973	973	945	954	976	981	0	499004
546	968	969	973	973	945	954	976	981	1004	0	499949
547	969	973	973	945	954	976	981	1004	1004	0	500903
548	973	973	945	954	976	981	1004	1004	984	0	501879
549	973	945	954	976	981	1004	1004	984	981	0	502860
550	945	954	976	981	1004	1004	984	981	984	0	503864
551	954	976	981	1004	1004	984	981	984	977	0	504868
552	976	981	1004	1004	984	981	984	977	976	0	505852
553	981	1004	1004	984	981	984	977	976	969	0	506833
554	1004	1004	984	981	984	977	976	969	985	0	507817
555	1004	984	981	984	977	976	969	985	1008	0	508794
556	984	981	984	977	976	969	985	1008	1019	0	509770
557	981	984	977	976	969	985	1008	1019	1043	0	510739
558	984	977	976	969	985	1008	1019	1043	1035	0	511724
559	977	976	969	985	1008	1019	1043	1035	1023	0	512732
560	976	969	985	1008	1019	1043	1035	1023	1020	0	513751
561	969	985	1008	1019	1043	1035	1023	1020	996	0	514794
562	985	1008	1019	1043	1035	1023	1020	996	953	0	515829
563	1008	1019	1043	1035	1023	1020	996	953	953	0	516852
564	1019	1043	1035	1023	1020	996	953	953	934	0	517872
565	1043	1035	1023	1020	996	953	953	934	915	0	518868
566	1035	1023	1020	996	953	953	934	915	891	0	519821
567	1023	1020	996	953	953	934	915	891	895	0	520774
568	1020	996	953	953	934	915	891	895	902	0	521708
569	996	953	953	934	915	891	895	902	907	0	522623
570	953	953	934	915	891	895	902	907	914	0	523514
571	953	934	915	891	895	902	907	914	915	0	524409
572	934	915	891	895	902	907	914	915	910	0	525311
573	915	891	895	902	907	914	915	910	918	0	526218
574	891	895	902	907	914	915	910	918	915	0	527132
575	895	902	907	914	915	910	918	915	910	0	528047
576	902	907	914	915	910	918	915	910	915	0	528957
577	907	914	915	910	918	915	910	915	895	0	529875
578	914	915	910	918	915	910	915	895	906	0	530790
579	915	910	918	915	910	915	895	906	907	0	531700
580	910	918	915	910	915	895	906	907	926	0	532615
581	918	915	910	915	895	906	907	926	911	0	533510
582	915	910	915	895	906	907	926	911	883	0	534416
583	910	915	895	906	907	926	911	883	879	0	535323
584	915	895	906	907	926	911	883	879	852	0	536249
585	895	906	907	926	911	883	879	852	845	0	537160
586	906	907	926	911	883	879	852	845	879	0	538043
587	907	926	911	883	879	852	845	879	876	0	538922
588	926	911	883	879	852	845	879	876	863	0	539774
589	911	883	879	852	845	879	876	863	860	0	540619
590	883	879	852	845	879	876	863	860	852	0	541498
591	879	852	845	879	876	863	860	852	868	0	542374
592	852	845	879	876	863	860	852	868	876	0	543237
593	845	879	876	863	860	852	868	876	867	0	544097
594	879	876	863	860	852	868	876	867	845	0	544949
595	876	863	860	852	868	876	867	845	840	0	545817
596	863	860	852	868	876	867	845	840	825	0	546693
597	860	852	868	876	867	845	840	825	821	0	547560
598	852	868	876	867	845	840	825	821	833	0	548405
599	868	876	867	845	840	825	821	833	805	0	549245
600	876	867	845	840	825	821	833	805	813	0	550070
601	867	845	840	825	821	833	805	813	810	0	550891
602	845	840	825	821	833	805	813	810	805	0	551724
603	840	825	821	833	805	813	810	805	817	0	552529
604	825	821	833	805	813	810	805	817	852	0	553342
605	821	833	805	813	810	805	817	852	833	0	554152
606	833	805	813	810	805	817	852	833	833	0	554957
607	805	813	810	805	817	852	833	833	825	0	555774
608	813	810	805	817	852	833	833	825	852	0	556626
609	810	805	817	852	833	833	825	852	871	0	557459
610	805	817	852	833	833	825	852	871	876	0	558292
611	817	852	833	833	825	852	871	876	868	0	559117
612	852	833	833	825	852	871	876	868	875	0	559969
613	833	833	825	852	871	876	868	875	872	0	560840
614	833	825	852	871	876	868	875	872	887	0	561716
615	825	852	871	876	868	875	872	887	895	0	562584
616	852	871	876	868	875	872	887	895	899	0	563459
617	871	876	868	875	872	887	895	899	902	0	564331
618	876	868	875	872	887	895	899	902	923	0	565218
619	868	875	872	887	895	899	902	923	922	0	566113
620	875	872	887	895	899	902	923	922	910	0	567012
621	872	887	895	899	902	923	922	910	907	0	567914
622	887	895	899	902	923	922	910	907	891	0	568837
623	895	899	902	923	922	910	907	891	879	0	569759
624	899	902	923	922	910	907	891	879	899	0	570669
625	902	923	922	910	907	891	879	899	891	0	571576
626	923	922	910	907	891	879	899	891	876	0	572467
627	922	910	907	891	879	899	891	876	902	0	573346
628	910	907	891	879	899	891	876	902	907	0	574245
629	907	891	879	899	891	876	902	907	903	0	575136
630	891	879	899	891	876	902	907	903	902	0	576012
631	879	899	891	876	902	907	903	902	888	0	576914
632	899	891	876	902	907	903	902	888	887	0	577821
633	891	876	902	907	903	902	888	887	899	0	578724
634	876	902	907	903	902	888	887	899	902	0	579626
635	902	907	903	902	888	887	899	902	895	0	580514
636	907	903	902	888	887	899	902	895	891	0	581401
637	903	902	888	887	899	902	895	891	907	0	582300
638	902	888	887	899	902	895	891	907	918	0	583202
639	888	887	899	902	895	891	907	918	919	0	584097
640	887	899	902	895	891	907	918	919	910	0	584988
641	899	902	895	891	907	918	919	910	907	0	585895
642	902	895	891	907	918	919	910	907	914	0	586813
643	895	891	907	918	919	910	907	914	907	0	587732
644	891	907	918	919	910	907	914	907	914	0	588642
645	907	918	919	910	907	914	907	914	911	0	589549
646	918	919	910	907	914	907	914	911	910	0	590463
647	919	910	907	914	907	914	911	910	918	0	591370
648	910	907	914	907	914	911	910	918	907	0	592284
649	907	914	907	914	911	910	918	907	875	0	593195
650	914	907	914	911	910	918	907	875	876	0	594105
651	907	914	911	910	918	907	875	876	868	0	595023
652	914	911	910	918	907	875	876	868	875	0	595930
653	911	910	918	907	875	876	868	875	856	0	596805
654	910	918	907	875	876	868	875	856	813	0	597681
655	918	907	875	876	868	875	856	813	829	0	598549
656	907	875	876	868	875	856	813	829	829	0	599424
657	875	876	868	875	856	813	829	829	837	0	600280
658	876	868	875	856	813	829	829	837	859	0	601093
659	868	875	856	813	829	829	837	859	833	0	601922
660	875	856	813	829	829	837	859	833	813	0	602751
661	856	813	829	829	837	859	833	813	821	0	603588
662	813	829	829	837	859	833	813	821	825	0	604447
663	829	829	837	859	833	813	821	825	821	0	605280
664	829	837	859	833	813	821	825	821	841	0	606093
665	837	859	833	813	821	825	821	841	809	0	606914
666	859	833	813	821	825	821	841	809	813	0	607739
667	833	813	821	825	821	841	809	813	837	0	608560
668	813	821	825	821	841	809	813	837	825	0	609401
669	821	825	821	841	809	813	837	825	833	0	610210
670	825	821	841	809	813	837	825	833	832	0	611023
671	821	841	809	813	837	825	833	832	848	0	611860
672	841	809	813	837	825	833	832	848	864	0	612685
673	809	813	837	825	833	832	848	864	880	0	613518
674	813	837	825	833	832	848	864	880	898	0	614350
675	837	825	833	832	848	864	880	898	911	0	615198
676	825	833	832	848	864	880	898	911	930	0	616062
677	833	832	848	864	880	898	911	930	953	0	616942
678	832	848	864	880	898	911	930	953	973	0	617840
679	848	864	880	898	911	930	953	973	969	0	618751
680	864	880	898	911	930	953	973	969	977	0	619681
681	880	898	911	930	953	973	969	977	965	0	620634
682	898	911	930	953	973	969	977	965	980	0	621607
683	911	930	953	973	969	977	965	980	957	0	622576
684	930	953	973	969	977	965	980	957	930	0	623553
685	953	973	969	977	965	980	957	930	934	0	624518
686	973	969	977	965	980	957	930	934	926	0	625498
687	969	977	965	980	957	930	934	926	1020	0	626455
688	977	965	980	957	930	934	926	1020	1031	0	627385
689	965	980	957	930	934	926	1020	1031	1011	0	628319
690	980	957	930	934	926	1020	1031	1011	1000	0	629245
691	957	930	934	926	1020	1031	1011	1000	1004	0	630265
692	930	934	926	1020	1031	1011	1000	1004	996	0	631296
693	934	926	1020	1031	1011	1000	1004	996	993	0	632307
694	926	1020	1031	1011	1000	1004	996	993	988	0	633307
695	1020	1031	1011	1000	1004	996	993	988	961	0	634311
696	1031	1011	1000	1004	996	993	988	961	946	0	635307
697	1011	1000	1004	996	993	988	961	946	961	0	636300
698	1000	1004	996	993	988	961	946	961	972	0	637288
699	1004	996	993	988	961	946	961	972	993	0	638249
700	996	993	988	961	946	961	972	993	1000	0	639195
701	993	988	961	946	961	972	993	1000	1000	0	640156
702	988	961	946	961	972	993	1000	1000	965	0	641128
703	961	946	961	972	993	1000	1000	965	949	0	642121
704	946	961	972	993	1000	1000	965	949	930	0	643121
705	961	972	993	1000	1000	965	949	930	914	0	644121
706	972	993	1000	1000	965	949	930	914	888	0	645086
707	993	1000	1000	965	949	930	914	888	875	0	646035
708	1000	1000	965	949	930	914	888	875	868	0	646965
709	1000	965	949	930	914	888	875	868	860	0	647879
710	965	949	930	914	888	875	868	860	856	0	648767
711	949	930	914	888	875	868	860	856	875	0	649642
712	930	914	888	875	868	860	856	875	883	0	650510
713	914	888	875	868	860	856	875	883	891	0	651370
714	888	875	868	860	856	875	883	891	892	0	652226
715	875	868	860	856	875	883	891	892	922	0	653101
716	868	860	856	875	883	891	892	922	941	0	653984
717	860	856	875	883	891	892	922	941	954	0	654875
718	856	875	883	891	892	922	941	954	969	0	655767
719	875	883	891	892	922	941	954	969	972	0	656689
720	883	891	892	922	941	954	969	972	946	0	657630
721	891	892	922	941	954	969	972	946	961	0	658584
722	892	922	941	954	969	972	946	961	965	0	659553
723	922	941	954	969	972	946	961	965	973	0	660525
724	941	954	969	972	946	961	965	973	976	0	661471
725	954	969	972	946	961	965	973	976	977	0	662432
726	969	972	946	961	965	973	976	977	977	0	663397
727	972	946	961	965	973	976	977	977	976	0	664370
728	946	961	965	973	976	977	977	976	957	0	665346
729	961	965	973	976	977	977	976	957	946	0	666323
730	965	973	976	977	977	976	957	946	953	0	667300
731	973	976	977	977	976	957	946	953	981	0	668276
732	976	977	977	976	957	946	953	981	1008	0	669233
733	977	977	976	957	946	953	981	1008	1031	0	670179
734	977	976	957	946	953	981	1008	1031	1031	0	671132
735	976	957	946	953	981	1008	1031	1031	1019	0	672113
736	957	946	953	981	1008	1031	1031	1019	1035	0	673121
737	946	953	981	1008	1031	1031	1019	1035	1035	0	674152
738	953	981	1008	1031	1031	1019	1035	1035	1035	0	675183
739	981	1008	1031	1031	1019	1035	1035	1035	1035	0	676202
740	1008	1031	1031	1019	1035	1035	1035	1035	1028	0	677237
741	1031	1031	1019	1035	1035	1035	1035	1028	1015	0	678272
742	1031	1019	1035	1035	1035	1035	1028	1015	992	0	679307
743	1019	1035	1035	1035	1035	1028	1015	992	973	0	680342
744	1035	1035	1035	1035	1028	1015	992	973	957	0	681370
745	1035	1035	1035	1028	1015	992	973	957	934	0	682385
746	1035	1035	1028	1015	992	973	957	934	930	0	683377
747	1035	1028	1015	992	973	957	934	930	946	0	684350
748	1028	1015	992	973	957	934	930	946	957	0	685307
749	1015	992	973	957	934	930	946	957	977	0	686241
750	992	973	957	934	930	946	957	977	957	0	687171
751	973	957	934	930	946	957	977	957	976	0	688117
752	957	934	930	946	957	977	957	976	1004	0	689074
753	934	930	946	957	977	957	976	1004	1031	0	690051
754	930	946	957	977	957	976	1004	1031	736	0	691008
755	946	957	977	957	976	1004	1031	736	1307	0	691984
756	957	977	957	976	1004	1031	736	1307	1000	0	692988
757	977	957	976	1004	1031	736	1307	1000	989	0	694019
758	957	976	1004	1031	736	1307	1000	989	961	1	694755
759	976	1004	1031	736	1307	1000	989	961	953	0	696062
760	1004	1031	736	1307	1000	989	961	953	942	0	697062
761	1031	736	1307	1000	989	961	953	942	910	0	698051
762	736	1307	1000	989	961	953	942	910	899	0	699012
763	1307	1000	989	961	953	942	910	899	907	0	699965
764	1000	989	961	953	942	910	899	907	902	0	700907
765	989	961	953	942	910	899	907	902	887	0	701817
766	961	953	942	910	899	907	902	887	907	0	702716
767	953	942	910	899	907	902	887	907	930	0	703623
768	942	910	899	907	902	887	907	930	949	0	704525
769	910	899	907	902	887	907	930	949	958	0	705412
770	899	907	902	887	907	930	949	958	961	0	706319
771	907	902	887	907	930	949	958	961	988	0	707249
772	902	887	907	930	949	958	961	988	1016	0	708198
773	887	907	930	949	958	961	988	1016	1058	0	709156
774	907	930	949	958	961	988	1016	1058	1074	0	710117
775	930	949	958	961	988	1016	1058	1074	1074	0	711105
776	949	958	961	988	1016	1058	1074	1074	1085	0	712121
777	958	961	988	1016	1058	1074	1074	1085	1078	0	713179
778	961	988	1016	1058	1074	1074	1085	1078	1051	0	714253
779	988	1016	1058	1074	1074	1085	1078	1051	1070	0	715327
780	1016	1058	1074	1074	1085	1078	1051	1070	1058	0	716412
781	1058	1074	1074	1085	1078	1051	1070	1058	1070	0	717490
782	1074	1074	1085	1078	1051	1070	1058	1070	1082	0	718541
783	1074	1085	1078	1051	1070	1058	1070	1082	1078	0	719611
784	1085	1078	1051	1070	1058	1070	1082	1078	1066	0	720669
785	1078	1051	1070	1058	1070	1082	1078	1066	1058	0	721739
786	1051	1070	1058	1070	1082	1078	1066	1058	1035	0	722821
787	1070	1058	1070	1082	1078	1066	1058	1035	993	0	723899
788	1058	1070	1082	1078	1066	1058	1035	993	996	0	724965
789	1070	1082	1078	1066	1058	1035	993	996	1000	0	726023
790	1082	1078	1066	1058	1035	993	996	1000	1023	0	727058
791	1078	1066	1058	1035	993	996	1000	1023	1051	0	728051
792	1066	1058	1035	993	996	1000	1023	1051	1074	0	729047
793	1058	1035	993	996	1000	1023	1051	1074	976	0	730047
794	1035	993	996	1000	1023	1051	1074	976	1164	0	731070
795	993	996	1000	1023	1051	1074	976	1164	1023	0	732121
796	996	1000	1023	1051	1074	976	1164	1023	875	0	733195
797	1000	1023	1051	1074	976	1164	1023	875	1106	1	734171
798	1023	1051	1074	976	1164	1023	875	1106	988	0	735335
799	1051	1074	976	1164	1023	875	1106	988	988	0	736358
800	1074	976	1164	1023	875	1106	988	988	977	1	737233
801	976	1164	1023	875	1106	988	988	977	934	0	738339
802	1164	1023	875	1106	988	988	977	934	934	0	739327
803	1023	875	1106	988	988	977	934	934	926	0	740315
804	875	1106	988	988	977	934	934	926	933	0	741292
805	1106	988	988	977	934	934	926	933	919	0	742226
806	988	988	977	934	934	926	933	919	941	0	743160
807	988	977	934	934	926	933	919	941	958	0	744086
808	977	934	934	926	933	919	941	958	992	0	745019
809	934	934	926	933	919	941	958	992	988	0	745938
810	934	926	933	919	941	958	992	988	985	0	746879
811	926	933	919	941	958	992	988	985	996	0	747837
812	933	919	941	958	992	988	985	996	965	0	748829
813	919	941	958	992	988	985	996	965	980	0	749817
814	941	958	992	988	985	996	965	980	985	0	750802
815	958	992	988	985	996	965	980	985	996	0	751798
816	992	988	985	996	965	980	985	996	988	0	752763
817	988	985	996	965	980	985	996	988	953	0	753743
818	985	996	965	980	985	996	988	953	930	0	754728
819	996	965	980	985	996	988	953	930	926	0	755724
820	965	980	985	996	988	953	930	926	915	0	756712
821	980	985	996	988	953	930	926	915	887	0	757665
822	985	996	988	953	930	926	915	887	883	0	758595
823	996	988	953	930	926	915	887	883	852	0	759521
824	988	953	930	926	915	887	883	852	864	0	760436
825	953	930	926	915	887	883	852	864	841	0	761323
826	930	926	915	887	883	852	864	841	844	0	762206
827	926	915	887	883	852	864	841	844	840	0	763058
828	915	887	883	852	864	841	844	840	841	0	763922
829	887	883	852	864	841	844	840	841	887	0	764763
830	883	852	864	841	844	840	841	887	891	0	765607
831	852	864	841	844	840	841	887	891	891	0	766447
832	864	841	844	840	841	887	891	891	915	0	767288
833	841	844	840	841	887	891	891	915	957	0	768175
834	844	840	841	887	891	891	915	957	980	0	769066
835	840	841	887	891	891	915	957	980	961	0	769957
836	841	887	891	891	915	957	980	961	997	0	770872
837	887	891	891	915	957	980	961	997	1023	0	771829
838	891	891	915	957	980	961	997	1023	1047	0	772809
839	891	915	957	980	961	997	1023	1047	1070	0	773770
840	915	957	980	961	997	1023	1047	1070	1077	0	774767
841	957	980	961	997	1023	1047	1070	1077	1067	0	775790
842	980	961	997	1023	1047	1070	1077	1067	1058	0	776837
843	961	997	1023	1047	1070	1077	1067	1058	1027	0	777907
844	997	1023	1047	1070	1077	1067	1058	1027	1035	0	778984
845	1023	1047	1070	1077	1067	1058	1027	1035	1055	0	780051
846	1047	1070	1077	1067	1058	1027	1035	1055	1066	0	781109
847	1070	1077	1067	1058	1027	1035	1055	1066	1066	0	782136
848	1077	1067	1058	1027	1035	1055	1066	1066	634	0	783171
849	1067	1058	1027	1035	1055	1066	1066	634	1452	0	784226
850	1058	1027	1035	1055	1066	1066	634	1452	1019	0	785292
851	1027	1035	1055	1066	1066	634	1452	1019	981	0	786358
852	1035	1055	1066	1066	634	1452	1019	981	933	1	786992
853	1055	1066	1066	634	1452	1019	981	933	950	0	788444
854	1066	1066	634	1452	1019	981	933	950	969	0	789463
855	1066	634	1452	1019	981	933	950	969	984	0	790444
856	634	1452	1019	981	933	950	969	984	977	0	791377
857	1452	1019	981	933	950	969	984	977	988	0	792327
858	1019	981	933	950	969	984	977	988	1004	0	793296
859	981	933	950	969	984	977	988	1004	984	0	794280
860	933	950	969	984	977	988	1004	984	989	0	795257
861	950	969	984	977	988	1004	984	989	992	0	796245
862	969	984	977	988	1004	984	989	992	1000	0	797249
863	984	977	988	1004	984	989	992	1000	992	0	798233
864	977	988	1004	984	989	992	1000	992	969	0	799222
865	988	1004	984	989	992	1000	992	969	973	0	800214
866	1004	984	989	992	1000	992	969	973	961	0	801214
867	984	989	992	1000	992	969	973	961	930	0	802206
868	989	992	1000	992	969	973	961	930	914	0	803175
869	992	1000	992	969	973	961	930	914	934	0	804148
870	1000	992	969	973	961	930	914	934	961	0	805109
871	992	969	973	961	930	914	934	961	954	0	806039
872	969	973	961	930	914	934	961	954	941	0	806953
873	973	961	930	914	934	961	954	941	961	0	807887
874	961	930	914	934	961	954	941	961	981	0	808848
875	930	914	934	961	954	941	961	981	996	0	809802
876	914	934	961	954	941	961	981	996	973	0	810743
877	934	961	954	941	961	981	996	973	949	0	811704
878	961	954	941	961	981	996	973	949	938	0	812685
879	954	941	961	981	996	973	949	938	922	0	813681
880	941	961	981	996	973	949	938	922	887	0	814654
881	961	981	996	973	949	938	922	887	880	0	815603
882	981	996	973	949	938	922	887	880	918	0	816541
883	996	973	949	938	922	887	880	918	895	0	817463
884	973	949	938	922	887	880	918	895	887	0	818350
885	949	938	922	887	880	918	895	887	895	0	819230
886	938	922	887	880	918	895	887	895	934	0	820148
887	922	887	880	918	895	887	895	934	949	0	821043
888	887	880	918	895	887	895	934	949	938	0	821930
889	880	918	895	887	895	934	949	938	980	0	822825
890	918	895	887	895	934	949	938	980	1012	0	823759
891	895	887	895	934	949	938	980	1012	1031	0	824708
892	887	895	934	949	938	980	1012	1031	1020	0	825646
893	895	934	949	938	980	1012	1031	1020	1035	0	826626
894	934	949	938	980	1012	1031	1020	1035	1043	0	827638
895	949	938	980	1012	1031	1020	1035	1043	1062	0	828669
896	938	980	1012	1031	1020	1035	1043	1062	1058	0	829689
897	980	1012	1031	1020	1035	1043	1062	1058	1082	0	830724
898	1012	1031	1020	1035	1043	1062	1058	1082	1070	0	831767
899	1031	1020	1035	1043	1062	1058	1082	1070	1047	0	832829
900	1020	1035	1043	1062	1058	1082	1070	1047	1046	0	833887
901	1035	1043	1062	1058	1082	1070	1047	1046	1047	0	834969
902	1043	1062	1058	1082	1070	1047	1046	1047	1051	0	836039
903	1062	1058	1082	1070	1047	1046	1047	1051	1023	0	837086
904	1058	1082	1070	1047	1046	1047	1051	1023	1015	0	838132
905	1082	1070	1047	1046	1047	1051	1023	1015	1028	0	839179
906	1070	1047	1046	1047	1051	1023	1015	1028	1023	0	840230
907	1047	1046	1047	1051	1023	1015	1028	1023	996	0	841253
908	1046	1047	1051	1023	1015	1028	1023	996	961	0	842268
909	1047	1051	1023	1015	1028	1023	996	961	989	0	843296
910	1051	1023	1015	1028	1023	996	961	989	992	0	844319
911	1023	1015	1028	1023	996	961	989	992	984	0	845315
912	1015	1028	1023	996	961	989	992	984	973	0	846276
913	1028	1023	996	961	989	992	984	973	992	0	847265
914	1023	996	961	989	992	984	973	992	1008	0	848257
915	996	961	989	992	984	973	992	1008	1008	0	849241
916	961	989	992	984	973	992	1008	1008	1011	0	850214
917	989	992	984	973	992	1008	1008	1011	1028	0	851206
918	992	984	973	992	1008	1008	1011	1028	1015	0	852214
919	984	973	992	1008	1008	1011	1028	1015	996	0	853222
920	973	992	1008	1008	1011	1028	1015	996	1004	0	854233
921	992	1008	1008	1011	1028	1015	996	1004	989	0	855261
922	1008	1008	1011	1028	1015	996	1004	989	988	0	856276
923	1008	1011	1028	1015	996	1004	989	988	969	0	857272
924	1011	1028	1015	996	1004	989	988	969	984	0	858276
925	1028	1015	996	1004	989	988	969	984	989	0	859265
926	1015	996	1004	989	988	969	984	989	988	0	860253
927	996	1004	989	988	969	984	989	988	953	0	861222
928	1004	989	988	969	984	989	988	953	965	0	862206
929	989	988	969	984	989	988	953	965	961	0	863195
930	988	969	984	989	988	953	965	961	946	0	864183
931	969	984	989	988	953	965	961	946	914	1	865136
932	984	989	988	953	965	961	946	914	922	0	866101
933	989	988	953	965	961	946	914	922	915	0	867062
934	988	953	965	961	946	914	922	915	891	0	868008
935	953	965	961	946	914	922	915	891	891	0	868922
936	965	961	946	914	922	915	891	891	895	0	869844
937	961	946	914	922	915	891	891	895	891	0	870759
938	946	914	922	915	891	891	895	891	891	0	871650
939	914	922	915	891	891	895	891	891	895	0	872541
940	922	915	891	891	895	891	891	895	910	0	873436
941	915	891	891	895	891	891	895	910	903	0	874327
942	891	891	895	891	891	895	910	903	903	0	875218
943	891	895	891	891	895	910	903	903	934	0	876113
944	895	891	891	895	910	903	903	934	957	0	877023
945	891	891	895	910	903	903	934	957	961	0	877926
946	891	895	910	903	903	934	957	961	973	0	878829
947	895	910	903	903	934	957	961	973	992	0	879763
948	910	903	903	934	957	961	973	992	1004	0	880720
949	903	903	934	957	961	973	992	1004	1004	0	881681
950	903	934	957	961	973	992	1004	1004	1007	0	882654
951	934	957	961	973	992	1004	1004	1007	1028	0	883646
952	957	961	973	992	1004	1004	1007	1028	1015	0	884650
953	961	973	992	1004	1004	1007	1028	1015	1008	0	885654
954	973	992	1004	1004	1007	1028	1015	1008	1020	0	886661
955	992	1004	1004	1007	1028	1015	1008	1020	1019	0	887689
956	1004	1004	1007	1028	1015	1008	1020	1019	996	0	888704
957	1004	1007	1028	1015	1008	1020	1019	996	953	0	889712
958	1007	1028	1015	1008	1020	1019	996	953	938	0	890732
959	1028	1015	1008	1020	1019	996	953	938	965	0	891751
960	1015	1008	1020	1019	996	953	938	965	981	0	892747
961	1008	1020	1019	996	953	938	965	981	972	0	893700
962	1020	1019	996	953	938	965	981	972	989	0	894638
963	1019	996	953	938	965	981	972	989	984	0	895603
964	996	953	938	965	981	972	989	984	1000	0	896584
965	953	938	965	981	972	989	984	1000	985	0	897556
966	938	965	981	972	989	984	1000	985	972	0	898545
967	965	981	972	989	984	1000	985	972	973	0	899529
968	981	972	989	984	1000	985	972	973	965	0	900529
969	972	989	984	1000	985	972	973	965	950	0	901514
970	989	984	1000	985	972	973	965	950	937	0	902486
971	984	1000	985	972	973	965	950	937	973	0	903459
972	1000	985	972	973	965	950	937	973	1004	0	904424
973	985	972	973	965	950	937	973	1004	996	0	905374
974	972	973	965	950	937	973	1004	996	981	0	906311
975	973	965	950	937	973	1004	996	981	1023	0	907284
976	965	950	937	973	1004	996	981	1023	1035	0	908288
977	950	937	973	1004	996	981	1023	1035	1012	0	909284
978	937	973	1004	996	981	1023	1035	1012	976	0	910265
979	973	1004	996	981	1023	1035	1012	976	985	0	911288
980	1004	996	981	1023	1035	1012	976	985	1000	0	912323
981	996	981	1023	1035	1012	976	985	1000	992	0	913335
982	981	1023	1035	1012	976	985	1000	992	980	0	914311
983	1023	1035	1012	976	985	1000	992	980	1004	0	915296
984	1035	1012	976	985	1000	992	980	1004	1008	0	916296
985	1012	976	985	1000	992	980	1004	1008	1016	0	917288
986	976	985	1000	992	980	1004	1008	1016	992	0	918268
987	985	1000	992	980	1004	1008	1016	992	1008	0	919272
988	1000	992	980	1004	1008	1016	992	1008	996	0	920280
989	992	980	1004	1008	1016	992	1008	996	996	0	921296
990	980	1004	1008	1016	992	1008	996	996	973	0	922288
991	1004	1008	1016	992	1008	996	996	973	972	0	923296
992	1008	1016	992	1008	996	996	973	972	969	0	924292
993	1016	992	1008	996	996	973	972	969	973	0	925288
994	992	1008	996	996	973	972	969	973	953	0	926261
995	1008	996	996	973	972	969	973	953	950	0	927233
996	996	996	973	972	969	973	953	950	976	0	928202
997	996	973	972	969	973	953	950	976	985	0	929175
998	973	972	969	973	953	950	976	985	961	0	930128
999	972	969	973	953	950	976	985	961	949	0	931078
1000	969	973	953	950	976	985	961	949	981	0	932054
1001	973	953	950	976	985	961	949	981	981	0	933039
1002	953	950	976	985	961	949	981	981	964	0	934000
1003	950	976	985	961	949	981	981	964	958	0	934949
1004	976	985	961	949	981	981	964	958	988	0	935930
1005	985	961	949	981	981	964	958	988	1004	0	936911
1006	961	949	981	981	964	958	988	1004	957	0	937875
1007	949	981	981	964	958	988	1004	957	957	0	938833
1008	981	981	964	958	988	1004	957	957	977	0	939821
1009	981	964	958	988	1004	957	957	977	949	0	940825
1010	964	958	988	1004	957	957	977	949	934	0	941782
1011	958	988	1004	957	957	977	949	934	961	0	942739
1012	988	1004	957	957	977	949	934	961	969	0	943716
1013	1004	957	957	977	949	934	961	969	961	0	944665
1014	957	957	977	949	934	961	969	961	954	0	945599
1015	957	977	949	934	961	969	961	954	988	0	946560
1016	977	949	934	961	969	961	954	988	1004	0	947529
1017	949	934	961	969	961	954	988	1004	992	0	948490
1018	934	961	969	961	954	988	1004	992	992	0	949444
1019	961	969	961	954	988	1004	992	992	1004	0	950432
1020	969	961	954	988	1004	992	992	1004	1023	0	951436
1021	961	954	988	1004	992	992	1004	1023	1012	0	952428
1022	954	988	1004	992	992	1004	1023	1012	1043	0	953420
1023	988	1004	992	992	1004	1023	1012	1043	1074	0	954424
1024	1004	992	992	1004	1023	1012	1043	1074	1019	0	955447
1025	992	992	1004	1023	1012	1043	1074	1019	1059	0	956459
1026	992	1004	1023	1012	1043	1074	1019	1059	1089	0	957502
1027	1004	1023	1012	1043	1074	1019	1059	1089	1097	0	958576
1028	1023	1012	1043	1074	1019	1059	1089	1097	1047	0	959595
1029	1012	1043	1074	1019	1059	1089	1097	1047	1024	0	960654
1030	1043	1074	1019	1059	1089	1097	1047	1024	1042	0	961743
1031	1074	1019	1059	1089	1097	1047	1024	1042	1059	0	962840
1032	1019	1059	1089	1097	1047	1024	1042	1059	1050	0	963887
1033	1059	1089	1097	1047	1024	1042	1059	1050	1024	0	964911
1034	1089	1097	1047	1024	1042	1059	1050	1024	1035	0	965953
1035	1097	1047	1024	1042	1059	1050	1024	1035	1035	0	967012
1036	1047	1024	1042	1059	1050	1024	1035	1035	1074	0	968062
1037	1024	1042	1059	1050	1024	1035	1035	1074	1011	0	969086
1038	1042	1059	1050	1024	1035	1035	1074	1011	1004	0	970121
1039	1059	1050	1024	1035	1035	1074	1011	1004	1027	0	971156
1040	1050	1024	1035	1035	1074	1011	1004	1027	1020	0	972230
1041	1024	1035	1035	1074	1011	1004	1027	1020	992	0	973241
1042	1035	1035	1074	1011	1004	1027	1020	992	938	0	974245
1043	1035	1074	1011	1004	1027	1020	992	938	949	0	975272
1044	1074	1011	1004	1027	1020	992	938	949	961	0	976292
1045	1011	1004	1027	1020	992	938	949	961	934	0	977284
1046	1004	1027	1020	992	938	949	961	934	930	0	978222
1047	1027	1020	992	938	949	961	934	930	953	0	979171
1048	1020	992	938	949	961	934	930	953	946	0	980132
1049	992	938	949	961	934	930	953	946	926	0	981066
1050	938	949	961	934	930	953	946	926	938	0	981996
1051	949	961	934	930	953	946	926	938	945	0	982949
1052	961	934	930	953	946	926	938	945	930	0	983895
1053	934	930	953	946	926	938	945	930	919	0	984821
1054	930	953	946	926	938	945	930	919	941	0	985759
1055	953	946	926	938	945	930	919	941	961	0	986704
1056	946	926	938	945	930	919	941	961	957	0	987634
1057	926	938	945	930	919	941	961	957	934	0	988553
1058	938	945	930	919	941	961	957	934	942	0	989494
1059	945	930	919	941	961	957	934	942	949	0	990455
1060	930	919	941	961	957	934	942	949	993	0	991412
1061	919	941	961	957	934	942	949	993	980	0	992346
1062	941	961	957	934	942	949	993	980	1008	0	993288
1063	961	957	934	942	949	993	980	1008	1039	0	994237
1064	957	934	942	949	993	980	1008	1039	1050	0	995230
1065	934	942	949	993	980	1008	1039	1050	1016	0	996210
1066	942	949	993	980	1008	1039	1050	1016	984	0	997218
1067	949	993	980	1008	1039	1050	1016	984	989	0	998257
1068	993	980	1008	1039	1050	1016	984	989	976	0	999307
1069	980	1008	1039	1050	1016	984	989	976	958	0	1000323
1070	1008	1039	1050	1016	984	989	976	958	945	0	1001307
1071	1039	1050	1016	984	989	976	958	945	981	0	1002296
1072	1050	1016	984	989	976	958	945	981	972	0	1003272
1073	1016	984	989	976	958	945	981	972	989	0	1004230
1074	984	989	976	958	945	981	972	989	992	0	1005175
1075	989	976	958	945	981	972	989	992	992	0	1006156
1076	976	958	945	981	972	989	992	992	973	0	1007128
1077	958	945	981	972	989	992	992	973	980	0	1008117
1078	945	981	972	989	992	992	973	980	938	0	1009109
1079	981	972	989	992	992	973	980	938	946	0	1010101
1080	972	989	992	992	973	980	938	946	941	0	1011074
1081	989	992	992	973	980	938	946	941	915	0	1012054
1082	992	992	973	980	938	946	941	915	938	0	1012992
1083	992	973	980	938	946	941	915	938	918	0	1013938
1084	973	980	938	946	941	915	938	918	883	0	1014879
1085	980	938	946	941	915	938	918	883	837	0	1015794
1086	938	946	941	915	938	918	883	837	860	0	1016732
1087	946	941	915	938	918	883	837	860	879	0	1017650
1088	941	915	938	918	883	837	860	879	837	0	1018533
1089	915	938	918	883	837	860	879	837	871	0	1019370
1090	938	918	883	837	860	879	837	871	903	0	1020230
1091	918	883	837	860	879	837	871	903	879	0	1021109
1092	883	837	860	879	837	871	903	879	837	0	1021946
1093	837	860	879	837	871	903	879	837	864	0	1022817
1094	860	879	837	871	903	879	837	864	902	0	1023720
1095	879	837	871	903	879	837	864	902	872	0	1024599
1096	837	871	903	879	837	864	902	872	844	0	1025436
1097	871	903	879	837	864	902	872	844	895	0	1026300
1098	903	879	837	864	902	872	844	895	903	0	1027202
1099	879	837	864	902	872	844	895	903	879	0	1028074
1100	837	864	902	872	844	895	903	879	864	0	1028918
1101	864	902	872	844	895	903	879	864	922	0	1029813
1102	902	872	844	895	903	879	864	922	930	0	1030716
1103	872	844	895	903	879	864	922	930	922	0	1031595
1104	844	895	903	879	864	922	930	922	919	0	1032459
1105	895	903	879	864	922	930	922	919	945	0	1033381
1106	903	879	864	922	930	922	919	945	992	0	1034311
1107	879	864	922	930	922	919	945	992	1008	0	1035233
1108	864	922	930	922	919	945	992	1008	1004	0	1036152
1109	922	930	922	919	945	992	1008	1004	1047	0	1037097
1110	930	922	919	945	992	1008	1004	1047	1066	0	1038089
1111	922	919	945	992	1008	1004	1047	1066	1070	0	1039097
1112	919	945	992	1008	1004	1047	1066	1070	1066	0	1040101
1113	945	992	1008	1004	1047	1066	1070	1066	1121	0	1041148
1114	992	1008	1004	1047	1066	1070	1066	1121	1132	0	1042214
1115	1008	1004	1047	1066	1070	1066	1121	1132	522	0	1043284
1116	1004	1047	1066	1070	1066	1121	1132	522	357	0	1044350
1117	1047	1066	1070	1066	1121	1132	522	357	300	0	1045471
1118	1066	1070	1066	1121	1132	522	357	300	389	0	1046603
1119	1070	1066	1121	1132	522	357	300	389	311	1	1047125
1120	1066	1121	1132	522	357	300	389	311	358	1	1047482
1121	1121	1132	522	357	300	389	311	358	358	1	1047782
1122	1132	522	357	300	389	311	358	358	358	1	1048171
1123	522	357	300	389	311	358	358	358	1067	1	1048482
1124	357	300	389	311	358	358	358	1067	984	1	1048840
1125	300	389	311	358	358	358	1067	984	981	1	1049198
1126	389	311	358	358	358	1067	984	981	1027	1	1049556
1127	311	358	358	358	1067	984	981	1027	1078	0	1050623
1128	358	358	358	1067	984	981	1027	1078	1089	0	1051607
1129	358	358	1067	984	981	1027	1078	1089	1062	0	1052588
1130	358	1067	984	981	1027	1078	1089	1062	1094	0	1053615
1131	1067	984	981	1027	1078	1089	1062	1094	1097	0	1054693
1132	984	981	1027	1078	1089	1062	1094	1097	1054	0	1055782
1133	981	1027	1078	1089	1062	1094	1097	1054	1024	0	1056844
1134	1027	1078	1089	1062	1094	1097	1054	1024	1012	0	1057938
1135	1078	1089	1062	1094	1097	1054	1024	1012	1003	0	1059035
1136	1089	1062	1094	1097	1054	1024	1012	1003	997	0	1060089
1137	1062	1094	1097	1054	1024	1012	1003	997	961	0	1061113
1138	1094	1097	1054	1024	1012	1003	997	961	941	0	1062125
1139	1097	1054	1024	1012	1003	997	961	941	969	0	1063128
1140	1054	1024	1012	1003	997	961	941	969	1000	0	1064125
1141	1024	1012	1003	997	961	941	969	1000	1012	0	1065086
1142	1012	1003	997	961	941	969	1000	1012	1004	0	1066027
1143	1003	997	961	941	969	1000	1012	1004	1042	0	1066996
1144	997	961	941	969	1000	1012	1004	1042	1047	0	1067996
1145	961	941	969	1000	1012	1004	1042	1047	1035	0	1069008
1146	941	969	1000	1012	1004	1042	1047	1035	1000	0	1070012
1147	969	1000	1012	1004	1042	1047	1035	1000	1039	0	1071054
1148	1000	1012	1004	1042	1047	1035	1000	1039	1004	0	1072101
1149	1012	1004	1042	1047	1035	1000	1039	1004	977	0	1073136
1150	1004	1042	1047	1035	1000	1039	1004	977	945	0	1074136
1151	1042	1047	1035	1000	1039	1004	977	945	973	0	1075175
1152	1047	1035	1000	1039	1004	977	945	973	965	0	1076179
1153	1035	1000	1039	1004	977	945	973	965	949	0	1077156
1154	1000	1039	1004	977	945	973	965	949	996	0	1078101
1155	1039	1004	977	945	973	965	949	996	1008	0	1079074
1156	1004	977	945	973	965	949	996	1008	996	0	1080039
1157	977	945	973	965	949	996	1008	996	981	0	1080988
1158	945	973	965	949	996	1008	996	981	992	0	1081984
1159	973	965	949	996	1008	996	981	992	992	0	1082992
1160	965	949	996	1008	996	981	992	992	977	0	1083988
1161	949	996	1008	996	981	992	992	977	945	0	1084969
1162	996	1008	996	981	992	992	977	945	954	0	1085961
1163	1008	996	981	992	992	977	945	954	973	0	1086953
1164	996	981	992	992	977	945	954	973	961	0	1087930
1165	981	992	992	977	945	954	973	961	957	0	1088875
1166	992	992	977	945	954	973	961	957	1000	0	1089829
1167	992	977	945	954	973	961	957	1000	1019	0	1090802
1168	977	945	954	973	961	957	1000	1019	1000	0	1091763
1169	945	954	973	961	957	1000	1019	1000	1012	0	1092720
1170	954	973	961	957	1000	1019	1000	1012	1027	0	1093720
1171	973	961	957	1000	1019	1000	1012	1027	1020	0	1094739
1172	961	957	1000	1019	1000	1012	1027	1020	976	0	1095739
1173	957	1000	1019	1000	1012	1027	1020	976	993	0	1096751
1174	1000	1019	1000	1012	1027	1020	976	993	972	0	1097778
1175	1019	1000	1012	1027	1020	976	993	972	973	0	1098798
1176	1000	1012	1027	1020	976	993	972	973	984	0	1099774
1177	1012	1027	1020	976	993	972	973	984	1020	0	1100767
1178	1027	1020	976	993	972	973	984	1020	1008	0	1101739
1179	1020	976	993	972	973	984	1020	1008	984	0	1102712
1180	976	993	972	973	984	1020	1008	984	992	0	1103696
1181	993	972	973	984	1020	1008	984	992	1016	0	1104716
1182	972	973	984	1020	1008	984	992	1016	1031	0	1105724
1183	973	984	1020	1008	984	992	1016	1031	1031	0	1106708
1184	984	1020	1008	984	992	1016	1031	1031	1004	0	1107700
1185	1020	1008	984	992	1016	1031	1031	1004	1020	0	1108716
1186	1008	984	992	1016	1031	1031	1004	1020	1019	0	1109747
1187	984	992	1016	1031	1031	1004	1020	1019	984	0	1110778
1188	992	1016	1031	1031	1004	1020	1019	984	997	0	1111782
1189	1016	1031	1031	1004	1020	1019	984	997	1007	0	1112802
1190	1031	1031	1004	1020	1019	984	997	1007	985	0	1113821
1191	1031	1004	1020	1019	984	997	1007	985	1011	0	1114805
1192	1004	1020	1019	984	997	1007	985	1011	1020	0	1115802
1193	1020	1019	984	997	1007	985	1011	1020	1015	0	1116809
1194	1019	984	997	1007	985	1011	1020	1015	985	0	1117794
1195	984	997	1007	985	1011	1020	1015	985	988	0	1118805
1196	997	1007	985	1011	1020	1015	985	988	1004	0	1119825
1197	1007	985	1011	1020	1015	985	988	1004	1000	0	1120840
1198	985	1011	1020	1015	985	988	1004	1000	981	0	1121825
1199	1011	1020	1015	985	988	1004	1000	981	1004	0	1122813
1200	1020	1015	985	988	1004	1000	981	1004	1027	0	1123817
1201	1015	985	988	1004	1000	981	1004	1027	1031	0	1124817
1202	985	988	1004	1000	981	1004	1027	1031	1039	0	1125798
1203	988	1004	1000	981	1004	1027	1031	1039	1058	0	1126802
1204	1004	1000	981	1004	1027	1031	1039	1058	1059	0	1127829
1205	1000	981	1004	1027	1031	1039	1058	1059	1058	0	1128860
1206	981	1004	1027	1031	1039	1058	1059	1058	1054	0	1129899
1207	1004	1027	1031	1039	1058	1059	1058	1054	1055	0	1130957
1208	1027	1031	1039	1058	1059	1058	1054	1055	996	0	1132016
1209	1031	1039	1058	1059	1058	1054	1055	996	981	0	1133074
1210	1039	1058	1059	1058	1054	1055	996	981	976	0	1134128
1211	1058	1059	1058	1054	1055	996	981	976	973	0	1135183
1212	1059	1058	1054	1055	996	981	976	973	942	0	1136179
1213	1058	1054	1055	996	981	976	973	942	953	0	1137160
1214	1054	1055	996	981	976	973	942	953	973	0	1138136
1215	1055	996	981	976	973	942	953	973	1015	0	1139109
1216	996	981	976	973	942	953	973	1015	1012	0	1140051
1217	981	976	973	942	953	973	1015	1012	1000	0	1141004
1218	976	973	942	953	973	1015	1012	1000	1019	0	1141977
1219	973	942	953	973	1015	1012	1000	1019	1028	0	1142992
1220	942	953	973	1015	1012	1000	1019	1028	984	0	1144004
1221	953	973	1015	1012	1000	1019	1028	984	965	0	1145004
1222	973	1015	1012	1000	1019	1028	984	965	961	0	1146023
1223	1015	1012	1000	1019	1028	984	965	961	961	0	1147051
1224	1012	1000	1019	1028	984	965	961	961	930	0	1148035
1225	1000	1019	1028	984	965	961	961	930	907	0	1149000
1226	1019	1028	984	965	961	961	930	907	930	0	1149961
1227	1028	984	965	961	961	930	907	930	949	0	1150922
1228	984	965	961	961	930	907	930	949	946	0	1151852
1229	965	961	961	930	907	930	949	946	965	0	1152759
1230	961	961	930	907	930	949	946	965	1023	0	1153689
1231	961	930	907	930	949	946	965	1023	1054	0	1154638
1232	930	907	930	949	946	965	1023	1054	1032	0	1155584
1233	907	930	949	946	965	1023	1054	1032	1003	0	1156549
1234	930	949	946	965	1023	1054	1032	1003	993	0	1157572
1235	949	946	965	1023	1054	1032	1003	993	976	0	1158626
1236	946	965	1023	1054	1032	1003	993	976	1059	0	1159658
1237	965	1023	1054	1032	1003	993	976	1059	965	0	1160661
1238	1023	1054	1032	1003	993	976	1059	965	949	1	1161654
1239	1054	1032	1003	993	976	1059	965	949	946	0	1162630
1240	1032	1003	993	976	1059	965	949	946	945	0	1163689
1241	1003	993	976	1059	965	949	946	945	934	0	1164654
1242	993	976	1059	965	949	946	945	934	934	0	1165603
1243	976	1059	965	949	946	945	934	934	969	0	1166549
1244	1059	965	949	946	945	934	934	969	976	0	1167494
1245	965	949	946	945	934	934	969	976	969	0	1168428
1246	949	946	945	934	934	969	976	969	954	0	1169362
1247	946	945	934	934	969	976	969	954	968	0	1170331
1248	945	934	934	969	976	969	954	968	989	0	1171307
1249	934	934	969	976	969	954	968	989	976	0	1172276
1250	934	969	976	969	954	968	989	976	985	0	1173230
1251	969	976	969	954	968	989	976	985	1031	0	1174198
1252	976	969	954	968	989	976	985	1031	1039	0	1175187
1253	969	954	968	989	976	985	1031	1039	1015	0	1176163
1254	954	968	989	976	985	1031	1039	1015	1032	0	1177148
1255	968	989	976	985	1031	1039	1015	1032	1058	0	1178179
1256	989	976	985	1031	1039	1015	1032	1058	1004	0	1179218
1257	976	985	1031	1039	1015	1032	1058	1004	988	0	1180233
1258	985	1031	1039	1015	1032	1058	1004	988	977	0	1181265
1259	1031	1039	1015	1032	1058	1004	988	977	976	0	1182323
1260	1039	1015	1032	1058	1004	988	977	976	954	0	1183327
1261	1015	1032	1058	1004	988	977	976	954	949	0	1184315
1262	1032	1058	1004	988	977	976	954	949	989	0	1185292
1263	1058	1004	988	977	976	954	949	989	1027	0	1186268
1264	1004	988	977	976	954	949	989	1027	1015	0	1187222
1265	988	977	976	954	949	989	1027	1015	1008	0	1188171
1266	977	976	954	949	989	1027	1015	1008	1039	0	1189160
1267	976	954	949	989	1027	1015	1008	1039	1039	0	1190187
1268	954	949	989	1027	1015	1008	1039	1039	1054	0	1191202
1269	949	989	1027	1015	1008	1039	1039	1054	997	0	1192210
1270	989	1027	1015	1008	1039	1039	1054	997	1015	0	1193249
1271	1027	1015	1008	1039	1039	1054	997	1015	1020	0	1194288
1272	1015	1008	1039	1039	1054	997	1015	1020	1031	0	1195342
1273	1008	1039	1039	1054	997	1015	1020	1031	1023	0	1196339
1274	1039	1039	1054	997	1015	1020	1031	1023	1043	0	1197354
1275	1039	1054	997	1015	1020	1031	1023	1043	1062	0	1198374
1276	1054	997	1015	1020	1031	1023	1043	1062	1027	0	1199405
1277	997	1015	1020	1031	1023	1043	1062	1027	1020	0	1200428
1278	1015	1020	1031	1023	1043	1062	1027	1020	1031	0	1201471
1279	1020	1031	1023	1043	1062	1027	1020	1031	1027	0	1202533
1280	1031	1023	1043	1062	1027	1020	1031	1027	992	0	1203560
1281	1023	1043	1062	1027	1020	1031	1027	992	973	0	1204580
1282	1043	1062	1027	1020	1031	1027	992	973	1000	0	1205611
1283	1062	1027	1020	1031	1027	992	973	1000	1027	0	1206638
1284	1027	1020	1031	1027	992	973	1000	1027	1024	0	1207630
1285	1020	1031	1027	992	973	1000	1027	1024	1000	0	1208603
1286	1031	1027	992	973	1000	1027	1024	1000	980	0	1209603
1287	1027	992	973	1000	1027	1024	1000	980	1024	0	1210630
1288	992	973	1000	1027	1024	1000	980	1024	1031	0	1211654
1289	973	1000	1027	1024	1000	980	1024	1031	1015	0	1212654
1290	1000	1027	1024	1000	980	1024	1031	1015	1024	0	1213634
1291	1027	1024	1000	980	1024	1031	1015	1024	1027	0	1214658
1292	1024	1000	980	1024	1031	1015	1024	1027	1015	0	1215689
1293	1000	980	1024	1031	1015	1024	1027	1015	985	0	1216704
1294	980	1024	1031	1015	1024	1027	1015	985	973	0	1217728
1295	1024	1031	1015	1024	1027	1015	985	973	968	0	1218755
1296	1031	1015	1024	1027	1015	985	973	968	993	0	1219770
1297	1015	1024	1027	1015	985	973	968	993	969	0	1220755
1298	1024	1027	1015	985	973	968	993	969	968	0	1221728
1299	1027	1015	985	973	968	993	969	968	1000	0	1222696
1300	1015	985	973	968	993	969	968	1000	1008	0	1223689
1301	985	973	968	993	969	968	1000	1008	985	0	1224658
1302	973	968	993	969	968	1000	1008	985	976	0	1225626
1303	968	993	969	968	1000	1008	985	976	1024	0	1226626
1304	993	969	968	1000	1008	985	976	1024	1031	0	1227634
1305	969	968	1000	1008	985	976	1024	1031	1027	0	1228619
1306	968	1000	1008	985	976	1024	1031	1027	1035	0	1229595
1307	1000	1008	985	976	1024	1031	1027	1035	1055	0	1230619
1308	1008	985	976	1024	1031	1027	1035	1055	1035	0	1231650
1309	985	976	1024	1031	1027	1035	1055	1035	1007	0	1232677
1310	976	1024	1031	1027	1035	1055	1035	1007	1043	0	1233712
1311	1024	1031	1027	1035	1055	1035	1007	1043	1035	0	1234767
1312	1031	1027	1035	1055	1035	1007	1043	1035	1031	0	1235802
1313	1027	1035	1055	1035	1007	1043	1035	1031	1000	0	1236809
1314	1035	1055	1035	1007	1043	1035	1031	1000	1016	0	1237852
1315	1055	1035	1007	1043	1035	1031	1000	1016	977	0	1238887
1316	1035	1007	1043	1035	1031	1000	1016	977	957	0	1239918
1317	1007	1043	1035	1031	1000	1016	977	957	957	0	1240918
1318	1043	1035	1031	1000	1016	977	957	957	977	0	1241934
1319	1035	1031	1000	1016	977	957	957	977	984	0	1242911
1320	1031	1000	1016	977	957	957	977	984	981	0	1243868
1321	1000	1016	977	957	957	977	984	981	992	0	1244825
1322	1016	977	957	957	977	984	981	992	1015	0	1245802
1323	977	957	957	977	984	981	992	1015	1000	0	1246786
1324	957	957	977	984	981	992	1015	1000	996	0	1247767
1325	957	977	984	981	992	1015	1000	996	1016	0	1248759
1326	977	984	981	992	1015	1000	996	1016	1008	0	1249774
1327	984	981	992	1015	1000	996	1016	1008	996	0	1250774
1328	981	992	1015	1000	996	1016	1008	996	969	0	1251770
1329	992	1015	1000	996	1016	1008	996	969	969	0	1252786
1330	1015	1000	996	1016	1008	996	969	969	961	0	1253794
1331	1000	996	1016	1008	996	969	969	961	930	0	1254790
1332	996	1016	1008	996	969	969	961	930	930	0	1255759
1333	1016	1008	996	969	969	961	930	930	957	0	1256728
1334	1008	996	969	969	961	930	930	957	961	0	1257689
1335	996	969	969	961	930	930	957	961	957	0	1258619
1336	969	969	961	930	930	957	961	957	957	0	1259549
1337	969	961	930	930	957	961	957	957	1000	0	1260506
1338	961	930	930	957	961	957	957	1000	1024	0	1261467
1339	930	930	957	961	957	957	1000	1024	984	0	1262424
1340	930	957	961	957	957	1000	1024	984	965	0	1263381
1341	957	961	957	957	1000	1024	984	965	973	0	1264381
1342	961	957	957	1000	1024	984	965	973	969	0	1265405
1343	957	957	1000	1024	984	965	973	969	945	0	1266389
1344	957	1000	1024	984	965	973	969	945	934	0	1267354
1345	1000	1024	984	965	973	969	945	934	957	0	1268327
1346	1024	984	965	973	969	945	934	957	954	0	1269296
1347	984	965	973	969	945	934	957	954	972	0	1270241
1348	965	973	969	945	934	957	954	972	985	0	1271175
1349	973	969	945	934	957	954	972	985	1019	0	1272132
1350	969	945	934	957	954	972	985	1019	1047	0	1273086
1351	945	934	957	954	972	985	1019	1047	1027	0	1274058
1352	934	957	954	972	985	1019	1047	1027	1035	0	1275043
1353	957	954	972	985	1019	1047	1027	1035	1051	0	1276062
1354	954	972	985	1019	1047	1027	1035	1051	996	0	1277109
1355	972	985	1019	1047	1027	1035	1051	996	1015	0	1278136
1356	985	1019	1047	1027	1035	1051	996	1015	1016	0	1279171
1357	1019	1047	1027	1035	1051	996	1015	1016	1016	0	1280222
1358	1047	1027	1035	1051	996	1015	1016	1016	988	0	1281218
1359	1027	1035	1051	996	1015	1016	1016	988	973	0	1282233
1360	1035	1051	996	1015	1016	1016	988	973	976	0	1283249
1361	1051	996	1015	1016	1016	988	973	976	958	0	1284265
1362	996	1015	1016	1016	988	973	976	958	937	0	1285253
1363	1015	1016	1016	988	973	976	958	937	946	0	1286226
1364	1016	1016	988	973	976	958	937	946	973	0	1287202
1365	1016	988	973	976	958	937	946	973	980	0	1288160
1366	988	973	976	958	937	946	973	980	973	0	1289097
1367	973	976	958	937	946	973	980	973	1019	0	1290043
1368	976	958	937	946	973	980	973	1019	1039	0	1291016
1369	958	937	946	973	980	973	1019	1039	1012	0	1291996
1370	937	946	973	980	973	1019	1039	1012	1027	0	1292969
1371	946	973	980	973	1019	1039	1012	1027	1059	0	1293988
1372	973	980	973	1019	1039	1012	1027	1059	1085	0	1295027
1373	980	973	1019	1039	1012	1027	1059	1085	1055	0	1296039
1374	973	1019	1039	1012	1027	1059	1085	1055	1077	0	1297066
1375	1019	1039	1012	1027	1059	1085	1055	1077	1070	0	1298125
1376	1039	1012	1027	1059	1085	1055	1077	1070	1117	0	1299210
1377	1012	1027	1059	1085	1055	1077	1070	1117	1020	0	1300265
1378	1027	1059	1085	1055	1077	1070	1117	1020	1027	0	1301342
1379	1059	1085	1055	1077	1070	1117	1020	1027	1070	0	1302412
1380	1085	1055	1077	1070	1117	1020	1027	1070	1066	0	1303529
1381	1055	1077	1070	1117	1020	1027	1070	1066	1093	0	1304549
1382	1077	1070	1117	1020	1027	1070	1066	1093	1125	0	1305576
1383	1070	1117	1020	1027	1070	1066	1093	1125	1121	0	1306646
1384	1117	1020	1027	1070	1066	1093	1125	1121	1097	0	1307712
1385	1020	1027	1070	1066	1093	1125	1121	1097	1054	0	1308805
1386	1027	1070	1066	1093	1125	1121	1097	1054	1082	0	1309930
1387	1070	1066	1093	1125	1121	1097	1054	1082	1082	0	1311051
1388	1066	1093	1125	1121	1097	1054	1082	1082	1058	0	1312148
1389	1093	1125	1121	1097	1054	1082	1082	1058	1039	0	1313202
1390	1125	1121	1097	1054	1082	1082	1058	1039	1070	0	1314284
1391	1121	1097	1054	1082	1082	1058	1039	1070	1039	0	1315366
1392	1097	1054	1082	1082	1058	1039	1070	1039	1012	0	1316424
1393	1054	1082	1082	1058	1039	1070	1039	1012	992	0	1317463
1394	1082	1082	1058	1039	1070	1039	1012	992	996	0	1318533
1395	1082	1058	1039	1070	1039	1012	992	996	1004	0	1319572
1396	1058	1039	1070	1039	1012	992	996	1004	984	0	1320584
1397	1039	1070	1039	1012	992	996	1004	984	977	0	1321576
1398	1070	1039	1012	992	996	1004	984	977	973	0	1322572
1399	1039	1012	992	996	1004	984	977	973	984	0	1323576
1400	1012	992	996	1004	984	977	973	984	961	0	1324560
1401	992	996	1004	984	977	973	984	961	969	0	1325537
1402	996	1004	984	977	973	984	961	969	985	0	1326510
1403	1004	984	977	973	984	961	969	985	1007	0	1327494
1404	984	977	973	984	961	969	985	1007	1016	0	1328455
1405	977	973	984	961	969	985	1007	1016	992	0	1329424
1406	973	984	961	969	985	1007	1016	992	1012	0	1330409
1407	984	961	969	985	1007	1016	992	1012	1015	0	1331416
1408	961	969	985	1007	1016	992	1012	1015	985	0	1332432
1409	969	985	1007	1016	992	1012	1015	985	965	0	1333424
1410	985	1007	1016	992	1012	1015	985	965	965	0	1334436
1411	1007	1016	992	1012	1015	985	965	965	976	0	1335451
1412	1016	992	1012	1015	985	965	965	976	973	0	1336436
1413	992	1012	1015	985	965	965	976	973	961	0	1337401
1414	1012	1015	985	965	965	976	973	961	1008	0	1338366
1415	1015	985	965	965	976	973	961	1008	1035	0	1339342
1416	985	965	965	976	973	961	1008	1035	1043	0	1340315
1417	965	965	976	973	961	1008	1035	1043	1008	0	1341276
1418	965	976	973	961	1008	1035	1043	1008	1027	0	1342284
1419	976	973	961	1008	1035	1043	1008	1027	1043	0	1343319
1420	973	961	1008	1035	1043	1008	1027	1043	1011	0	1344362
1421	961	1008	1035	1043	1008	1027	1043	1011	1008	0	1345370
1422	1008	1035	1043	1008	1027	1043	1011	1008	1016	0	1346397
1423	1035	1043	1008	1027	1043	1011	1008	1016	1011	0	1347440
1424	1043	1008	1027	1043	1011	1008	1016	1011	1000	0	1348451
1425	1008	1027	1043	1011	1008	1016	1011	1000	989	0	1349459
1426	1027	1043	1011	1008	1016	1011	1000	989	1004	0	1350475
1427	1043	1011	1008	1016	1011	1000	989	1004	1011	0	1351486
1428	1011	1008	1016	1011	1000	989	1004	1011	1004	0	1352486
1429	1008	1016	1011	1000	989	1004	1011	1004	996	0	1353475
1430	1016	1011	1000	989	1004	1011	1004	996	1000	0	1354479
1431	1011	1000	989	1004	1011	1004	996	1000	992	0	1355490
1432	1000	989	1004	1011	1004	996	1000	992	1000	0	1356494
1433	989	1004	1011	1004	996	1000	992	1000	1051	0	1357490
1434	1004	1011	1004	996	1000	992	1000	1051	1062	0	1358490
1435	1011	1004	996	1000	992	1000	1051	1062	1028	0	1359482
1436	1004	996	1000	992	1000	1051	1062	1028	1011	0	1360482
1437	996	1000	992	1000	1051	1062	1028	1011	1008	0	1361533
1438	1000	992	1000	1051	1062	1028	1011	1008	992	0	1362595
1439	992	1000	1051	1062	1028	1011	1008	992	961	0	1363623
1440	1000	1051	1062	1028	1011	1008	992	961	961	0	1364634
1441	1051	1062	1028	1011	1008	992	961	961	965	0	1365642
1442	1062	1028	1011	1008	992	961	961	965	977	0	1366634
1443	1028	1011	1008	992	961	961	965	977	957	0	1367595
1444	1011	1008	992	961	961	965	977	957	969	0	1368556
1445	1008	992	961	961	965	977	957	969	969	0	1369521
1446	992	961	961	965	977	957	969	969	984	0	1370498
1447	961	961	965	977	957	969	969	984	969	0	1371455
1448	961	965	977	957	969	969	984	969	1016	0	1372424
1449	965	977	957	969	969	984	969	1016	1047	0	1373393
1450	977	957	969	969	984	969	1016	1047	1015	0	1374377
1451	957	969	969	984	969	1016	1047	1015	985	0	1375346
1452	969	969	984	969	1016	1047	1015	985	980	0	1376362
1453	969	984	969	1016	1047	1015	985	980	977	0	1377409
1454	984	969	1016	1047	1015	985	980	977	953	0	1378424
1455	969	1016	1047	1015	985	980	977	953	942	0	1379409
1456	1016	1047	1015	985	980	977	953	942	953	0	1380389
1457	1047	1015	985	980	977	953	942	953	969	0	1381366
1458	1015	985	980	977	953	942	953	969	973	0	1382319
1459	985	980	977	953	942	953	969	973	1004	0	1383261
1460	980	977	953	942	953	969	973	1004	1015	0	1384214
1461	977	953	942	953	969	973	1004	1015	1051	0	1385183
1462	953	942	953	969	973	1004	1015	1051	1039	0	1386156
1463	942	953	969	973	1004	1015	1051	1039	1023	0	1387160
1464	953	969	973	1004	1015	1051	1039	1023	1027	0	1388175
1465	969	973	1004	1015	1051	1039	1023	1027	1039	0	1389226
1466	973	1004	1015	1051	1039	1023	1027	1039	1016	0	1390265
1467	1004	1015	1051	1039	1023	1027	1039	1016	988	0	1391288
1468	1015	1051	1039	1023	1027	1039	1016	988	992	0	1392315
1469	1051	1039	1023	1027	1039	1016	988	992	1008	0	1393354
1470	1039	1023	1027	1039	1016	988	992	1008	1004	0	1394370
1471	1023	1027	1039	1016	988	992	1008	1004	980	0	1395358
1472	1027	1039	1016	988	992	1008	1004	980	1012	0	1396350
1473	1039	1016	988	992	1008	1004	980	1012	1000	0	1397358
1474	1016	988	992	1008	1004	980	1012	1000	992	0	1398362
1475	988	992	1008	1004	980	1012	1000	992	985	0	1399342
1476	992	1008	1004	980	1012	1000	992	985	996	0	1400354
1477	1008	1004	980	1012	1000	992	985	996	1012	0	1401354
1478	1004	980	1012	1000	992	985	996	1012	1015	0	1402346
1479	980	1012	1000	992	985	996	1012	1015	992	0	1403331
1480	1012	1000	992	985	996	1012	1015	992	580	0	1404327
1481	1000	992	985	996	1012	1015	992	580	1393	0	1405339
1482	992	985	996	1012	1015	992	580	1393	961	0	1406354
1483	985	996	1012	1015	992	580	1393	961	922	0	1407346
1484	996	1012	1015	992	580	1393	961	922	942	1	1407926
1485	1012	1015	992	580	1393	961	922	942	961	0	1409319
1486	1015	992	580	1393	961	922	942	961	969	0	1410280
1487	992	580	1393	961	922	942	961	969	965	0	1411202
1488	580	1393	961	922	942	961	969	965	1008	0	1412144
1489	1393	961	922	942	961	969	965	1008	1019	0	1413105
1490	961	922	942	961	969	965	1008	1019	1012	0	1414074
1491	922	942	961	969	965	1008	1019	1012	1008	0	1415039
1492	942	961	969	965	1008	1019	1012	1008	988	0	1416047
1493	961	969	965	1008	1019	1012	1008	988	996	0	1417066
1494	969	965	1008	1019	1012	1008	988	996	988	0	1418078
1495	965	1008	1019	1012	1008	988	996	988	973	0	1419086
1496	1008	1019	1012	1008	988	996	988	973	992	0	1420074
1497	1019	1012	1008	988	996	988	973	992	1020	0	1421070
1498	1012	1008	988	996	988	973	992	1020	1039	0	1422058
1499	1008	988	996	988	973	992	1020	1039	1019	0	1423031
1500	988	996	988	973	992	1020	1039	1019	1043	0	1424023
1501	996	988	973	992	1020	1039	1019	1043	1043	0	1425043
1502	988	973	992	1020	1039	1019	1043	1043	1043	0	1426082
1503	973	992	1020	1039	1019	1043	1043	1043	1054	0	1427101
1504	992	1020	1039	1019	1043	1043	1043	1054	1066	0	1428144
1505	1020	1039	1019	1043	1043	1043	1054	1066	1059	0	1429187
1506	1039	1019	1043	1043	1043	1054	1066	1059	1046	0	1430230
1507	1019	1043	1043	1043	1054	1066	1059	1046	1027	0	1431284
1508	1043	1043	1043	1054	1066	1059	1046	1027	1086	0	1432350
1509	1043	1043	1054	1066	1059	1046	1027	1086	1035	0	1433409
1510	1043	1054	1066	1059	1046	1027	1086	1035	1027	0	1434455
1511	1054	1066	1059	1046	1027	1086	1035	1027	1028	1	1435482
1512	1066	1059	1046	1027	1086	1035	1027	1028	1027	0	1436568
1513	1059	1046	1027	1086	1035	1027	1028	1027	1031	0	1437603
1514	1046	1027	1086	1035	1027	1028	1027	1031	1023	0	1438630
1515	1027	1086	1035	1027	1028	1027	1031	1023	1043	0	1439658
1516	1086	1035	1027	1028	1027	1031	1023	1043	1039	0	1440685
1517	1035	1027	1028	1027	1031	1023	1043	1039	1051	0	1441716
1518	1027	1028	1027	1031	1023	1043	1039	1051	1011	0	1442739
1519	1028	1027	1031	1023	1043	1039	1051	1011	1016	0	1443782
1520	1027	1031	1023	1043	1039	1051	1011	1016	1008	0	1444821
1521	1031	1023	1043	1039	1051	1011	1016	1008	1007	0	1445872
1522	1023	1043	1039	1051	1011	1016	1008	1007	985	0	1446883
1523	1043	1039	1051	1011	1016	1008	1007	985	976	0	1447899
1524	1039	1051	1011	1016	1008	1007	985	976	989	0	1448907
1525	1051	1011	1016	1008	1007	985	976	989	996	0	1449914
1526	1011	1016	1008	1007	985	976	989	996	977	0	1450899
1527	1016	1008	1007	985	976	989	996	977	980	0	1451875
1528	1008	1007	985	976	989	996	977	980	1004	0	1452864
1529	1007	985	976	989	996	977	980	1004	1008	0	1453860
1530	985	976	989	996	977	980	1004	1008	992	0	1454837
1531	976	989	996	977	980	1004	1008	992	992	0	1455817
1532	989	996	977	980	1004	1008	992	992	996	0	1456821
1533	996	977	980	1004	1008	992	992	996	1000	0	1457829
1534	977	980	1004	1008	992	992	996	1000	965	0	1458821
1535	980	1004	1008	992	992	996	1000	965	934	0	1459813
1536	1004	1008	992	992	996	1000	965	934	938	0	1460809
1537	1008	992	992	996	1000	965	934	938	938	0	1461809
1538	992	992	996	1000	965	934	938	938	906	0	1462774
1539	992	996	1000	965	934	938	938	906	922	0	1463708
1540	996	1000	965	934	938	938	906	922	958	0	1464646
1541	1000	965	934	938	938	906	922	958	976	0	1465584
1542	965	934	938	938	906	922	958	976	969	0	1466490
1543	934	938	938	906	922	958	976	969	985	0	1467412
1544	938	938	906	922	958	976	969	985	1023	0	1468370
1545	938	906	922	958	976	969	985	1023	1031	0	1469346
1546	906	922	958	976	969	985	1023	1031	1008	0	1470315
1547	922	958	976	969	985	1023	1031	1008	1047	0	1471300
1548	958	976	969	985	1023	1031	1008	1047	1035	0	1472323
1549	976	969	985	1023	1031	1008	1047	1035	1019	0	1473354
1550	969	985	1023	1031	1008	1047	1035	1019	996	0	1474362
1551	985	1023	1031	1008	1047	1035	1019	996	1004	0	1475409
1552	1023	1031	1008	1047	1035	1019	996	1004	988	0	1476444
1553	1031	1008	1047	1035	1019	996	1004	988	973	0	1477463
1554	1008	1047	1035	1019	996	1004	988	973	965	0	1478459
1555	1047	1035	1019	996	1004	988	973	965	992	0	1479463
1556	1035	1019	996	1004	988	973	965	992	996	0	1480451
1557	1019	996	1004	988	973	965	992	996	942	0	1481424
1558	996	1004	988	973	965	992	996	942	942	0	1482389
1559	1004	988	973	965	992	996	942	942	930	0	1483381
1560	988	973	965	992	996	942	942	930	914	0	1484377
1561	973	965	992	996	942	942	930	914	922	0	1485319
1562	965	992	996	942	942	930	914	922	961	0	1486261
1563	992	996	942	942	930	914	922	961	954	0	1487191
1564	996	942	942	930	914	922	961	954	945	0	1488105
1565	942	942	930	914	922	961	954	945	992	0	1489027
1566	942	930	914	922	961	954	945	992	996	0	1489988
1567	930	914	922	961	954	945	992	996	1012	0	1490942
1568	914	922	961	954	945	992	996	1012	1000	0	1491887
1569	922	961	954	945	992	996	1012	1000	1039	0	1492879
1570	961	954	945	992	996	1012	1000	1039	1023	0	1493875
1571	954	945	992	996	1012	1000	1039	1023	993	0	1494887
1572	945	992	996	1012	1000	1039	1023	993	996	0	1495887
1573	992	996	1012	1000	1039	1023	993	996	1008	0	1496926
1574	996	1012	1000	1039	1023	993	996	1008	1007	0	1497949
1575	1012	1000	1039	1023	993	996	1008	1007	996	0	1498942
1576	1000	1039	1023	993	996	1008	1007	996	1016	0	1499938
1577	1039	1023	993	996	1008	1007	996	1016	1047	0	1500946
1578	1023	993	996	1008	1007	996	1016	1047	1046	0	1501953
1579	993	996	1008	1007	996	1016	1047	1046	1051	0	1502949
1580	996	1008	1007	996	1016	1047	1046	1051	1070	0	1503965
1581	1008	1007	996	1016	1047	1046	1051	1070	1089	0	1505012
1582	1007	996	1016	1047	1046	1051	1070	1089	1059	0	1506058
1583	996	1016	1047	1046	1051	1070	1089	1059	1054	0	1507109
1584	1016	1047	1046	1051	1070	1089	1059	1054	1059	0	1508179
1585	1047	1046	1051	1070	1089	1059	1054	1059	1035	0	1509268
1586	1046	1051	1070	1089	1059	1054	1059	1035	1007	0	1510327
1587	1051	1070	1089	1059	1054	1059	1035	1007	1012	0	1511381
1588	1070	1089	1059	1054	1059	1035	1007	1012	1062	0	1512440
1589	1089	1059	1054	1059	1035	1007	1012	1062	1059	0	1513475
1590	1059	1054	1059	1035	1007	1012	1062	1059	1050	0	1514482
1591	1054	1059	1035	1007	1012	1062	1059	1050	1028	0	1515494
1592	1059	1035	1007	1012	1062	1059	1050	1028	1050	0	1516556
1593	1035	1007	1012	1062	1059	1050	1028	1050	1035	0	1517615
1594	1007	1012	1062	1059	1050	1028	1050	1035	1035	0	1518665
1595	1012	1062	1059	1050	1028	1050	1035	1035	1047	0	1519693
1596	1062	1059	1050	1028	1050	1035	1035	1047	1070	0	1520743
1597	1059	1050	1028	1050	1035	1035	1047	1070	1051	0	1521778
1598	1050	1028	1050	1035	1035	1047	1070	1051	1042	0	1522813
1599	1028	1050	1035	1035	1047	1070	1051	1042	1113	0	1523860
1600	1050	1035	1035	1047	1070	1051	1042	1113	1090	0	1524930
1601	1035	1035	1047	1070	1051	1042	1113	1090	1027	0	1525981
1602	1035	1047	1070	1051	1042	1113	1090	1027	969	0	1527023
1603	1047	1070	1051	1042	1113	1090	1027	969	973	0	1528136
1604	1070	1051	1042	1113	1090	1027	969	973	957	0	1529226
1605	1051	1042	1113	1090	1027	969	973	957	922	0	1530253
1606	1042	1113	1090	1027	969	973	957	922	910	0	1531222
1607	1113	1090	1027	969	973	957	922	910	919	0	1532195
1608	1090	1027	969	973	957	922	910	919	910	0	1533152
1609	1027	969	973	957	922	910	919	910	891	0	1534074
1610	969	973	957	922	910	919	910	891	899	0	1534984
1611	973	957	922	910	919	910	891	899	934	0	1535903
1612	957	922	910	919	910	891	899	934	910	0	1536813
1613	922	910	919	910	891	899	934	910	892	0	1537704
1614	910	919	910	891	899	934	910	892	929	0	1538603
1615	919	910	891	899	934	910	892	929	938	0	1539537
1616	910	891	899	934	910	892	929	938	922	0	1540447
1617	891	899	934	910	892	929	938	922	942	0	1541339
1618	899	934	910	892	929	938	922	942	957	0	1542268
1619	934	910	892	929	938	922	942	957	934	0	1543206
1620	910	892	929	938	922	942	957	934	911	0	1544128
1621	892	929	938	922	942	957	934	911	860	0	1545070
1622	929	938	922	942	957	934	911	860	852	0	1546027
1623	938	922	942	957	934	911	860	852	844	0	1546961
1624	922	942	957	934	911	860	852	844	848	0	1547872
1625	942	957	934	911	860	852	844	848	864	0	1548732
1626	957	934	911	860	852	844	848	864	848	0	1549584
1627	934	911	860	852	844	848	864	848	845	0	1550428
1628	911	860	852	844	848	864	848	845	828	0	1551276
1629	860	852	844	848	864	848	845	828	821	0	1552140
1630	852	844	848	864	848	845	828	821	845	0	1552988
1631	844	848	864	848	845	828	821	845	852	0	1553833
1632	848	864	848	845	828	821	845	852	852	0	1554661
1633	864	848	845	828	821	845	852	852	852	0	1555482
1634	848	845	828	821	845	852	852	852	876	0	1556327
1635	845	828	821	845	852	852	852	876	875	0	1557179
1636	828	821	845	852	852	852	876	875	891	0	1558031
1637	821	845	852	852	852	876	875	891	903	0	1558883
1638	845	852	852	852	876	875	891	903	891	0	1559759
1639	852	852	852	876	875	891	903	891	899	0	1560634
1640	852	852	876	875	891	903	891	899	895	0	1561525
1641	852	876	875	891	903	891	899	895	887	0	1562428
1642	876	875	891	903	891	899	895	887	883	0	1563319
1643	875	891	903	891	899	895	887	883	884	0	1564218
1644	891	903	891	899	895	887	883	884	875	0	1565113
1645	903	891	899	895	887	883	884	875	848	0	1566000
1646	891	899	895	887	883	884	875	848	849	0	1566883
1647	899	895	887	883	884	875	848	849	840	0	1567767
1648	895	887	883	884	875	848	849	840	829	0	1568642
1649	887	883	884	875	848	849	840	829	821	0	1569490
1650	883	884	875	848	849	840	829	821	813	0	1570339
1651	884	875	848	849	840	829	821	813	817	0	1571179
1652	875	848	849	840	829	821	813	817	813	0	1572008
1653	848	849	840	829	821	813	817	813	810	0	1572829
1654	849	840	829	821	813	817	813	810	805	0	1573642
1655	840	829	821	813	817	813	810	805	794	0	1574459
1656	829	821	813	817	813	810	805	794	809	0	1575272
1657	821	813	817	813	810	805	794	809	829	0	1576082
1658	813	817	813	810	805	794	809	829	813	0	1576887
1659	817	813	810	805	794	809	829	813	814	0	1577681
1660	813	810	805	794	809	829	813	814	852	0	1578490
1661	810	805	794	809	829	813	814	852	832	0	1579319
1662	805	794	809	829	813	814	852	832	849	0	1580132
1663	794	809	829	813	814	852	832	849	844	0	1580946
1664	809	829	813	814	852	832	849	844	844	0	1581798
1665	829	813	814	852	832	849	844	844	884	0	1582630
1666	813	814	852	832	849	844	844	884	898	0	1583479
1667	814	852	832	849	844	844	884	898	911	0	1584323
1668	852	832	849	844	844	884	898	911	914	0	1585167
1669	832	849	844	844	884	898	911	914	942	0	1586051
1670	849	844	844	884	898	911	914	942	961	0	1586949
1671	844	844	884	898	911	914	942	961	981	0	1587860
1672	844	884	898	911	914	942	961	981	953	0	1588774
1673	884	898	911	914	942	961	981	953	938	0	1589716
1674	898	911	914	942	961	981	953	938	914	0	1590677
1675	911	914	942	961	981	953	938	914	899	0	1591658
1676	914	942	961	981	953	938	914	899	891	0	1592611
1677	942	961	981	953	938	914	899	891	891	0	1593549
1678	961	981	953	938	914	899	891	891	907	0	1594463
1679	981	953	938	914	899	891	891	907	891	0	1595362
1680	953	938	914	899	891	891	907	891	910	0	1596253
1681	938	914	899	891	891	907	891	910	938	0	1597144
1682	914	899	891	891	907	891	910	938	926	0	1598051
1683	899	891	891	907	891	910	938	926	903	0	1598942
1684	891	891	907	891	910	938	926	903	926	0	1599852
1685	891	907	891	910	938	926	903	926	1000	0	1600790
1686	907	891	910	938	926	903	926	1000	930	0	1601716
1687	891	910	938	926	903	926	1000	930	926	0	1602619
1688	910	938	926	903	926	1000	930	926	906	0	1603545
1689	938	926	903	926	1000	930	926	906	860	0	1604545
1690	926	903	926	1000	930	926	906	860	860	0	1605475
1691	903	926	1000	930	926	906	860	860	848	0	1606401
1692	926	1000	930	926	906	860	860	848	833	0	1607307
1693	1000	930	926	906	860	860	848	833	848	0	1608167
1694	930	926	906	860	860	848	833	848	899	0	1609027
1695	926	906	860	860	848	833	848	899	884	0	1609875
1696	906	860	860	848	833	848	899	884	894	0	1610708
1697	860	860	848	833	848	899	884	894	864	0	1611556
1698	860	848	833	848	899	884	894	864	880	0	1612455
1699	848	833	848	899	884	894	864	880	906	0	1613339
1700	833	848	899	884	894	864	880	906	907	0	1614233
1701	848	899	884	894	864	880	906	907	914	0	1615097
1702	899	884	894	864	880	906	907	914	922	0	1615977
1703	884	894	864	880	906	907	914	922	903	0	1616883
1704	894	864	880	906	907	914	922	903	911	0	1617790
1705	864	880	906	907	914	922	903	911	899	0	1618704
1706	880	906	907	914	922	903	911	899	906	0	1619626
1707	906	907	914	922	903	911	899	906	891	0	1620529
1708	907	914	922	903	911	899	906	891	852	0	1621440
1709	914	922	903	911	899	906	891	852	864	0	1622339
1710	922	903	911	899	906	891	852	864	856	0	1623245
1711	903	911	899	906	891	852	864	856	837	0	1624136
1712	911	899	906	891	852	864	856	837	930	0	1624988
1713	899	906	891	852	864	856	837	930	883	0	1625852
1714	906	891	852	864	856	837	930	883	875	0	1626708
1715	891	852	864	856	837	930	883	875	845	0	1627545
1716	852	864	856	837	930	883	875	845	840	0	1628475
1717	864	856	837	930	883	875	845	840	860	0	1629358
1718	856	837	930	883	875	845	840	860	868	0	1630233
1719	837	930	883	875	845	840	860	868	852	0	1631078
1720	930	883	875	845	840	860	868	852	879	0	1631918
1721	883	875	845	840	860	868	852	879	872	0	1632778
1722	875	845	840	860	868	852	879	872	879	0	1633646
1723	845	840	860	868	852	879	872	879	884	0	1634498
1724	840	860	868	852	879	872	879	884	887	0	1635377
1725	860	868	852	879	872	879	884	887	875	0	1636249
1726	868	852	879	872	879	884	887	875	860	0	1637128
1727	852	879	872	879	884	887	875	860	872	0	1638012
1728	879	872	879	884	887	875	860	872	875	0	1638899
1729	872	879	884	887	875	860	872	875	852	0	1639774
1730	879	884	887	875	860	872	875	852	841	0	1640634
1731	884	887	875	860	872	875	852	841	875	0	1641506
1732	887	875	860	872	875	852	841	875	884	0	1642381
1733	875	860	872	875	852	841	875	884	899	0	1643233
1734	860	872	875	852	841	875	884	899	898	0	1644074
1735	872	875	852	841	875	884	899	898	895	0	1644949
1736	875	852	841	875	884	899	898	895	915	0	1645833
1737	852	841	875	884	899	898	895	915	930	0	1646732
1738	841	875	884	899	898	895	915	930	926	0	1647630
1739	875	884	899	898	895	915	930	926	922	0	1648525
1740	884	899	898	895	915	930	926	922	918	0	1649440
1741	899	898	895	915	930	926	922	918	918	0	1650370
1742	898	895	915	930	926	922	918	918	915	0	1651296
1743	895	915	930	926	922	918	918	915	891	0	1652218
1744	915	930	926	922	918	918	915	891	887	0	1653136
1745	930	926	922	918	918	915	891	887	852	0	1654054
1746	926	922	918	918	915	891	887	852	841	0	1654969
1747	922	918	918	915	891	887	852	841	840	0	1655860
1748	918	918	915	891	887	852	841	840	833	0	1656747
1749	918	915	891	887	852	841	840	833	836	0	1657599
1750	915	891	887	852	841	840	833	836	849	0	1658440
1751	891	887	852	841	840	833	836	849	848	0	1659280
1752	887	852	841	840	833	836	849	848	825	0	1660113
1753	852	841	840	833	836	849	848	825	871	0	1660949
1754	841	840	833	836	849	848	825	871	899	0	1661798
1755	840	833	836	849	848	825	871	899	887	0	1662646
1756	833	836	849	848	825	871	899	887	911	0	1663471
1757	836	849	848	825	871	899	887	911	918	0	1664342
1758	849	848	825	871	899	887	911	918	915	0	1665241
1759	848	825	871	899	887	911	918	915	910	0	1666128
1760	825	871	899	887	911	918	915	910	907	0	1667039
1761	871	899	887	911	918	915	910	907	899	0	1667957
1762	899	887	911	918	915	910	907	899	894	0	1668872
1763	887	911	918	915	910	907	899	894	892	0	1669782
1764	911	918	915	910	907	899	894	892	871	0	1670689
1765	918	915	910	907	899	894	892	871	864	0	1671588
1766	915	910	907	899	894	892	871	864	864	0	1672482
1767	910	907	899	894	892	871	864	864	840	0	1673374
1768	907	899	894	892	871	864	864	840	845	0	1674245
1769	899	894	892	871	864	864	840	845	824	0	1675109
1770	894	892	871	864	864	840	845	824	822	0	1675973
1771	892	871	864	864	840	845	824	822	832	0	1676813
1772	871	864	864	840	845	824	822	832	825	0	1677658
1773	864	864	840	845	824	822	832	825	848	0	1678482
1774	864	840	845	824	822	832	825	848	810	0	1679304
1775	840	845	824	822	832	825	848	810	813	0	1680136
1776	845	824	822	832	825	848	810	813	829	0	1680961
1777	824	822	832	825	848	810	813	829	813	0	1681809
1778	822	832	825	848	810	813	829	813	813	0	1682619
1779	832	825	848	810	813	829	813	813	829	0	1683432
1780	825	848	810	813	829	813	813	829	825	0	1684261
1781	848	810	813	829	813	813	829	825	829	0	1685074
1782	810	813	829	813	813	829	825	829	813	0	1685887
1783	813	829	813	813	829	825	829	813	825	0	1686716
1784	829	813	813	829	825	829	813	825	832	0	1687541
1785	813	813	829	825	829	813	825	832	845	0	1688370
1786	813	829	825	829	813	825	832	845	836	0	1689183
1787	829	825	829	813	825	832	845	836	837	0	1690008
1788	825	829	813	825	832	845	836	837	856	0	1690840
1789	829	813	825	832	845	836	837	856	872	0	1691685
1790	813	825	832	845	836	837	856	872	879	0	1692521
1791	825	832	845	836	837	856	872	879	895	0	1693358
1792	832	845	836	837	856	872	879	895	910	0	1694214
1793	845	836	837	856	872	879	895	910	907	0	1695086
1794	836	837	856	872	879	895	910	907	891	0	1695965
1795	837	856	872	879	895	910	907	891	887	0	1696860
1796	856	872	879	895	910	907	891	887	891	0	1697770
1797	872	879	895	910	907	891	887	891	891	0	1698677
1798	879	895	910	907	891	887	891	891	876	0	1699568
1799	895	910	907	891	887	891	891	876	868	0	1700455
1800	910	907	891	887	891	891	876	868	840	0	1701346
1801	907	891	887	891	891	876	868	840	883	0	1702237
1802	891	887	891	891	876	868	840	883	884	0	1703113
1803	887	891	891	876	868	840	883	884	871	0	1703981
1804	891	891	876	868	840	883	884	871	860	0	1704821
1805	891	876	868	840	883	884	871	860	868	0	1705704
1806	876	868	840	883	884	871	860	868	867	0	1706588
1807	868	840	883	884	871	860	868	867	895	0	1707459
1808	840	883	884	871	860	868	867	895	911	0	1708319
1809	883	884	871	860	868	867	895	911	938	0	1709187
1810	884	871	860	868	867	895	911	938	930	0	1710054
1811	871	860	868	867	895	911	938	930	930	0	1710949
1812	860	868	867	895	911	938	930	930	933	0	1711860
1813	868	867	895	911	938	930	930	933	942	0	1712798
1814	867	895	911	938	930	930	933	942	934	0	1713728
1815	895	911	938	930	930	933	942	934	910	0	1714658
1816	911	938	930	930	933	942	934	910	919	0	1715591
1817	938	930	930	933	942	934	910	919	941	0	1716533
1818	930	930	933	942	934	910	919	941	942	0	1717467
1819	930	933	942	934	910	919	941	942	949	0	1718377
1820	933	942	934	910	919	941	942	949	961	0	1719296
1821	942	934	910	919	941	942	949	961	962	0	1720237
1822	934	910	919	941	942	949	961	962	926	0	1721179
1823	910	919	941	942	949	961	962	926	926	0	1722128
1824	919	941	942	949	961	962	926	926	910	0	1723089
1825	941	942	949	961	962	926	926	910	919	0	1724051
1826	942	949	961	962	926	926	910	919	922	0	1724977
1827	949	961	962	926	926	910	919	922	883	0	1725903
1828	961	962	926	926	910	919	922	883	875	0	1726813
1829	962	926	926	910	919	922	883	875	884	0	1727732
1830	926	926	910	919	922	883	875	884	891	0	1728654
1831	926	910	919	922	883	875	884	891	867	0	1729537
1832	910	919	922	883	875	884	891	867	880	0	1730412
1833	919	922	883	875	884	891	867	880	860	0	1731296
1834	922	883	875	884	891	867	880	860	871	0	1732187
1835	883	875	884	891	867	880	860	871	868	0	1733054
1836	875	884	891	867	880	860	871	868	872	0	1733934
1837	884	891	867	880	860	871	868	872	863	0	1734794
1838	891	867	880	860	871	868	872	863	857	0	1735665
1839	867	880	860	871	868	872	863	857	871	0	1736533
1840	880	860	871	868	872	863	857	871	887	0	1737405
1841	860	871	868	872	863	857	871	887	849	0	1738268
1842	871	868	872	863	857	871	887	849	840	0	1739125
1843	868	872	863	857	871	887	849	840	829	0	1739996
1844	872	863	857	871	887	849	840	829	844	0	1740883
1845	863	857	871	887	849	840	829	844	891	0	1741732
1846	857	871	887	849	840	829	844	891	817	0	1742572
1847	871	887	849	840	829	844	891	817	841	0	1743401
1848	887	849	840	829	844	891	817	841	685	0	1744245
1849	849	840	829	844	891	817	841	685	961	0	1745136
1850	840	829	844	891	817	841	685	961	825	0	1745953
1851	829	844	891	817	841	685	961	825	821	0	1746794
1852	844	891	817	841	685	961	825	821	817	1	1747479
1853	891	817	841	685	961	825	821	817	832	0	1748440
1854	817	841	685	961	825	821	817	832	860	0	1749265
1855	841	685	961	825	821	817	832	860	849	0	1750086
1856	685	961	825	821	817	832	860	849	832	0	1750903
1857	961	825	821	817	832	860	849	832	841	0	1751735
1858	825	821	817	832	860	849	832	841	844	0	1752595
1859	821	817	832	860	849	832	841	844	852	0	1753444
1860	817	832	860	849	832	841	844	852	864	0	1754276
1861	832	860	849	832	841	844	852	864	872	0	1755117
1862	860	849	832	841	844	852	864	872	852	0	1755961
1863	849	832	841	844	852	864	872	852	860	0	1756813
1864	832	841	844	852	864	872	852	860	848	0	1757677
1865	841	844	852	864	872	852	860	848	844	0	1758549
1866	844	852	864	872	852	860	848	844	845	0	1759401
1867	852	864	872	852	860	848	844	845	848	0	1760261
1868	864	872	852	860	848	844	845	848	852	0	1761109
1869	872	852	860	848	844	845	848	852	860	0	1761953
1870	852	860	848	844	845	848	852	860	852	0	1762798
1871	860	848	844	845	848	852	860	852	868	0	1763646
1872	848	844	845	848	852	860	852	868	708	0	1764498
1873	844	845	848	852	860	852	868	708	1027	0	1765358
1874	845	848	852	860	852	868	708	1027	841	0	1766210
1875	848	852	860	852	868	708	1027	841	844	0	1767078
1876	852	860	852	868	708	1027	841	844	825	1	1767786
1877	860	852	868	708	1027	841	844	825	798	0	1768813
1878	852	868	708	1027	841	844	825	798	813	0	1769654
1879	868	708	1027	841	844	825	798	813	860	0	1770498
1880	708	1027	841	844	825	798	813	860	887	0	1771323
1881	1027	841	844	825	798	813	860	887	918	0	1772121
1882	841	844	825	798	813	860	887	918	907	0	1772934
1883	844	825	798	813	860	887	918	907	899	0	1773794
1884	825	798	813	860	887	918	907	899	918	0	1774681
1885	798	813	860	887	918	907	899	918	934	0	1775599
1886	813	860	887	918	907	899	918	934	957	0	1776506
1887	860	887	918	907	899	918	934	957	965	0	1777405
1888	887	918	907	899	918	934	957	965	969	0	1778323
1889	918	907	899	918	934	957	965	969	969	0	1779257
1890	907	899	918	934	957	965	969	969	980	0	1780214
1891	899	918	934	957	965	969	969	980	985	0	1781179
1892	918	934	957	965	969	969	980	985	1011	0	1782148
1893	934	957	965	969	969	980	985	1011	1008	0	1783117
1894	957	965	969	969	980	985	1011	1008	1004	0	1784097
1895	965	969	969	980	985	1011	1008	1004	942	0	1785082
1896	969	969	980	985	1011	1008	1004	942	934	0	1786093
1897	969	980	985	1011	1008	1004	942	934	898	0	1787101
1898	980	985	1011	1008	1004	942	934	898	876	0	1788105
1899	985	1011	1008	1004	942	934	898	876	852	0	1789047
1900	1011	1008	1004	942	934	898	876	852	899	0	1789981
1901	1008	1004	942	934	898	876	852	899	879	0	1790879
1902	1004	942	934	898	876	852	899	879	868	0	1791755
1903	942	934	898	876	852	899	879	868	887	0	1792607
1904	934	898	876	852	899	879	868	887	903	0	1793506
1905	898	876	852	899	879	868	887	903	922	0	1794385
1906	876	852	899	879	868	887	903	922	942	0	1795253
1907	852	899	879	868	887	903	922	942	953	0	1796140
