index	i-4	i-3	i-2	i-1	i+0	i+1	i+2	i+3	i+4	Filter	Time
4	190	1156	1156	525	1323	1163	1160	1140	591	0	4471
5	1156	1156	525	1323	1163	1160	1140	591	1366	0	5634
6	1156	525	1323	1163	1160	1140	591	1366	1175	0	6794
7	525	1323	1163	1160	1140	591	1366	1175	1132	0	7934
8	1323	1163	1160	1140	591	1366	1175	1132	1148	1	8525
9	1163	1160	1140	591	1366	1175	1132	1148	1129	0	9891
10	1160	1140	591	1366	1175	1132	1148	1129	1113	0	11066
11	1140	591	1366	1175	1132	1148	1129	1113	521	0	12198
12	591	1366	1175	1132	1148	1129	1113	521	1327	0	13346
13	1366	1175	1132	1148	1129	1113	521	1327	1113	0	14475
14	1175	1132	1148	1129	1113	521	1327	1113	1120	0	15588
15	1132	1148	1129	1113	521	1327	1113	1120	1109	1	16109
16	1148	1129	1113	521	1327	1113	1120	1109	596	0	17436
17	1129	1113	521	1327	1113	1120	1109	596	1365	0	18549
18	1113	521	1327	1113	1120	1109	596	1365	1172	0	19669
19	521	1327	1113	1120	1109	596	1365	1172	1128	0	20778
20	1327	1113	1120	1109	596	1365	1172	1128	1148	1	21374
21	1113	1120	1109	596	1365	1172	1128	1148	591	0	22739
22	1120	1109	596	1365	1172	1128	1148	591	1339	0	23911
23	1109	596	1365	1172	1128	1148	591	1339	1163	0	25039
24	596	1365	1172	1128	1148	591	1339	1163	1125	0	26187
25	1365	1172	1128	1148	591	1339	1163	1125	1085	1	26778
26	1172	1128	1148	591	1339	1163	1125	1085	1074	0	28117
27	1128	1148	591	1339	1163	1125	1085	1074	1105	0	29280
28	1148	591	1339	1163	1125	1085	1074	1105	1113	0	30405
29	591	1339	1163	1125	1085	1074	1105	1113	595	0	31490
30	1339	1163	1125	1085	1074	1105	1113	595	1316	0	32564
31	1163	1125	1085	1074	1105	1113	595	1316	1112	0	33669
32	1125	1085	1074	1105	1113	595	1316	1112	1078	0	34782
33	1085	1074	1105	1113	595	1316	1112	1078	1074	1	35377
34	1074	1105	1113	595	1316	1112	1078	1074	592	0	36693
35	1105	1113	595	1316	1112	1078	1074	592	1280	0	37805
36	1113	595	1316	1112	1078	1074	592	1280	1078	0	38883
37	595	1316	1112	1078	1074	592	1280	1078	1070	0	39957
38	1316	1112	1078	1074	592	1280	1078	1070	1007	1	40549
39	1112	1078	1074	592	1280	1078	1070	1007	541	0	41829
40	1078	1074	592	1280	1078	1070	1007	541	1273	0	42907
41	1074	592	1280	1078	1070	1007	541	1273	1074	0	43977
42	592	1280	1078	1070	1007	541	1273	1074	1054	0	44984
43	1280	1078	1070	1007	541	1273	1074	1054	553	1	45525
44	1078	1070	1007	541	1273	1074	1054	553	1291	0	46798
45	1070	1007	541	1273	1074	1054	553	1291	1102	0	47872
46	1007	541	1273	1074	1054	553	1291	1102	1085	0	48926
47	541	1273	1074	1054	553	1291	1102	1085	1105	1	49479
48	1273	1074	1054	553	1291	1102	1085	1105	1121	0	50770
49	1074	1054	553	1291	1102	1085	1105	1121	595	0	51872
50	1054	553	1291	1102	1085	1105	1121	595	1331	0	52957
51	553	1291	1102	1085	1105	1121	595	1331	1167	0	54062
52	1291	1102	1085	1105	1121	595	1331	1167	1171	0	55183
53	1102	1085	1105	1121	595	1331	1167	1171	1141	1	55778
54	1085	1105	1121	595	1331	1167	1171	1141	1155	0	57109
55	1105	1121	595	1331	1167	1171	1141	1155	1160	0	58276
56	1121	595	1331	1167	1171	1141	1155	1160	525	0	59447
57	595	1331	1167	1171	1141	1155	1160	525	1339	0	60588
58	1331	1167	1171	1141	1155	1160	525	1339	1167	0	61743
59	1167	1171	1141	1155	1160	525	1339	1167	1128	0	62903
60	1171	1141	1155	1160	525	1339	1167	1128	1105	1	63428
61	1141	1155	1160	525	1339	1167	1128	1105	1105	0	64767
62	1155	1160	525	1339	1167	1128	1105	1105	592	0	65934
63	1160	525	1339	1167	1128	1105	1105	592	1331	0	67062
64	525	1339	1167	1128	1105	1105	592	1331	1144	0	68167
65	1339	1167	1128	1105	1105	592	1331	1144	1151	0	69272
66	1167	1128	1105	1105	592	1331	1144	1151	1148	1	69864
67	1128	1105	1105	592	1331	1144	1151	1148	1117	0	71195
68	1105	1105	592	1331	1144	1151	1148	1117	1136	0	72339
69	1105	592	1331	1144	1151	1148	1117	1136	525	0	73490
70	592	1331	1144	1151	1148	1117	1136	525	1331	0	74638
71	1331	1144	1151	1148	1117	1136	525	1331	1156	0	75755
72	1144	1151	1148	1117	1136	525	1331	1156	1151	0	76891
73	1151	1148	1117	1136	525	1331	1156	1151	1133	1	77416
74	1148	1117	1136	525	1331	1156	1151	1133	537	0	78747
75	1117	1136	525	1331	1156	1151	1133	537	1327	0	79903
76	1136	525	1331	1156	1151	1133	537	1327	1163	0	81054
77	525	1331	1156	1151	1133	537	1327	1163	1132	0	82187
78	1331	1156	1151	1133	537	1327	1163	1132	592	1	82724
79	1156	1151	1133	537	1327	1163	1132	592	1397	0	84051
80	1151	1133	537	1327	1163	1132	592	1397	1186	0	85214
81	1133	537	1327	1163	1132	592	1397	1186	1148	0	86346
82	537	1327	1163	1132	592	1397	1186	1148	1164	1	86938
83	1327	1163	1132	592	1397	1186	1148	1164	1155	0	88335
84	1163	1132	592	1397	1186	1148	1164	1155	1133	0	89521
85	1132	592	1397	1186	1148	1164	1155	1133	599	0	90669
86	592	1397	1186	1148	1164	1155	1133	599	1358	0	91833
87	1397	1186	1148	1164	1155	1133	599	1358	1175	0	92988
88	1186	1148	1164	1155	1133	599	1358	1175	1140	0	94121
89	1148	1164	1155	1133	599	1358	1175	1140	1144	1	94720
90	1164	1155	1133	599	1358	1175	1140	1144	591	0	96078
91	1155	1133	599	1358	1175	1140	1144	591	1351	0	97253
92	1133	599	1358	1175	1140	1144	591	1351	1171	0	98393
93	599	1358	1175	1140	1144	591	1351	1171	1148	0	99537
94	1358	1175	1140	1144	591	1351	1171	1148	1124	1	100128
95	1175	1140	1144	591	1351	1171	1148	1124	599	0	101479
96	1140	1144	591	1351	1171	1148	1124	599	1366	0	102650
97	1144	591	1351	1171	1148	1124	599	1366	1167	0	103798
98	591	1351	1171	1148	1124	599	1366	1167	1137	0	104922
99	1351	1171	1148	1124	599	1366	1167	1137	1128	1	105521
100	1171	1148	1124	599	1366	1167	1137	1128	1136	0	106887
101	1148	1124	599	1366	1167	1137	1128	1136	533	0	108054
102	1124	599	1366	1167	1137	1128	1136	533	1327	0	109191
103	599	1366	1167	1137	1128	1136	533	1327	1164	0	110319
104	1366	1167	1137	1128	1136	533	1327	1164	1140	0	111455
105	1167	1137	1128	1136	533	1327	1164	1140	595	1	111988
106	1137	1128	1136	533	1327	1164	1140	595	1350	0	113315
107	1128	1136	533	1327	1164	1140	595	1350	1171	0	114479
108	1136	533	1327	1164	1140	595	1350	1171	1117	0	115619
109	533	1327	1164	1140	595	1350	1171	1117	1129	1	116214
110	1327	1164	1140	595	1350	1171	1117	1129	1120	0	117564
111	1164	1140	595	1350	1171	1117	1129	1120	603	0	118735
112	1140	595	1350	1171	1117	1129	1120	603	1358	0	119852
113	595	1350	1171	1117	1129	1120	603	1358	1156	0	120981
114	1350	1171	1117	1129	1120	603	1358	1156	1117	0	122101
115	1171	1117	1129	1120	603	1358	1156	1117	1120	1	122704
116	1117	1129	1120	603	1358	1156	1117	1120	1117	0	124062
117	1129	1120	603	1358	1156	1117	1120	1117	1113	0	125218
118	1120	603	1358	1156	1117	1120	1117	1113	599	0	126335
119	603	1358	1156	1117	1120	1117	1113	599	1358	0	127455
120	1358	1156	1117	1120	1117	1113	599	1358	1152	0	128572
121	1156	1117	1120	1117	1113	599	1358	1152	1152	0	129685
122	1117	1120	1117	1113	599	1358	1152	1152	1105	1	130284
123	1120	1117	1113	599	1358	1152	1152	1105	1093	0	131642
124	1117	1113	599	1358	1152	1152	1105	1093	1082	0	132794
125	1113	599	1358	1152	1152	1105	1093	1082	1101	0	133946
126	599	1358	1152	1152	1105	1093	1082	1101	607	0	135051
127	1358	1152	1152	1105	1093	1082	1101	607	1389	0	136144
128	1152	1152	1105	1093	1082	1101	607	1389	1214	0	137226
129	1152	1105	1093	1082	1101	607	1389	1214	1179	0	138327
130	1105	1093	1082	1101	607	1389	1214	1179	1159	1	138934
131	1093	1082	1101	607	1389	1214	1179	1159	1125	0	140323
132	1082	1101	607	1389	1214	1179	1159	1125	1132	0	141537
133	1101	607	1389	1214	1179	1159	1125	1132	1125	0	142716
134	607	1389	1214	1179	1159	1125	1132	1125	1124	0	143875
135	1389	1214	1179	1159	1125	1132	1125	1124	1125	0	145000
136	1214	1179	1159	1125	1132	1125	1124	1125	1120	0	146132
137	1179	1159	1125	1132	1125	1124	1125	1120	1133	0	147257
138	1159	1125	1132	1125	1124	1125	1120	1133	1128	0	148381
139	1125	1132	1125	1124	1125	1120	1133	1128	1117	0	149506
140	1132	1125	1124	1125	1120	1133	1128	1117	1128	0	150626
141	1125	1124	1125	1120	1133	1128	1117	1128	1125	0	151759
142	1124	1125	1120	1133	1128	1117	1128	1125	529	0	152887
143	1125	1120	1133	1128	1117	1128	1125	529	1296	0	154004
144	1120	1133	1128	1117	1128	1125	529	1296	1120	0	155132
145	1133	1128	1117	1128	1125	529	1296	1120	1117	0	156257
146	1128	1117	1128	1125	529	1296	1120	1117	1086	1	156786
147	1117	1128	1125	529	1296	1120	1117	1086	529	0	158082
148	1128	1125	529	1296	1120	1117	1086	529	1307	0	159202
149	1125	529	1296	1120	1117	1086	529	1307	1113	0	160319
150	529	1296	1120	1117	1086	529	1307	1113	1097	0	161405
151	1296	1120	1117	1086	529	1307	1113	1097	596	1	161934
152	1120	1117	1086	529	1307	1113	1097	596	1342	0	163241
153	1117	1086	529	1307	1113	1097	596	1342	1140	0	164354
154	1086	529	1307	1113	1097	596	1342	1140	1152	0	165451
155	529	1307	1113	1097	596	1342	1140	1152	1156	1	166047
156	1307	1113	1097	596	1342	1140	1152	1156	525	0	167389
157	1113	1097	596	1342	1140	1152	1156	525	1350	0	168529
158	1097	596	1342	1140	1152	1156	525	1350	1222	0	169681
159	596	1342	1140	1152	1156	525	1350	1222	1167	0	170837
160	1342	1140	1152	1156	525	1350	1222	1167	1152	1	171362
161	1140	1152	1156	525	1350	1222	1167	1152	1121	0	172712
162	1152	1156	525	1350	1222	1167	1152	1121	1108	0	173934
163	1156	525	1350	1222	1167	1152	1121	1108	526	0	175101
164	525	1350	1222	1167	1152	1121	1108	526	1334	0	176253
165	1350	1222	1167	1152	1121	1108	526	1334	1129	0	177374
166	1222	1167	1152	1121	1108	526	1334	1129	1120	0	178482
167	1167	1152	1121	1108	526	1334	1129	1120	1098	1	179008
168	1152	1121	1108	526	1334	1129	1120	1098	544	0	180342
169	1121	1108	526	1334	1129	1120	1098	544	1316	0	181471
170	1108	526	1334	1129	1120	1098	544	1316	1167	0	182591
171	526	1334	1129	1120	1098	544	1316	1167	1171	0	183689
172	1334	1129	1120	1098	544	1316	1167	1171	1132	1	184233
173	1129	1120	1098	544	1316	1167	1171	1132	1141	0	185549
174	1120	1098	544	1316	1167	1171	1132	1141	1159	0	186716
175	1098	544	1316	1167	1171	1132	1141	1159	1136	0	187887
176	544	1316	1167	1171	1132	1141	1159	1136	545	0	189019
177	1316	1167	1171	1132	1141	1159	1136	545	1354	0	190160
178	1167	1171	1132	1141	1159	1136	545	1354	1140	0	191319
179	1171	1132	1141	1159	1136	545	1354	1140	1132	0	192455
180	1132	1141	1159	1136	545	1354	1140	1132	1152	1	193000
181	1141	1159	1136	545	1354	1140	1132	1152	526	0	194354
182	1159	1136	545	1354	1140	1132	1152	526	1319	0	195494
183	1136	545	1354	1140	1132	1152	526	1319	1116	0	196626
184	545	1354	1140	1132	1152	526	1319	1116	1136	0	197778
185	1354	1140	1132	1152	526	1319	1116	1136	1125	1	198304
186	1140	1132	1152	526	1319	1116	1136	1125	549	0	199623
187	1132	1152	526	1319	1116	1136	1125	549	1291	0	200739
188	1152	526	1319	1116	1136	1125	549	1291	1152	0	201875
189	526	1319	1116	1136	1125	549	1291	1152	1136	0	203000
190	1319	1116	1136	1125	549	1291	1152	1136	1098	1	203549
191	1116	1136	1125	549	1291	1152	1136	1098	587	0	204840
192	1136	1125	549	1291	1152	1136	1098	587	1347	0	205992
193	1125	549	1291	1152	1136	1098	587	1347	1112	0	207128
194	549	1291	1152	1136	1098	587	1347	1112	1121	0	208226
195	1291	1152	1136	1098	587	1347	1112	1121	1128	1	208813
196	1152	1136	1098	587	1347	1112	1121	1128	537	0	210160
197	1136	1098	587	1347	1112	1121	1128	537	1347	0	211272
198	1098	587	1347	1112	1121	1128	537	1347	1163	0	212393
199	587	1347	1112	1121	1128	537	1347	1163	1121	0	213521
200	1347	1112	1121	1128	537	1347	1163	1121	1120	1	214058
201	1112	1121	1128	537	1347	1163	1121	1120	1113	0	215405
202	1121	1128	537	1347	1163	1121	1120	1113	525	0	216568
203	1128	537	1347	1163	1121	1120	1113	525	1312	0	217689
204	537	1347	1163	1121	1120	1113	525	1312	1144	0	218809
205	1347	1163	1121	1120	1113	525	1312	1144	1128	0	219922
206	1163	1121	1120	1113	525	1312	1144	1128	525	1	220447
207	1121	1120	1113	525	1312	1144	1128	525	1316	0	221759
208	1120	1113	525	1312	1144	1128	525	1316	1144	0	222903
209	1113	525	1312	1144	1128	525	1316	1144	1124	0	224031
210	525	1312	1144	1128	525	1316	1144	1124	1105	1	224556
211	1312	1144	1128	525	1316	1144	1124	1105	525	0	225872
212	1144	1128	525	1316	1144	1124	1105	525	1351	0	227016
213	1128	525	1316	1144	1124	1105	525	1351	1128	0	228140
214	525	1316	1144	1124	1105	525	1351	1128	1109	0	229245
215	1316	1144	1124	1105	525	1351	1128	1109	1136	1	229770
216	1144	1124	1105	525	1351	1128	1109	1136	525	0	231121
217	1124	1105	525	1351	1128	1109	1136	525	1331	0	232249
218	1105	525	1351	1128	1109	1136	525	1331	1144	0	233358
219	525	1351	1128	1109	1136	525	1331	1144	1136	0	234494
220	1351	1128	1109	1136	525	1331	1144	1136	1125	1	235019
221	1128	1109	1136	525	1331	1144	1136	1125	545	0	236350
222	1109	1136	525	1331	1144	1136	1125	545	1338	0	237494
223	1136	525	1331	1144	1136	1125	545	1338	1171	0	238630
224	525	1331	1144	1136	1125	545	1338	1171	1133	0	239755
225	1331	1144	1136	1125	545	1338	1171	1133	595	1	240300
226	1144	1136	1125	545	1338	1171	1133	595	1342	0	241638
227	1136	1125	545	1338	1171	1133	595	1342	1156	0	242809
228	1125	545	1338	1171	1133	595	1342	1156	1121	0	243942
229	545	1338	1171	1133	595	1342	1156	1121	525	1	244537
230	1338	1171	1133	595	1342	1156	1121	525	1327	0	245879
231	1171	1133	595	1342	1156	1121	525	1327	1117	0	247035
232	1133	595	1342	1156	1121	525	1327	1117	1112	0	248156
233	595	1342	1156	1121	525	1327	1117	1112	1090	1	248681
234	1342	1156	1121	525	1327	1117	1112	1090	591	0	250008
235	1156	1121	525	1327	1117	1112	1090	591	1343	0	251125
236	1121	525	1327	1117	1112	1090	591	1343	1159	0	252237
237	525	1327	1117	1112	1090	591	1343	1159	1113	0	253327
238	1327	1117	1112	1090	591	1343	1159	1113	1125	1	253918
239	1117	1112	1090	591	1343	1159	1113	1125	529	0	255261
240	1112	1090	591	1343	1159	1113	1125	529	1327	0	256420
241	1090	591	1343	1159	1113	1125	529	1327	1144	0	257533
242	591	1343	1159	1113	1125	529	1327	1144	1120	0	258658
243	1343	1159	1113	1125	529	1327	1144	1120	1090	1	259187
244	1159	1113	1125	529	1327	1144	1120	1090	533	0	260514
245	1113	1125	529	1327	1144	1120	1090	533	1327	0	261658
246	1125	529	1327	1144	1120	1090	533	1327	1140	0	262778
247	529	1327	1144	1120	1090	533	1327	1140	1116	0	263868
248	1327	1144	1120	1090	533	1327	1140	1116	1109	1	264401
249	1144	1120	1090	533	1327	1140	1116	1109	1117	0	265728
250	1120	1090	533	1327	1140	1116	1109	1117	1094	0	266868
251	1090	533	1327	1140	1116	1109	1117	1094	533	0	267984
252	533	1327	1140	1116	1109	1117	1094	533	1330	0	269093
253	1327	1140	1116	1109	1117	1094	533	1330	1129	0	270210
254	1140	1116	1109	1117	1094	533	1330	1129	1089	0	271304
255	1116	1109	1117	1094	533	1330	1129	1089	1086	1	271837
256	1109	1117	1094	533	1330	1129	1089	1086	1105	0	273167
257	1117	1094	533	1330	1129	1089	1086	1105	541	0	274296
258	1094	533	1330	1129	1089	1086	1105	541	1447	0	275385
259	533	1330	1129	1089	1086	1105	541	1447	1195	0	276471
260	1330	1129	1089	1086	1105	541	1447	1195	1109	0	277576
261	1129	1089	1086	1105	541	1447	1195	1109	1116	1	278117
262	1089	1086	1105	541	1447	1195	1109	1116	1117	0	279564
263	1086	1105	541	1447	1195	1109	1116	1117	533	0	280759
264	1105	541	1447	1195	1109	1116	1117	533	1308	0	281868
265	541	1447	1195	1109	1116	1117	533	1308	1163	0	282984
266	1447	1195	1109	1116	1117	533	1308	1163	1144	0	284101
267	1195	1109	1116	1117	533	1308	1163	1144	595	1	284634
268	1109	1116	1117	533	1308	1163	1144	595	1358	0	285942
269	1116	1117	533	1308	1163	1144	595	1358	1175	0	287105
270	1117	533	1308	1163	1144	595	1358	1175	1117	0	288249
271	533	1308	1163	1144	595	1358	1175	1117	533	1	288844
272	1308	1163	1144	595	1358	1175	1117	533	1354	0	290202
273	1163	1144	595	1358	1175	1117	533	1354	1148	0	291377
274	1144	595	1358	1175	1117	533	1354	1148	1129	0	292494
275	595	1358	1175	1117	533	1354	1148	1129	1124	1	293027
276	1358	1175	1117	533	1354	1148	1129	1124	533	0	294381
277	1175	1117	533	1354	1148	1129	1124	533	1378	0	295529
278	1117	533	1354	1148	1129	1124	533	1378	1140	0	296658
279	533	1354	1148	1129	1124	533	1378	1140	1140	0	297782
280	1354	1148	1129	1124	533	1378	1140	1140	1109	1	298315
281	1148	1129	1124	533	1378	1140	1140	1109	533	0	299693
282	1129	1124	533	1378	1140	1140	1109	533	1428	0	300833
283	1124	533	1378	1140	1140	1109	533	1428	1109	0	301973
284	533	1378	1140	1140	1109	533	1428	1109	1097	0	303082
285	1378	1140	1140	1109	533	1428	1109	1097	1105	1	303615
286	1140	1140	1109	533	1428	1109	1097	1105	525	0	305043
287	1140	1109	533	1428	1109	1097	1105	525	1246	0	306152
288	1109	533	1428	1109	1097	1105	525	1246	1046	0	307249
289	533	1428	1109	1097	1105	525	1246	1046	1082	0	308354
290	1428	1109	1097	1105	525	1246	1046	1082	1105	1	308879
291	1109	1097	1105	525	1246	1046	1082	1105	1101	0	310125
292	1097	1105	525	1246	1046	1082	1105	1101	1097	0	311171
293	1105	525	1246	1046	1082	1105	1101	1097	1121	0	312253
294	525	1246	1046	1082	1105	1101	1097	1121	1136	0	313358
295	1246	1046	1082	1105	1101	1097	1121	1136	1117	0	314459
296	1046	1082	1105	1101	1097	1121	1136	1117	1132	0	315556
297	1082	1105	1101	1097	1121	1136	1117	1132	1117	0	316677
298	1105	1101	1097	1121	1136	1117	1132	1117	1097	0	317813
299	1101	1097	1121	1136	1117	1132	1117	1097	1113	0	318930
300	1097	1121	1136	1117	1132	1117	1097	1113	1113	0	320062
301	1121	1136	1117	1132	1117	1097	1113	1113	1117	0	321179
302	1136	1117	1132	1117	1097	1113	1113	1117	1120	0	322276
303	1117	1132	1117	1097	1113	1113	1117	1120	1133	0	323389
304	1132	1117	1097	1113	1113	1117	1120	1133	1097	0	324502
305	1117	1097	1113	1113	1117	1120	1133	1097	1109	0	325619
306	1097	1113	1113	1117	1120	1133	1097	1109	1117	0	326739
307	1113	1113	1117	1120	1133	1097	1109	1117	1112	0	327872
308	1113	1117	1120	1133	1097	1109	1117	1112	1105	0	328969
309	1117	1120	1133	1097	1109	1117	1112	1105	1129	0	330078
310	1120	1133	1097	1109	1117	1112	1105	1129	1144	0	331195
311	1133	1097	1109	1117	1112	1105	1129	1144	1124	0	332307
312	1097	1109	1117	1112	1105	1129	1144	1124	1133	0	333412
313	1109	1117	1112	1105	1129	1144	1124	1133	1132	0	334541
314	1117	1112	1105	1129	1144	1124	1133	1132	1113	0	335685
315	1112	1105	1129	1144	1124	1133	1132	1113	1120	0	336809
316	1105	1129	1144	1124	1133	1132	1113	1120	1109	0	337942
317	1129	1144	1124	1133	1132	1113	1120	1109	1090	0	339074
318	1144	1124	1133	1132	1113	1120	1109	1090	1054	0	340187
319	1124	1133	1132	1113	1120	1109	1090	1054	1094	0	341307
320	1133	1132	1113	1120	1109	1090	1054	1094	1085	0	342416
321	1132	1113	1120	1109	1090	1054	1094	1085	1105	0	343506
322	1113	1120	1109	1090	1054	1094	1085	1105	1121	0	344560
323	1120	1109	1090	1054	1094	1085	1105	1121	1121	0	345654
324	1109	1090	1054	1094	1085	1105	1121	1121	1120	0	346739
325	1090	1054	1094	1085	1105	1121	1121	1120	1117	0	347844
326	1054	1094	1085	1105	1121	1121	1120	1117	1124	0	348965
327	1094	1085	1105	1121	1121	1120	1117	1124	1121	0	350086
328	1085	1105	1121	1121	1120	1117	1124	1121	1101	0	351206
329	1105	1121	1121	1120	1117	1124	1121	1101	1105	0	352323
330	1121	1121	1120	1117	1124	1121	1101	1105	1098	0	353447
331	1121	1120	1117	1124	1121	1101	1105	1098	1109	0	354568
332	1120	1117	1124	1121	1101	1105	1098	1109	1116	0	355669
333	1117	1124	1121	1101	1105	1098	1109	1116	1136	0	356774
334	1124	1121	1101	1105	1098	1109	1116	1136	1133	0	357872
335	1121	1101	1105	1098	1109	1116	1136	1133	1136	0	358981
336	1101	1105	1098	1109	1116	1136	1133	1136	1124	0	360097
337	1105	1098	1109	1116	1136	1133	1136	1124	1113	0	361233
338	1098	1109	1116	1136	1133	1136	1124	1113	1113	0	362366
339	1109	1116	1136	1133	1136	1124	1113	1113	1113	0	363502
340	1116	1136	1133	1136	1124	1113	1113	1113	1089	0	364626
341	1136	1133	1136	1124	1113	1113	1113	1089	1113	0	365739
342	1133	1136	1124	1113	1113	1113	1089	1113	1113	0	366852
343	1136	1124	1113	1113	1113	1089	1113	1113	1097	0	367965
344	1124	1113	1113	1113	1089	1113	1113	1097	1121	0	369054
345	1113	1113	1113	1089	1113	1113	1097	1121	1125	0	370167
346	1113	1113	1089	1113	1113	1097	1121	1125	1116	0	371280
347	1113	1089	1113	1113	1097	1121	1125	1116	1133	0	372377
348	1089	1113	1113	1097	1121	1125	1116	1133	1136	0	373498
349	1113	1113	1097	1121	1125	1116	1133	1136	1117	0	374623
350	1113	1097	1121	1125	1116	1133	1136	1117	1116	0	375739
351	1097	1121	1125	1116	1133	1136	1117	1116	1105	0	376872
352	1121	1125	1116	1133	1136	1117	1116	1105	1105	0	378008
353	1125	1116	1133	1136	1117	1116	1105	1105	1105	0	379125
354	1116	1133	1136	1117	1116	1105	1105	1105	1113	0	380241
355	1133	1136	1117	1116	1105	1105	1105	1113	1086	0	381346
356	1136	1117	1116	1105	1105	1105	1113	1086	1105	0	382451
357	1117	1116	1105	1105	1105	1113	1086	1105	1105	0	383556
358	1116	1105	1105	1105	1113	1086	1105	1105	1101	0	384669
359	1105	1105	1105	1113	1086	1105	1105	1101	1105	0	385755
360	1105	1105	1113	1086	1105	1105	1101	1105	1117	0	386860
361	1105	1113	1086	1105	1105	1101	1105	1117	1105	0	387965
362	1113	1086	1105	1105	1101	1105	1117	1105	1117	0	389066
363	1086	1105	1105	1101	1105	1117	1105	1117	1120	0	390171
364	1105	1105	1101	1105	1117	1105	1117	1120	1094	0	391288
365	1105	1101	1105	1117	1105	1117	1120	1094	1089	0	392393
366	1101	1105	1117	1105	1117	1120	1094	1089	1059	0	393510
367	1105	1117	1105	1117	1120	1094	1089	1059	1046	0	394630
368	1117	1105	1117	1120	1094	1089	1059	1046	1031	0	395724
369	1105	1117	1120	1094	1089	1059	1046	1031	1047	0	396813
370	1117	1120	1094	1089	1059	1046	1031	1047	1058	0	397872
371	1120	1094	1089	1059	1046	1031	1047	1058	1063	0	398918
372	1094	1089	1059	1046	1031	1047	1058	1063	1081	0	399949
373	1089	1059	1046	1031	1047	1058	1063	1081	1094	0	400996
374	1059	1046	1031	1047	1058	1063	1081	1094	1089	0	402054
375	1046	1031	1047	1058	1063	1081	1094	1089	1090	0	403117
376	1031	1047	1058	1063	1081	1094	1089	1090	1093	0	404198
377	1047	1058	1063	1081	1094	1089	1090	1093	1090	0	405292
378	1058	1063	1081	1094	1089	1090	1093	1090	1085	0	406381
379	1063	1081	1094	1089	1090	1093	1090	1085	1086	0	407471
380	1081	1094	1089	1090	1093	1090	1085	1086	1086	0	408564
381	1094	1089	1090	1093	1090	1085	1086	1086	1081	0	409654
382	1089	1090	1093	1090	1085	1086	1086	1081	1097	0	410739
383	1090	1093	1090	1085	1086	1086	1081	1097	1094	0	411825
384	1093	1090	1085	1086	1086	1081	1097	1094	1097	0	412911
385	1090	1085	1086	1086	1081	1097	1094	1097	1105	0	413992
386	1085	1086	1086	1081	1097	1094	1097	1105	1105	0	415089
387	1086	1086	1081	1097	1094	1097	1105	1105	1098	0	416183
388	1086	1081	1097	1094	1097	1105	1105	1098	1120	0	417280
389	1081	1097	1094	1097	1105	1105	1098	1120	1125	0	418385
390	1097	1094	1097	1105	1105	1098	1120	1125	1101	0	419490
391	1094	1097	1105	1105	1098	1120	1125	1101	1109	0	420588
392	1097	1105	1105	1098	1120	1125	1101	1109	1101	0	421708
393	1105	1105	1098	1120	1125	1101	1109	1101	1070	0	422833
394	1105	1098	1120	1125	1101	1109	1101	1070	1090	0	423934
395	1098	1120	1125	1101	1109	1101	1070	1090	1101	0	425043
396	1120	1125	1101	1109	1101	1070	1090	1101	1105	0	426144
397	1125	1101	1109	1101	1070	1090	1101	1105	1116	0	427214
398	1101	1109	1101	1070	1090	1101	1105	1116	1109	0	428304
399	1109	1101	1070	1090	1101	1105	1116	1109	1109	0	429405
400	1101	1070	1090	1101	1105	1116	1109	1109	1094	0	430510
401	1070	1090	1101	1105	1116	1109	1109	1094	1089	0	431626
402	1090	1101	1105	1116	1109	1109	1094	1089	1078	0	432735
403	1101	1105	1116	1109	1109	1094	1089	1078	1097	0	433844
404	1105	1116	1109	1109	1094	1089	1078	1097	1094	0	434938
405	1116	1109	1109	1094	1089	1078	1097	1094	1089	0	436027
406	1109	1109	1094	1089	1078	1097	1094	1089	1074	0	437105
407	1109	1094	1089	1078	1097	1094	1089	1074	1078	0	438202
408	1094	1089	1078	1097	1094	1089	1074	1078	1074	0	439296
409	1089	1078	1097	1094	1089	1074	1078	1074	1082	0	440385
410	1078	1097	1094	1089	1074	1078	1074	1082	1089	0	441459
411	1097	1094	1089	1074	1078	1074	1082	1089	1082	0	442537
412	1094	1089	1074	1078	1074	1082	1089	1082	1070	0	443611
413	1089	1074	1078	1074	1082	1089	1082	1070	1085	0	444693
414	1074	1078	1074	1082	1089	1082	1070	1085	1074	0	445782
415	1078	1074	1082	1089	1082	1070	1085	1074	1063	0	446864
416	1074	1082	1089	1082	1070	1085	1074	1063	1077	0	447934
417	1082	1089	1082	1070	1085	1074	1063	1077	1090	0	449019
418	1089	1082	1070	1085	1074	1063	1077	1090	1074	0	450093
419	1082	1070	1085	1074	1063	1077	1090	1074	1093	0	451156
420	1070	1085	1074	1063	1077	1090	1074	1093	1098	0	452233
421	1085	1074	1063	1077	1090	1074	1093	1098	1085	0	453323
422	1074	1063	1077	1090	1074	1093	1098	1085	1086	0	454397
423	1063	1077	1090	1074	1093	1098	1085	1086	1097	0	455490
424	1077	1090	1074	1093	1098	1085	1086	1097	1086	0	456588
425	1090	1074	1093	1098	1085	1086	1097	1086	1085	0	457673
426	1074	1093	1098	1085	1086	1097	1086	1085	1078	0	458759
427	1093	1098	1085	1086	1097	1086	1085	1078	1070	0	459856
428	1098	1085	1086	1097	1086	1085	1078	1070	1082	0	460942
429	1085	1086	1097	1086	1085	1078	1070	1082	1093	0	462027
430	1086	1097	1086	1085	1078	1070	1082	1093	1086	0	463105
431	1097	1086	1085	1078	1070	1082	1093	1086	1105	0	464175
432	1086	1085	1078	1070	1082	1093	1086	1105	1105	0	465257
433	1085	1078	1070	1082	1093	1086	1105	1105	1086	0	466350
434	1078	1070	1082	1093	1086	1105	1105	1086	1108	0	467436
435	1070	1082	1093	1086	1105	1105	1086	1108	1109	0	468541
436	1082	1093	1086	1105	1105	1086	1108	1109	1113	0	469646
437	1093	1086	1105	1105	1086	1108	1109	1113	1109	0	470732
438	1086	1105	1105	1086	1108	1109	1113	1109	1113	0	471840
439	1105	1105	1086	1108	1109	1113	1109	1113	1109	0	472949
440	1105	1086	1108	1109	1113	1109	1113	1109	1117	0	474062
441	1086	1108	1109	1113	1109	1113	1109	1117	1132	0	475171
442	1108	1109	1113	1109	1113	1109	1117	1132	1121	0	476284
443	1109	1113	1109	1113	1109	1117	1132	1121	1105	0	477393
444	1113	1109	1113	1109	1117	1132	1121	1105	1116	0	478510
445	1109	1113	1109	1117	1132	1121	1105	1116	1082	0	479642
446	1113	1109	1117	1132	1121	1105	1116	1082	1074	0	480763
447	1109	1117	1132	1121	1105	1116	1082	1074	1082	0	481868
448	1117	1132	1121	1105	1116	1082	1074	1082	1097	0	482984
449	1132	1121	1105	1116	1082	1074	1082	1097	1070	0	484066
450	1121	1105	1116	1082	1074	1082	1097	1070	1070	0	485140
451	1105	1116	1082	1074	1082	1097	1070	1070	1090	0	486222
452	1116	1082	1074	1082	1097	1070	1070	1090	1097	0	487319
453	1082	1074	1082	1097	1070	1070	1090	1097	1078	0	488389
454	1074	1082	1097	1070	1070	1090	1097	1078	1093	0	489459
455	1082	1097	1070	1070	1090	1097	1078	1093	1086	0	490549
456	1097	1070	1070	1090	1097	1078	1093	1086	1085	0	491646
457	1070	1070	1090	1097	1078	1093	1086	1085	1086	0	492724
458	1070	1090	1097	1078	1093	1086	1085	1086	1093	0	493817
459	1090	1097	1078	1093	1086	1085	1086	1093	1086	0	494903
460	1097	1078	1093	1086	1085	1086	1093	1086	1089	0	495988
461	1078	1093	1086	1085	1086	1093	1086	1089	1094	0	497074
462	1093	1086	1085	1086	1093	1086	1089	1094	1097	0	498167
463	1086	1085	1086	1093	1086	1089	1094	1097	1090	0	499253
464	1085	1086	1093	1086	1089	1094	1097	1090	1105	0	500342
465	1086	1093	1086	1089	1094	1097	1090	1105	1101	0	501436
466	1093	1086	1089	1094	1097	1090	1105	1101	1093	0	502533
467	1086	1089	1094	1097	1090	1105	1101	1093	525	0	503623
468	1089	1094	1097	1090	1105	1101	1093	525	1300	0	504728
469	1094	1097	1090	1105	1101	1093	525	1300	1093	0	505829
470	1097	1090	1105	1101	1093	525	1300	1093	1086	0	506922
471	1090	1105	1101	1093	525	1300	1093	1086	1117	1	507447
472	1105	1101	1093	525	1300	1093	1086	1117	1093	0	508747
473	1101	1093	525	1300	1093	1086	1117	1093	1090	0	509840
474	1093	525	1300	1093	1086	1117	1093	1090	1101	0	510926
475	525	1300	1093	1086	1117	1093	1090	1101	1105	0	512043
476	1300	1093	1086	1117	1093	1090	1101	1105	1093	0	513136
477	1093	1086	1117	1093	1090	1101	1105	1093	1113	0	514226
478	1086	1117	1093	1090	1101	1105	1093	1113	1121	0	515327
479	1117	1093	1090	1101	1105	1093	1113	1121	1116	0	516432
480	1093	1090	1101	1105	1093	1113	1121	1116	1113	0	517525
481	1090	1101	1105	1093	1113	1121	1116	1113	1117	0	518638
482	1101	1105	1093	1113	1121	1116	1113	1117	1105	0	519759
483	1105	1093	1113	1121	1116	1113	1117	1105	1097	0	520875
484	1093	1113	1121	1116	1113	1117	1105	1097	1102	0	521988
485	1113	1121	1116	1113	1117	1105	1097	1102	1101	0	523105
486	1121	1116	1113	1117	1105	1097	1102	1101	1081	0	524210
487	1116	1113	1117	1105	1097	1102	1101	1081	1098	0	525307
488	1113	1117	1105	1097	1102	1101	1081	1098	1101	0	526409
489	1117	1105	1097	1102	1101	1081	1098	1101	1085	0	527510
490	1105	1097	1102	1101	1081	1098	1101	1085	1082	0	528591
491	1097	1102	1101	1081	1098	1101	1085	1082	1090	0	529689
492	1102	1101	1081	1098	1101	1085	1082	1090	1081	0	530790
493	1101	1081	1098	1101	1085	1082	1090	1081	1078	0	531875
494	1081	1098	1101	1085	1082	1090	1081	1078	1066	0	532957
495	1098	1101	1085	1082	1090	1081	1078	1066	1070	0	534047
496	1101	1085	1082	1090	1081	1078	1066	1070	1098	0	535128
497	1085	1082	1090	1081	1078	1066	1070	1098	1081	0	536206
498	1082	1090	1081	1078	1066	1070	1098	1081	1094	0	537272
499	1090	1081	1078	1066	1070	1098	1081	1094	1078	0	538342
500	1081	1078	1066	1070	1098	1081	1094	1078	1074	0	539440
501	1078	1066	1070	1098	1081	1094	1078	1074	1081	0	540521
502	1066	1070	1098	1081	1094	1078	1074	1081	1074	0	541615
503	1070	1098	1081	1094	1078	1074	1081	1074	1078	0	542693
504	1098	1081	1094	1078	1074	1081	1074	1078	1089	0	543767
505	1081	1094	1078	1074	1081	1074	1078	1089	1094	0	544848
506	1094	1078	1074	1081	1074	1078	1089	1094	1085	0	545922
507	1078	1074	1081	1074	1078	1089	1094	1085	526	0	547000
508	1074	1081	1074	1078	1089	1094	1085	526	1319	0	548089
509	1081	1074	1078	1089	1094	1085	526	1319	1120	0	549183
510	1074	1078	1089	1094	1085	526	1319	1120	1102	0	550268
511	1078	1089	1094	1085	526	1319	1120	1102	1101	1	550794
512	1089	1094	1085	526	1319	1120	1102	1101	1093	0	552113
513	1094	1085	526	1319	1120	1102	1101	1093	1090	0	553233
514	1085	526	1319	1120	1102	1101	1093	1090	1097	0	554335
515	526	1319	1120	1102	1101	1093	1090	1097	1113	0	555436
516	1319	1120	1102	1101	1093	1090	1097	1113	1097	0	556529
517	1120	1102	1101	1093	1090	1097	1113	1097	1109	0	557619
518	1102	1101	1093	1090	1097	1113	1097	1109	1121	0	558716
519	1101	1093	1090	1097	1113	1097	1109	1121	1105	0	559829
520	1093	1090	1097	1113	1097	1109	1121	1105	1113	0	560926
521	1090	1097	1113	1097	1109	1121	1105	1113	1116	0	562035
522	1097	1113	1097	1109	1121	1105	1113	1116	1125	0	563156
523	1113	1097	1109	1121	1105	1113	1116	1125	1109	0	564261
524	1097	1109	1121	1105	1113	1116	1125	1109	1116	0	565374
525	1109	1121	1105	1113	1116	1125	1109	1116	1109	0	566490
526	1121	1105	1113	1116	1125	1109	1116	1109	522	0	567615
527	1105	1113	1116	1125	1109	1116	1109	522	1296	0	568724
528	1113	1116	1125	1109	1116	1109	522	1296	1112	0	569840
529	1116	1125	1109	1116	1109	522	1296	1112	1117	0	570949
530	1125	1109	1116	1109	522	1296	1112	1117	1097	1	571471
531	1109	1116	1109	522	1296	1112	1117	1097	1086	0	572767
532	1116	1109	522	1296	1112	1117	1097	1086	1093	0	573879
533	1109	522	1296	1112	1117	1097	1086	1093	1109	0	574996
534	522	1296	1112	1117	1097	1086	1093	1109	1105	0	576093
535	1296	1112	1117	1097	1086	1093	1109	1105	1117	0	577179
536	1112	1117	1097	1086	1093	1109	1105	1117	1121	0	578272
537	1117	1097	1086	1093	1109	1105	1117	1121	1116	0	579381
538	1097	1086	1093	1109	1105	1117	1121	1116	1082	0	580486
539	1086	1093	1109	1105	1117	1121	1116	1082	1086	0	581603
540	1093	1109	1105	1117	1121	1116	1082	1086	1027	0	582724
541	1109	1105	1117	1121	1116	1082	1086	1027	1043	0	583840
542	1105	1117	1121	1116	1082	1086	1027	1043	1066	0	584922
543	1117	1121	1116	1082	1086	1027	1043	1066	1054	0	586008
544	1121	1116	1082	1086	1027	1043	1066	1054	1070	0	587035
545	1116	1082	1086	1027	1043	1066	1054	1070	1078	0	588078
546	1082	1086	1027	1043	1066	1054	1070	1078	1082	0	589144
547	1086	1027	1043	1066	1054	1070	1078	1082	1035	0	590198
548	1027	1043	1066	1054	1070	1078	1082	1035	1047	0	591268
549	1043	1066	1054	1070	1078	1082	1035	1047	1039	0	592346
550	1066	1054	1070	1078	1082	1035	1047	1039	1023	0	593428
551	1054	1070	1078	1082	1035	1047	1039	1023	996	0	594463
552	1070	1078	1082	1035	1047	1039	1023	996	1066	0	595510
553	1078	1082	1035	1047	1039	1023	996	1066	1078	0	596549
554	1082	1035	1047	1039	1023	996	1066	1078	1097	0	597572
555	1035	1047	1039	1023	996	1066	1078	1097	1117	0	598568
556	1047	1039	1023	996	1066	1078	1097	1117	1148	0	599634
557	1039	1023	996	1066	1078	1097	1117	1148	1148	0	600712
558	1023	996	1066	1078	1097	1117	1148	1148	1148	0	601809
559	996	1066	1078	1097	1117	1148	1148	1148	1140	0	602926
560	1066	1078	1097	1117	1148	1148	1148	1140	544	0	604074
561	1078	1097	1117	1148	1148	1148	1140	544	1312	0	605222
562	1097	1117	1148	1148	1148	1140	544	1312	1140	0	606370
563	1117	1148	1148	1148	1140	544	1312	1140	1128	0	607510
564	1148	1148	1148	1140	544	1312	1140	1128	592	1	608054
565	1148	1148	1140	544	1312	1140	1128	592	1354	0	609366
566	1148	1140	544	1312	1140	1128	592	1354	1144	0	610506
567	1140	544	1312	1140	1128	592	1354	1144	1132	0	611634
568	544	1312	1140	1128	592	1354	1144	1132	1132	1	612226
569	1312	1140	1128	592	1354	1144	1132	1132	522	0	613580
570	1140	1128	592	1354	1144	1132	1132	522	1334	0	614724
571	1128	592	1354	1144	1132	1132	522	1334	1172	0	615856
572	592	1354	1144	1132	1132	522	1334	1172	1159	0	616988
573	1354	1144	1132	1132	522	1334	1172	1159	1136	1	617510
574	1144	1132	1132	522	1334	1172	1159	1136	529	0	618844
575	1132	1132	522	1334	1172	1159	1136	529	1366	0	620016
576	1132	522	1334	1172	1159	1136	529	1366	1206	0	621175
577	522	1334	1172	1159	1136	529	1366	1206	1160	0	622311
578	1334	1172	1159	1136	529	1366	1206	1160	529	1	622840
579	1172	1159	1136	529	1366	1206	1160	529	1366	0	624206
580	1159	1136	529	1366	1206	1160	529	1366	1191	0	625412
581	1136	529	1366	1206	1160	529	1366	1191	1159	0	626572
582	529	1366	1206	1160	529	1366	1191	1159	1148	1	627101
583	1366	1206	1160	529	1366	1191	1159	1148	525	0	628467
584	1206	1160	529	1366	1191	1159	1148	525	1335	0	629658
585	1160	529	1366	1191	1159	1148	525	1335	1152	0	630817
586	529	1366	1191	1159	1148	525	1335	1152	1148	0	631965
587	1366	1191	1159	1148	525	1335	1152	1148	1124	1	632490
588	1191	1159	1148	525	1335	1152	1148	1124	591	0	633825
589	1159	1148	525	1335	1152	1148	1124	591	1358	0	634977
590	1148	525	1335	1152	1148	1124	591	1358	1160	0	636125
591	525	1335	1152	1148	1124	591	1358	1160	1152	0	637249
592	1335	1152	1148	1124	591	1358	1160	1152	1159	1	637840
593	1152	1148	1124	591	1358	1160	1152	1159	1160	0	639198
594	1148	1124	591	1358	1160	1152	1159	1160	1152	0	640358
595	1124	591	1358	1160	1152	1159	1160	1152	1155	0	641510
596	591	1358	1160	1152	1159	1160	1152	1155	1148	0	642669
597	1358	1160	1152	1159	1160	1152	1155	1148	1132	0	643829
598	1160	1152	1159	1160	1152	1155	1148	1132	1121	0	644981
599	1152	1159	1160	1152	1155	1148	1132	1121	1117	0	646136
600	1159	1160	1152	1155	1148	1132	1121	1117	1116	0	647284
601	1160	1152	1155	1148	1132	1121	1117	1116	1125	0	648416
602	1152	1155	1148	1132	1121	1117	1116	1125	607	0	649537
603	1155	1148	1132	1121	1117	1116	1125	607	1358	0	650654
604	1148	1132	1121	1117	1116	1125	607	1358	1167	0	651770
605	1132	1121	1117	1116	1125	607	1358	1167	1144	0	652895
606	1121	1117	1116	1125	607	1358	1167	1144	1125	1	653502
607	1117	1116	1125	607	1358	1167	1144	1125	603	0	654860
608	1116	1125	607	1358	1167	1144	1125	603	1354	0	656027
609	1125	607	1358	1167	1144	1125	603	1354	1128	0	657171
610	607	1358	1167	1144	1125	603	1354	1128	1109	0	658296
611	1358	1167	1144	1125	603	1354	1128	1109	1113	1	658899
612	1167	1144	1125	603	1354	1128	1109	1113	1129	0	660253
613	1144	1125	603	1354	1128	1109	1113	1129	595	0	661381
614	1125	603	1354	1128	1109	1113	1129	595	1354	0	662490
615	603	1354	1128	1109	1113	1129	595	1354	1156	0	663603
616	1354	1128	1109	1113	1129	595	1354	1156	1136	0	664732
617	1128	1109	1113	1129	595	1354	1156	1136	1113	1	665327
618	1109	1113	1129	595	1354	1156	1136	1113	1116	0	666681
619	1113	1129	595	1354	1156	1136	1113	1116	1098	0	667837
620	1129	595	1354	1156	1136	1113	1116	1098	529	0	668973
621	595	1354	1156	1136	1113	1116	1098	529	1327	0	670086
622	1354	1156	1136	1113	1116	1098	529	1327	1140	0	671202
623	1156	1136	1113	1116	1098	529	1327	1140	1101	0	672300
624	1136	1113	1116	1098	529	1327	1140	1101	1105	1	672829
625	1113	1116	1098	529	1327	1140	1101	1105	587	0	674156
626	1116	1098	529	1327	1140	1101	1105	587	1331	0	675296
627	1098	529	1327	1140	1101	1105	587	1331	1136	0	676397
628	529	1327	1140	1101	1105	587	1331	1136	1129	0	677502
629	1327	1140	1101	1105	587	1331	1136	1129	1117	1	678089
630	1140	1101	1105	587	1331	1136	1129	1117	1112	0	679420
631	1101	1105	587	1331	1136	1129	1117	1112	596	0	680556
632	1105	587	1331	1136	1129	1117	1112	596	1350	0	681685
633	587	1331	1136	1129	1117	1112	596	1350	1121	0	682802
634	1331	1136	1129	1117	1112	596	1350	1121	1112	0	683914
635	1136	1129	1117	1112	596	1350	1121	1112	1113	1	684510
636	1129	1117	1112	596	1350	1121	1112	1113	592	0	685860
637	1117	1112	596	1350	1121	1112	1113	592	1327	0	686981
638	1112	596	1350	1121	1112	1113	592	1327	1116	0	688093
639	596	1350	1121	1112	1113	592	1327	1116	1078	0	689206
640	1350	1121	1112	1113	592	1327	1116	1078	564	1	689798
641	1121	1112	1113	592	1327	1116	1078	564	1261	0	691125
642	1112	1113	592	1327	1116	1078	564	1261	1070	0	692241
643	1113	592	1327	1116	1078	564	1261	1070	1058	0	693319
644	592	1327	1116	1078	564	1261	1070	1058	588	1	693883
645	1327	1116	1078	564	1261	1070	1058	588	1276	0	695144
646	1116	1078	564	1261	1070	1058	588	1276	1086	0	696214
647	1078	564	1261	1070	1058	588	1276	1086	1082	0	697272
648	564	1261	1070	1058	588	1276	1086	1082	595	1	697860
649	1261	1070	1058	588	1276	1086	1082	595	1296	0	699136
650	1070	1058	588	1276	1086	1082	595	1296	1070	0	700222
651	1058	588	1276	1086	1082	595	1296	1070	1007	0	701304
652	588	1276	1086	1082	595	1296	1070	1007	592	1	701899
653	1276	1086	1082	595	1296	1070	1007	592	1292	0	703195
654	1086	1082	595	1296	1070	1007	592	1292	1070	0	704265
655	1082	595	1296	1070	1007	592	1292	1070	595	0	705272
656	595	1296	1070	1007	592	1292	1070	595	1315	1	705864
657	1296	1070	1007	592	1292	1070	595	1315	1129	0	707156
658	1070	1007	592	1292	1070	595	1315	1129	1116	0	708226
659	1007	592	1292	1070	595	1315	1129	1116	530	1	708821
660	592	1292	1070	595	1315	1129	1116	530	1338	0	710136
661	1292	1070	595	1315	1129	1116	530	1338	1160	0	711265
662	1070	595	1315	1129	1116	530	1338	1160	1112	0	712381
663	595	1315	1129	1116	530	1338	1160	1112	1109	1	712911
664	1315	1129	1116	530	1338	1160	1112	1109	1129	0	714249
665	1129	1116	530	1338	1160	1112	1109	1129	545	0	715409
666	1116	530	1338	1160	1112	1109	1129	545	1322	0	716521
667	530	1338	1160	1112	1109	1129	545	1322	1187	0	717630
668	1338	1160	1112	1109	1129	545	1322	1187	1171	0	718759
669	1160	1112	1109	1129	545	1322	1187	1171	1129	1	719304
670	1112	1109	1129	545	1322	1187	1171	1129	525	0	720626
671	1109	1129	545	1322	1187	1171	1129	525	1339	0	721813
672	1129	545	1322	1187	1171	1129	525	1339	1148	0	722984
673	545	1322	1187	1171	1129	525	1339	1148	1120	0	724113
674	1322	1187	1171	1129	525	1339	1148	1120	529	1	724638
675	1187	1171	1129	525	1339	1148	1120	529	1362	0	725977
676	1171	1129	525	1339	1148	1120	529	1362	1187	0	727125
677	1129	525	1339	1148	1120	529	1362	1187	1159	0	728245
678	525	1339	1148	1120	529	1362	1187	1159	522	1	728774
679	1339	1148	1120	529	1362	1187	1159	522	1377	0	730136
680	1148	1120	529	1362	1187	1159	522	1377	1183	0	731323
681	1120	529	1362	1187	1159	522	1377	1183	1160	0	732482
682	529	1362	1187	1159	522	1377	1183	1160	1159	1	733004
683	1362	1187	1159	522	1377	1183	1160	1159	1168	0	734381
684	1187	1159	522	1377	1183	1160	1159	1168	1144	0	735564
685	1159	522	1377	1183	1160	1159	1168	1144	1159	0	736724
686	522	1377	1183	1160	1159	1168	1144	1159	1160	0	737883
687	1377	1183	1160	1159	1168	1144	1159	1160	1167	0	739051
688	1183	1160	1159	1168	1144	1159	1160	1167	1148	0	740195
689	1160	1159	1168	1144	1159	1160	1167	1148	1155	0	741354
690	1159	1168	1144	1159	1160	1167	1148	1155	1148	0	742514
691	1168	1144	1159	1160	1167	1148	1155	1148	1136	0	743681
692	1144	1159	1160	1167	1148	1155	1148	1136	1144	0	744829
693	1159	1160	1167	1148	1155	1148	1136	1144	1144	0	745984
694	1160	1167	1148	1155	1148	1136	1144	1144	541	0	747132
695	1167	1148	1155	1148	1136	1144	1144	541	1339	0	748268
696	1148	1155	1148	1136	1144	1144	541	1339	1175	0	749412
697	1155	1148	1136	1144	1144	541	1339	1175	1159	0	750556
698	1148	1136	1144	1144	541	1339	1175	1159	1121	1	751097
699	1136	1144	1144	541	1339	1175	1159	1121	553	0	752436
700	1144	1144	541	1339	1175	1159	1121	553	1346	0	753611
701	1144	541	1339	1175	1159	1121	553	1346	1163	0	754770
702	541	1339	1175	1159	1121	553	1346	1163	1136	0	755891
703	1339	1175	1159	1121	553	1346	1163	1136	1113	1	756444
704	1175	1159	1121	553	1346	1163	1136	1113	526	0	757790
705	1159	1121	553	1346	1163	1136	1113	526	1346	0	758953
706	1121	553	1346	1163	1136	1113	526	1346	1159	0	760089
707	553	1346	1163	1136	1113	526	1346	1159	1137	0	761202
708	1346	1163	1136	1113	526	1346	1159	1137	1140	1	761728
709	1163	1136	1113	526	1346	1159	1137	1140	525	0	763074
710	1136	1113	526	1346	1159	1137	1140	525	1319	0	764233
711	1113	526	1346	1159	1137	1140	525	1319	1148	0	765370
712	526	1346	1159	1137	1140	525	1319	1148	1136	0	766510
713	1346	1159	1137	1140	525	1319	1148	1136	1105	1	767035
714	1159	1137	1140	525	1319	1148	1136	1105	1097	0	768354
715	1137	1140	525	1319	1148	1136	1105	1097	1098	0	769502
716	1140	525	1319	1148	1136	1105	1097	1098	1113	0	770638
717	525	1319	1148	1136	1105	1097	1098	1113	1097	0	771743
718	1319	1148	1136	1105	1097	1098	1113	1097	1101	0	772840
719	1148	1136	1105	1097	1098	1113	1097	1101	1105	0	773938
720	1136	1105	1097	1098	1113	1097	1101	1105	1086	0	775051
721	1105	1097	1098	1113	1097	1101	1105	1086	1093	0	776148
722	1097	1098	1113	1097	1101	1105	1086	1093	1093	0	777249
723	1098	1113	1097	1101	1105	1086	1093	1093	607	0	778354
724	1113	1097	1101	1105	1086	1093	1093	607	1308	0	779440
725	1097	1101	1105	1086	1093	1093	607	1308	1113	0	780533
726	1101	1105	1086	1093	1093	607	1308	1113	1093	0	781626
727	1105	1086	1093	1093	607	1308	1113	1093	1082	1	782233
728	1086	1093	1093	607	1308	1113	1093	1082	603	0	783541
729	1093	1093	607	1308	1113	1093	1082	603	1331	0	784654
730	1093	607	1308	1113	1093	1082	603	1331	1132	0	785747
731	607	1308	1113	1093	1082	603	1331	1132	1105	0	786829
732	1308	1113	1093	1082	603	1331	1132	1105	1109	1	787432
733	1113	1093	1082	603	1331	1132	1105	1109	1089	0	788763
734	1093	1082	603	1331	1132	1105	1109	1089	1078	0	789895
735	1082	603	1331	1132	1105	1109	1089	1078	1078	0	791000
736	603	1331	1132	1105	1109	1089	1078	1078	1117	0	792109
737	1331	1132	1105	1109	1089	1078	1078	1117	1132	0	793198
738	1132	1105	1109	1089	1078	1078	1117	1132	1117	0	794276
739	1105	1109	1089	1078	1078	1117	1132	1117	1120	0	795354
740	1109	1089	1078	1078	1117	1132	1117	1120	1133	0	796471
741	1089	1078	1078	1117	1132	1117	1120	1133	1124	0	797603
742	1078	1078	1117	1132	1117	1120	1133	1124	1117	0	798720
743	1078	1117	1132	1117	1120	1133	1124	1117	1128	0	799840
744	1117	1132	1117	1120	1133	1124	1117	1128	1137	0	800973
745	1132	1117	1120	1133	1124	1117	1128	1137	1132	0	802097
746	1117	1120	1133	1124	1117	1128	1137	1132	556	0	803214
747	1120	1133	1124	1117	1128	1137	1132	556	1335	0	804342
748	1133	1124	1117	1128	1137	1132	556	1335	1148	0	805479
749	1124	1117	1128	1137	1132	556	1335	1148	1113	0	806611
750	1117	1128	1137	1132	556	1335	1148	1113	537	1	807167
751	1128	1137	1132	556	1335	1148	1113	537	1334	0	808502
752	1137	1132	556	1335	1148	1113	537	1334	1160	0	809650
753	1132	556	1335	1148	1113	537	1334	1160	1117	0	810763
754	556	1335	1148	1113	537	1334	1160	1117	1124	1	811300
755	1335	1148	1113	537	1334	1160	1117	1124	1140	0	812634
756	1148	1113	537	1334	1160	1117	1124	1140	1129	0	813794
757	1113	537	1334	1160	1117	1124	1140	1129	1132	0	814911
758	537	1334	1160	1117	1124	1140	1129	1132	541	0	816035
759	1334	1160	1117	1124	1140	1129	1132	541	1397	0	817175
760	1160	1117	1124	1140	1129	1132	541	1397	1140	0	818304
761	1117	1124	1140	1129	1132	541	1397	1140	599	0	819436
762	1124	1140	1129	1132	541	1397	1140	599	1385	1	819977
763	1140	1129	1132	541	1397	1140	599	1385	1163	0	821374
764	1129	1132	541	1397	1140	599	1385	1163	1137	0	822514
765	1132	541	1397	1140	599	1385	1163	1137	1140	1	823113
766	541	1397	1140	599	1385	1163	1137	1140	544	0	824498
767	1397	1140	599	1385	1163	1137	1140	544	1343	0	825661
768	1140	599	1385	1163	1137	1140	544	1343	1140	0	826798
769	599	1385	1163	1137	1140	544	1343	1140	1113	0	827938
770	1385	1163	1137	1140	544	1343	1140	1113	1101	1	828482
771	1163	1137	1140	544	1343	1140	1113	1101	599	0	829825
772	1137	1140	544	1343	1140	1113	1101	599	1354	0	830965
773	1140	544	1343	1140	1113	1101	599	1354	1148	0	832078
774	544	1343	1140	1113	1101	599	1354	1148	1140	0	833179
775	1343	1140	1113	1101	599	1354	1148	1140	1133	1	833778
776	1140	1113	1101	599	1354	1148	1140	1133	1124	0	835132
777	1113	1101	599	1354	1148	1140	1133	1124	537	0	836280
778	1101	599	1354	1148	1140	1133	1124	537	1451	0	837420
779	599	1354	1148	1140	1133	1124	537	1451	1187	0	838553
780	1354	1148	1140	1133	1124	537	1451	1187	1094	0	839677
781	1148	1140	1133	1124	537	1451	1187	1094	1101	1	840214
782	1140	1133	1124	537	1451	1187	1094	1101	1109	0	841665
783	1133	1124	537	1451	1187	1094	1101	1109	1089	0	842852
784	1124	537	1451	1187	1094	1101	1109	1089	1101	0	843946
785	537	1451	1187	1094	1101	1109	1089	1101	1109	0	845047
786	1451	1187	1094	1101	1109	1089	1101	1109	1105	0	846156
787	1187	1094	1101	1109	1089	1101	1109	1105	1094	0	847245
788	1094	1101	1109	1089	1101	1109	1105	1094	1109	0	848346
789	1101	1109	1089	1101	1109	1105	1094	1109	1120	0	849455
790	1109	1089	1101	1109	1105	1094	1109	1120	1117	0	850560
791	1089	1101	1109	1105	1094	1109	1120	1117	1125	0	851654
792	1101	1109	1105	1094	1109	1120	1117	1125	1143	0	852763
793	1109	1105	1094	1109	1120	1117	1125	1143	1156	0	853883
794	1105	1094	1109	1120	1117	1125	1143	1156	1132	0	855000
795	1094	1109	1120	1117	1125	1143	1156	1132	1133	0	856125
796	1109	1120	1117	1125	1143	1156	1132	1133	1140	0	857268
797	1120	1117	1125	1143	1156	1132	1133	1140	1136	0	858424
798	1117	1125	1143	1156	1132	1133	1140	1136	1117	0	859556
799	1125	1143	1156	1132	1133	1140	1136	1117	1120	0	860689
800	1143	1156	1132	1133	1140	1136	1117	1120	1117	0	861829
801	1156	1132	1133	1140	1136	1117	1120	1117	1101	0	862965
802	1132	1133	1140	1136	1117	1120	1117	1101	1117	0	864082
803	1133	1140	1136	1117	1120	1117	1101	1117	1124	0	865202
804	1140	1136	1117	1120	1117	1101	1117	1124	1125	0	866319
805	1136	1117	1120	1117	1101	1117	1124	1125	1109	0	867420
806	1117	1120	1117	1101	1117	1124	1125	1109	1117	0	868537
807	1120	1117	1101	1117	1124	1125	1109	1117	1120	0	869661
808	1117	1101	1117	1124	1125	1109	1117	1120	1105	0	870786
809	1101	1117	1124	1125	1109	1117	1120	1105	1098	0	871895
810	1117	1124	1125	1109	1117	1120	1105	1098	1124	0	873012
811	1124	1125	1109	1117	1120	1105	1098	1124	1121	0	874132
812	1125	1109	1117	1120	1105	1098	1124	1121	1113	0	875237
813	1109	1117	1120	1105	1098	1124	1121	1113	1112	0	876335
814	1117	1120	1105	1098	1124	1121	1113	1112	1113	0	877459
815	1120	1105	1098	1124	1121	1113	1112	1113	1094	0	878580
816	1105	1098	1124	1121	1113	1112	1113	1094	1105	0	879693
817	1098	1124	1121	1113	1112	1113	1094	1105	1105	0	880805
818	1124	1121	1113	1112	1113	1094	1105	1105	1093	0	881918
819	1121	1113	1112	1113	1094	1105	1105	1093	1082	0	883012
820	1113	1112	1113	1094	1105	1105	1093	1082	1109	0	884117
821	1112	1113	1094	1105	1105	1093	1082	1109	1117	0	885222
822	1113	1094	1105	1105	1093	1082	1109	1117	1132	0	886315
823	1094	1105	1105	1093	1082	1109	1117	1132	1120	0	887397
824	1105	1105	1093	1082	1109	1117	1132	1120	1133	0	888506
825	1105	1093	1082	1109	1117	1132	1120	1133	1140	0	889623
826	1093	1082	1109	1117	1132	1120	1133	1140	1152	0	890755
827	1082	1109	1117	1132	1120	1133	1140	1152	1124	0	891875
828	1109	1117	1132	1120	1133	1140	1152	1124	1132	0	893008
829	1117	1132	1120	1133	1140	1152	1124	1132	1140	0	894148
830	1132	1120	1133	1140	1152	1124	1132	1140	1129	0	895300
831	1120	1133	1140	1152	1124	1132	1140	1129	1113	0	896424
832	1133	1140	1152	1124	1132	1140	1129	1113	1136	0	897556
833	1140	1152	1124	1132	1140	1129	1113	1136	1132	0	898696
834	1152	1124	1132	1140	1129	1113	1136	1132	1136	0	899825
835	1124	1132	1140	1129	1113	1136	1132	1136	1121	0	900938
836	1132	1140	1129	1113	1136	1132	1136	1121	1140	0	902074
837	1140	1129	1113	1136	1132	1136	1121	1140	1136	0	903206
838	1129	1113	1136	1132	1136	1121	1140	1136	1125	0	904342
839	1113	1136	1132	1136	1121	1140	1136	1125	1117	0	905463
840	1136	1132	1136	1121	1140	1136	1125	1117	1116	0	906603
841	1132	1136	1121	1140	1136	1125	1117	1116	1125	0	907739
842	1136	1121	1140	1136	1125	1117	1116	1125	1105	0	908864
843	1121	1140	1136	1125	1117	1116	1125	1105	1101	0	909981
844	1140	1136	1125	1117	1116	1125	1105	1101	1105	0	911097
845	1136	1125	1117	1116	1125	1105	1101	1105	1093	0	912222
846	1125	1117	1116	1125	1105	1101	1105	1093	1098	0	913327
847	1117	1116	1125	1105	1101	1105	1093	1098	1109	0	914428
848	1116	1125	1105	1101	1105	1093	1098	1109	1128	0	915533
849	1125	1105	1101	1105	1093	1098	1109	1128	1105	0	916626
850	1105	1101	1105	1093	1098	1109	1128	1105	1113	0	917724
851	1101	1105	1093	1098	1109	1128	1105	1113	1113	0	918833
852	1105	1093	1098	1109	1128	1105	1113	1113	1105	0	919961
853	1093	1098	1109	1128	1105	1113	1113	1105	1085	0	921066
854	1098	1109	1128	1105	1113	1113	1105	1085	1109	0	922179
855	1109	1128	1105	1113	1113	1105	1085	1109	1105	0	923292
856	1128	1105	1113	1113	1105	1085	1109	1105	1106	0	924397
857	1105	1113	1113	1105	1085	1109	1105	1106	1105	0	925482
858	1113	1113	1105	1085	1109	1105	1106	1105	1120	0	926591
859	1113	1105	1085	1109	1105	1106	1105	1120	1121	0	927696
860	1105	1085	1109	1105	1106	1105	1120	1121	1105	0	928802
861	1085	1109	1105	1106	1105	1120	1121	1105	1117	0	929907
862	1109	1105	1106	1105	1120	1121	1105	1117	1112	0	931027
863	1105	1106	1105	1120	1121	1105	1117	1112	1113	0	932148
864	1106	1105	1120	1121	1105	1117	1112	1113	1090	0	933253
865	1105	1120	1121	1105	1117	1112	1113	1090	1109	0	934370
866	1120	1121	1105	1117	1112	1113	1090	1109	1105	0	935482
867	1121	1105	1117	1112	1113	1090	1109	1105	1101	0	936595
868	1105	1117	1112	1113	1090	1109	1105	1101	1089	0	937685
869	1117	1112	1113	1090	1109	1105	1101	1089	1102	0	938794
870	1112	1113	1090	1109	1105	1101	1089	1102	1105	0	939899
871	1113	1090	1109	1105	1101	1089	1102	1105	1093	0	941000
872	1090	1109	1105	1101	1089	1102	1105	1093	1086	0	942089
873	1109	1105	1101	1089	1102	1105	1093	1086	1105	0	943191
874	1105	1101	1089	1102	1105	1093	1086	1105	1113	0	944296
875	1101	1089	1102	1105	1093	1086	1105	1113	1112	0	945389
876	1089	1102	1105	1093	1086	1105	1113	1112	1133	0	946475
877	1102	1105	1093	1086	1105	1113	1112	1133	1144	0	947580
878	1105	1093	1086	1105	1113	1112	1133	1144	1136	0	948693
879	1093	1086	1105	1113	1112	1133	1144	1136	1113	0	949805
880	1086	1105	1113	1112	1133	1144	1136	1113	1128	0	950938
881	1105	1113	1112	1133	1144	1136	1113	1128	1129	0	952082
882	1113	1112	1133	1144	1136	1113	1128	1129	1116	0	953218
883	1112	1133	1144	1136	1113	1128	1129	1116	1129	0	954331
884	1133	1144	1136	1113	1128	1129	1116	1129	1120	0	955459
885	1144	1136	1113	1128	1129	1116	1129	1120	1133	0	956588
886	1136	1113	1128	1129	1116	1129	1120	1133	1101	0	957704
887	1113	1128	1129	1116	1129	1120	1133	1101	1109	0	958833
888	1128	1129	1116	1129	1120	1133	1101	1109	1105	0	959953
889	1129	1116	1129	1120	1133	1101	1109	1105	1109	0	961086
890	1116	1129	1120	1133	1101	1109	1105	1109	1093	0	962187
891	1129	1120	1133	1101	1109	1105	1109	1093	1101	0	963296
892	1120	1133	1101	1109	1105	1109	1093	1101	1105	0	964401
893	1133	1101	1109	1105	1109	1093	1101	1105	1109	0	965510
894	1101	1109	1105	1109	1093	1101	1105	1109	1094	0	966603
895	1109	1105	1109	1093	1101	1105	1109	1094	1109	0	967704
896	1105	1109	1093	1101	1105	1109	1094	1109	1109	0	968809
897	1109	1093	1101	1105	1109	1094	1109	1109	1109	0	969918
898	1093	1101	1105	1109	1094	1109	1109	1109	1097	0	971012
899	1101	1105	1109	1094	1109	1109	1109	1097	1113	0	972121
900	1105	1109	1094	1109	1109	1109	1097	1113	1105	0	973230
901	1109	1094	1109	1109	1109	1097	1113	1105	1097	0	974339
902	1094	1109	1109	1109	1097	1113	1105	1097	1089	0	975436
903	1109	1109	1109	1097	1113	1105	1097	1089	1102	0	976549
904	1109	1109	1097	1113	1105	1097	1089	1102	1101	0	977654
905	1109	1097	1113	1105	1097	1089	1102	1101	1105	0	978751
906	1097	1113	1105	1097	1089	1102	1101	1105	1093	0	979840
907	1113	1105	1097	1089	1102	1101	1105	1093	1101	0	980942
908	1105	1097	1089	1102	1101	1105	1093	1101	1113	0	982043
909	1097	1089	1102	1101	1105	1093	1101	1113	1098	0	983148
910	1089	1102	1101	1105	1093	1101	1113	1098	1101	0	984241
911	1102	1101	1105	1093	1101	1113	1098	1101	1101	0	985342
912	1101	1105	1093	1101	1113	1098	1101	1101	1101	0	986455
913	1105	1093	1101	1113	1098	1101	1101	1101	1074	0	987553
914	1093	1101	1113	1098	1101	1101	1101	1074	1089	0	988654
915	1101	1113	1098	1101	1101	1101	1074	1089	1094	0	989755
916	1113	1098	1101	1101	1101	1074	1089	1094	1109	0	990856
917	1098	1101	1101	1101	1074	1089	1094	1109	1101	0	991930
918	1101	1101	1101	1074	1089	1094	1109	1101	1113	0	993019
919	1101	1101	1074	1089	1094	1109	1101	1113	1120	0	994113
920	1101	1074	1089	1094	1109	1101	1113	1120	1137	0	995222
921	1074	1089	1094	1109	1101	1113	1120	1137	1116	0	996323
922	1089	1094	1109	1101	1113	1120	1137	1116	1129	0	997436
923	1094	1109	1101	1113	1120	1137	1116	1129	1128	0	998556
924	1109	1101	1113	1120	1137	1116	1129	1128	1132	0	999693
925	1101	1113	1120	1137	1116	1129	1128	1132	1117	0	1000809
926	1113	1120	1137	1116	1129	1128	1132	1117	1121	0	1001938
927	1120	1137	1116	1129	1128	1132	1117	1121	1124	0	1003066
928	1137	1116	1129	1128	1132	1117	1121	1124	1125	0	1004198
929	1116	1129	1128	1132	1117	1121	1124	1125	1105	0	1005315
930	1129	1128	1132	1117	1121	1124	1125	1105	1117	0	1006436
931	1128	1132	1117	1121	1124	1125	1105	1117	1120	0	1007560
932	1132	1117	1121	1124	1125	1105	1117	1120	1101	0	1008685
933	1117	1121	1124	1125	1105	1117	1120	1101	1109	0	1009790
934	1121	1124	1125	1105	1117	1120	1101	1109	1117	0	1010907
935	1124	1125	1105	1117	1120	1101	1109	1117	1121	0	1012027
936	1125	1105	1117	1120	1101	1109	1117	1121	1109	0	1013128
937	1105	1117	1120	1101	1109	1117	1121	1109	1120	0	1014237
938	1117	1120	1101	1109	1117	1121	1109	1120	1125	0	1015354
939	1120	1101	1109	1117	1121	1109	1120	1125	1105	0	1016475
940	1101	1109	1117	1121	1109	1120	1125	1105	1101	0	1017584
941	1109	1117	1121	1109	1120	1125	1105	1101	1117	0	1018704
942	1117	1121	1109	1120	1125	1105	1101	1117	1120	0	1019829
943	1121	1109	1120	1125	1105	1101	1117	1120	1102	0	1020934
944	1109	1120	1125	1105	1101	1117	1120	1102	1116	0	1022035
945	1120	1125	1105	1101	1117	1120	1102	1116	1117	0	1023152
946	1125	1105	1101	1117	1120	1102	1116	1117	1125	0	1024272
947	1105	1101	1117	1120	1102	1116	1117	1125	1101	0	1025374
948	1101	1117	1120	1102	1116	1117	1125	1101	1109	0	1026490
949	1117	1120	1102	1116	1117	1125	1101	1109	1089	0	1027607
950	1120	1102	1116	1117	1125	1101	1109	1089	1062	0	1028732
951	1102	1116	1117	1125	1101	1109	1089	1062	1043	0	1029833
952	1116	1117	1125	1101	1109	1089	1062	1043	1004	0	1030942
953	1117	1125	1101	1109	1089	1062	1043	1004	1035	0	1032031
954	1125	1101	1109	1089	1062	1043	1004	1035	1039	0	1033093
955	1101	1109	1089	1062	1043	1004	1035	1039	1019	0	1034136
956	1109	1089	1062	1043	1004	1035	1039	1019	993	0	1035140
957	1089	1062	1043	1004	1035	1039	1019	993	1050	0	1036175
958	1062	1043	1004	1035	1039	1019	993	1050	1059	0	1037214
959	1043	1004	1035	1039	1019	993	1050	1059	1085	0	1038233
960	1004	1035	1039	1019	993	1050	1059	1085	1090	0	1039226
961	1035	1039	1019	993	1050	1059	1085	1090	1105	0	1040276
962	1039	1019	993	1050	1059	1085	1090	1105	1093	0	1041335
963	1019	993	1050	1059	1085	1090	1105	1093	1105	0	1042420
964	993	1050	1059	1085	1090	1105	1093	1105	1109	0	1043510
965	1050	1059	1085	1090	1105	1093	1105	1109	1105	0	1044615
966	1059	1085	1090	1105	1093	1105	1109	1105	1090	0	1045708
967	1085	1090	1105	1093	1105	1109	1105	1090	1101	0	1046813
968	1090	1105	1093	1105	1109	1105	1090	1101	1101	0	1047922
969	1105	1093	1105	1109	1105	1090	1101	1101	1093	0	1049027
970	1093	1105	1109	1105	1090	1101	1101	1093	1106	0	1050117
971	1105	1109	1105	1090	1101	1101	1093	1106	1101	0	1051218
972	1109	1105	1090	1101	1101	1093	1106	1101	1109	0	1052319
973	1105	1090	1101	1101	1093	1106	1101	1109	1093	0	1053412
974	1090	1101	1101	1093	1106	1101	1109	1093	1117	0	1054518
975	1101	1101	1093	1106	1101	1109	1093	1117	1120	0	1055619
976	1101	1093	1106	1101	1109	1093	1117	1120	1125	0	1056728
977	1093	1106	1101	1109	1093	1117	1120	1125	1117	0	1057821
978	1106	1101	1109	1093	1117	1120	1125	1117	1124	0	1058938
979	1101	1109	1093	1117	1120	1125	1117	1124	1132	0	1060058
980	1109	1093	1117	1120	1125	1117	1124	1132	1129	0	1061183
981	1093	1117	1120	1125	1117	1124	1132	1129	1136	0	1062300
982	1117	1120	1125	1117	1124	1132	1129	1136	1140	0	1063424
983	1120	1125	1117	1124	1132	1129	1136	1140	1125	0	1064556
984	1125	1117	1124	1132	1129	1136	1140	1125	1140	0	1065685
985	1117	1124	1132	1129	1136	1140	1125	1140	1151	0	1066821
986	1124	1132	1129	1136	1140	1125	1140	1151	1133	0	1067961
987	1132	1129	1136	1140	1125	1140	1151	1133	1136	0	1069086
988	1129	1136	1140	1125	1140	1151	1133	1136	1140	0	1070226
989	1136	1140	1125	1140	1151	1133	1136	1140	1152	0	1071377
990	1140	1125	1140	1151	1133	1136	1140	1152	1144	0	1072510
991	1125	1140	1151	1133	1136	1140	1152	1144	1148	0	1073646
992	1140	1151	1133	1136	1140	1152	1144	1148	1147	0	1074786
993	1151	1133	1136	1140	1152	1144	1148	1147	1121	0	1075938
994	1133	1136	1140	1152	1144	1148	1147	1121	1109	0	1077082
995	1136	1140	1152	1144	1148	1147	1121	1109	1113	0	1078230
996	1140	1152	1144	1148	1147	1121	1109	1113	1109	0	1079377
997	1152	1144	1148	1147	1121	1109	1113	1109	1120	0	1080498
998	1144	1148	1147	1121	1109	1113	1109	1120	1152	0	1081607
999	1148	1147	1121	1109	1113	1109	1120	1152	1113	0	1082720
1000	1147	1121	1109	1113	1109	1120	1152	1113	1125	0	1083829
1001	1121	1109	1113	1109	1120	1152	1113	1125	1108	0	1084949
1002	1109	1113	1109	1120	1152	1113	1125	1108	1117	0	1086101
1003	1113	1109	1120	1152	1113	1125	1108	1117	1121	0	1087214
1004	1109	1120	1152	1113	1125	1108	1117	1121	1117	0	1088339
1005	1120	1152	1113	1125	1108	1117	1121	1117	1101	0	1089447
1006	1152	1113	1125	1108	1117	1121	1117	1101	1105	0	1090564
1007	1113	1125	1108	1117	1121	1117	1101	1105	1097	0	1091685
1008	1125	1108	1117	1121	1117	1101	1105	1097	1097	0	1092802
1009	1108	1117	1121	1117	1101	1105	1097	1097	1105	0	1093903
1010	1117	1121	1117	1101	1105	1097	1097	1105	1117	0	1095008
1011	1121	1117	1101	1105	1097	1097	1105	1117	1113	0	1096105
1012	1117	1101	1105	1097	1097	1105	1117	1113	1109	0	1097202
1013	1101	1105	1097	1097	1105	1117	1113	1109	1121	0	1098307
1014	1105	1097	1097	1105	1117	1113	1109	1121	1124	0	1099424
1015	1097	1097	1105	1117	1113	1109	1121	1124	1121	0	1100537
1016	1097	1105	1117	1113	1109	1121	1124	1121	1120	0	1101646
1017	1105	1117	1113	1109	1121	1124	1121	1120	1121	0	1102767
1018	1117	1113	1109	1121	1124	1121	1120	1121	1109	0	1103891
1019	1113	1109	1121	1124	1121	1120	1121	1109	1117	0	1105012
1020	1109	1121	1124	1121	1120	1121	1109	1117	1116	0	1106132
1021	1121	1124	1121	1120	1121	1109	1117	1116	1113	0	1107253
1022	1124	1121	1120	1121	1109	1117	1116	1113	1101	0	1108362
1023	1121	1120	1121	1109	1117	1116	1113	1101	1094	0	1109479
1024	1120	1121	1109	1117	1116	1113	1101	1094	1074	0	1110595
1025	1121	1109	1117	1116	1113	1101	1094	1074	1089	0	1111708
1026	1109	1117	1116	1113	1101	1094	1074	1089	1082	0	1112809
1027	1117	1116	1113	1101	1094	1074	1089	1082	1062	0	1113903
1028	1116	1113	1101	1094	1074	1089	1082	1062	1078	0	1114977
1029	1113	1101	1094	1074	1089	1082	1062	1078	1089	0	1116066
1030	1101	1094	1074	1089	1082	1062	1078	1089	1055	0	1117148
1031	1094	1074	1089	1082	1062	1078	1089	1055	1078	0	1118210
1032	1074	1089	1082	1062	1078	1089	1055	1078	1078	0	1119288
1033	1089	1082	1062	1078	1089	1055	1078	1078	1070	0	1120377
1034	1082	1062	1078	1089	1055	1078	1078	1070	1085	0	1121432
1035	1062	1078	1089	1055	1078	1078	1070	1085	1082	0	1122510
1036	1078	1089	1055	1078	1078	1070	1085	1082	1066	0	1123588
1037	1089	1055	1078	1078	1070	1085	1082	1066	1093	0	1124658
1038	1055	1078	1078	1070	1085	1082	1066	1093	1094	0	1125743
1039	1078	1078	1070	1085	1082	1066	1093	1094	1074	0	1126825
1040	1078	1070	1085	1082	1066	1093	1094	1074	1085	0	1127891
1041	1070	1085	1082	1066	1093	1094	1074	1085	1102	0	1128984
1042	1085	1082	1066	1093	1094	1074	1085	1102	1097	0	1130078
1043	1082	1066	1093	1094	1074	1085	1102	1097	1093	0	1131152
1044	1066	1093	1094	1074	1085	1102	1097	1093	1094	0	1132237
1045	1093	1094	1074	1085	1102	1097	1093	1094	1066	0	1133339
1046	1094	1074	1085	1102	1097	1093	1094	1066	1070	0	1134436
1047	1074	1085	1102	1097	1093	1094	1066	1070	1058	0	1135529
1048	1085	1102	1097	1093	1094	1066	1070	1058	1043	0	1136623
1049	1102	1097	1093	1094	1066	1070	1058	1043	1039	0	1137689
1050	1097	1093	1094	1066	1070	1058	1043	1039	992	0	1138759
1051	1093	1094	1066	1070	1058	1043	1039	992	1004	0	1139817
1052	1094	1066	1070	1058	1043	1039	992	1004	1023	0	1140860
1053	1066	1070	1058	1043	1039	992	1004	1023	1031	0	1141899
1054	1070	1058	1043	1039	992	1004	1023	1031	1039	0	1142891
1055	1058	1043	1039	992	1004	1023	1031	1039	1066	0	1143895
1056	1043	1039	992	1004	1023	1031	1039	1066	1086	0	1144918
1057	1039	992	1004	1023	1031	1039	1066	1086	1090	0	1145949
1058	992	1004	1023	1031	1039	1066	1086	1090	1097	0	1146988
1059	1004	1023	1031	1039	1066	1086	1090	1097	1109	0	1148054
1060	1023	1031	1039	1066	1086	1090	1097	1109	1128	0	1149140
1061	1031	1039	1066	1086	1090	1097	1109	1128	1125	0	1150230
1062	1039	1066	1086	1090	1097	1109	1128	1125	1101	0	1151327
1063	1066	1086	1090	1097	1109	1128	1125	1101	1113	0	1152436
1064	1086	1090	1097	1109	1128	1125	1101	1113	1124	0	1153564
1065	1090	1097	1109	1128	1125	1101	1113	1124	1133	0	1154689
1066	1097	1109	1128	1125	1101	1113	1124	1133	1144	0	1155790
1067	1109	1128	1125	1101	1113	1124	1133	1144	1143	0	1156903
1068	1128	1125	1101	1113	1124	1133	1144	1143	1137	0	1158027
1069	1125	1101	1113	1124	1133	1144	1143	1137	1116	0	1159160
1070	1101	1113	1124	1133	1144	1143	1137	1116	1133	0	1160304
1071	1113	1124	1133	1144	1143	1137	1116	1133	1132	0	1161447
1072	1124	1133	1144	1143	1137	1116	1133	1132	1117	0	1162584
1073	1133	1144	1143	1137	1116	1133	1132	1117	1132	0	1163700
1074	1144	1143	1137	1116	1133	1132	1117	1132	1140	0	1164833
1075	1143	1137	1116	1133	1132	1117	1132	1140	1125	0	1165965
1076	1137	1116	1133	1132	1117	1132	1140	1125	1128	0	1167082
1077	1116	1133	1132	1117	1132	1140	1125	1128	1128	0	1168214
1078	1133	1132	1117	1132	1140	1125	1128	1128	1125	0	1169354
1079	1132	1117	1132	1140	1125	1128	1128	1125	1105	0	1170479
1080	1117	1132	1140	1125	1128	1128	1125	1105	1132	0	1171607
1081	1132	1140	1125	1128	1128	1125	1105	1132	1144	0	1172735
1082	1140	1125	1128	1128	1125	1105	1132	1144	1140	0	1173860
1083	1125	1128	1128	1125	1105	1132	1144	1140	1140	0	1174965
1084	1128	1128	1125	1105	1132	1144	1140	1140	1140	0	1176097
1085	1128	1125	1105	1132	1144	1140	1140	1140	1125	0	1177241
1086	1125	1105	1132	1144	1140	1140	1140	1125	1113	0	1178381
1087	1105	1132	1144	1140	1140	1140	1125	1113	1105	0	1179521
1088	1132	1144	1140	1140	1140	1125	1113	1105	1097	0	1180661
1089	1144	1140	1140	1140	1125	1113	1105	1097	1090	0	1181786
1090	1140	1140	1140	1125	1113	1105	1097	1090	1109	0	1182899
1091	1140	1140	1125	1113	1105	1097	1090	1109	1112	0	1184004
1092	1140	1125	1113	1105	1097	1090	1109	1112	1102	0	1185101
1093	1125	1113	1105	1097	1090	1109	1112	1102	1116	0	1186191
1094	1113	1105	1097	1090	1109	1112	1102	1116	1125	0	1187300
1095	1105	1097	1090	1109	1112	1102	1116	1125	1109	0	1188412
1096	1097	1090	1109	1112	1102	1116	1125	1109	1109	0	1189514
1097	1090	1109	1112	1102	1116	1125	1109	1109	1113	0	1190630
1098	1109	1112	1102	1116	1125	1109	1109	1113	1109	0	1191755
1099	1112	1102	1116	1125	1109	1109	1113	1109	1097	0	1192864
1100	1102	1116	1125	1109	1109	1113	1109	1097	1097	0	1193973
1101	1116	1125	1109	1109	1113	1109	1097	1097	1109	0	1195086
1102	1125	1109	1109	1113	1109	1097	1097	1109	1097	0	1196195
1103	1109	1109	1113	1109	1097	1097	1109	1097	1082	0	1197292
1104	1109	1113	1109	1097	1097	1109	1097	1082	1093	0	1198389
1105	1113	1109	1097	1097	1109	1097	1082	1093	1094	0	1199498
1106	1109	1097	1097	1109	1097	1082	1093	1094	1082	0	1200595
1107	1097	1097	1109	1097	1082	1093	1094	1082	1097	0	1201677
1108	1097	1109	1097	1082	1093	1094	1082	1097	1109	0	1202770
1109	1109	1097	1082	1093	1094	1082	1097	1109	1097	0	1203864
1110	1097	1082	1093	1094	1082	1097	1109	1097	1101	0	1204946
1111	1082	1093	1094	1082	1097	1109	1097	1101	1105	0	1206043
1112	1093	1094	1082	1097	1109	1097	1101	1105	1109	0	1207152
1113	1094	1082	1097	1109	1097	1101	1105	1109	1097	0	1208249
1114	1082	1097	1109	1097	1101	1105	1109	1097	1102	0	1209350
1115	1097	1109	1097	1101	1105	1109	1097	1102	1101	0	1210455
1116	1109	1097	1101	1105	1109	1097	1102	1101	1089	0	1211564
1117	1097	1101	1105	1109	1097	1102	1101	1089	1086	0	1212661
1118	1101	1105	1109	1097	1102	1101	1089	1086	1086	0	1213763
1119	1105	1109	1097	1102	1101	1089	1086	1086	1077	0	1214864
1120	1109	1097	1102	1101	1089	1086	1086	1077	1082	0	1215953
1121	1097	1102	1101	1089	1086	1086	1077	1082	1101	0	1217039
1122	1102	1101	1089	1086	1086	1077	1082	1101	1105	0	1218125
1123	1101	1089	1086	1086	1077	1082	1101	1105	1090	0	1219202
1124	1089	1086	1086	1077	1082	1101	1105	1090	1101	0	1220284
1125	1086	1086	1077	1082	1101	1105	1090	1101	1097	0	1221385
1126	1086	1077	1082	1101	1105	1090	1101	1097	1086	0	1222490
1127	1077	1082	1101	1105	1090	1101	1097	1086	1089	0	1223580
1128	1082	1101	1105	1090	1101	1097	1086	1089	1090	0	1224681
1129	1101	1105	1090	1101	1097	1086	1089	1090	1078	0	1225778
1130	1105	1090	1101	1097	1086	1089	1090	1078	1089	0	1226864
1131	1090	1101	1097	1086	1089	1090	1078	1089	1090	0	1227953
1132	1101	1097	1086	1089	1090	1078	1089	1090	1081	0	1229043
1133	1097	1086	1089	1090	1078	1089	1090	1081	1074	0	1230121
1134	1086	1089	1090	1078	1089	1090	1081	1074	1078	0	1231210
1135	1089	1090	1078	1089	1090	1081	1074	1078	1062	0	1232300
1136	1090	1078	1089	1090	1081	1074	1078	1062	1055	0	1233381
1137	1078	1089	1090	1081	1074	1078	1062	1055	1066	0	1234455
1138	1089	1090	1081	1074	1078	1062	1055	1066	1047	0	1235533
1139	1090	1081	1074	1078	1062	1055	1066	1047	1054	0	1236595
1140	1081	1074	1078	1062	1055	1066	1047	1054	1051	0	1237650
1141	1074	1078	1062	1055	1066	1047	1054	1051	1066	0	1238716
1142	1078	1062	1055	1066	1047	1054	1051	1066	1047	0	1239763
1143	1062	1055	1066	1047	1054	1051	1066	1047	1058	0	1240817
1144	1055	1066	1047	1054	1051	1066	1047	1058	1058	0	1241868
1145	1066	1047	1054	1051	1066	1047	1058	1058	1063	0	1242934
1146	1047	1054	1051	1066	1047	1058	1058	1063	1054	0	1243981
1147	1054	1051	1066	1047	1058	1058	1063	1054	1054	0	1245039
1148	1051	1066	1047	1058	1058	1063	1054	1054	1059	0	1246097
1149	1066	1047	1058	1058	1063	1054	1054	1059	1062	0	1247160
1150	1047	1058	1058	1063	1054	1054	1059	1062	1086	0	1248214
1151	1058	1058	1063	1054	1054	1059	1062	1086	1101	0	1249268
1152	1058	1063	1054	1054	1059	1062	1086	1101	1093	0	1250327
1153	1063	1054	1054	1059	1062	1086	1101	1093	1086	0	1251389
1154	1054	1054	1059	1062	1086	1101	1093	1086	1101	0	1252475
1155	1054	1059	1062	1086	1101	1093	1086	1101	1105	0	1253576
1156	1059	1062	1086	1101	1093	1086	1101	1105	1082	0	1254669
1157	1062	1086	1101	1093	1086	1101	1105	1082	1097	0	1255755
1158	1086	1101	1093	1086	1101	1105	1082	1097	1097	0	1256856
1159	1101	1093	1086	1101	1105	1082	1097	1097	1090	0	1257961
1160	1093	1086	1101	1105	1082	1097	1097	1090	1089	0	1259043
1161	1086	1101	1105	1082	1097	1097	1090	1089	1098	0	1260140
1162	1101	1105	1082	1097	1097	1090	1089	1098	1097	0	1261237
1163	1105	1082	1097	1097	1090	1089	1098	1097	1085	0	1262327
1164	1082	1097	1097	1090	1089	1098	1097	1085	1098	0	1263416
1165	1097	1097	1090	1089	1098	1097	1085	1098	1097	0	1264514
1166	1097	1090	1089	1098	1097	1085	1098	1097	1090	0	1265611
1167	1090	1089	1098	1097	1085	1098	1097	1090	1097	0	1266696
1168	1089	1098	1097	1085	1098	1097	1090	1097	1097	0	1267794
1169	1098	1097	1085	1098	1097	1090	1097	1097	1097	0	1268891
1170	1097	1085	1098	1097	1090	1097	1097	1097	1082	0	1269981
1171	1085	1098	1097	1090	1097	1097	1097	1082	1093	0	1271078
1172	1098	1097	1090	1097	1097	1097	1082	1093	1106	0	1272175
1173	1097	1090	1097	1097	1097	1082	1093	1106	1089	0	1273272
1174	1090	1097	1097	1097	1082	1093	1106	1089	1090	0	1274354
1175	1097	1097	1097	1082	1093	1106	1089	1090	1105	0	1275447
1176	1097	1097	1082	1093	1106	1089	1090	1105	1101	0	1276553
1177	1097	1082	1093	1106	1089	1090	1105	1101	1101	0	1277642
1178	1082	1093	1106	1089	1090	1105	1101	1101	1105	0	1278732
1179	1093	1106	1089	1090	1105	1101	1101	1105	1121	0	1279837
1180	1106	1089	1090	1105	1101	1101	1105	1121	1105	0	1280938
1181	1089	1090	1105	1101	1101	1105	1121	1105	1112	0	1282039
1182	1090	1105	1101	1101	1105	1121	1105	1112	1109	0	1283144
1183	1105	1101	1101	1105	1121	1105	1112	1109	1102	0	1284265
1184	1101	1101	1105	1121	1105	1112	1109	1102	1081	0	1285370
1185	1101	1105	1121	1105	1112	1109	1102	1081	1101	0	1286482
1186	1105	1121	1105	1112	1109	1102	1081	1101	1090	0	1287591
1187	1121	1105	1112	1109	1102	1081	1101	1090	1078	0	1288693
1188	1105	1112	1109	1102	1081	1101	1090	1078	1089	0	1289774
1189	1112	1109	1102	1081	1101	1090	1078	1089	1094	0	1290875
1190	1109	1102	1081	1101	1090	1078	1089	1094	1074	0	1291965
1191	1102	1081	1101	1090	1078	1089	1094	1074	1054	0	1293043
1192	1081	1101	1090	1078	1089	1094	1074	1054	1070	0	1294132
1193	1101	1090	1078	1089	1094	1074	1054	1070	1078	0	1295226
1194	1090	1078	1089	1094	1074	1054	1070	1078	1062	0	1296300
1195	1078	1089	1094	1074	1054	1070	1078	1062	1074	0	1297354
1196	1089	1094	1074	1054	1070	1078	1062	1074	1066	0	1298424
1197	1094	1074	1054	1070	1078	1062	1074	1066	1059	0	1299502
1198	1074	1054	1070	1078	1062	1074	1066	1059	1054	0	1300564
1199	1054	1070	1078	1062	1074	1066	1059	1054	1066	0	1301638
1200	1070	1078	1062	1074	1066	1059	1054	1066	1039	0	1302704
1201	1078	1062	1074	1066	1059	1054	1066	1039	1051	0	1303763
1202	1062	1074	1066	1059	1054	1066	1039	1051	1070	0	1304817
1203	1074	1066	1059	1054	1066	1039	1051	1070	1074	0	1305883
1204	1066	1059	1054	1066	1039	1051	1070	1074	1070	0	1306922
1205	1059	1054	1066	1039	1051	1070	1074	1070	1089	0	1307973
1206	1054	1066	1039	1051	1070	1074	1070	1089	1098	0	1309043
1207	1066	1039	1051	1070	1074	1070	1089	1098	1085	0	1310117
1208	1039	1051	1070	1074	1070	1089	1098	1085	1074	0	1311187
1209	1051	1070	1074	1070	1089	1098	1085	1074	1078	0	1312276
1210	1070	1074	1070	1089	1098	1085	1074	1078	1070	0	1313374
1211	1074	1070	1089	1098	1085	1074	1078	1070	1074	0	1314459
1212	1070	1089	1098	1085	1074	1078	1070	1074	1097	0	1315533
1213	1089	1098	1085	1074	1078	1070	1074	1097	1113	0	1316611
1214	1098	1085	1074	1078	1070	1074	1097	1113	1117	0	1317681
1215	1085	1074	1078	1070	1074	1097	1113	1117	1105	0	1318755
1216	1074	1078	1070	1074	1097	1113	1117	1105	1109	0	1319852
1217	1078	1070	1074	1097	1113	1117	1105	1109	1101	0	1320965
1218	1070	1074	1097	1113	1117	1105	1109	1101	1074	0	1322082
1219	1074	1097	1113	1117	1105	1109	1101	1074	1070	0	1323187
1220	1097	1113	1117	1105	1109	1101	1074	1070	1066	0	1324296
1221	1113	1117	1105	1109	1101	1074	1070	1066	1074	0	1325397
1222	1117	1105	1109	1101	1074	1070	1066	1074	1086	0	1326471
1223	1105	1109	1101	1074	1070	1066	1074	1086	1112	0	1327541
1224	1109	1101	1074	1070	1066	1074	1086	1112	1117	0	1328607
1225	1101	1074	1070	1066	1074	1086	1112	1117	1109	0	1329681
1226	1074	1070	1066	1074	1086	1112	1117	1109	1117	0	1330767
1227	1070	1066	1074	1086	1112	1117	1109	1117	1113	0	1331879
1228	1066	1074	1086	1112	1117	1109	1117	1113	1089	0	1332996
1229	1074	1086	1112	1117	1109	1117	1113	1089	1078	0	1334105
1230	1086	1112	1117	1109	1117	1113	1089	1078	1070	0	1335222
1231	1112	1117	1109	1117	1113	1089	1078	1070	1089	0	1336335
1232	1117	1109	1117	1113	1089	1078	1070	1089	1082	0	1337424
1233	1109	1117	1113	1089	1078	1070	1089	1082	1090	0	1338502
1234	1117	1113	1089	1078	1070	1089	1082	1090	1089	0	1339572
1235	1113	1089	1078	1070	1089	1082	1090	1089	1097	0	1340661
1236	1089	1078	1070	1089	1082	1090	1089	1097	1078	0	1341743
1237	1078	1070	1089	1082	1090	1089	1097	1078	1082	0	1342833
1238	1070	1089	1082	1090	1089	1097	1078	1082	1082	0	1343922
1239	1089	1082	1090	1089	1097	1078	1082	1082	1070	0	1345019
1240	1082	1090	1089	1097	1078	1082	1082	1070	1085	0	1346097
1241	1090	1089	1097	1078	1082	1082	1070	1085	1090	0	1347179
1242	1089	1097	1078	1082	1082	1070	1085	1090	1074	0	1348261
1243	1097	1078	1082	1082	1070	1085	1090	1074	1081	0	1349331
1244	1078	1082	1082	1070	1085	1090	1074	1081	1098	0	1350416
1245	1082	1082	1070	1085	1090	1074	1081	1098	1089	0	1351506
1246	1082	1070	1085	1090	1074	1081	1098	1089	1070	0	1352580
1247	1070	1085	1090	1074	1081	1098	1089	1070	1094	0	1353661
1248	1085	1090	1074	1081	1098	1089	1070	1094	1101	0	1354759
1249	1090	1074	1081	1098	1089	1070	1094	1101	1101	0	1355848
1250	1074	1081	1098	1089	1070	1094	1101	1101	1086	0	1356918
1251	1081	1098	1089	1070	1094	1101	1101	1086	1093	0	1358012
1252	1098	1089	1070	1094	1101	1101	1086	1093	1089	0	1359113
1253	1089	1070	1094	1101	1101	1086	1093	1089	1071	0	1360214
1254	1070	1094	1101	1101	1086	1093	1089	1071	1093	0	1361300
1255	1094	1101	1101	1086	1093	1089	1071	1093	1121	0	1362393
1256	1101	1101	1086	1093	1089	1071	1093	1121	1112	0	1363482
1257	1101	1086	1093	1089	1071	1093	1121	1112	1098	0	1364553
1258	1086	1093	1089	1071	1093	1121	1112	1098	1116	0	1365646
1259	1093	1089	1071	1093	1121	1112	1098	1116	1109	0	1366767
1260	1089	1071	1093	1121	1112	1098	1116	1109	1094	0	1367879
1261	1071	1093	1121	1112	1098	1116	1109	1094	1097	0	1368977
1262	1093	1121	1112	1098	1116	1109	1094	1097	1089	0	1370093
1263	1121	1112	1098	1116	1109	1094	1097	1089	1086	0	1371202
1264	1112	1098	1116	1109	1094	1097	1089	1086	1086	0	1372296
1265	1098	1116	1109	1094	1097	1089	1086	1086	1109	0	1373393
1266	1116	1109	1094	1097	1089	1086	1086	1109	1112	0	1374482
1267	1109	1094	1097	1089	1086	1086	1109	1112	1117	0	1375568
1268	1094	1097	1089	1086	1086	1109	1112	1117	1101	0	1376654
1269	1097	1089	1086	1086	1109	1112	1117	1101	1105	0	1377763
1270	1089	1086	1086	1109	1112	1117	1101	1105	1094	0	1378875
1271	1086	1086	1109	1112	1117	1101	1105	1094	1058	0	1379992
1272	1086	1109	1112	1117	1101	1105	1094	1058	1070	0	1381093
1273	1109	1112	1117	1101	1105	1094	1058	1070	1078	0	1382198
1274	1112	1117	1101	1105	1094	1058	1070	1078	1066	0	1383292
1275	1117	1101	1105	1094	1058	1070	1078	1066	1082	0	1384350
1276	1101	1105	1094	1058	1070	1078	1066	1082	1089	0	1385420
1277	1105	1094	1058	1070	1078	1066	1082	1089	1086	0	1386498
1278	1094	1058	1070	1078	1066	1082	1089	1086	1074	0	1387564
1279	1058	1070	1078	1066	1082	1089	1086	1074	1101	0	1388646
1280	1070	1078	1066	1082	1089	1086	1074	1101	1097	0	1389735
1281	1078	1066	1082	1089	1086	1074	1101	1097	1082	0	1390821
1282	1066	1082	1089	1086	1074	1101	1097	1082	1082	0	1391895
1283	1082	1089	1086	1074	1101	1097	1082	1082	1078	0	1392996
1284	1089	1086	1074	1101	1097	1082	1082	1078	1074	0	1394093
1285	1086	1074	1101	1097	1082	1082	1078	1074	1081	0	1395175
1286	1074	1101	1097	1082	1082	1078	1074	1081	1101	0	1396257
1287	1101	1097	1082	1082	1078	1074	1081	1101	1102	0	1397335
1288	1097	1082	1082	1078	1074	1081	1101	1102	1097	0	1398409
1289	1082	1082	1078	1074	1081	1101	1102	1097	1101	0	1399490
1290	1082	1078	1074	1081	1101	1102	1097	1101	1093	0	1400591
1291	1078	1074	1081	1101	1102	1097	1101	1093	1074	0	1401693
1292	1074	1081	1101	1102	1097	1101	1093	1074	1086	0	1402790
1293	1081	1101	1102	1097	1101	1093	1074	1086	1089	0	1403891
1294	1101	1102	1097	1101	1093	1074	1086	1089	1078	0	1404984
1295	1102	1097	1101	1093	1074	1086	1089	1078	1078	0	1406058
1296	1097	1101	1093	1074	1086	1089	1078	1078	1090	0	1407144
1297	1101	1093	1074	1086	1089	1078	1078	1090	1093	0	1408233
1298	1093	1074	1086	1089	1078	1078	1090	1093	1082	0	1409311
1299	1074	1086	1089	1078	1078	1090	1093	1082	1097	0	1410389
1300	1086	1089	1078	1078	1090	1093	1082	1097	1093	0	1411479
1301	1089	1078	1078	1090	1093	1082	1097	1093	1094	0	1412572
1302	1078	1078	1090	1093	1082	1097	1093	1094	1089	0	1413654
1303	1078	1090	1093	1082	1097	1093	1094	1089	1117	0	1414751
1304	1090	1093	1082	1097	1093	1094	1089	1117	1124	0	1415844
1305	1093	1082	1097	1093	1094	1089	1117	1124	1117	0	1416938
1306	1082	1097	1093	1094	1089	1117	1124	1117	1094	0	1418027
1307	1097	1093	1094	1089	1117	1124	1117	1094	1097	0	1419144
1308	1093	1094	1089	1117	1124	1117	1094	1097	1085	0	1420268
1309	1094	1089	1117	1124	1117	1094	1097	1085	1106	0	1421385
1310	1089	1117	1124	1117	1094	1097	1085	1106	1108	0	1422479
1311	1117	1124	1117	1094	1097	1085	1106	1108	1113	0	1423576
1312	1124	1117	1094	1097	1085	1106	1108	1113	1105	0	1424661
1313	1117	1094	1097	1085	1106	1108	1113	1105	1109	0	1425767
1314	1094	1097	1085	1106	1108	1113	1105	1109	1105	0	1426875
1315	1097	1085	1106	1108	1113	1105	1109	1105	1098	0	1427988
1316	1085	1106	1108	1113	1105	1109	1105	1098	1081	0	1429093
1317	1106	1108	1113	1105	1109	1105	1098	1081	1094	0	1430202
1318	1108	1113	1105	1109	1105	1098	1081	1094	1093	0	1431307
1319	1113	1105	1109	1105	1098	1081	1094	1093	1078	0	1432405
1320	1105	1109	1105	1098	1081	1094	1093	1078	1089	0	1433486
1321	1109	1105	1098	1081	1094	1093	1078	1089	1109	0	1434580
1322	1105	1098	1081	1094	1093	1078	1089	1109	1094	0	1435673
1323	1098	1081	1094	1093	1078	1089	1109	1094	1089	0	1436751
1324	1081	1094	1093	1078	1089	1109	1094	1089	1098	0	1437840
1325	1094	1093	1078	1089	1109	1094	1089	1098	1093	0	1438949
1326	1093	1078	1089	1109	1094	1089	1098	1093	1089	0	1440043
1327	1078	1089	1109	1094	1089	1098	1093	1089	1106	0	1441132
1328	1089	1109	1094	1089	1098	1093	1089	1106	1112	0	1442230
1329	1109	1094	1089	1098	1093	1089	1106	1112	1109	0	1443323
1330	1094	1089	1098	1093	1089	1106	1112	1109	1094	0	1444412
1331	1089	1098	1093	1089	1106	1112	1109	1094	1105	0	1445518
1332	1098	1093	1089	1106	1112	1109	1094	1105	1093	0	1446630
1333	1093	1089	1106	1112	1109	1094	1105	1093	1078	0	1447739
1334	1089	1106	1112	1109	1094	1105	1093	1078	1078	0	1448833
1335	1106	1112	1109	1094	1105	1093	1078	1078	1081	0	1449938
1336	1112	1109	1094	1105	1093	1078	1078	1081	1090	0	1451031
1337	1109	1094	1105	1093	1078	1078	1081	1090	1086	0	1452109
1338	1094	1105	1093	1078	1078	1081	1090	1086	1077	0	1453187
1339	1105	1093	1078	1078	1081	1090	1086	1077	1059	0	1454268
1340	1093	1078	1078	1081	1090	1086	1077	1059	1050	0	1455358
1341	1078	1078	1081	1090	1086	1077	1059	1050	1059	0	1456444
1342	1078	1081	1090	1086	1077	1059	1050	1059	1070	0	1457521
1343	1081	1090	1086	1077	1059	1050	1059	1070	1070	0	1458580
1344	1090	1086	1077	1059	1050	1059	1070	1070	1082	0	1459630
1345	1086	1077	1059	1050	1059	1070	1070	1082	1089	0	1460689
1346	1077	1059	1050	1059	1070	1070	1082	1089	1089	0	1461759
1347	1059	1050	1059	1070	1070	1082	1089	1089	1078	0	1462829
1348	1050	1059	1070	1070	1082	1089	1089	1078	1086	0	1463911
1349	1059	1070	1070	1082	1089	1089	1078	1086	1082	0	1465000
1350	1070	1070	1082	1089	1089	1078	1086	1082	1074	0	1466089
1351	1070	1082	1089	1089	1078	1086	1082	1074	1077	0	1467167
1352	1082	1089	1089	1078	1086	1082	1074	1077	1082	0	1468253
1353	1089	1089	1078	1086	1082	1074	1077	1082	1078	0	1469335
1354	1089	1078	1086	1082	1074	1077	1082	1078	1066	0	1470409
1355	1078	1086	1082	1074	1077	1082	1078	1066	1082	0	1471486
1356	1086	1082	1074	1077	1082	1078	1066	1082	1089	0	1472568
1357	1082	1074	1077	1082	1078	1066	1082	1089	1078	0	1473646
1358	1074	1077	1082	1078	1066	1082	1089	1078	1086	0	1474712
1359	1077	1082	1078	1066	1082	1089	1078	1086	1085	0	1475794
1360	1082	1078	1066	1082	1089	1078	1086	1085	1066	0	1476883
1361	1078	1066	1082	1089	1078	1086	1085	1066	1067	0	1477961
1362	1066	1082	1089	1078	1086	1085	1066	1067	1081	0	1479047
1363	1082	1089	1078	1086	1085	1066	1067	1081	1090	0	1480132
1364	1089	1078	1086	1085	1066	1067	1081	1090	1062	0	1481198
1365	1078	1086	1085	1066	1067	1081	1090	1062	1051	0	1482265
1366	1086	1085	1066	1067	1081	1090	1062	1051	1050	0	1483346
1367	1085	1066	1067	1081	1090	1062	1051	1050	1039	0	1484436
1368	1066	1067	1081	1090	1062	1051	1050	1039	1023	0	1485498
1369	1067	1081	1090	1062	1051	1050	1039	1023	1032	0	1486549
1370	1081	1090	1062	1051	1050	1039	1023	1032	1039	0	1487599
1371	1090	1062	1051	1050	1039	1023	1032	1039	1031	0	1488638
1372	1062	1051	1050	1039	1023	1032	1039	1031	1035	0	1489661
1373	1051	1050	1039	1023	1032	1039	1031	1035	1039	0	1490693
1374	1050	1039	1023	1032	1039	1031	1035	1039	1050	0	1491732
1375	1039	1023	1032	1039	1031	1035	1039	1050	1051	0	1492763
1376	1023	1032	1039	1031	1035	1039	1050	1051	1050	0	1493798
1377	1032	1039	1031	1035	1039	1050	1051	1050	1059	0	1494837
1378	1039	1031	1035	1039	1050	1051	1050	1059	1035	0	1495887
1379	1031	1035	1039	1050	1051	1050	1059	1035	1046	0	1496938
1380	1035	1039	1050	1051	1050	1059	1035	1046	1055	0	1497988
1381	1039	1050	1051	1050	1059	1035	1046	1055	1066	0	1499047
1382	1050	1051	1050	1059	1035	1046	1055	1066	1058	0	1500082
1383	1051	1050	1059	1035	1046	1055	1066	1058	1070	0	1501128
1384	1050	1059	1035	1046	1055	1066	1058	1070	1074	0	1502183
1385	1059	1035	1046	1055	1066	1058	1070	1074	1055	0	1503249
1386	1035	1046	1055	1066	1058	1070	1074	1055	1058	0	1504307
1387	1046	1055	1066	1058	1070	1074	1055	1058	1074	0	1505377
1388	1055	1066	1058	1070	1074	1055	1058	1074	1086	0	1506451
1389	1066	1058	1070	1074	1055	1058	1074	1086	1097	0	1507506
1390	1058	1070	1074	1055	1058	1074	1086	1097	1109	0	1508564
1391	1070	1074	1055	1058	1074	1086	1097	1109	1105	0	1509638
1392	1074	1055	1058	1074	1086	1097	1109	1105	1090	0	1510724
1393	1055	1058	1074	1086	1097	1109	1105	1090	1093	0	1511821
1394	1058	1074	1086	1097	1109	1105	1090	1093	1113	0	1512930
1395	1074	1086	1097	1109	1105	1090	1093	1113	1093	0	1514035
1396	1086	1097	1109	1105	1090	1093	1113	1093	1082	0	1515125
1397	1097	1109	1105	1090	1093	1113	1093	1082	1089	0	1516218
1398	1109	1105	1090	1093	1113	1093	1082	1089	1094	0	1517331
1399	1105	1090	1093	1113	1093	1082	1089	1094	1070	0	1518424
1400	1090	1093	1113	1093	1082	1089	1094	1070	1054	0	1519506
1401	1093	1113	1093	1082	1089	1094	1070	1054	1066	0	1520595
1402	1113	1093	1082	1089	1094	1070	1054	1066	1055	0	1521689
1403	1093	1082	1089	1094	1070	1054	1066	1055	1035	0	1522759
1404	1082	1089	1094	1070	1054	1066	1055	1035	1058	0	1523813
1405	1089	1094	1070	1054	1066	1055	1035	1058	1066	0	1524879
1406	1094	1070	1054	1066	1055	1035	1058	1066	1086	0	1525934
1407	1070	1054	1066	1055	1035	1058	1066	1086	1074	0	1526969
1408	1054	1066	1055	1035	1058	1066	1086	1074	1086	0	1528027
1409	1066	1055	1035	1058	1066	1086	1074	1086	1085	0	1529093
1410	1055	1035	1058	1066	1086	1074	1086	1085	1070	0	1530179
1411	1035	1058	1066	1086	1074	1086	1085	1070	1074	0	1531253
1412	1058	1066	1086	1074	1086	1085	1070	1074	1066	0	1532339
1413	1066	1086	1074	1086	1085	1070	1074	1066	1062	0	1533424
1414	1086	1074	1086	1085	1070	1074	1066	1062	1055	0	1534494
1415	1074	1086	1085	1070	1074	1066	1062	1055	1074	0	1535568
1416	1086	1085	1070	1074	1066	1062	1055	1074	1089	0	1536634
1417	1085	1070	1074	1066	1062	1055	1074	1089	1105	0	1537696
1418	1070	1074	1066	1062	1055	1074	1089	1105	1090	0	1538751
1419	1074	1066	1062	1055	1074	1089	1105	1090	1093	0	1539825
1420	1066	1062	1055	1074	1089	1105	1090	1093	1102	0	1540914
1421	1062	1055	1074	1089	1105	1090	1093	1102	1105	0	1542019
1422	1055	1074	1089	1105	1090	1093	1102	1105	1093	0	1543109
1423	1074	1089	1105	1090	1093	1102	1105	1093	1101	0	1544202
1424	1089	1105	1090	1093	1102	1105	1093	1101	1109	0	1545304
1425	1105	1090	1093	1102	1105	1093	1101	1109	1101	0	1546409
1426	1090	1093	1102	1105	1093	1101	1109	1101	1094	0	1547502
1427	1093	1102	1105	1093	1101	1109	1101	1094	1105	0	1548603
1428	1102	1105	1093	1101	1109	1101	1094	1105	1105	0	1549712
1429	1105	1093	1101	1109	1101	1094	1105	1105	1093	0	1550813
1430	1093	1101	1109	1101	1094	1105	1105	1093	1090	0	1551907
1431	1101	1109	1101	1094	1105	1105	1093	1090	1089	0	1553012
1432	1109	1101	1094	1105	1105	1093	1090	1089	1097	0	1554117
1433	1101	1094	1105	1105	1093	1090	1089	1097	1082	0	1555210
1434	1094	1105	1105	1093	1090	1089	1097	1082	1078	0	1556300
1435	1105	1105	1093	1090	1089	1097	1082	1078	1035	0	1557389
1436	1105	1093	1090	1089	1097	1082	1078	1035	1015	0	1558486
1437	1093	1090	1089	1097	1082	1078	1035	1015	1063	0	1559568
1438	1090	1089	1097	1082	1078	1035	1015	1063	1074	0	1560646
1439	1089	1097	1082	1078	1035	1015	1063	1074	1062	0	1561681
1440	1097	1082	1078	1035	1015	1063	1074	1062	1066	0	1562696
1441	1082	1078	1035	1015	1063	1074	1062	1066	1070	0	1563759
1442	1078	1035	1015	1063	1074	1062	1066	1070	1062	0	1564833
1443	1035	1015	1063	1074	1062	1066	1070	1062	1063	0	1565895
1444	1015	1063	1074	1062	1066	1070	1062	1063	1074	0	1566961
1445	1063	1074	1062	1066	1070	1062	1063	1074	1058	0	1568031
1446	1074	1062	1066	1070	1062	1063	1074	1058	1004	0	1569093
1447	1062	1066	1070	1062	1063	1074	1058	1004	1043	0	1570156
1448	1066	1070	1062	1063	1074	1058	1004	1043	1054	0	1571230
1449	1070	1062	1063	1074	1058	1004	1043	1054	1062	0	1572288
1450	1062	1063	1074	1058	1004	1043	1054	1062	1078	0	1573292
1451	1063	1074	1058	1004	1043	1054	1062	1078	1082	0	1574335
1452	1074	1058	1004	1043	1054	1062	1078	1082	1082	0	1575389
1453	1058	1004	1043	1054	1062	1078	1082	1082	1077	0	1576451
1454	1004	1043	1054	1062	1078	1082	1082	1077	1090	0	1577529
1455	1043	1054	1062	1078	1082	1082	1077	1090	1097	0	1578611
1456	1054	1062	1078	1082	1082	1077	1090	1097	1097	0	1579693
1457	1062	1078	1082	1082	1077	1090	1097	1097	1094	0	1580770
1458	1078	1082	1082	1077	1090	1097	1097	1094	1089	0	1581860
1459	1082	1082	1077	1090	1097	1097	1094	1089	1098	0	1582957
1460	1082	1077	1090	1097	1097	1094	1089	1098	1097	0	1584054
1461	1077	1090	1097	1097	1094	1089	1098	1097	1109	0	1585148
1462	1090	1097	1097	1094	1089	1098	1097	1109	541	0	1586237
1463	1097	1097	1094	1089	1098	1097	1109	541	1439	0	1587335
1464	1097	1094	1089	1098	1097	1109	541	1439	1172	0	1588432
1465	1094	1089	1098	1097	1109	541	1439	1172	1112	0	1589541
1466	1089	1098	1097	1109	541	1439	1172	1112	534	1	1590082
1467	1098	1097	1109	541	1439	1172	1112	534	1319	0	1591521
1468	1097	1109	541	1439	1172	1112	534	1319	1112	0	1592693
1469	1109	541	1439	1172	1112	534	1319	1112	600	0	1593805
1470	541	1439	1172	1112	534	1319	1112	600	1330	1	1594339
1471	1439	1172	1112	534	1319	1112	600	1330	1148	0	1595658
1472	1172	1112	534	1319	1112	600	1330	1148	1133	0	1596770
1473	1112	534	1319	1112	600	1330	1148	1133	599	1	1597370
1474	534	1319	1112	600	1330	1148	1133	599	1358	0	1598700
1475	1319	1112	600	1330	1148	1133	599	1358	1151	0	1599848
1476	1112	600	1330	1148	1133	599	1358	1151	1113	0	1600981
1477	600	1330	1148	1133	599	1358	1151	1113	600	1	1601580
1478	1330	1148	1133	599	1358	1151	1113	600	1354	0	1602938
1479	1148	1133	599	1358	1151	1113	600	1354	1140	0	1604089
1480	1133	599	1358	1151	1113	600	1354	1140	1097	0	1605202
1481	599	1358	1151	1113	600	1354	1140	1097	529	1	1605802
1482	1358	1151	1113	600	1354	1140	1097	529	1343	0	1607156
1483	1151	1113	600	1354	1140	1097	529	1343	1124	0	1608296
1484	1113	600	1354	1140	1097	529	1343	1124	1101	0	1609393
1485	600	1354	1140	1097	529	1343	1124	1101	529	1	1609922
1486	1354	1140	1097	529	1343	1124	1101	529	1320	0	1611265
1487	1140	1097	529	1343	1124	1101	529	1320	1116	0	1612389
1488	1097	529	1343	1124	1101	529	1320	1116	1121	0	1613490
1489	529	1343	1124	1101	529	1320	1116	1121	595	1	1614019
1490	1343	1124	1101	529	1320	1116	1121	595	1354	0	1615339
1491	1124	1101	529	1320	1116	1121	595	1354	1160	0	1616455
1492	1101	529	1320	1116	1121	595	1354	1160	1155	0	1617576
1493	529	1320	1116	1121	595	1354	1160	1155	1133	1	1618171
1494	1320	1116	1121	595	1354	1160	1155	1133	603	0	1619525
1495	1116	1121	595	1354	1160	1155	1133	603	1370	0	1620685
1496	1121	595	1354	1160	1155	1133	603	1370	1155	0	1621840
1497	595	1354	1160	1155	1133	603	1370	1155	1109	0	1622973
1498	1354	1160	1155	1133	603	1370	1155	1109	599	1	1623576
1499	1160	1155	1133	603	1370	1155	1109	599	1370	0	1624946
1500	1155	1133	603	1370	1155	1109	599	1370	1152	0	1626101
1501	1133	603	1370	1155	1109	599	1370	1152	1124	0	1627210
1502	603	1370	1155	1109	599	1370	1152	1124	1121	1	1627809
1503	1370	1155	1109	599	1370	1152	1124	1121	599	0	1629179
1504	1155	1109	599	1370	1152	1124	1121	599	1339	0	1630331
1505	1109	599	1370	1152	1124	1121	599	1339	1140	0	1631455
1506	599	1370	1152	1124	1121	599	1339	1140	1116	0	1632576
1507	1370	1152	1124	1121	599	1339	1140	1116	526	1	1633175
1508	1152	1124	1121	599	1339	1140	1116	526	1315	0	1634514
1509	1124	1121	599	1339	1140	1116	526	1315	1101	0	1635654
1510	1121	599	1339	1140	1116	526	1315	1101	1101	0	1636770
1511	599	1339	1140	1116	526	1315	1101	1101	603	1	1637296
1512	1339	1140	1116	526	1315	1101	1101	603	1331	0	1638611
1513	1140	1116	526	1315	1101	1101	603	1331	1097	0	1639712
1514	1116	526	1315	1101	1101	603	1331	1097	1063	0	1640813
1515	526	1315	1101	1101	603	1331	1097	1063	1085	1	1641416
1516	1315	1101	1101	603	1331	1097	1063	1085	607	0	1642747
1517	1101	1101	603	1331	1097	1063	1085	607	1315	0	1643844
1518	1101	603	1331	1097	1063	1085	607	1315	1102	0	1644907
1519	603	1331	1097	1063	1085	607	1315	1102	1105	0	1645992
1520	1331	1097	1063	1085	607	1315	1102	1105	1093	1	1646599
1521	1097	1063	1085	607	1315	1102	1105	1093	603	0	1647914
1522	1063	1085	607	1315	1102	1105	1093	603	1358	0	1649016
1523	1085	607	1315	1102	1105	1093	603	1358	1171	0	1650121
1524	607	1315	1102	1105	1093	603	1358	1171	1125	0	1651214
1525	1315	1102	1105	1093	603	1358	1171	1125	1128	1	1651817
1526	1102	1105	1093	603	1358	1171	1125	1128	1129	0	1653175
1527	1105	1093	603	1358	1171	1125	1128	1129	533	0	1654346
1528	1093	603	1358	1171	1125	1128	1129	533	1330	0	1655471
1529	603	1358	1171	1125	1128	1129	533	1330	1137	0	1656599
1530	1358	1171	1125	1128	1129	533	1330	1137	1120	0	1657728
1531	1171	1125	1128	1129	533	1330	1137	1120	1101	1	1658261
1532	1125	1128	1129	533	1330	1137	1120	1101	1117	0	1659591
1533	1128	1129	533	1330	1137	1120	1101	1117	1121	0	1660728
1534	1129	533	1330	1137	1120	1101	1117	1121	603	0	1661848
1535	533	1330	1137	1120	1101	1117	1121	603	1358	0	1662949
1536	1330	1137	1120	1101	1117	1121	603	1358	1175	0	1664066
1537	1137	1120	1101	1117	1121	603	1358	1175	1163	0	1665187
1538	1120	1101	1117	1121	603	1358	1175	1163	1140	1	1665790
1539	1101	1117	1121	603	1358	1175	1163	1140	1125	0	1667148
1540	1117	1121	603	1358	1175	1163	1140	1125	1128	0	1668323
1541	1121	603	1358	1175	1163	1140	1125	1128	1137	0	1669486
1542	603	1358	1175	1163	1140	1125	1128	1137	1128	0	1670626
1543	1358	1175	1163	1140	1125	1128	1137	1128	611	0	1671751
1544	1175	1163	1140	1125	1128	1137	1128	611	1381	0	1672879
1545	1163	1140	1125	1128	1137	1128	611	1381	1175	0	1674016
1546	1140	1125	1128	1137	1128	611	1381	1175	1125	0	1675144
1547	1125	1128	1137	1128	611	1381	1175	1125	1109	1	1675755
1548	1128	1137	1128	611	1381	1175	1125	1109	1132	0	1677136
1549	1137	1128	611	1381	1175	1125	1109	1132	1117	0	1678311
1550	1128	611	1381	1175	1125	1109	1132	1117	611	0	1679436
1551	611	1381	1175	1125	1109	1132	1117	611	1393	0	1680545
1552	1381	1175	1125	1109	1132	1117	611	1393	1159	0	1681677
1553	1175	1125	1109	1132	1117	611	1393	1159	1140	0	1682794
1554	1125	1109	1132	1117	611	1393	1159	1140	1136	1	1683405
1555	1109	1132	1117	611	1393	1159	1140	1136	1113	0	1684798
1556	1132	1117	611	1393	1159	1140	1136	1113	1129	0	1685957
1557	1117	611	1393	1159	1140	1136	1113	1129	1148	0	1687097
1558	611	1393	1159	1140	1136	1113	1129	1148	1124	0	1688233
1559	1393	1159	1140	1136	1113	1129	1148	1124	607	0	1689346
1560	1159	1140	1136	1113	1129	1148	1124	607	1362	0	1690475
1561	1140	1136	1113	1129	1148	1124	607	1362	1152	0	1691623
1562	1136	1113	1129	1148	1124	607	1362	1152	1109	0	1692747
1563	1113	1129	1148	1124	607	1362	1152	1109	1120	1	1693354
1564	1129	1148	1124	607	1362	1152	1109	1120	1125	0	1694716
1565	1148	1124	607	1362	1152	1109	1120	1125	587	0	1695868
1566	1124	607	1362	1152	1109	1120	1125	587	1358	0	1696977
1567	607	1362	1152	1109	1120	1125	587	1358	1168	0	1698097
1568	1362	1152	1109	1120	1125	587	1358	1168	1179	0	1699222
1569	1152	1109	1120	1125	587	1358	1168	1179	1147	1	1699809
1570	1109	1120	1125	587	1358	1168	1179	1147	600	0	1701167
1571	1120	1125	587	1358	1168	1179	1147	600	1385	0	1702335
1572	1125	587	1358	1168	1179	1147	600	1385	1175	0	1703514
1573	587	1358	1168	1179	1147	600	1385	1175	1152	0	1704661
1574	1358	1168	1179	1147	600	1385	1175	1152	1140	1	1705261
1575	1168	1179	1147	600	1385	1175	1152	1140	552	0	1706646
1576	1179	1147	600	1385	1175	1152	1140	552	1335	0	1707821
1577	1147	600	1385	1175	1152	1140	552	1335	1128	0	1708973
1578	600	1385	1175	1152	1140	552	1335	1128	1125	0	1710113
1579	1385	1175	1152	1140	552	1335	1128	1125	1097	1	1710665
1580	1175	1152	1140	552	1335	1128	1125	1097	545	0	1712000
1581	1152	1140	552	1335	1128	1125	1097	545	1315	0	1713128
1582	1140	552	1335	1128	1125	1097	545	1315	1136	0	1714253
1583	552	1335	1128	1125	1097	545	1315	1136	1101	0	1715350
1584	1335	1128	1125	1097	545	1315	1136	1101	1098	1	1715895
1585	1128	1125	1097	545	1315	1136	1101	1098	1113	0	1717210
1586	1125	1097	545	1315	1136	1101	1098	1113	1136	0	1718346
1587	1097	545	1315	1136	1101	1098	1113	1136	1113	0	1719447
1588	545	1315	1136	1101	1098	1113	1136	1113	548	0	1720545
1589	1315	1136	1101	1098	1113	1136	1113	548	1374	0	1721658
1590	1136	1101	1098	1113	1136	1113	548	1374	1144	0	1722794
1591	1101	1098	1113	1136	1113	548	1374	1144	1116	0	1723907
1592	1098	1113	1136	1113	548	1374	1144	1116	1113	1	1724455
1593	1113	1136	1113	548	1374	1144	1116	1113	1109	0	1725829
1594	1136	1113	548	1374	1144	1116	1113	1109	1098	0	1726973
1595	1113	548	1374	1144	1116	1113	1109	1098	544	0	1728089
1596	548	1374	1144	1116	1113	1109	1098	544	1327	0	1729202
1597	1374	1144	1116	1113	1109	1098	544	1327	1090	0	1730311
1598	1144	1116	1113	1109	1098	544	1327	1090	1066	0	1731409
1599	1116	1113	1109	1098	544	1327	1090	1066	548	1	1731953
1600	1113	1109	1098	544	1327	1090	1066	548	1273	0	1733280
1601	1109	1098	544	1327	1090	1066	548	1273	1050	0	1734370
1602	1098	544	1327	1090	1066	548	1273	1050	1035	0	1735436
1603	544	1327	1090	1066	548	1273	1050	1035	533	1	1735984
1604	1327	1090	1066	548	1273	1050	1035	533	1296	0	1737257
1605	1090	1066	548	1273	1050	1035	533	1296	1055	0	1738307
1606	1066	548	1273	1050	1035	533	1296	1055	1058	0	1739342
1607	548	1273	1050	1035	533	1296	1055	1058	1070	1	1739875
1608	1273	1050	1035	533	1296	1055	1058	1070	599	0	1741171
1609	1050	1035	533	1296	1055	1058	1070	599	1300	0	1742226
1610	1035	533	1296	1055	1058	1070	599	1300	1101	0	1743284
1611	533	1296	1055	1058	1070	599	1300	1101	1074	0	1744354
1612	1296	1055	1058	1070	599	1300	1101	1074	1062	1	1744953
1613	1055	1058	1070	599	1300	1101	1074	1062	541	0	1746253
1614	1058	1070	599	1300	1101	1074	1062	541	1245	0	1747354
1615	1070	599	1300	1101	1074	1062	541	1245	1039	0	1748428
1616	599	1300	1101	1074	1062	541	1245	1039	1027	0	1749490
1617	1300	1101	1074	1062	541	1245	1039	1027	537	1	1750031
1618	1101	1074	1062	541	1245	1039	1027	537	1234	0	1751276
1619	1074	1062	541	1245	1039	1027	537	1234	1054	0	1752315
1620	1062	541	1245	1039	1027	537	1234	1054	1059	0	1753342
1621	541	1245	1039	1027	537	1234	1054	1059	607	1	1753879
1622	1245	1039	1027	537	1234	1054	1059	607	1319	0	1755113
1623	1039	1027	537	1234	1054	1059	607	1319	1101	0	1756167
1624	1027	537	1234	1054	1059	607	1319	1101	1058	0	1757226
1625	537	1234	1054	1059	607	1319	1101	1058	1043	1	1757833
1626	1234	1054	1059	607	1319	1101	1058	1043	568	0	1759152
1627	1054	1059	607	1319	1101	1058	1043	568	1206	0	1760253
1628	1059	607	1319	1101	1058	1043	568	1206	1000	0	1761311
1629	607	1319	1101	1058	1043	568	1206	1000	596	0	1762354
1630	1319	1101	1058	1043	568	1206	1000	596	1218	1	1762922
1631	1101	1058	1043	568	1206	1000	596	1218	1007	0	1764128
1632	1058	1043	568	1206	1000	596	1218	1007	989	0	1765128
1633	1043	568	1206	1000	596	1218	1007	989	988	1	1765724
1634	568	1206	1000	596	1218	1007	989	988	973	0	1766942
1635	1206	1000	596	1218	1007	989	988	973	965	0	1767949
1636	1000	596	1218	1007	989	988	973	965	965	0	1768938
1637	596	1218	1007	989	988	973	965	965	965	0	1769926
1638	1218	1007	989	988	973	965	965	965	957	0	1770899
1639	1007	989	988	973	965	965	965	957	957	0	1771864
1640	989	988	973	965	965	965	957	957	969	0	1772829
1641	988	973	965	965	965	957	957	969	977	0	1773794
1642	973	965	965	965	957	957	969	977	988	0	1774751
1643	965	965	965	957	957	969	977	988	1008	0	1775708
1644	965	965	957	957	969	977	988	1008	1031	0	1776677
1645	965	957	957	969	977	988	1008	1031	1043	0	1777654
1646	957	957	969	977	988	1008	1031	1043	1070	0	1778642
1647	957	969	977	988	1008	1031	1043	1070	1093	0	1779650
1648	969	977	988	1008	1031	1043	1070	1093	1082	0	1780681
1649	977	988	1008	1031	1043	1070	1093	1082	1089	0	1781724
1650	988	1008	1031	1043	1070	1093	1082	1089	1109	0	1782794
1651	1008	1031	1043	1070	1093	1082	1089	1109	1113	0	1783887
1652	1031	1043	1070	1093	1082	1089	1109	1113	1097	0	1784969
1653	1043	1070	1093	1082	1089	1109	1113	1097	1109	0	1786058
1654	1070	1093	1082	1089	1109	1113	1097	1109	1109	0	1787167
1655	1093	1082	1089	1109	1113	1097	1109	1109	1101	0	1788280
1656	1082	1089	1109	1113	1097	1109	1109	1101	1098	0	1789377
1657	1089	1109	1113	1097	1109	1109	1101	1098	1097	0	1790486
1658	1109	1113	1097	1109	1109	1101	1098	1097	1086	0	1791595
1659	1113	1097	1109	1109	1101	1098	1097	1086	1074	0	1792696
1660	1097	1109	1109	1101	1098	1097	1086	1074	1054	0	1793794
1661	1109	1109	1101	1098	1097	1086	1074	1054	1074	0	1794891
