index	i-2	i-1	i+0	i+1	i+2	Filter	Time
2	222	957	965	981	1003	0	2144
3	957	965	981	1003	1012	0	3125
4	965	981	1003	1012	1012	0	4128
5	981	1003	1012	1012	1011	0	5140
6	1003	1012	1012	1011	1008	0	6152
7	1012	1012	1011	1008	977	0	7163
8	1012	1011	1008	977	988	0	8171
9	1011	1008	977	988	1000	0	9148
10	1008	977	988	1000	981	0	10136
11	977	988	1000	981	1031	0	11136
12	988	1000	981	1031	1023	0	12117
13	1000	981	1031	1023	1043	0	13148
14	981	1031	1023	1043	1047	0	14171
15	1031	1023	1043	1047	1046	0	15214
16	1023	1043	1047	1046	1051	0	16261
17	1043	1047	1046	1051	1054	0	17307
18	1047	1046	1051	1054	1055	0	18358
19	1046	1051	1054	1055	1012	0	19412
20	1051	1054	1055	1012	984	0	20467
21	1054	1055	1012	984	961	0	21479
22	1055	1012	984	961	973	0	22463
23	1012	984	961	973	973	0	23424
24	984	961	973	973	976	0	24397
25	961	973	973	976	973	0	25370
26	973	973	976	973	977	0	26346
27	973	976	973	977	969	0	27319
28	976	973	977	969	968	0	28296
29	973	977	969	968	981	0	29265
30	977	969	968	981	977	0	30233
31	969	968	981	977	976	0	31214
32	968	981	977	976	977	0	32191
33	981	977	976	977	977	0	33167
34	977	976	977	977	961	0	34144
35	976	977	977	961	969	0	35121
36	977	977	961	969	968	0	36082
37	977	961	969	968	981	0	37051
38	961	969	968	981	1004	0	38019
39	969	968	981	1004	988	0	39000
40	968	981	1004	988	996	0	40004
41	981	1004	988	996	1000	0	40992
42	1004	988	996	1000	985	0	41988
43	988	996	1000	985	984	0	42988
44	996	1000	985	984	973	0	43973
45	1000	985	984	973	969	0	44957
46	985	984	973	969	973	0	45930
47	984	973	969	973	961	0	46899
48	973	969	973	961	922	0	47872
49	969	973	961	922	918	0	48833
50	973	961	922	918	907	0	49755
51	961	922	918	907	883	0	50673
52	922	918	907	883	891	0	51580
53	918	907	883	891	872	0	52463
54	907	883	891	872	879	0	53354
55	883	891	872	879	895	0	54226
56	891	872	879	895	911	0	55105
57	872	879	895	911	945	0	56000
58	879	895	911	945	973	0	56911
59	895	911	945	973	984	0	57856
60	911	945	973	984	1004	0	58829
61	945	973	984	1004	1000	0	59813
62	973	984	1004	1000	996	0	60817
63	984	1004	1000	996	996	0	61817
64	1004	1000	996	996	977	0	62813
65	1000	996	996	977	977	0	63809
66	996	996	977	977	965	0	64786
67	996	977	977	965	965	0	65763
68	977	977	965	965	949	0	66728
69	977	965	965	949	973	0	67693
70	965	965	949	973	996	0	68642
71	965	949	973	996	1027	0	69615
72	949	973	996	1027	1031	0	70611
73	973	996	1027	1031	1016	0	71638
74	996	1027	1031	1016	1035	0	72669
75	1027	1031	1016	1035	1027	0	73685
76	1031	1016	1035	1027	1031	0	74720
77	1016	1035	1027	1031	1039	0	75747
78	1035	1027	1031	1039	1027	0	76778
79	1027	1031	1039	1027	1043	0	77817
80	1031	1039	1027	1043	1039	0	78844
81	1039	1027	1043	1039	1062	0	79887
82	1027	1043	1039	1062	1066	0	80926
83	1043	1039	1062	1066	1086	0	81988
84	1039	1062	1066	1086	1082	0	83054
85	1062	1066	1086	1082	1066	0	84140
86	1066	1086	1082	1066	1062	0	85222
87	1086	1082	1066	1062	557	0	86288
88	1082	1066	1062	557	490	0	87350
89	1066	1062	557	490	1031	1	87907
90	1062	557	490	1031	1027	0	88397
91	557	490	1031	1027	510	0	89428
92	490	1031	1027	510	502	0	90455
93	1031	1027	510	502	1027	1	90965
94	1027	510	502	1027	514	0	91467
95	510	502	1027	514	498	0	92494
96	502	1027	514	498	1062	1	93008
97	1027	514	498	1062	557	0	93506
98	514	498	1062	557	498	0	94568
99	498	1062	557	498	1120	1	95125
100	1062	557	498	1120	553	0	95623
101	557	498	1120	553	509	0	96743
102	498	1120	553	509	1164	1	97296
103	1120	553	509	1164	525	0	97805
104	553	509	1164	525	506	0	98969
105	509	1164	525	506	1152	1	99494
106	1164	525	506	1152	525	0	100000
107	525	506	1152	525	498	0	101152
108	506	1152	525	498	1097	1	101677
109	1152	525	498	1097	522	0	102175
110	525	498	1097	522	502	0	103272
111	498	1097	522	502	1070	1	103794
112	1097	522	502	1070	517	0	104296
113	522	502	1070	517	502	0	105366
114	502	1070	517	502	1066	1	105883
115	1070	517	502	1066	541	0	106385
116	517	502	1066	541	498	0	107451
117	502	1066	541	498	1086	1	107992
118	1066	541	498	1086	1058	0	108490
119	541	498	1086	1058	522	0	109576
120	498	1086	1058	522	509	0	110634
121	1086	1058	522	509	1086	1	111156
122	1058	522	509	1086	1035	0	111665
123	522	509	1086	1035	521	0	112751
124	509	1086	1035	521	498	0	113786
125	1086	1035	521	498	1028	1	114307
126	1035	521	498	1028	537	0	114805
127	521	498	1028	537	490	0	115833
128	498	1028	537	490	992	1	116370
129	1028	537	490	992	518	0	116860
130	537	490	992	518	490	0	117852
131	490	992	518	490	1035	1	118370
132	992	518	490	1035	510	0	118860
133	518	490	1035	510	498	0	119895
134	490	1035	510	498	1066	1	120405
135	1035	510	498	1066	1015	0	120903
136	510	498	1066	1015	440	0	121969
137	498	1066	1015	440	525	0	122984
138	1066	1015	440	525	1012	1	123424
139	1015	440	525	1012	985	0	123949
140	440	525	1012	985	521	0	124961
141	525	1012	985	521	498	0	125946
142	1012	985	521	498	949	1	126467
143	985	521	498	949	506	0	126965
144	521	498	949	506	498	0	127914
145	498	949	506	498	899	1	128420
146	949	506	498	899	957	0	128918
147	506	498	899	957	1020	0	129817
148	498	899	957	1020	1078	0	130774
149	899	957	1020	1078	1046	0	131794
150	957	1020	1078	1046	1028	0	132872
151	1020	1078	1046	1028	1011	0	133918
152	1078	1046	1028	1011	992	0	134946
153	1046	1028	1011	992	981	0	135957
154	1028	1011	992	981	949	0	136949
155	1011	992	981	949	911	0	137930
156	992	981	949	911	903	0	138879
157	981	949	911	903	895	0	139790
158	949	911	903	895	898	0	140693
159	911	903	895	898	895	0	141588
160	903	895	898	895	911	0	142486
161	895	898	895	911	945	0	143381
162	898	895	911	945	961	0	144292
163	895	911	945	961	985	0	145237
164	911	945	961	985	1012	0	146198
165	945	961	985	1012	1027	0	147183
166	961	985	1012	1027	1043	0	148195
167	985	1012	1027	1043	1046	0	149222
168	1012	1027	1043	1046	1012	0	150265
169	1027	1043	1046	1012	981	0	151311
170	1043	1046	1012	981	1003	0	152323
171	1046	1012	981	1003	1016	0	153304
172	1012	981	1003	1016	992	0	154307
173	981	1003	1016	992	1016	0	155323
174	1003	1016	992	1016	1050	0	156315
175	1016	992	1016	1050	1070	0	157331
176	992	1016	1050	1070	1078	0	158381
177	1016	1050	1070	1078	1094	0	159451
178	1050	1070	1078	1094	1073	0	160529
179	1070	1078	1094	1073	1078	0	161623
180	1078	1094	1073	1078	1078	0	162696
181	1094	1073	1078	1078	1070	0	163774
182	1073	1078	1078	1070	1043	0	164852
183	1078	1078	1070	1043	1043	0	165922
184	1078	1070	1043	1043	1046	0	166965
185	1070	1043	1043	1046	1043	0	168008
186	1043	1043	1046	1043	1035	0	169054
187	1043	1046	1043	1035	1016	0	170097
188	1046	1043	1035	1016	1008	0	171132
189	1043	1035	1016	1008	984	0	172148
190	1035	1016	1008	984	977	0	173156
191	1016	1008	984	977	988	0	174140
192	1008	984	977	988	1004	0	175117
193	984	977	988	1004	1004	0	176105
194	977	988	1004	1004	984	0	177109
195	988	1004	1004	984	989	0	178113
196	1004	1004	984	989	988	0	179097
197	1004	984	989	988	992	0	180086
198	984	989	988	992	981	0	181074
199	989	988	992	981	965	0	182066
200	988	992	981	965	972	0	183047
201	992	981	965	972	985	0	184012
202	981	965	972	985	969	0	184984
203	965	972	985	969	988	0	185969
204	972	985	969	988	1008	0	186938
205	985	969	988	1008	1000	0	187926
206	969	988	1008	1000	1015	0	188934
207	988	1008	1000	1015	1008	0	189934
208	1008	1000	1015	1008	1012	0	190949
209	1000	1015	1008	1012	1008	0	191957
210	1015	1008	1012	1008	988	0	192969
211	1008	1012	1008	988	984	0	193977
212	1012	1008	988	984	993	0	194965
213	1008	988	984	993	980	0	195949
214	988	984	993	980	1000	0	196942
215	984	993	980	1000	1008	0	197922
216	993	980	1000	1008	1008	0	198922
217	980	1000	1008	1008	965	0	199930
218	1000	1008	1008	965	541	0	200938
219	1008	1008	965	541	498	0	201903
220	1008	965	541	498	848	1	202444
221	965	541	498	848	521	0	202942
222	541	498	848	521	1327	0	203790
223	498	848	521	1327	560	1	204311
224	848	521	1327	560	1257	0	205638
225	521	1327	560	1257	880	1	206198
226	1327	560	1257	880	544	0	207455
227	560	1257	880	544	1222	0	208335
228	1257	880	544	1222	514	1	208879
229	880	544	1222	514	533	0	210101
230	544	1222	514	533	786	1	210615
231	1222	514	533	786	918	0	211148
232	514	533	786	918	957	0	211934
233	533	786	918	957	1035	0	212852
234	786	918	957	1035	1070	0	213809
235	918	957	1035	1070	1094	0	214844
236	957	1035	1070	1094	1097	0	215914
237	1035	1070	1094	1097	1066	0	217008
238	1070	1094	1097	1066	1047	0	218105
239	1094	1097	1066	1047	1027	0	219171
240	1097	1066	1047	1027	988	0	220218
241	1066	1047	1027	988	977	0	221245
242	1047	1027	988	977	981	0	222233
243	1027	988	977	981	980	0	223210
244	988	977	981	980	992	0	224191
245	977	981	980	992	522	0	225171
246	981	980	992	522	525	0	226163
247	980	992	522	525	915	1	226685
248	992	522	525	915	536	0	227210
249	522	525	915	536	1401	0	228125
250	525	915	536	1401	957	1	228661
251	915	536	1401	957	969	0	230062
252	536	1401	957	969	530	0	231019
253	1401	957	969	530	490	0	231988
254	957	969	530	490	926	1	232518
255	969	530	490	926	984	0	233008
256	530	490	926	984	1047	0	233934
257	490	926	984	1047	1058	0	234918
258	926	984	1047	1058	1082	0	235965
259	984	1047	1058	1082	1078	0	237023
260	1047	1058	1082	1078	1043	0	238105
261	1058	1082	1078	1043	1000	0	239183
262	1082	1078	1043	1000	984	0	240226
263	1078	1043	1000	984	973	0	241226
264	1043	1000	984	973	949	0	242210
265	1000	984	973	949	977	0	243183
266	984	973	949	977	1000	0	244132
267	973	949	977	1000	1012	0	245109
268	949	977	1000	1012	1027	0	246109
269	977	1000	1012	1027	1043	0	247121
270	1000	1012	1027	1043	1023	0	248148
271	1012	1027	1043	1023	1039	0	249191
272	1027	1043	1023	1039	1027	0	250214
273	1043	1023	1039	1027	1016	0	251253
274	1023	1039	1027	1016	1031	0	252280
275	1039	1027	1016	1031	1012	0	253296
276	1027	1016	1031	1012	1035	0	254327
277	1016	1031	1012	1035	1035	0	255339
278	1031	1012	1035	1035	988	0	256374
279	1012	1035	1035	988	1035	0	257409
280	1035	1035	988	1035	1086	0	258397
281	1035	988	1035	1086	1124	0	259432
282	988	1035	1086	1124	1121	0	260518
283	1035	1086	1124	1121	1112	0	261642
284	1086	1124	1121	1112	1078	0	262763
285	1124	1121	1112	1078	1051	0	263875
286	1121	1112	1078	1051	1008	0	264953
287	1112	1078	1051	1008	1011	0	266004
288	1078	1051	1008	1011	1008	0	267012
289	1051	1008	1011	1008	1020	0	268023
290	1008	1011	1008	1020	1046	0	269031
291	1011	1008	1020	1046	1008	0	270051
292	1008	1020	1046	1008	1031	0	271097
293	1020	1046	1008	1031	1031	0	272105
294	1046	1008	1031	1031	1035	0	273136
295	1008	1031	1031	1035	1028	0	274167
296	1031	1031	1035	1028	1023	0	275202
297	1031	1035	1028	1023	1012	0	276230
298	1035	1028	1023	1012	1015	0	277253
299	1028	1023	1012	1015	1004	0	278265
300	1023	1012	1015	1004	1000	0	279280
301	1012	1015	1004	1000	965	0	280284
302	1015	1004	1000	965	973	0	281284
303	1004	1000	965	973	973	0	282249
304	1000	965	973	973	949	0	283222
305	965	973	973	949	899	0	284195
306	973	973	949	899	875	0	285144
307	973	949	899	875	856	0	286043
308	949	899	875	856	841	0	286918
309	899	875	856	841	832	0	287774
310	875	856	841	832	849	0	288615
311	856	841	832	849	887	0	289447
312	841	832	849	887	973	0	290296
313	832	849	887	973	1031	0	291183
314	849	887	973	1031	1058	0	292156
315	887	973	1031	1058	1078	0	293187
316	973	1031	1058	1078	1074	0	294245
317	1031	1058	1078	1074	1070	0	295323
318	1058	1078	1074	1070	1054	0	296397
319	1078	1074	1070	1054	1032	0	297467
320	1074	1070	1054	1032	1007	0	298521
321	1070	1054	1032	1007	1004	0	299553
322	1054	1032	1007	1004	1004	0	300560
323	1032	1007	1004	1004	1000	0	301564
324	1007	1004	1004	1000	1012	0	302568
325	1004	1004	1000	1012	1015	0	303568
326	1004	1000	1012	1015	1035	0	304580
327	1000	1012	1015	1035	549	0	305595
328	1012	1015	1035	549	490	0	306630
329	1015	1035	549	490	1090	1	307179
330	1035	549	490	1090	513	0	307669
331	549	490	1090	513	495	0	308759
332	490	1090	513	495	1000	1	309272
333	1090	513	495	1000	941	0	309767
334	513	495	1000	941	992	0	310767
335	495	1000	941	992	1074	0	311708
336	1000	941	992	1074	1113	0	312700
337	941	992	1074	1113	1125	0	313774
338	992	1074	1113	1125	1101	0	314887
339	1074	1113	1125	1101	1097	0	316012
340	1113	1125	1101	1097	1078	0	317113
341	1125	1101	1097	1078	1054	0	318210
342	1101	1097	1078	1054	1051	0	319288
343	1097	1078	1054	1051	1039	0	320342
344	1078	1054	1051	1039	1031	0	321393
345	1054	1051	1039	1031	1047	0	322432
346	1051	1039	1031	1047	1058	0	323463
347	1039	1031	1047	1058	1058	0	324510
348	1031	1047	1058	1058	1078	0	325568
349	1047	1058	1058	1078	1063	0	326626
350	1058	1058	1078	1063	1042	0	327704
351	1058	1078	1063	1042	1047	0	328767
352	1078	1063	1042	1047	1051	0	329809
353	1063	1042	1047	1051	1011	0	330856
354	1042	1047	1051	1011	996	0	331907
355	1047	1051	1011	996	549	0	332918
356	1051	1011	996	549	525	0	333914
357	1011	996	549	525	864	1	334463
358	996	549	525	864	946	0	334988
359	549	525	864	946	914	0	335852
360	525	864	946	914	907	0	336798
361	864	946	914	907	934	0	337712
362	946	914	907	934	929	0	338619
363	914	907	934	929	938	0	339553
364	907	934	929	938	942	0	340482
365	934	929	938	942	984	0	341420
366	929	938	942	984	1016	0	342362
367	938	942	984	1016	1008	0	343346
368	942	984	1016	1008	1019	0	344362
369	984	1016	1008	1019	1027	0	345370
370	1016	1008	1019	1027	1016	0	346389
371	1008	1019	1027	1016	1023	0	347416
372	1019	1027	1016	1023	1043	0	348432
373	1027	1016	1023	1043	1047	0	349455
374	1016	1023	1043	1047	552	0	350498
375	1023	1043	1047	552	491	0	351545
376	1043	1047	552	491	1062	1	352097
377	1047	552	491	1062	1070	0	352588
378	552	491	1062	1070	545	0	353650
379	491	1062	1070	545	502	0	354720
380	1062	1070	545	502	1136	1	355265
381	1070	545	502	1136	1105	0	355767
382	545	502	1136	1105	568	0	356903
383	502	1136	1105	568	513	0	358008
384	1136	1105	568	513	1129	1	358576
385	1105	568	513	1129	1074	0	359089
386	568	513	1129	1074	1062	0	360218
387	513	1129	1074	1062	1070	0	361292
388	1129	1074	1062	1070	572	0	362354
389	1074	1062	1070	572	502	0	363424
390	1062	1070	572	502	1051	1	363996
391	1070	572	502	1051	1070	0	364498
392	572	502	1051	1070	502	0	365549
393	502	1051	1070	502	498	0	366619
394	1051	1070	502	498	992	1	367121
395	1070	502	498	992	498	0	367619
396	502	498	992	498	1416	0	368611
397	498	992	498	1416	541	1	369109
398	992	498	1416	541	1296	0	370525
399	498	1416	541	1296	572	1	371066
400	1416	541	1296	572	1206	0	372362
401	541	1296	572	1206	572	1	372934
402	1296	572	1206	572	1214	0	374140
403	572	1206	572	1214	611	1	374712
404	1206	572	1214	611	1163	0	375926
405	572	1214	611	1163	829	1	376537
406	1214	611	1163	829	845	0	377700
407	611	1163	829	845	840	0	378529
408	1163	829	845	840	864	0	379374
409	829	845	840	864	848	0	380214
410	845	840	864	848	876	0	381078
411	840	864	848	876	875	0	381926
412	864	848	876	875	903	0	382802
413	848	876	875	903	906	0	383677
414	876	875	903	906	923	0	384580
415	875	903	906	923	949	0	385486
416	903	906	923	949	942	0	386409
417	906	923	949	942	968	0	387358
418	923	949	942	968	969	0	388300
419	949	942	968	969	965	0	389268
420	942	968	969	965	965	0	390237
421	968	969	965	965	1012	0	391202
422	969	965	965	1012	1031	0	392167
423	965	965	1012	1031	1027	0	393179
424	965	1012	1031	1027	1039	0	394210
425	1012	1031	1027	1039	1039	0	395237
426	1031	1027	1039	1039	1027	0	396276
427	1027	1039	1039	1027	993	0	397315
428	1039	1039	1027	993	1000	0	398342
429	1039	1027	993	1000	1039	0	399335
430	1027	993	1000	1039	1070	0	400335
431	993	1000	1039	1070	1070	0	401374
432	1000	1039	1070	1070	1019	0	402444
433	1039	1070	1070	1019	1047	0	403514
434	1070	1070	1019	1047	1039	0	404533
435	1070	1019	1047	1039	1031	0	405580
436	1019	1047	1039	1031	1078	0	406619
437	1047	1039	1031	1078	1120	0	407650
438	1039	1031	1078	1120	1101	0	408728
439	1031	1078	1120	1101	1148	0	409848
440	1078	1120	1101	1148	1136	0	410949
441	1120	1101	1148	1136	1160	0	412097
442	1101	1148	1136	1160	1171	0	413233
443	1148	1136	1160	1171	1117	0	414393
444	1136	1160	1171	1117	1128	0	415564
445	1160	1171	1117	1128	1113	0	416681
446	1171	1117	1128	1113	1125	0	417809
447	1117	1128	1113	1125	1120	0	418922
448	1128	1113	1125	1120	1160	0	420047
449	1113	1125	1120	1160	1155	0	421167
450	1125	1120	1160	1155	1199	0	422327
451	1120	1160	1155	1199	1148	0	423482
452	1160	1155	1199	1148	1159	0	424681
453	1155	1199	1148	1159	1160	0	425829
454	1199	1148	1159	1160	1183	0	426988
455	1148	1159	1160	1183	1198	0	428148
456	1159	1160	1183	1198	1249	0	429331
457	1160	1183	1198	1249	1222	0	430529
458	1183	1198	1249	1222	1261	0	431778
459	1198	1249	1222	1261	1249	0	433000
460	1249	1222	1261	1249	1253	0	434261
461	1222	1261	1249	1253	1202	0	435510
462	1261	1249	1253	1202	1230	0	436763
463	1249	1253	1202	1230	1175	0	437965
464	1253	1202	1230	1175	1194	0	439195
465	1202	1230	1175	1194	1210	0	440370
466	1230	1175	1194	1210	1242	0	441564
467	1175	1194	1210	1242	1241	0	442774
468	1194	1210	1242	1241	1206	0	444016
469	1210	1242	1241	1206	1167	0	445257
470	1242	1241	1206	1167	1160	0	446463
471	1241	1206	1167	1160	1163	0	447630
472	1206	1167	1160	1163	1164	0	448790
473	1167	1160	1163	1164	1155	0	449953
474	1160	1163	1164	1155	1152	0	451117
475	1163	1164	1155	1152	1206	0	452272
476	1164	1155	1152	1206	1191	0	453424
477	1155	1152	1206	1191	1152	0	454630
478	1152	1206	1191	1152	1116	0	455821
479	1206	1191	1152	1116	1125	0	456973
480	1191	1152	1116	1125	1105	0	458089
481	1152	1116	1125	1105	1125	0	459214
482	1116	1125	1105	1125	1140	0	460319
483	1125	1105	1125	1140	1124	0	461444
484	1105	1125	1140	1124	1129	0	462584
485	1125	1140	1124	1129	1124	0	463708
486	1140	1124	1129	1124	1125	0	464837
487	1124	1129	1124	1125	1132	0	465961
488	1129	1124	1125	1132	1140	0	467086
489	1124	1125	1132	1140	1121	0	468218
490	1125	1132	1140	1121	1147	0	469358
491	1132	1140	1121	1147	1121	0	470479
492	1140	1121	1147	1121	1156	0	471626
493	1121	1147	1121	1156	1140	0	472747
494	1147	1121	1156	1140	1128	0	473903
495	1121	1156	1140	1128	1109	0	475043
496	1156	1140	1128	1109	1101	0	476171
497	1140	1128	1109	1101	1094	0	477280
498	1128	1109	1101	1094	1097	0	478381
499	1109	1101	1094	1097	1121	0	479475
500	1101	1094	1097	1121	1109	0	480572
501	1094	1097	1121	1109	1093	0	481693
502	1097	1121	1109	1093	1086	0	482802
503	1121	1109	1093	1086	1093	0	483895
504	1109	1093	1086	1093	1097	0	484981
505	1093	1086	1093	1097	1121	0	486074
506	1086	1093	1097	1121	1082	0	487171
507	1093	1097	1121	1082	1070	0	488292
508	1097	1121	1082	1070	1089	0	489374
509	1121	1082	1070	1089	560	0	490444
510	1082	1070	1089	560	1456	0	491533
511	1070	1089	560	1456	502	1	492093
512	1089	560	1456	502	1323	0	493549
513	560	1456	502	1323	490	1	494051
514	1456	502	1323	490	1249	0	495374
515	502	1323	490	1249	490	1	495864
516	1323	490	1249	490	1222	0	497113
517	490	1249	490	1222	510	1	497603
518	1249	490	1222	510	1210	0	498825
519	490	1222	510	1210	533	1	499335
520	1222	510	1210	533	494	0	500545
521	510	1210	533	494	591	1	501078
522	1210	533	494	591	1257	1	501572
523	533	494	591	1257	491	0	502163
524	494	591	1257	491	1404	0	503420
525	591	1257	491	1404	541	1	503911
526	1257	491	1404	541	1346	0	505315
527	491	1404	541	1346	487	1	505856
528	1404	541	1346	487	1334	0	507202
529	541	1346	487	1334	483	1	507689
530	1346	487	1334	483	1311	0	509023
531	487	1334	483	1311	487	1	509506
532	1334	483	1311	487	1260	0	510817
533	483	1311	487	1260	498	1	511304
534	1311	487	1260	498	1242	0	512564
535	487	1260	498	1242	490	1	513062
536	1260	498	1242	490	1276	0	514304
537	498	1242	490	1276	490	1	514794
538	1242	490	1276	490	1292	0	516070
539	490	1276	490	1292	490	1	516560
540	1276	490	1292	490	1296	0	517852
541	490	1292	490	1296	498	1	518342
542	1292	490	1296	498	1276	0	519638
543	490	1296	498	1276	499	1	520136
544	1296	498	1276	499	1315	0	521412
545	498	1276	499	1315	494	1	521911
546	1276	499	1315	494	1327	0	523226
547	499	1315	494	1327	498	1	523720
548	1315	494	1327	498	1315	0	525047
549	494	1327	498	1315	926	1	525545
550	1327	498	1315	926	922	0	526860
551	498	1315	926	922	1004	0	527786
552	1315	926	922	1004	1105	0	528708
553	926	922	1004	1105	1230	0	529712
554	922	1004	1105	1230	1225	0	530817
555	1004	1105	1230	1225	1210	0	532047
556	1105	1230	1225	1210	1133	0	533272
557	1230	1225	1210	1133	1128	0	534482
558	1225	1210	1133	1128	1074	0	535615
559	1210	1133	1128	1074	1074	0	536743
560	1133	1128	1074	1074	1039	0	537817
561	1128	1074	1074	1039	1019	0	538891
562	1074	1074	1039	1019	1004	0	539930
563	1074	1039	1019	1004	993	0	540949
564	1039	1019	1004	993	1011	0	541953
565	1019	1004	993	1011	981	0	542946
566	1004	993	1011	981	949	0	543957
567	993	1011	981	949	950	0	544938
568	1011	981	949	950	976	0	545887
569	981	949	950	976	961	0	546837
570	949	950	976	961	958	0	547813
571	950	976	961	958	964	0	548774
572	976	961	958	964	934	0	549732
573	961	958	964	934	923	0	550696
574	958	964	934	923	1000	0	551630
575	964	934	923	1000	1011	0	552553
576	934	923	1000	1011	996	0	553553
577	923	1000	1011	996	1051	0	554564
578	1000	1011	996	1051	1113	0	555560
579	1011	996	1051	1113	1089	0	556611
580	996	1051	1113	1089	1101	0	557724
581	1051	1113	1089	1101	1117	0	558813
582	1113	1089	1101	1117	1101	0	559914
583	1089	1101	1117	1101	1098	0	561031
584	1101	1117	1101	1098	1093	0	562132
585	1117	1101	1098	1093	1086	0	563230
586	1101	1098	1093	1086	1081	0	564323
587	1098	1093	1086	1081	1059	0	565409
588	1093	1086	1081	1059	1054	0	566490
589	1086	1081	1059	1054	1035	0	567549
590	1081	1059	1054	1035	584	0	568603
591	1059	1054	1035	584	1447	0	569638
592	1054	1035	584	1447	557	1	570222
593	1035	584	1447	557	1404	0	571669
594	584	1447	557	1404	553	1	572226
595	1447	557	1404	553	1331	0	573630
596	557	1404	553	1331	918	1	574183
597	1404	553	1331	918	949	0	575514
598	553	1331	918	949	1028	0	576432
599	1331	918	949	1028	1124	0	577381
600	918	949	1028	1124	1292	0	578409
601	949	1028	1124	1292	1319	0	579533
602	1028	1124	1292	1319	1342	0	580825
603	1124	1292	1319	1342	1253	0	582144
604	1292	1319	1342	1253	1242	0	583486
605	1319	1342	1253	1242	1167	0	584739
606	1342	1253	1242	1167	1152	0	585981
607	1253	1242	1167	1152	1128	0	587148
608	1242	1167	1152	1128	1121	0	588300
609	1167	1152	1128	1121	1132	0	589428
610	1152	1128	1121	1132	615	0	590549
611	1128	1121	1132	615	506	0	591681
612	1121	1132	615	506	470	1	592296
613	1132	615	506	470	518	0	592802
614	615	506	470	518	1136	1	593272
615	506	470	518	1136	518	0	593790
616	470	518	1136	518	1494	0	594926
617	518	1136	518	1494	541	1	595444
618	1136	518	1494	541	1373	0	596938
619	518	1494	541	1373	502	1	597479
620	1494	541	1373	502	1307	0	598852
621	541	1373	502	1307	491	1	599354
622	1373	502	1307	491	1292	0	600661
623	502	1307	491	1292	505	1	601152
624	1307	491	1292	505	1257	0	602444
625	491	1292	505	1257	494	1	602949
626	1292	505	1257	494	1269	0	604206
627	505	1257	494	1269	490	1	604700
628	1257	494	1269	490	1280	0	605969
629	494	1269	490	1280	494	1	606459
630	1269	490	1280	494	1277	0	607739
631	490	1280	494	1277	525	1	608233
632	1280	494	1277	525	1272	0	609510
633	494	1277	525	1272	872	1	610035
634	1277	525	1272	872	1031	0	611307
635	525	1272	872	1031	1136	0	612179
636	1272	872	1031	1136	1277	0	613210
637	872	1031	1136	1277	1288	0	614346
638	1031	1136	1277	1288	1319	0	615623
639	1136	1277	1288	1319	1249	0	616911
640	1277	1288	1319	1249	1225	0	618230
641	1288	1319	1249	1225	1199	0	619479
642	1319	1249	1225	1199	1210	0	620704
643	1249	1225	1199	1210	1233	0	621903
644	1225	1199	1210	1233	1179	0	623113
645	1199	1210	1233	1179	1199	0	624346
646	1210	1233	1179	1199	1175	0	625525
647	1233	1179	1199	1175	1187	0	626724
648	1179	1199	1175	1187	1167	0	627899
649	1199	1175	1187	1167	1171	0	629086
650	1175	1187	1167	1171	1183	0	630253
651	1187	1167	1171	1183	1167	0	631424
652	1167	1171	1183	1167	1187	0	632607
653	1171	1183	1167	1187	1206	0	633774
654	1183	1167	1187	1206	1203	0	634961
655	1167	1187	1206	1203	1155	0	636167
656	1187	1206	1203	1155	1152	0	637370
657	1206	1203	1155	1152	1179	0	638525
658	1203	1155	1152	1179	1171	0	639677
659	1155	1152	1179	1171	1199	0	640856
660	1152	1179	1171	1199	1210	0	642027
661	1179	1171	1199	1210	1218	0	643226
662	1171	1199	1210	1218	1190	0	644436
663	1199	1210	1218	1190	1199	0	645654
664	1210	1218	1190	1199	1148	0	646844
665	1218	1190	1199	1148	1151	0	648043
666	1190	1199	1148	1151	1121	0	649191
667	1199	1148	1151	1121	1097	0	650342
668	1148	1151	1121	1097	1144	0	651463
669	1151	1121	1097	1144	1133	0	652560
670	1121	1097	1144	1133	1179	0	653704
671	1097	1144	1133	1179	1120	0	654837
672	1144	1133	1179	1120	1148	0	656016
673	1133	1179	1120	1148	1125	0	657136
674	1179	1120	1148	1125	1128	0	658284
675	1120	1148	1125	1128	1132	0	659409
676	1148	1125	1128	1132	1125	0	660537
677	1125	1128	1132	1125	1124	0	661669
678	1128	1132	1125	1124	1117	0	662794
679	1132	1125	1124	1117	1128	0	663918
680	1125	1124	1117	1128	1094	0	665035
681	1124	1117	1128	1094	580	0	666163
682	1117	1128	1094	580	1459	0	667257
683	1128	1094	580	1459	529	1	667837
684	1094	580	1459	529	1358	0	669296
685	580	1459	529	1358	502	1	669825
686	1459	529	1358	502	1276	0	671183
687	529	1358	502	1276	494	1	671685
688	1358	502	1276	494	1245	0	672961
689	502	1276	494	1245	498	1	673455
690	1276	494	1245	498	1234	0	674700
691	494	1245	498	1234	498	1	675198
692	1245	498	1234	498	1272	0	676432
693	498	1234	498	1272	494	1	676930
694	1234	498	1272	494	1304	0	678202
695	498	1272	494	1304	494	1	678696
696	1272	494	1304	494	1319	0	680000
697	494	1304	494	1319	494	1	680494
698	1304	494	1319	494	1343	0	681813
699	494	1319	494	1343	494	1	682307
700	1319	494	1343	494	1358	0	683650
701	494	1343	494	1358	498	1	684144
702	1343	494	1358	498	1346	0	685502
703	494	1358	498	1346	494	1	686000
704	1358	498	1346	494	1366	0	687346
705	498	1346	494	1366	494	1	687840
706	1346	494	1366	494	1354	0	689206
707	494	1366	494	1354	502	1	689700
708	1366	494	1354	502	1319	0	691054
709	494	1354	502	1319	495	1	691556
710	1354	502	1319	495	1338	0	692875
711	502	1319	495	1338	502	1	693370
712	1319	495	1338	502	1350	0	694708
713	495	1338	502	1350	498	1	695210
714	1338	502	1350	498	1362	0	696560
715	502	1350	498	1362	506	1	697058
716	1350	498	1362	506	1335	0	698420
717	498	1362	506	1335	506	1	698926
718	1362	506	1335	506	1326	0	700261
719	506	1335	506	1326	502	1	700767
720	1335	506	1326	502	1323	0	702093
721	506	1326	502	1323	491	1	702595
722	1326	502	1323	491	1323	0	703918
723	502	1323	491	1323	525	1	704409
724	1323	491	1323	525	1253	0	705732
725	491	1323	525	1253	541	1	706257
726	1323	525	1253	541	1171	0	707510
727	525	1253	541	1171	548	1	708051
728	1253	541	1171	548	1160	0	709222
729	541	1171	548	1160	556	1	709770
730	1171	548	1160	556	1160	0	710930
731	548	1160	556	1160	860	1	711486
732	1160	556	1160	860	801	0	712646
733	556	1160	860	801	818	0	713506
734	1160	860	801	818	856	0	714307
735	860	801	818	856	902	0	715125
736	801	818	856	902	961	0	715981
737	818	856	902	961	1012	0	716883
738	856	902	961	1012	1035	0	717844
739	902	961	1012	1035	1023	0	718856
740	961	1012	1035	1023	1012	0	719891
741	1012	1035	1023	1012	1008	0	720914
742	1035	1023	1012	1008	984	0	721926
743	1023	1012	1008	984	930	0	722934
744	1012	1008	984	930	903	0	723918
745	1008	984	930	903	887	0	724848
746	984	930	903	887	864	0	725751
747	930	903	887	864	864	0	726638
748	903	887	864	864	844	0	727502
749	887	864	864	844	841	0	728366
750	864	864	844	841	844	0	729210
751	864	844	841	844	840	0	730051
752	844	841	844	840	849	0	730895
753	841	844	840	849	840	0	731735
754	844	840	849	840	852	0	732584
755	840	849	840	852	876	0	733424
756	849	840	852	876	864	0	734276
757	840	852	876	864	871	0	735152
758	852	876	864	871	876	0	736016
759	876	864	871	876	871	0	736887
760	864	871	876	871	887	0	737763
761	871	876	871	887	907	0	738634
762	876	871	887	907	887	0	739521
763	871	887	907	887	911	0	740428
764	887	907	887	911	895	0	741315
765	907	887	911	895	875	0	742226
766	887	911	895	875	883	0	743121
767	911	895	875	883	864	0	743996
768	895	875	883	864	837	0	744879
769	875	883	864	837	836	0	745743
770	883	864	837	836	814	0	746580
771	864	837	836	814	793	0	747416
772	837	836	814	793	798	0	748230
773	836	814	793	798	778	0	749023
774	814	793	798	778	755	0	749821
775	793	798	778	755	767	0	750599
776	798	778	755	767	751	0	751354
777	778	755	767	751	762	0	752121
778	755	767	751	762	747	0	752872
779	767	751	762	747	755	0	753634
780	751	762	747	755	775	0	754381
781	762	747	755	775	770	0	755136
782	747	755	775	770	790	0	755911
783	755	775	770	790	797	0	756681
784	775	770	790	797	806	0	757471
785	770	790	797	806	809	0	758268
786	790	797	806	809	810	0	759074
787	797	806	809	810	805	0	759883
788	806	809	810	805	809	0	760693
789	809	810	805	809	806	0	761498
790	810	805	809	806	801	0	762307
791	805	809	806	801	806	0	763113
792	809	806	801	806	798	0	763914
793	806	801	806	798	789	0	764720
794	801	806	798	789	794	0	765518
795	806	798	789	794	810	0	766307
796	798	789	794	810	821	0	767101
797	789	794	810	821	821	0	767911
798	794	810	821	821	836	0	768732
799	810	821	821	836	817	0	769553
800	821	821	836	817	821	0	770389
801	821	836	817	821	821	0	771206
802	836	817	821	821	817	0	772027
803	817	821	821	817	821	0	772848
804	821	821	817	821	818	0	773665
805	821	817	821	818	828	0	774486
806	817	821	818	828	829	0	775304
807	821	818	828	829	825	0	776132
808	818	828	829	825	829	0	776961
809	828	829	825	829	813	0	777786
810	829	825	829	813	809	0	778615
811	825	829	813	809	810	0	779428
812	829	813	809	810	801	0	780237
813	813	809	810	801	798	0	781047
814	809	810	801	798	794	0	781848
815	810	801	798	794	797	0	782646
816	801	798	794	797	790	0	783440
817	798	794	797	790	782	0	784237
818	794	797	790	782	794	0	785027
819	797	790	782	794	790	0	785809
820	790	782	794	790	782	0	786603
821	782	794	790	782	802	0	787393
822	794	790	782	802	801	0	788175
823	790	782	802	801	806	0	788977
824	782	802	801	806	805	0	789778
825	802	801	806	805	806	0	790584
826	801	806	805	806	801	0	791389
827	806	805	806	801	798	0	792195
828	805	806	801	798	801	0	792996
829	806	801	798	801	794	0	793794
830	801	798	801	794	802	0	794595
831	798	801	794	802	778	0	795389
832	801	794	802	778	794	0	796191
833	794	802	778	794	790	0	796969
834	802	778	794	790	801	0	797763
835	778	794	790	801	790	0	798553
836	794	790	801	790	778	0	799354
837	790	801	790	778	798	0	800144
838	801	790	778	798	798	0	800922
839	790	778	798	798	778	0	801720
840	778	798	798	778	797	0	802518
841	798	798	778	797	806	0	803296
842	798	778	797	806	801	0	804093
843	778	797	806	801	802	0	804899
844	797	806	801	802	802	0	805700
845	806	801	802	802	797	0	806502
846	801	802	802	797	588	0	807304
847	802	802	797	588	961	0	808101
848	802	797	588	961	510	1	808689
849	797	588	961	510	1085	0	809650
850	588	961	510	1085	487	1	810160
851	961	510	1085	487	1062	0	811245
852	510	1085	487	1062	525	1	811732
853	1085	487	1062	525	961	0	812794
854	487	1062	525	961	518	1	813319
855	1062	525	961	518	902	0	814280
856	525	961	518	902	677	1	814798
857	961	518	902	677	677	0	815700
858	518	902	677	677	697	0	816377
859	902	677	677	697	728	0	817054
860	677	677	697	728	758	0	817751
861	677	697	728	758	767	0	818479
862	697	728	758	767	778	0	819237
863	728	758	767	778	732	0	820004
864	758	767	778	732	747	0	820782
865	767	778	732	747	735	0	821514
866	778	732	747	735	728	0	822261
867	732	747	735	728	720	0	822996
868	747	735	728	720	723	0	823724
869	735	728	720	723	724	0	824444
870	728	720	723	724	716	0	825167
871	720	723	724	716	533	0	825891
872	723	724	716	533	922	0	826607
873	724	716	533	922	494	1	827140
874	716	533	922	494	969	0	828062
875	533	922	494	969	518	1	828556
876	922	494	969	518	910	0	829525
877	494	969	518	910	526	1	830043
878	969	518	910	526	863	0	830953
879	518	910	526	863	506	1	831479
880	910	526	863	506	825	0	832342
881	526	863	506	825	646	1	832848
882	863	506	825	646	627	0	833673
883	506	825	646	627	653	0	834319
884	825	646	627	653	650	0	834946
885	646	627	653	650	685	0	835599
886	627	653	650	685	692	0	836249
887	653	650	685	692	440	0	836934
888	650	685	692	440	397	0	837626
889	685	692	440	397	1183	1	838066
890	692	440	397	1183	471	1	838463
891	440	397	1183	471	930	0	839646
892	397	1183	471	930	653	1	840117
893	1183	471	930	653	639	0	841047
894	471	930	653	639	509	0	841700
895	930	653	639	509	817	0	842339
896	653	639	509	817	463	1	842848
897	639	509	817	463	860	0	843665
898	509	817	463	860	498	1	844128
899	817	463	860	498	825	0	844988
900	463	860	498	825	635	1	845486
901	860	498	825	635	642	0	846311
902	498	825	635	642	645	0	846946
903	825	635	642	645	662	0	847588
904	635	642	645	662	591	0	848233
905	642	645	662	591	498	0	848895
906	645	662	591	498	495	0	849486
907	662	591	498	495	579	0	849984
908	591	498	495	579	1016	0	850479
909	498	495	579	1016	451	0	851058
910	495	579	1016	451	1020	0	852074
911	579	1016	451	1020	482	1	852525
912	1016	451	1020	482	961	0	853545
913	451	1020	482	961	510	1	854027
914	1020	482	961	510	879	0	854988
915	482	961	510	879	510	1	855498
916	961	510	879	510	848	0	856377
917	510	879	510	848	498	1	856887
918	879	510	848	498	853	0	857735
919	510	848	498	853	498	1	858233
920	848	498	853	498	836	0	859086
921	498	853	498	836	487	1	859584
922	853	498	836	487	844	0	860420
923	498	836	487	844	525	1	860907
924	836	487	844	525	841	0	861751
925	487	844	525	841	482	1	862276
926	844	525	841	482	876	0	863117
927	525	841	482	876	502	1	863599
928	841	482	876	502	867	0	864475
929	482	876	502	867	498	1	864977
930	876	502	867	498	868	0	865844
931	502	867	498	868	510	1	866342
932	867	498	868	510	836	0	867210
933	498	868	510	836	506	1	867720
934	868	510	836	506	837	0	868556
935	510	836	506	837	517	1	869062
936	836	506	837	517	821	0	869899
937	506	837	517	821	518	1	870416
938	837	517	821	518	813	0	871237
939	517	821	518	813	506	1	871755
940	821	518	813	506	840	0	872568
941	518	813	506	840	506	1	873074
942	813	506	840	506	845	0	873914
943	506	840	506	845	498	1	874420
944	840	506	845	498	856	0	875265
945	506	845	498	856	525	1	875763
946	845	498	856	525	837	0	876619
947	498	856	525	837	482	1	877144
948	856	525	837	482	883	0	877981
949	525	837	482	883	518	1	878463
950	837	482	883	518	852	0	879346
951	482	883	518	852	494	1	879864
952	883	518	852	494	887	0	880716
953	518	852	494	887	506	1	881210
954	852	494	887	506	872	0	882097
955	494	887	506	872	521	1	882603
956	887	506	872	521	833	0	883475
957	506	872	521	833	517	1	883996
958	872	521	833	517	814	0	884829
959	521	833	517	814	509	1	885346
960	833	517	814	509	829	0	886160
961	517	814	509	829	533	1	886669
962	814	509	829	533	794	0	887498
963	509	829	533	794	506	1	888031
964	829	533	794	506	829	0	888825
965	533	794	506	829	521	1	889331
966	794	506	829	521	798	0	890160
967	506	829	521	798	521	1	890681
968	829	521	798	521	829	0	891479
969	521	798	521	829	685	1	892000
970	798	521	829	685	661	0	892829
971	521	829	685	661	720	0	893514
972	829	685	661	720	708	0	894175
973	685	661	720	708	743	0	894895
974	661	720	708	743	755	0	895603
975	720	708	743	755	782	0	896346
976	708	743	755	782	775	0	897101
977	743	755	782	775	797	0	897883
978	755	782	775	797	771	0	898658
979	782	775	797	771	739	0	899455
980	775	797	771	739	735	0	900226
981	797	771	739	735	712	0	900965
982	771	739	735	712	728	0	901700
983	739	735	712	728	739	0	902412
984	735	712	728	739	759	0	903140
985	712	728	739	759	763	0	903879
986	728	739	759	763	786	0	904638
987	739	759	763	786	782	0	905401
988	759	763	786	782	759	0	906187
989	763	786	782	759	774	0	906969
990	786	782	759	774	790	0	907728
991	782	759	774	790	801	0	908502
992	759	774	790	801	814	0	909292
993	774	790	801	814	801	0	910093
994	790	801	814	801	786	0	910907
995	801	814	801	786	837	0	911708
996	814	801	786	837	825	0	912494
997	801	786	837	825	844	0	913331
998	786	837	825	844	856	0	914156
999	837	825	844	856	891	0	915000
1000	825	844	856	891	876	0	915856
1001	844	856	891	876	891	0	916747
1002	856	891	876	891	867	0	917623
1003	891	876	891	867	852	0	918514
1004	876	891	867	852	860	0	919381
1005	891	867	852	860	864	0	920233
1006	867	852	860	864	860	0	921093
1007	852	860	864	860	883	0	921957
1008	860	864	860	883	891	0	922817
1009	864	860	883	891	888	0	923700
1010	860	883	891	888	895	0	924591
1011	883	891	888	895	863	0	925479
1012	891	888	895	863	841	0	926374
1013	888	895	863	841	809	0	927237
1014	895	863	841	809	934	0	928078
1015	863	841	809	934	953	0	928887
1016	841	809	934	953	965	0	929821
1017	809	934	953	965	973	0	930774
1018	934	953	965	973	949	0	931739
1019	953	965	973	949	930	0	932712
1020	965	973	949	930	950	0	933661
1021	973	949	930	950	926	0	934591
1022	949	930	950	926	918	0	935541
1023	930	950	926	918	942	0	936467
1024	950	926	918	942	941	0	937385
1025	926	918	942	941	934	0	938327
1026	918	942	941	934	950	0	939268
1027	942	941	934	950	934	0	940202
1028	941	934	950	934	941	0	941152
1029	934	950	934	941	942	0	942086
1030	950	934	941	942	938	0	943027
1031	934	941	942	938	1004	0	943969
1032	941	942	938	1004	988	0	944907
1033	942	938	1004	988	988	0	945911
1034	938	1004	988	988	988	0	946899
1035	1004	988	988	988	1000	0	947887
1036	988	988	988	1000	993	0	948875
1037	988	988	1000	993	945	0	949875
1038	988	1000	993	945	526	0	950868
1039	1000	993	945	526	1319	0	951813
1040	993	945	526	1319	548	1	952339
1041	945	526	1319	548	1183	0	953658
1042	526	1319	548	1183	841	1	954206
1043	1319	548	1183	841	840	0	955389
1044	548	1183	841	840	953	0	956230
1045	1183	841	840	953	1047	0	957070
1046	841	840	953	1047	1074	0	958023
1047	840	953	1047	1074	1105	0	959070
1048	953	1047	1074	1105	1117	0	960144
1049	1047	1074	1105	1117	1078	0	961249
1050	1074	1105	1117	1078	1066	0	962366
1051	1105	1117	1078	1066	1046	0	963444
1052	1117	1078	1066	1046	985	0	964510
1053	1078	1066	1046	985	965	0	965556
1054	1066	1046	985	965	938	0	966541
1055	1046	985	965	938	914	0	967506
1056	985	965	938	914	910	0	968444
1057	965	938	914	910	938	0	969358
1058	938	914	910	938	934	0	970268
1059	914	910	938	934	961	0	971206
1060	910	938	934	961	934	0	972140
1061	938	934	961	934	926	0	973101
1062	934	961	934	926	1000	0	974035
1063	961	934	926	1000	1012	0	974961
1064	934	926	1000	1012	1043	0	975961
1065	926	1000	1012	1043	1042	0	976973
1066	1000	1012	1043	1042	1012	0	978016
1067	1012	1043	1042	1012	1000	0	979058
1068	1043	1042	1012	1000	946	0	980070
1069	1042	1012	1000	946	533	0	981070
1070	1012	1000	946	533	1350	0	982016
1071	1000	946	533	1350	583	1	982549
1072	946	533	1350	583	1246	0	983899
1073	533	1350	583	1246	879	1	984482
1074	1350	583	1246	879	907	0	985728
1075	583	1246	879	907	1050	0	986607
1076	1246	879	907	1050	1109	0	987514
1077	879	907	1050	1109	1167	0	988564
1078	907	1050	1109	1167	1214	0	989673
1079	1050	1109	1167	1214	1183	0	990840
1080	1109	1167	1214	1183	1195	0	992054
1081	1167	1214	1183	1195	1109	0	993237
1082	1214	1183	1195	1109	1070	0	994432
1083	1183	1195	1109	1070	1050	0	995541
1084	1195	1109	1070	1050	1016	0	996611
1085	1109	1070	1050	1016	1000	0	997661
1086	1070	1050	1016	1000	1031	0	998677
1087	1050	1016	1000	1031	1074	0	999677
1088	1016	1000	1031	1074	1117	0	1000708
1089	1000	1031	1074	1117	1136	0	1001782
1090	1031	1074	1117	1136	1148	0	1002899
1091	1074	1117	1136	1148	1144	0	1004035
1092	1117	1136	1148	1144	1117	0	1005183
1093	1136	1148	1144	1117	537	0	1006327
1094	1148	1144	1117	537	1486	0	1007444
1095	1144	1117	537	1486	572	1	1007981
1096	1117	537	1486	572	1233	0	1009467
1097	537	1486	572	1233	825	1	1010039
1098	1486	572	1233	825	790	0	1011272
1099	572	1233	825	790	782	0	1012097
1100	1233	825	790	782	817	0	1012887
1101	825	790	782	817	946	0	1013669
1102	790	782	817	946	1047	0	1014486
1103	782	817	946	1047	1085	0	1015432
1104	817	946	1047	1085	1117	0	1016479
1105	946	1047	1085	1117	1121	0	1017564
1106	1047	1085	1117	1121	1101	0	1018681
1107	1085	1117	1121	1101	1081	0	1019802
1108	1117	1121	1101	1081	1051	0	1020903
1109	1121	1101	1081	1051	1074	0	1021984
1110	1101	1081	1051	1074	1089	0	1023035
1111	1081	1051	1074	1089	1078	0	1024109
1112	1051	1074	1089	1078	1098	0	1025198
1113	1074	1089	1078	1098	1108	0	1026276
1114	1089	1078	1098	1108	1102	0	1027374
1115	1078	1098	1108	1102	1070	0	1028482
1116	1098	1108	1102	1070	1066	0	1029584
1117	1108	1102	1070	1066	1074	0	1030654
1118	1102	1070	1066	1074	564	0	1031720
1119	1070	1066	1074	564	1447	0	1032794
1120	1066	1074	564	1447	584	1	1033358
1121	1074	564	1447	584	1276	0	1034805
1122	564	1447	584	1276	549	1	1035389
1123	1447	584	1276	549	1222	0	1036665
1124	584	1276	549	1222	564	1	1037214
1125	1276	549	1222	564	1214	0	1038436
1126	549	1222	564	1214	556	1	1039000
1127	1222	564	1214	556	1214	0	1040214
1128	564	1214	556	1214	572	1	1040770
1129	1214	556	1214	572	1226	0	1041984
1130	556	1214	572	1226	879	1	1042556
1131	1214	572	1226	879	950	0	1043782
1132	572	1226	879	950	996	0	1044661
1133	1226	879	950	996	1035	0	1045611
1134	879	950	996	1035	1058	0	1046607
1135	950	996	1035	1058	1094	0	1047642
1136	996	1035	1058	1094	1081	0	1048700
1137	1035	1058	1094	1081	1063	0	1049794
1138	1058	1094	1081	1063	1031	0	1050875
1139	1094	1081	1063	1031	1004	0	1051938
1140	1081	1063	1031	1004	984	0	1052969
1141	1063	1031	1004	984	950	0	1053973
1142	1031	1004	984	950	922	0	1054957
1143	1004	984	950	922	903	0	1055907
1144	984	950	922	903	906	0	1056829
1145	950	922	903	906	557	0	1057732
1146	922	903	906	557	1202	0	1058638
1147	903	906	557	1202	840	1	1059195
1148	906	557	1202	840	849	0	1060397
1149	557	1202	840	849	529	0	1061237
1150	1202	840	849	529	1214	0	1062086
1151	840	849	529	1214	556	1	1062615
1152	849	529	1214	556	1121	0	1063829
1153	529	1214	556	1121	568	1	1064385
1154	1214	556	1121	568	1117	0	1065506
1155	556	1121	568	1117	541	1	1066074
1156	1121	568	1117	541	1140	0	1067191
1157	568	1117	541	1140	560	1	1067732
1158	1117	541	1140	560	1121	0	1068872
1159	541	1140	560	1121	564	1	1069432
1160	1140	560	1121	564	1140	0	1070553
1161	560	1121	564	1140	556	1	1071117
1162	1121	564	1140	556	1148	0	1072257
1163	564	1140	556	1148	607	1	1072813
1164	1140	556	1148	607	1093	0	1073961
1165	556	1148	607	1093	584	1	1074568
1166	1148	607	1093	584	1059	0	1075661
1167	607	1093	584	1059	552	1	1076245
1168	1093	584	1059	552	1082	0	1077304
1169	584	1059	552	1082	595	1	1077856
1170	1059	552	1082	595	988	0	1078938
1171	552	1082	595	988	779	1	1079533
1172	1082	595	988	779	778	0	1080521
1173	595	988	779	778	797	0	1081300
1174	988	779	778	797	849	0	1082078
1175	779	778	797	849	521	0	1082875
1176	778	797	849	521	1284	0	1083724
1177	797	849	521	1284	533	1	1084245
1178	849	521	1284	533	1230	0	1085529
1179	521	1284	533	1230	852	1	1086062
1180	1284	533	1230	852	848	0	1087292
1181	533	1230	852	848	864	0	1088144
1182	1230	852	848	864	895	0	1088992
1183	852	848	864	895	914	0	1089856
1184	848	864	895	914	965	0	1090751
1185	864	895	914	965	1004	0	1091665
1186	895	914	965	1004	1012	0	1092630
1187	914	965	1004	1012	992	0	1093634
1188	965	1004	1012	992	981	0	1094646
1189	1004	1012	992	981	961	0	1095638
1190	1012	992	981	961	938	0	1096619
1191	992	981	961	938	906	0	1097580
1192	981	961	938	906	868	0	1098518
1193	961	938	906	868	868	0	1099424
1194	938	906	868	868	840	0	1100292
1195	906	868	868	840	829	0	1101160
1196	868	868	840	829	856	0	1102000
1197	868	840	829	856	860	0	1102829
1198	840	829	856	860	867	0	1103685
1199	829	856	860	867	895	0	1104545
1200	856	860	867	895	884	0	1105412
1201	860	867	895	884	902	0	1106307
1202	867	895	884	902	915	0	1107191
1203	895	884	902	915	918	0	1108093
1204	884	902	915	918	926	0	1109008
1205	902	915	918	926	915	0	1109926
1206	915	918	926	915	922	0	1110852
1207	918	926	915	922	895	0	1111767
1208	926	915	922	895	871	0	1112689
1209	915	922	895	871	856	0	1113584
1210	922	895	871	856	833	0	1114455
1211	895	871	856	833	825	0	1115311
1212	871	856	833	825	848	0	1116144
1213	856	833	825	848	833	0	1116969
1214	833	825	848	833	813	0	1117817
1215	825	848	833	813	825	0	1118650
1216	848	833	813	825	809	0	1119463
1217	833	813	825	809	798	0	1120288
1218	813	825	809	798	786	0	1121097
1219	825	809	798	786	782	0	1121895
1220	809	798	786	782	767	0	1122681
1221	798	786	782	767	762	0	1123463
1222	786	782	767	762	759	0	1124230
1223	782	767	762	759	751	0	1124992
1224	767	762	759	751	759	0	1125751
1225	762	759	751	759	743	0	1126502
1226	759	751	759	743	739	0	1127261
1227	751	759	743	739	743	0	1128004
1228	759	743	739	743	744	0	1128743
1229	743	739	743	744	739	0	1129486
1230	739	743	744	739	731	0	1130230
1231	743	744	739	731	720	0	1130969
1232	744	739	731	720	712	0	1131700
1233	739	731	720	712	736	0	1132420
1234	731	720	712	736	723	0	1133132
1235	720	712	736	723	724	0	1133868
1236	712	736	723	724	728	0	1134591
1237	736	723	724	728	716	0	1135315
1238	723	724	728	716	720	0	1136043
1239	724	728	716	720	723	0	1136759
1240	728	716	720	723	720	0	1137479
1241	716	720	723	720	720	0	1138202
1242	720	723	720	720	732	0	1138922
1243	723	720	720	732	727	0	1139642
1244	720	720	732	727	712	0	1140374
1245	720	732	727	712	708	0	1141101
1246	732	727	712	708	716	0	1141813
1247	727	712	708	716	712	0	1142521
1248	712	708	716	712	712	0	1143237
1249	708	716	712	712	705	0	1143949
1250	716	712	712	705	712	0	1144661
1251	712	712	705	712	727	0	1145366
1252	712	705	712	727	720	0	1146078
1253	705	712	727	720	720	0	1146805
1254	712	727	720	720	728	0	1147525
1255	727	720	720	728	723	0	1148245
1256	720	720	728	723	724	0	1148973
1257	720	728	723	724	720	0	1149696
1258	728	723	724	720	720	0	1150420
1259	723	724	720	720	716	0	1151140
1260	724	720	720	716	708	0	1151860
1261	720	720	716	708	716	0	1152576
1262	720	716	708	716	735	0	1153284
1263	716	708	716	735	712	0	1154000
1264	708	716	735	712	732	0	1154735
1265	716	735	712	732	728	0	1155447
1266	735	712	732	728	727	0	1156179
1267	712	732	728	727	724	0	1156907
1268	732	728	727	724	728	0	1157634
1269	728	727	724	728	735	0	1158358
1270	727	724	728	735	735	0	1159086
1271	724	728	735	735	724	0	1159821
1272	728	735	735	724	751	0	1160556
1273	735	735	724	751	751	0	1161280
1274	735	724	751	751	747	0	1162031
1275	724	751	751	747	755	0	1162782
1276	751	751	747	755	759	0	1163529
1277	751	747	755	759	759	0	1164284
1278	747	755	759	759	774	0	1165043
1279	755	759	759	774	759	0	1165802
1280	759	759	774	759	751	0	1166576
1281	759	774	759	751	770	0	1167335
1282	774	759	751	770	759	0	1168086
1283	759	751	770	759	759	0	1168856
1284	751	770	759	759	751	0	1169615
1285	770	759	759	751	782	0	1170374
1286	759	759	751	782	758	0	1171125
1287	759	751	782	758	763	0	1171907
1288	751	782	758	763	763	0	1172665
1289	782	758	763	763	766	0	1173428
1290	758	763	763	766	763	0	1174191
1291	763	763	766	763	762	0	1174957
1292	763	766	763	762	755	0	1175720
1293	766	763	762	755	759	0	1176482
1294	763	762	755	759	755	0	1177237
1295	762	755	759	755	747	0	1177996
1296	755	759	755	747	743	0	1178751
1297	759	755	747	743	751	0	1179498
1298	755	747	743	751	743	0	1180241
1299	747	743	751	743	732	0	1180992
1300	743	751	743	732	739	0	1181735
1301	751	743	732	739	743	0	1182467
1302	743	732	739	743	728	0	1183206
1303	732	739	743	728	735	0	1183949
1304	739	743	728	735	728	0	1184677
1305	743	728	735	728	728	0	1185412
1306	728	735	728	728	735	0	1186140
1307	735	728	728	735	720	0	1186868
1308	728	728	735	720	731	0	1187603
1309	728	735	720	731	716	0	1188323
1310	735	720	731	716	701	0	1189054
1311	720	731	716	701	692	0	1189770
1312	731	716	701	692	701	0	1190471
1313	716	701	692	701	685	0	1191163
1314	701	692	701	685	673	0	1191864
1315	692	701	685	673	677	0	1192549
1316	701	685	673	677	661	0	1193222
1317	685	673	677	661	677	0	1193899
1318	673	677	661	677	666	0	1194560
1319	677	661	677	666	673	0	1195237
1320	661	677	666	673	525	0	1195903
1321	677	666	673	525	876	0	1196576
1322	666	673	525	876	459	1	1197101
1323	673	525	876	459	934	0	1197977
1324	525	876	459	934	494	1	1198436
1325	876	459	934	494	887	0	1199370
1326	459	934	494	887	455	1	1199864
1327	934	494	887	455	887	0	1200751
1328	494	887	455	887	510	1	1201206
1329	887	455	887	510	798	0	1202093
1330	455	887	510	798	490	1	1202603
1331	887	510	798	490	802	0	1203401
1332	510	798	490	802	490	1	1203891
1333	798	490	802	490	774	0	1204693
1334	490	802	490	774	494	1	1205183
1335	802	490	774	494	782	0	1205957
1336	490	774	494	782	460	1	1206451
1337	774	494	782	460	805	0	1207233
1338	494	782	460	805	483	1	1207693
1339	782	460	805	483	770	0	1208498
1340	460	805	483	770	471	1	1208981
1341	805	483	770	471	770	0	1209751
1342	483	770	471	770	498	1	1210222
1343	770	471	770	498	740	0	1210992
1344	471	770	498	740	494	1	1211490
1345	770	498	740	494	747	0	1212230
1346	498	740	494	747	490	1	1212724
1347	740	494	747	490	739	0	1213471
1348	494	747	490	739	487	1	1213961
1349	747	490	739	487	735	0	1214700
1350	490	739	487	735	603	1	1215187
1351	739	487	735	603	607	0	1215922
1352	487	735	603	607	506	0	1216525
1353	735	603	607	506	739	0	1217132
1354	603	607	506	739	483	1	1217638
1355	607	506	739	483	755	0	1218377
1356	506	739	483	755	471	1	1218860
1357	739	483	755	471	770	0	1219615
1358	483	755	471	770	490	1	1220086
1359	755	471	770	490	740	0	1220856
1360	471	770	490	740	498	1	1221346
1361	770	490	740	498	731	0	1222086
1362	490	740	498	731	463	1	1222584
1363	740	498	731	463	763	0	1223315
1364	498	731	463	763	603	1	1223778
1365	731	463	763	603	599	0	1224541
1366	463	763	603	599	490	0	1225144
1367	763	603	599	490	724	0	1225743
1368	603	599	490	724	471	1	1226233
1369	599	490	724	471	759	0	1226957
1370	490	724	471	759	459	1	1227428
1371	724	471	759	459	759	0	1228187
1372	471	759	459	759	607	1	1228646
1373	759	459	759	607	611	0	1229405
1374	459	759	607	611	521	0	1230012
1375	759	607	611	521	731	0	1230623
1376	607	611	521	731	475	1	1231144
1377	611	521	731	475	786	0	1231875
1378	521	731	475	786	487	1	1232350
1379	731	475	786	487	786	0	1233136
1380	475	786	487	786	478	1	1233623
1381	786	487	786	478	786	0	1234409
1382	487	786	478	786	494	1	1234887
1383	786	478	786	494	763	0	1235673
1384	478	786	494	763	490	1	1236167
1385	786	494	763	490	759	0	1236930
1386	494	763	490	759	490	1	1237420
1387	763	490	759	490	767	0	1238179
1388	490	759	490	767	607	1	1238669
1389	759	490	767	607	618	0	1239436
1390	490	767	607	618	487	0	1240043
1391	767	607	618	487	813	0	1240661
1392	607	618	487	813	459	1	1241148
1393	618	487	813	459	852	0	1241961
1394	487	813	459	852	498	1	1242420
1395	813	459	852	498	806	0	1243272
1396	459	852	498	806	498	1	1243770
1397	852	498	806	498	782	0	1244576
1398	498	806	498	782	490	1	1245074
1399	806	498	782	490	779	0	1245856
1400	498	782	490	779	513	1	1246346
1401	782	490	779	513	736	0	1247125
1402	490	779	513	736	513	1	1247638
1403	779	513	736	513	736	0	1248374
1404	513	736	513	736	494	1	1248887
1405	736	513	736	494	755	0	1249623
1406	513	736	494	755	482	1	1250117
1407	736	494	755	482	786	0	1250872
1408	494	755	482	786	467	1	1251354
1409	755	482	786	467	786	0	1252140
1410	482	786	467	786	482	1	1252607
1411	786	467	786	482	783	0	1253393
1412	467	786	482	783	486	1	1253875
1413	786	482	783	486	755	0	1254658
1414	482	783	486	755	475	1	1255144
1415	783	486	755	475	778	0	1255899
1416	486	755	475	778	509	1	1256374
1417	755	475	778	509	763	0	1257152
1418	475	778	509	763	510	1	1257661
1419	778	509	763	510	766	0	1258424
1420	509	763	510	766	498	1	1258934
1421	763	510	766	498	771	0	1259700
1422	510	766	498	771	513	1	1260198
1423	766	498	771	513	751	0	1260969
1424	498	771	513	751	518	1	1261482
1425	771	513	751	518	747	0	1262233
1426	513	751	518	747	475	1	1262751
1427	751	518	747	475	782	0	1263498
1428	518	747	475	782	475	1	1263973
1429	747	475	782	475	774	0	1264755
1430	475	782	475	774	486	1	1265230
1431	782	475	774	486	767	0	1266004
1432	475	774	486	767	494	1	1266490
1433	774	486	767	494	735	0	1267257
1434	486	767	494	735	518	1	1267751
1435	767	494	735	518	712	0	1268486
1436	494	735	518	712	494	1	1269004
1437	735	518	712	494	739	0	1269716
1438	518	712	494	739	487	1	1270210
1439	712	494	739	487	755	0	1270949
1440	494	739	487	755	490	1	1271436
1441	739	487	755	490	728	0	1272191
1442	487	755	490	728	486	1	1272681
1443	755	490	728	486	739	0	1273409
1444	490	728	486	739	506	1	1273895
1445	728	486	739	506	700	0	1274634
1446	486	739	506	700	491	1	1275140
1447	739	506	700	491	712	0	1275840
1448	506	700	491	712	490	1	1276331
1449	700	491	712	490	697	0	1277043
1450	491	712	490	697	498	1	1277533
1451	712	490	697	498	700	0	1278230
1452	490	697	498	700	494	1	1278728
1453	697	498	700	494	701	0	1279428
1454	498	700	494	701	482	1	1279922
1455	700	494	701	482	712	0	1280623
1456	494	701	482	712	436	1	1281105
1457	701	482	712	436	755	0	1281817
1458	482	712	436	755	486	1	1282253
1459	712	436	755	486	701	0	1283008
1460	436	755	486	701	474	1	1283494
1461	755	486	701	474	705	0	1284195
1462	486	701	474	705	466	1	1284669
1463	701	474	705	466	713	0	1285374
1464	474	705	466	713	463	1	1285840
1465	705	466	713	463	716	0	1286553
1466	466	713	463	716	587	1	1287016
1467	713	463	716	587	592	0	1287732
1468	463	716	587	592	599	0	1288319
1469	716	587	592	599	599	0	1288911
1470	587	592	599	599	619	0	1289510
1471	592	599	599	619	634	0	1290109
1472	599	599	619	634	622	0	1290728
1473	599	619	634	622	650	0	1291362
1474	619	634	622	650	638	0	1291984
1475	634	622	650	638	658	0	1292634
1476	622	650	638	658	658	0	1293272
1477	650	638	658	658	653	0	1293930
1478	638	658	658	653	658	0	1294588
1479	658	658	653	658	654	0	1295241
1480	658	653	658	654	645	0	1295899
1481	653	658	654	645	646	0	1296553
1482	658	654	645	646	646	0	1297198
1483	654	645	646	646	673	0	1297844
1484	645	646	646	673	693	0	1298490
1485	646	646	673	693	681	0	1299163
1486	646	673	693	681	693	0	1299856
1487	673	693	681	693	665	0	1300537
1488	693	681	693	665	685	0	1301230
1489	681	693	665	685	681	0	1301895
1490	693	665	685	681	673	0	1302580
1491	665	685	681	673	704	0	1303261
1492	685	681	673	704	701	0	1303934
1493	681	673	704	701	704	0	1304638
1494	673	704	701	704	704	0	1305339
1495	704	701	704	704	689	0	1306043
1496	701	704	704	689	704	0	1306747
1497	704	704	689	704	689	0	1307436
1498	704	689	704	689	696	0	1308140
1499	689	704	689	696	716	0	1308829
1500	704	689	696	716	705	0	1309525
1501	689	696	716	705	715	0	1310241
1502	696	716	705	715	705	0	1310946
1503	716	705	715	705	723	0	1311661
1504	705	715	705	723	705	0	1312366
1505	715	705	723	705	700	0	1313089
1506	705	723	705	700	708	0	1313794
1507	723	705	700	708	697	0	1314494
1508	705	700	708	697	689	0	1315202
1509	700	708	697	689	692	0	1315899
1510	708	697	689	692	704	0	1316588
1511	697	689	692	704	697	0	1317280
1512	689	692	704	697	685	0	1317984
1513	692	704	697	685	704	0	1318681
1514	704	697	685	704	685	0	1319366
1515	697	685	704	685	689	0	1320070
1516	685	704	685	689	681	0	1320755
1517	704	685	689	681	692	0	1321444
1518	685	689	681	692	677	0	1322125
1519	689	681	692	677	685	0	1322817
1520	681	692	677	685	681	0	1323494
1521	692	677	685	681	689	0	1324179
1522	677	685	681	689	669	0	1324860
1523	685	681	689	669	685	0	1325549
1524	681	689	669	685	673	0	1326218
1525	689	669	685	673	657	0	1326903
1526	669	685	673	657	670	0	1327576
1527	685	673	657	670	653	0	1328233
1528	673	657	670	653	674	0	1328903
1529	657	670	653	674	665	0	1329556
1530	670	653	674	665	681	0	1330230
1531	653	674	665	681	657	0	1330895
1532	674	665	681	657	674	0	1331576
1533	665	681	657	674	673	0	1332233
1534	681	657	674	673	673	0	1332907
1535	657	674	673	673	673	0	1333580
1536	674	673	673	673	681	0	1334253
1537	673	673	673	681	681	0	1334926
1538	673	673	681	681	677	0	1335607
1539	673	681	681	677	673	0	1336288
1540	681	681	677	673	689	0	1336965
1541	681	677	673	689	681	0	1337638
1542	677	673	689	681	688	0	1338327
1543	673	689	681	688	689	0	1339008
1544	689	681	688	689	693	0	1339696
1545	681	688	689	693	696	0	1340385
1546	688	689	693	696	693	0	1341078
1547	689	693	696	693	681	0	1341774
1548	693	696	693	681	689	0	1342467
1549	696	693	681	689	688	0	1343148
1550	693	681	689	688	662	0	1343837
1551	681	689	688	662	712	0	1344525
1552	689	688	662	712	685	0	1345187
1553	688	662	712	685	688	0	1345899
1554	662	712	685	688	685	0	1346584
1555	712	685	688	685	685	0	1347272
1556	685	688	685	685	689	0	1347957
1557	688	685	685	689	688	0	1348642
1558	685	685	689	688	689	0	1349331
1559	685	689	688	689	701	0	1350019
1560	689	688	689	701	680	0	1350708
1561	688	689	701	680	689	0	1351409
1562	689	701	680	689	708	0	1352089
1563	701	680	689	708	689	0	1352778
1564	680	689	708	689	716	0	1353486
1565	689	708	689	716	697	0	1354175
1566	708	689	716	697	696	0	1354891
1567	689	716	697	696	685	0	1355588
1568	716	697	696	685	692	0	1356284
1569	697	696	685	692	670	0	1356969
1570	696	685	692	670	657	0	1357661
1571	685	692	670	657	662	0	1358331
1572	692	670	657	662	673	0	1358988
1573	670	657	662	673	650	0	1359650
1574	657	662	673	650	669	0	1360323
1575	662	673	650	669	665	0	1360973
1576	673	650	669	665	654	0	1361642
1577	650	669	665	654	665	0	1362307
1578	669	665	654	665	658	0	1362961
1579	665	654	665	658	673	0	1363626
1580	654	665	658	673	662	0	1364284
1581	665	658	673	662	681	0	1364957
1582	658	673	662	681	669	0	1365619
1583	673	662	681	669	661	0	1366300
1584	662	681	669	661	642	0	1366969
1585	681	669	661	642	670	0	1367630
1586	669	661	642	670	657	0	1368272
1587	661	642	670	657	658	0	1368942
1588	642	670	657	658	657	0	1369599
1589	670	657	658	657	650	0	1370257
1590	657	658	657	650	662	0	1370914
1591	658	657	650	662	657	0	1371564
1592	657	650	662	657	662	0	1372226
1593	650	662	657	662	677	0	1372883
1594	662	657	662	677	669	0	1373545
1595	657	662	677	669	685	0	1374222
1596	662	677	669	685	673	0	1374891
1597	677	669	685	673	697	0	1375576
1598	669	685	673	697	673	0	1376249
1599	685	673	697	673	673	0	1376946
1600	673	697	673	673	681	0	1377619
1601	697	673	673	681	661	0	1378292
1602	673	673	681	661	662	0	1378973
1603	673	681	661	662	661	0	1379634
1604	681	661	662	661	673	0	1380296
1605	661	662	661	673	685	0	1380957
1606	662	661	673	685	673	0	1381630
1607	661	673	685	673	681	0	1382315
1608	673	685	673	681	685	0	1382988
1609	685	673	681	685	662	0	1383669
1610	673	681	685	662	688	0	1384354
1611	681	685	662	688	677	0	1385016
1612	685	662	688	677	673	0	1385704
1613	662	688	677	673	670	0	1386381
1614	688	677	673	670	685	0	1387054
1615	677	673	670	685	665	0	1387724
1616	673	670	685	665	673	0	1388409
1617	670	685	665	673	662	0	1389074
1618	685	665	673	662	677	0	1389747
1619	665	673	662	677	673	0	1390409
1620	673	662	677	673	677	0	1391086
1621	662	677	673	677	685	0	1391759
1622	677	673	677	685	681	0	1392436
1623	673	677	685	681	684	0	1393121
1624	677	685	681	684	697	0	1393802
1625	685	681	684	697	704	0	1394486
1626	681	684	697	704	669	0	1395183
1627	684	697	704	669	677	0	1395887
1628	697	704	669	677	678	0	1396556
1629	704	669	677	678	579	0	1397233
1630	669	677	678	579	751	0	1397911
1631	677	678	579	751	510	0	1398490
1632	678	579	751	510	837	0	1399241
1633	579	751	510	837	466	1	1399751
1634	751	510	837	466	884	0	1400588
1635	510	837	466	884	478	1	1401054
1636	837	466	884	478	849	0	1401938
1637	466	884	478	849	646	1	1402416
1638	884	478	849	646	642	0	1403265
1639	478	849	646	642	642	0	1403911
1640	849	646	642	642	653	0	1404553
1641	646	642	642	653	650	0	1405195
1642	642	642	653	650	642	0	1405848
1643	642	653	650	642	669	0	1406498
1644	653	650	642	669	697	0	1407140
1645	650	642	669	697	696	0	1407809
1646	642	669	697	696	712	0	1408506
1647	669	697	696	712	728	0	1409202
1648	697	696	712	728	763	0	1409914
1649	696	712	728	763	758	0	1410642
1650	712	728	763	758	533	0	1411405
1651	728	763	758	533	452	0	1412163
1652	763	758	533	452	1105	0	1412696
1653	758	533	452	1105	436	1	1413148
1654	533	452	1105	436	957	0	1414253
1655	452	1105	436	957	420	1	1414689
1656	1105	436	957	420	938	0	1415646
1657	436	957	420	938	436	1	1416066
1658	957	420	938	436	914	0	1417004
1659	420	938	436	914	475	1	1417440
1660	938	436	914	475	879	0	1418354
1661	436	914	475	879	444	1	1418829
1662	914	475	879	444	914	0	1419708
1663	475	879	444	914	448	1	1420152
1664	879	444	914	448	906	0	1421066
1665	444	914	448	906	502	1	1421514
1666	914	448	906	502	876	0	1422420
1667	448	906	502	876	470	1	1422922
1668	906	502	876	470	899	0	1423798
1669	502	876	470	899	452	1	1424268
1670	876	470	899	452	887	0	1425167
1671	470	899	452	887	463	1	1425619
1672	899	452	887	463	871	0	1426506
1673	452	887	463	871	537	1	1426969
1674	887	463	871	537	767	0	1427840
1675	463	871	537	767	494	1	1428377
1676	871	537	767	494	778	0	1429144
1677	537	767	494	778	506	1	1429638
1678	767	494	778	506	786	0	1430416
1679	494	778	506	786	494	1	1430922
1680	778	506	786	494	810	0	1431708
1681	506	786	494	810	494	1	1432202
1682	786	494	810	494	817	0	1433012
1683	494	810	494	817	490	1	1433506
1684	810	494	817	490	786	0	1434323
1685	494	817	490	786	494	1	1434813
1686	817	490	786	494	771	0	1435599
1687	490	786	494	771	478	1	1436093
1688	786	494	771	478	783	0	1436864
1689	494	771	478	783	501	1	1437342
1690	771	478	783	501	736	0	1438125
1691	478	783	501	736	622	1	1438626
1692	783	501	736	622	615	0	1439362
1693	501	736	622	615	619	0	1439984
1694	736	622	615	619	634	0	1440599
1695	622	615	619	634	599	0	1441218
1696	615	619	634	599	677	0	1441852
1697	619	634	599	677	681	0	1442451
1698	634	599	677	681	681	0	1443128
1699	599	677	681	681	693	0	1443809
1700	677	681	681	693	696	0	1444490
1701	681	681	693	696	697	0	1445183
1702	681	693	696	697	685	0	1445879
1703	693	696	697	685	696	0	1446576
1704	696	697	685	696	677	0	1447261
1705	697	685	696	677	662	0	1447957
1706	685	696	677	662	650	0	1448634
1707	696	677	662	650	669	0	1449296
1708	677	662	650	669	657	0	1449946
1709	662	650	669	657	662	0	1450615
1710	650	669	657	662	657	0	1451272
1711	669	657	662	657	658	0	1451934
1712	657	662	657	658	669	0	1452591
1713	662	657	658	669	397	0	1453249
1714	657	658	669	397	989	0	1453918
1715	658	669	397	989	447	1	1454315
1716	669	397	989	447	918	0	1455304
1717	397	989	447	918	487	1	1455751
1718	989	447	918	487	848	0	1456669
1719	447	918	487	848	650	1	1457156
1720	918	487	848	650	412	0	1458004
1721	487	848	650	412	961	0	1458654
1722	848	650	412	961	483	1	1459066
1723	650	412	961	483	455	0	1460027
1724	412	961	483	455	1124	1	1460510
1725	961	483	455	1124	452	1	1460965
1726	483	455	1124	452	938	0	1462089
1727	455	1124	452	938	509	1	1462541
1728	1124	452	938	509	891	0	1463479
1729	452	938	509	891	479	1	1463988
1730	938	509	891	479	981	0	1464879
1731	509	891	479	981	466	1	1465358
1732	891	479	981	466	946	0	1466339
1733	479	981	466	946	459	1	1466805
1734	981	466	946	459	934	0	1467751
1735	466	946	459	934	486	1	1468210
1736	946	459	934	486	895	0	1469144
1737	459	934	486	895	514	1	1469630
1738	934	486	895	514	358	0	1470525
1739	486	895	514	358	1113	1	1471039
1740	895	514	358	1113	506	1	1471397
1741	514	358	1113	506	821	0	1472510
1742	358	1113	506	821	482	1	1473016
1743	1113	506	821	482	817	0	1473837
1744	506	821	482	817	498	1	1474319
1745	821	482	817	498	794	0	1475136
1746	482	817	498	794	483	1	1475634
1747	817	498	794	483	840	0	1476428
1748	498	794	483	840	521	1	1476911
1749	794	483	840	521	798	0	1477751
1750	483	840	521	798	518	1	1478272
1751	840	521	798	518	871	1	1479070
1752	521	798	518	871	452	1	1479588
1753	798	518	871	452	902	0	1480459
1754	518	871	452	902	634	1	1480911
1755	871	452	902	634	642	0	1481813
1756	452	902	634	642	639	0	1482447
1757	902	634	642	639	665	0	1483089
1758	634	642	639	665	467	0	1483728
1759	642	639	665	467	440	0	1484393
1760	639	665	467	440	1190	0	1484860
1761	665	467	440	1190	494	1	1485300
1762	467	440	1190	494	950	0	1486490
1763	440	1190	494	950	494	1	1486984
1764	1190	494	950	494	887	0	1487934
1765	494	950	494	887	467	1	1488428
1766	950	494	887	467	911	0	1489315
1767	494	887	467	911	490	1	1489782
1768	887	467	911	490	883	0	1490693
1769	467	911	490	883	689	1	1491183
1770	911	490	883	689	782	0	1492066
1771	490	883	689	782	412	0	1492755
1772	883	689	782	412	428	0	1493537
1773	689	782	412	428	1316	1	1493949
1774	782	412	428	1316	432	1	1494377
1775	412	428	1316	432	1307	0	1495693
1776	428	1316	432	1307	479	1	1496125
1777	1316	432	1307	479	1155	0	1497432
1778	432	1307	479	1155	459	1	1497911
1779	1307	479	1155	459	1148	0	1499066
1780	479	1155	459	1148	475	1	1499525
1781	1155	459	1148	475	1093	0	1500673
1782	459	1148	475	1093	724	1	1501148
1783	1148	475	1093	724	576	0	1502241
1784	475	1093	724	576	914	0	1502965
1785	1093	724	576	914	491	0	1503541
1786	724	576	914	491	1073	0	1504455
1787	576	914	491	1073	506	1	1504946
1788	914	491	1073	506	989	0	1506019
1789	491	1073	506	989	529	1	1506525
1790	1073	506	989	529	887	0	1507514
1791	506	989	529	887	506	1	1508043
1792	989	529	887	506	868	0	1508930
1793	529	887	506	868	505	1	1509436
1794	887	506	868	505	860	0	1510304
1795	506	868	505	860	459	1	1510809
1796	868	505	860	459	915	0	1511669
1797	505	860	459	915	529	1	1512128
1798	860	459	915	529	910	0	1513043
1799	459	915	529	910	502	1	1513572
1800	915	529	910	502	997	0	1514482
1801	529	910	502	997	533	1	1514984
1802	910	502	997	533	980	0	1515981
1803	502	997	533	980	506	1	1516514
1804	997	533	980	506	1058	0	1517494
1805	533	980	506	1058	533	1	1518000
1806	980	506	1058	533	1043	0	1519058
1807	506	1058	533	1043	494	1	1519591
1808	1058	533	1043	494	1024	0	1520634
1809	533	1043	494	1024	490	1	1521128
1810	1043	494	1024	490	914	0	1522152
1811	494	1024	490	914	576	1	1522642
1812	1024	490	914	576	786	0	1523556
1813	490	914	576	786	654	1	1524132
1814	914	576	786	654	650	0	1524918
1815	576	786	654	650	661	0	1525572
1816	786	654	650	661	681	0	1526222
1817	654	650	661	681	704	0	1526883
1818	650	661	681	704	709	0	1527564
1819	661	681	704	709	755	0	1528268
1820	681	704	709	755	774	0	1528977
1821	704	709	755	774	786	0	1529732
1822	709	755	774	786	797	0	1530506
1823	755	774	786	797	825	0	1531292
1824	774	786	797	825	802	0	1532089
1825	786	797	825	802	840	0	1532914
1826	797	825	802	840	806	0	1533716
1827	825	802	840	806	801	0	1534556
1828	802	840	806	801	818	0	1535362
1829	840	806	801	818	836	0	1536163
1830	806	801	818	836	825	0	1536981
1831	801	818	836	825	833	0	1537817
1832	818	836	825	833	852	0	1538642
1833	836	825	833	852	856	0	1539475
1834	825	833	852	856	840	0	1540327
1835	833	852	856	840	860	0	1541183
1836	852	856	840	860	852	0	1542023
1837	856	840	860	852	829	0	1542883
1838	840	860	852	829	837	0	1543735
1839	860	852	829	837	832	0	1544564
1840	852	829	837	832	821	0	1545401
1841	829	837	832	821	845	0	1546233
1842	837	832	821	845	459	0	1547054
1843	832	821	845	459	1307	0	1547899
1844	821	845	459	1307	479	1	1548358
1845	845	459	1307	479	1237	0	1549665
1846	459	1307	479	1237	506	1	1550144
1847	1307	479	1237	506	1199	0	1551381
1848	479	1237	506	1199	525	1	1551887
1849	1237	506	1199	525	1163	0	1553086
1850	506	1199	525	1163	459	1	1553611
1851	1199	525	1163	459	1179	0	1554774
1852	525	1163	459	1179	565	1	1555233
1853	1163	459	1179	565	1151	0	1556412
1854	459	1179	565	1151	487	1	1556977
1855	1179	565	1151	487	1171	0	1558128
1856	565	1151	487	1171	549	1	1558615
1857	1151	487	1171	549	1140	0	1559786
1858	487	1171	549	1140	829	1	1560335
1859	1171	549	1140	829	809	0	1561475
1860	549	1140	829	809	774	0	1562304
1861	1140	829	809	774	778	0	1563113
1862	829	809	774	778	790	0	1563887
1863	809	774	778	790	771	0	1564665
1864	774	778	790	771	762	0	1565455
1865	778	790	771	762	751	0	1566226
1866	790	771	762	751	763	0	1566988
1867	771	762	751	763	813	0	1567739
1868	762	751	763	813	813	0	1568502
1869	751	763	813	813	779	0	1569315
1870	763	813	813	779	782	0	1570128
1871	813	813	779	782	786	0	1570907
1872	813	779	782	786	793	0	1571689
1873	779	782	786	793	786	0	1572475
1874	782	786	793	786	829	0	1573268
1875	786	793	786	829	845	0	1574054
1876	793	786	829	845	844	0	1574883
1877	786	829	845	844	837	0	1575728
1878	829	845	844	837	859	0	1576572
1879	845	844	837	859	849	0	1577409
1880	844	837	859	849	844	0	1578268
1881	837	859	849	844	817	0	1579117
1882	859	849	844	817	817	0	1579961
1883	849	844	817	817	798	0	1580778
1884	844	817	817	798	774	0	1581595
1885	817	817	798	774	771	0	1582393
1886	817	798	774	771	751	0	1583167
1887	798	774	771	751	735	0	1583938
1888	774	771	751	735	751	0	1584689
1889	771	751	735	751	774	0	1585424
1890	751	735	751	774	790	0	1586175
1891	735	751	774	790	814	0	1586949
1892	751	774	790	814	863	0	1587739
1893	774	790	814	863	872	0	1588553
1894	790	814	863	872	868	0	1589416
1895	814	863	872	868	887	0	1590288
1896	863	872	868	887	443	0	1591156
1897	872	868	887	443	1222	0	1592043
1898	868	887	443	1222	825	1	1592486
1899	887	443	1222	825	806	0	1593708
1900	443	1222	825	806	786	0	1594533
1901	1222	825	806	786	805	0	1595339
1902	825	806	786	805	856	0	1596125
1903	806	786	805	856	872	0	1596930
1904	786	805	856	872	895	0	1597786
1905	805	856	872	895	922	0	1598658
1906	856	872	895	922	887	0	1599553
1907	872	895	922	887	875	0	1600475
1908	895	922	887	875	860	0	1601362
1909	922	887	875	860	841	0	1602237
1910	887	875	860	841	844	0	1603097
1911	875	860	841	844	829	0	1603938
1912	860	841	844	829	852	0	1604782
1913	841	844	829	852	510	0	1605611
1914	844	829	852	510	1148	0	1606463
1915	829	852	510	1148	505	1	1606973
1916	852	510	1148	505	1129	0	1608121
1917	510	1148	505	1129	786	1	1608626
1918	1148	505	1129	786	763	0	1609755
1919	505	1129	786	763	747	0	1610541
1920	1129	786	763	747	770	0	1611304
1921	786	763	747	770	447	0	1612051
1922	763	747	770	447	1222	0	1612821
1923	747	770	447	1222	522	1	1613268
1924	770	447	1222	522	1140	0	1614490
1925	447	1222	522	1140	529	1	1615012
1926	1222	522	1140	529	1035	0	1616152
1927	522	1140	529	1035	560	1	1616681
1928	1140	529	1035	560	1020	0	1617716
1929	529	1035	560	1020	774	1	1618276
1930	1035	560	1020	774	798	0	1619296
1931	560	1020	774	798	871	0	1620070
1932	1020	774	798	871	887	0	1620868
1933	774	798	871	887	927	0	1621739
1934	798	871	887	927	945	0	1622626
1935	871	887	927	945	938	0	1623553
1936	887	927	945	938	934	0	1624498
1937	927	945	938	934	902	0	1625436
1938	945	938	934	902	891	0	1626370
1939	938	934	902	891	911	0	1627272
1940	934	902	891	911	914	0	1628163
1941	902	891	911	914	911	0	1629074
1942	891	911	914	911	938	0	1629988
1943	911	914	911	938	922	0	1630899
1944	914	911	938	922	941	0	1631837
1945	911	938	922	941	903	0	1632759
1946	938	922	941	903	926	0	1633700
1947	922	941	903	926	930	0	1634603
1948	941	903	926	930	895	0	1635529
1949	903	926	930	895	914	0	1636459
1950	926	930	895	914	903	0	1637354
1951	930	895	914	903	868	0	1638268
1952	895	914	903	868	895	0	1639171
1953	914	903	868	895	887	0	1640039
1954	903	868	895	887	899	0	1640934
1955	868	895	887	899	906	0	1641821
1956	895	887	899	906	903	0	1642720
1957	887	899	906	903	926	0	1643626
1958	899	906	903	926	930	0	1644529
1959	906	903	926	930	926	0	1645455
1960	903	926	930	926	922	0	1646385
1961	926	930	926	922	915	0	1647311
1962	930	926	922	915	906	0	1648233
1963	926	922	915	906	907	0	1649148
1964	922	915	906	907	553	0	1650054
1965	915	906	907	553	1241	0	1650961
1966	906	907	553	1241	510	1	1651514
1967	907	553	1241	510	1175	0	1652755
1968	553	1241	510	1175	529	1	1653265
1969	1241	510	1175	529	1097	0	1654440
1970	510	1175	529	1097	798	1	1654969
1971	1175	529	1097	798	533	0	1656066
1972	529	1097	798	533	1128	0	1656864
1973	1097	798	533	1128	810	1	1657397
1974	798	533	1128	810	540	0	1658525
1975	533	1128	810	540	1106	0	1659335
1976	1128	810	540	1106	782	1	1659875
1977	810	540	1106	782	790	0	1660981
1978	540	1106	782	790	852	0	1661763
1979	1106	782	790	852	879	0	1662553
1980	782	790	852	879	914	0	1663405
1981	790	852	879	914	946	0	1664284
1982	852	879	914	946	541	0	1665198
1983	879	914	946	541	1311	0	1666144
1984	914	946	541	1311	537	1	1666685
1985	946	541	1311	537	1183	0	1667996
1986	541	1311	537	1183	840	1	1668533
1987	1311	537	1183	840	487	0	1669716
1988	537	1183	840	487	1175	0	1670556
1989	1183	840	487	1175	825	1	1671043
1990	840	487	1175	825	490	0	1672218
1991	487	1175	825	490	1218	0	1673043
1992	1175	825	490	1218	837	1	1673533
1993	825	490	1218	837	501	0	1674751
1994	490	1218	837	501	1261	0	1675588
1995	1218	837	501	1261	537	1	1676089
1996	837	501	1261	537	1148	0	1677350
1997	501	1261	537	1148	545	1	1677887
1998	1261	537	1148	545	1093	0	1679035
1999	537	1148	545	1093	798	1	1679580
2000	1148	545	1093	798	805	0	1680673
2001	545	1093	798	805	849	0	1681471
2002	1093	798	805	849	840	0	1682276
2003	798	805	849	840	872	0	1683125
2004	805	849	840	872	898	0	1683965
2005	849	840	872	898	938	0	1684837
2006	840	872	898	938	973	0	1685735
2007	872	898	938	973	961	0	1686673
2008	898	938	973	961	961	0	1687646
2009	938	973	961	961	946	0	1688607
2010	973	961	961	946	945	0	1689568
2011	961	961	946	945	926	0	1690514
2012	961	946	945	926	950	0	1691459
2013	946	945	926	950	914	0	1692385
2014	945	926	950	914	911	0	1693335
2015	926	950	914	911	929	0	1694249
2016	950	914	911	929	915	0	1695160
2017	914	911	929	915	891	0	1696089
2018	911	929	915	891	883	0	1697004
2019	929	915	891	883	880	0	1697895
2020	915	891	883	880	883	0	1698778
2021	891	883	880	883	906	0	1699658
2022	883	880	883	906	899	0	1700541
2023	880	883	906	899	922	0	1701447
2024	883	906	899	922	919	0	1702346
2025	906	899	922	919	918	0	1703268
2026	899	922	919	918	502	0	1704187
2027	922	919	918	502	1265	0	1705105
2028	919	918	502	1265	560	1	1705607
2029	918	502	1265	560	1097	0	1706872
2030	502	1265	560	1097	786	1	1707432
2031	1265	560	1097	786	553	0	1708529
2032	560	1097	786	553	1054	0	1709315
2033	1097	786	553	1054	794	1	1709868
2034	786	553	1054	794	837	0	1710922
2035	553	1054	794	837	906	0	1711716
2036	1054	794	837	906	930	0	1712553
2037	794	837	906	930	1008	0	1713459
2038	837	906	930	1008	1027	0	1714389
2039	906	930	1008	1027	1039	0	1715397
2040	930	1008	1027	1039	1031	0	1716424
2041	1008	1027	1039	1031	1024	0	1717463
2042	1027	1039	1031	1024	1019	0	1718494
2043	1039	1031	1024	1019	988	0	1719518
2044	1031	1024	1019	988	977	0	1720537
2045	1024	1019	988	977	945	0	1721525
2046	1019	988	977	945	950	0	1722502
2047	988	977	945	950	949	0	1723447
2048	977	945	950	949	950	0	1724397
2049	945	950	949	950	930	0	1725346
2050	950	949	950	930	941	0	1726296
2051	949	950	930	941	934	0	1727226
2052	950	930	941	934	930	0	1728167
2053	930	941	934	930	549	0	1729101
2054	941	934	930	549	1299	0	1730031
2055	934	930	549	1299	565	1	1730580
2056	930	549	1299	565	1214	0	1731879
2057	549	1299	565	1214	544	1	1732444
2058	1299	565	1214	544	1133	0	1733658
2059	565	1214	544	1133	564	1	1734202
2060	1214	544	1133	564	1039	0	1735335
2061	544	1133	564	1039	797	1	1735899
2062	1133	564	1039	797	829	0	1736938
2063	564	1039	797	829	876	0	1737735
2064	1039	797	829	876	934	0	1738564
2065	797	829	876	934	992	0	1739440
2066	829	876	934	992	1004	0	1740374
2067	876	934	992	1004	1004	0	1741366
2068	934	992	1004	1004	992	0	1742370
2069	992	1004	1004	992	965	0	1743374
2070	1004	1004	992	965	953	0	1744366
2071	1004	992	965	953	953	0	1745331
2072	992	965	953	953	526	0	1746284
2073	965	953	953	526	1342	0	1747237
2074	953	953	526	1342	521	1	1747763
2075	953	526	1342	521	1238	0	1749105
2076	526	1342	521	1238	871	1	1749626
2077	1342	521	1238	871	537	0	1750864
2078	521	1238	871	537	1269	0	1751735
2079	1238	871	537	1269	906	1	1752272
2080	871	537	1269	906	938	0	1753541
2081	537	1269	906	938	981	0	1754447
2082	1269	906	938	981	1015	0	1755385
2083	906	938	981	1015	576	0	1756366
2084	938	981	1015	576	1490	0	1757381
2085	981	1015	576	1490	549	1	1757957
2086	1015	576	1490	549	1389	0	1759447
2087	576	1490	549	1389	911	1	1759996
2088	1490	549	1389	911	875	0	1761385
2089	549	1389	911	875	899	0	1762296
2090	1389	911	875	899	521	0	1763171
2091	911	875	899	521	1308	0	1764070
2092	875	899	521	1308	583	1	1764591
2093	899	521	1308	583	1203	0	1765899
2094	521	1308	583	1203	548	1	1766482
2095	1308	583	1203	548	1238	0	1767685
2096	583	1203	548	1238	521	1	1768233
2097	1203	548	1238	521	1214	0	1769471
2098	548	1238	521	1214	829	1	1769992
2099	1238	521	1214	829	821	0	1771206
2100	521	1214	829	821	837	0	1772035
2101	1214	829	821	837	840	0	1772856
2102	829	821	837	840	876	0	1773693
2103	821	837	840	876	914	0	1774533
2104	837	840	876	914	981	0	1775409
2105	840	876	914	981	976	0	1776323
2106	876	914	981	976	1016	0	1777304
2107	914	981	976	1016	1027	0	1778280
2108	981	976	1016	1027	988	0	1779296
2109	976	1016	1027	988	1012	0	1780323
2110	1016	1027	988	1012	992	0	1781311
2111	1027	988	1012	992	953	0	1782323
2112	988	1012	992	953	938	0	1783315
2113	1012	992	953	938	891	0	1784268
2114	992	953	938	891	887	0	1785206
2115	953	938	891	887	864	0	1786097
2116	938	891	887	864	864	0	1786984
2117	891	887	864	864	852	0	1787848
2118	887	864	864	852	860	0	1788712
2119	864	864	852	860	883	0	1789564
2120	864	852	860	883	919	0	1790424
2121	852	860	883	919	937	0	1791307
2122	860	883	919	937	950	0	1792226
2123	883	919	937	950	941	0	1793163
2124	919	937	950	941	934	0	1794113
2125	937	950	941	934	903	0	1795054
2126	950	941	934	903	529	0	1795988
2127	941	934	903	529	1284	0	1796891
2128	934	903	529	1284	491	1	1797420
