index	i-2	i-1	i+0	i+1	i+2	Filter	Time
2	848	502	638	981	1089	0	1988
3	502	638	981	1089	1105	0	2969
4	638	981	1089	1105	514	0	4058
5	981	1089	1105	514	634	0	5163
6	1089	1105	514	634	946	1	5677
7	1105	514	634	946	1078	0	6311
8	514	634	946	1078	1077	0	7257
9	634	946	1078	1077	522	0	8335
10	946	1078	1077	522	642	0	9412
11	1078	1077	522	642	938	1	9934
12	1077	522	642	938	1070	0	10576
13	522	642	938	1070	521	0	11514
14	642	938	1070	521	638	0	12584
15	938	1070	521	638	961	1	13105
16	1070	521	638	961	1082	0	13743
17	521	638	961	1082	506	0	14704
18	638	961	1082	506	661	0	15786
19	961	1082	506	661	1016	1	16292
20	1082	506	661	1016	1054	0	16953
21	506	661	1016	1054	1074	0	17969
22	661	1016	1054	1074	1066	0	19023
23	1016	1054	1074	1066	498	0	20097
24	1054	1074	1066	498	627	0	21163
25	1074	1066	498	627	922	1	21661
26	1066	498	627	922	1031	0	22288
27	498	627	922	1031	1059	0	23210
28	627	922	1031	1059	1042	0	24241
29	922	1031	1059	1042	495	0	25300
30	1031	1059	1042	495	649	0	26342
31	1059	1042	495	649	954	1	26837
32	1042	495	649	954	1097	0	27486
33	495	649	954	1097	1078	0	28440
34	649	954	1097	1078	1078	0	29537
35	954	1097	1078	1078	1089	0	30615
36	1097	1078	1078	1089	1093	0	31693
37	1078	1078	1089	1093	1039	0	32782
38	1078	1089	1093	1039	491	0	33875
39	1089	1093	1039	491	634	0	34914
40	1093	1039	491	634	965	1	35405
41	1039	491	634	965	1050	0	36039
42	491	634	965	1050	495	0	37004
43	634	965	1050	495	642	0	38054
44	965	1050	495	642	934	1	38549
45	1050	495	642	934	1070	0	39191
46	495	642	934	1070	1073	0	40125
47	642	934	1070	1073	491	0	41195
48	934	1070	1073	491	642	0	42268
49	1070	1073	491	642	941	1	42759
50	1073	491	642	941	1028	0	43401
51	491	642	941	1028	517	0	44342
52	642	941	1028	517	627	0	45370
53	941	1028	517	627	848	1	45887
54	1028	517	627	848	984	0	46514
55	517	627	848	984	1012	0	47362
56	627	848	984	1012	1062	0	48346
57	848	984	1012	1062	1027	0	49358
58	984	1012	1062	1027	1074	0	50420
59	1012	1062	1027	1074	1102	0	51447
60	1062	1027	1074	1102	1085	0	52521
61	1027	1074	1102	1085	1082	0	53623
62	1074	1102	1085	1082	1109	0	54708
63	1102	1085	1082	1109	1109	0	55790
64	1085	1082	1109	1109	1039	0	56899
65	1082	1109	1109	1039	1062	0	58008
66	1109	1109	1039	1062	1070	0	59047
67	1109	1039	1062	1070	1070	0	60109
68	1039	1062	1070	1070	1043	0	61179
69	1062	1070	1070	1043	1089	0	62249
70	1070	1070	1043	1089	1125	0	63292
71	1070	1043	1089	1125	1128	0	64381
72	1043	1089	1125	1128	1074	0	65506
73	1089	1125	1128	1074	1078	0	66634
74	1125	1128	1074	1078	1089	0	67708
75	1128	1074	1078	1089	1074	0	68786
76	1074	1078	1089	1074	1047	0	69875
77	1078	1089	1074	1047	1031	0	70949
78	1089	1074	1047	1031	1039	0	71996
79	1074	1047	1031	1039	1047	0	73027
80	1047	1031	1039	1047	1019	0	74066
81	1031	1039	1047	1019	1039	0	75113
82	1039	1047	1019	1039	1039	0	76132
83	1047	1019	1039	1039	1023	0	77171
84	1019	1039	1039	1023	965	0	78210
85	1039	1039	1023	965	506	0	79233
86	1039	1023	965	506	619	0	80198
87	1023	965	506	619	837	1	80704
88	965	506	619	837	1007	0	81323
89	506	619	837	1007	981	0	82160
90	619	837	1007	981	502	0	83167
91	837	1007	981	502	626	0	84148
92	1007	981	502	626	872	1	84650
93	981	502	626	872	1054	0	85276
94	502	626	872	1054	1078	0	86148
95	626	872	1054	1078	1047	0	87202
96	872	1054	1078	1047	1082	0	88280
97	1054	1078	1047	1082	1109	0	89327
98	1078	1047	1082	1109	1101	0	90409
99	1047	1082	1109	1101	1074	0	91518
100	1082	1109	1101	1074	1116	0	92619
101	1109	1101	1074	1116	1113	0	93693
102	1101	1074	1116	1113	1109	0	94809
103	1074	1116	1113	1109	1055	0	95922
104	1116	1113	1109	1055	1062	0	97031
105	1113	1109	1055	1062	1074	0	98086
106	1109	1055	1062	1074	1058	0	99148
107	1055	1062	1074	1058	1059	0	100222
108	1062	1074	1058	1059	1077	0	101280
109	1074	1058	1059	1077	1098	0	102339
110	1058	1059	1077	1098	1046	0	103416
111	1059	1077	1098	1046	1055	0	104514
112	1077	1098	1046	1055	1050	0	105560
113	1098	1046	1055	1050	1067	0	106615
114	1046	1055	1050	1067	1050	0	107665
115	1055	1050	1067	1050	494	0	108732
116	1050	1067	1050	494	638	0	109782
117	1067	1050	494	638	942	1	110276
118	1050	494	638	942	1082	0	110914
119	494	638	942	1082	1074	0	111856
120	638	942	1082	1074	1027	0	112938
121	942	1082	1074	1027	510	0	114012
122	1082	1074	1027	510	638	0	115039
123	1074	1027	510	638	930	1	115549
124	1027	510	638	930	1027	0	116187
125	510	638	930	1027	1035	0	117117
126	638	930	1027	1035	1078	0	118144
127	930	1027	1035	1078	1097	0	119179
128	1027	1035	1078	1097	1078	0	120257
129	1035	1078	1097	1078	494	0	121354
130	1078	1097	1078	494	646	0	122432
131	1097	1078	494	646	965	1	122926
132	1078	494	646	965	1105	0	123572
133	494	646	965	1105	1101	0	124537
134	646	965	1105	1101	498	0	125642
135	965	1105	1101	498	642	0	126743
136	1105	1101	498	642	1008	1	127241
137	1101	498	642	1008	1097	0	127883
138	498	642	1008	1097	506	0	128891
139	642	1008	1097	506	650	0	129988
140	1008	1097	506	650	988	1	130494
141	1097	506	650	988	1094	0	131144
142	506	650	988	1094	525	0	132132
143	650	988	1094	525	650	0	133226
144	988	1094	525	650	996	1	133751
145	1094	525	650	996	1089	0	134401
146	525	650	996	1089	514	0	135397
147	650	996	1089	514	642	0	136486
148	996	1089	514	642	988	1	137000
149	1089	514	642	988	1059	0	137642
150	514	642	988	1059	1074	0	138630
151	642	988	1059	1074	1054	0	139689
152	988	1059	1074	1054	506	0	140763
153	1059	1074	1054	506	630	0	141817
154	1074	1054	506	630	961	1	142323
155	1054	506	630	961	1016	0	142953
156	506	630	961	1016	1035	0	143914
157	630	961	1016	1035	1054	0	144930
158	961	1016	1035	1054	1078	0	145965
159	1016	1035	1054	1078	1047	0	147019
160	1035	1054	1078	1047	494	0	148097
161	1054	1078	1047	494	634	0	149144
162	1078	1047	494	634	934	1	149638
163	1047	494	634	934	1059	0	150272
164	494	634	934	1059	498	0	151206
165	634	934	1059	498	630	0	152265
166	934	1059	498	630	942	1	152763
167	1059	498	630	942	1054	0	153393
168	498	630	942	1054	1066	0	154335
169	630	942	1054	1066	1027	0	155389
170	942	1054	1066	1027	499	0	156455
171	1054	1066	1027	499	657	0	157482
172	1066	1027	499	657	973	1	157981
173	1027	499	657	973	1089	0	158638
174	499	657	973	1089	1074	0	159611
175	657	973	1089	1074	1125	0	160700
176	973	1089	1074	1125	1132	0	161774
177	1089	1074	1125	1132	1109	0	162899
178	1074	1125	1132	1109	1097	0	164031
179	1125	1132	1109	1097	1129	0	165140
180	1132	1109	1097	1129	1140	0	166237
181	1109	1097	1129	1140	1128	0	167366
182	1097	1129	1140	1128	1086	0	168506
183	1129	1140	1128	1086	1105	0	169634
184	1140	1128	1086	1105	1113	0	170720
185	1128	1086	1105	1113	1085	0	171825
186	1086	1105	1113	1085	1051	0	172938
187	1105	1113	1085	1051	1062	0	174023
188	1113	1085	1051	1062	1059	0	175074
189	1085	1051	1062	1059	1015	0	176136
190	1051	1062	1059	1015	494	0	177195
191	1062	1059	1015	494	635	0	178210
192	1059	1015	494	635	902	1	178704
193	1015	494	635	902	1035	0	179339
194	494	635	902	1035	1028	0	180241
195	635	902	1035	1028	498	0	181276
196	902	1035	1028	498	630	0	182304
197	1035	1028	498	630	907	1	182802
198	1028	498	630	907	1035	0	183432
199	498	630	907	1035	1035	0	184339
200	630	907	1035	1035	494	0	185374
201	907	1035	1035	494	630	0	186409
202	1035	1035	494	630	895	1	186903
203	1035	494	630	895	1047	0	187533
204	494	630	895	1047	1074	0	188428
205	630	895	1047	1074	1027	0	189475
206	895	1047	1074	1027	498	0	190549
207	1047	1074	1027	498	634	0	191576
208	1074	1027	498	634	957	1	192074
209	1027	498	634	957	1047	0	192708
210	498	634	957	1047	996	0	193665
211	634	957	1047	996	506	0	194712
212	957	1047	996	506	638	0	195708
213	1047	996	506	638	907	1	196214
214	996	506	638	907	1062	0	196852
215	506	638	907	1062	1039	0	197759
216	638	907	1062	1039	1082	0	198821
217	907	1062	1039	1082	1116	0	199860
218	1062	1039	1082	1116	1105	0	200942
219	1039	1082	1116	1105	1067	0	202058
220	1082	1116	1105	1067	1093	0	203163
221	1116	1105	1067	1093	1105	0	204230
222	1105	1067	1093	1105	1097	0	205323
223	1067	1093	1105	1097	1055	0	206428
224	1093	1105	1097	1055	1070	0	207525
225	1105	1097	1055	1070	1093	0	208580
226	1097	1055	1070	1093	1090	0	209650
227	1055	1070	1093	1090	1058	0	210743
228	1070	1093	1090	1058	1055	0	211833
229	1093	1090	1058	1055	1062	0	212891
230	1090	1058	1055	1062	1066	0	213946
231	1058	1055	1062	1066	1023	0	215008
232	1055	1062	1066	1023	1035	0	216074
233	1062	1066	1023	1035	1059	0	217097
234	1066	1023	1035	1059	1058	0	218132
235	1023	1035	1059	1058	1012	0	219191
236	1035	1059	1058	1012	494	0	220249
237	1059	1058	1012	494	634	0	221261
238	1058	1012	494	634	891	1	221755
239	1012	494	634	891	1039	0	222389
240	494	634	891	1039	1035	0	223280
241	634	891	1039	1035	498	0	224319
242	891	1039	1035	498	650	0	225354
243	1039	1035	498	650	961	1	225852
244	1035	498	650	961	1074	0	226502
245	498	650	961	1074	1043	0	227463
246	650	961	1074	1043	498	0	228537
247	961	1074	1043	498	634	0	229580
248	1074	1043	498	634	977	1	230078
249	1043	498	634	977	1046	0	230712
250	498	634	977	1046	502	0	231689
251	634	977	1046	502	638	0	232735
252	977	1046	502	638	954	1	233237
253	1046	502	638	954	1105	0	233875
254	502	638	954	1105	1097	0	234829
255	638	954	1105	1097	1051	0	235934
256	954	1105	1097	1051	502	0	237031
257	1105	1097	1051	502	642	0	238082
258	1097	1051	502	642	988	1	238584
259	1051	502	642	988	1058	0	239226
260	502	642	988	1058	522	0	240214
261	642	988	1058	522	626	0	241272
262	988	1058	522	626	950	1	241794
263	1058	522	626	950	1054	0	242420
264	522	626	950	1054	510	0	243370
265	626	950	1054	510	638	0	244424
266	950	1054	510	638	910	1	244934
267	1054	510	638	910	1055	0	245572
268	510	638	910	1055	514	0	246482
269	638	910	1055	514	649	0	247537
270	910	1055	514	649	977	1	248051
271	1055	514	649	977	1039	0	248700
272	514	649	977	1039	1089	0	249677
273	649	977	1039	1089	1094	0	250716
274	977	1039	1089	1094	1093	0	251805
275	1039	1089	1094	1093	1047	0	252899
276	1089	1094	1093	1047	498	0	253992
277	1094	1093	1047	498	638	0	255039
278	1093	1047	498	638	969	1	255537
279	1047	498	638	969	1051	0	256175
280	498	638	969	1051	1081	0	257144
281	638	969	1051	1081	1117	0	258195
282	969	1051	1081	1117	1089	0	259276
283	1051	1081	1117	1089	1067	0	260393
284	1081	1117	1089	1067	1101	0	261482
285	1117	1089	1067	1101	1117	0	262549
286	1089	1067	1101	1117	1062	0	263650
287	1067	1101	1117	1062	1050	0	264767
288	1101	1117	1062	1050	1067	0	265829
289	1117	1062	1050	1067	1066	0	266879
290	1062	1050	1067	1066	1031	0	267946
291	1050	1067	1066	1031	494	0	269012
292	1067	1066	1031	494	638	0	270043
293	1066	1031	494	638	953	1	270537
294	1031	494	638	953	1059	0	271175
295	494	638	953	1059	1050	0	272128
296	638	953	1059	1050	495	0	273187
297	953	1059	1050	495	638	0	274237
298	1059	1050	495	638	922	1	274732
299	1050	495	638	922	1058	0	275370
300	495	638	922	1058	1094	0	276292
301	638	922	1058	1094	1050	0	277350
302	922	1058	1094	1050	490	0	278444
303	1058	1094	1050	490	631	0	279494
304	1094	1050	490	631	945	1	279984
305	1050	490	631	945	1004	0	280615
306	490	631	945	1004	518	0	281560
307	631	945	1004	518	626	0	282564
308	945	1004	518	626	903	1	283082
309	1004	518	626	903	1027	0	283708
310	518	626	903	1027	498	0	284611
311	626	903	1027	498	638	0	285638
312	903	1027	498	638	911	1	286136
313	1027	498	638	911	1062	0	286774
314	498	638	911	1062	1070	0	287685
315	638	911	1062	1070	1051	0	288747
316	911	1062	1070	1051	498	0	289817
317	1062	1070	1051	498	638	0	290868
318	1070	1051	498	638	980	1	291366
319	1051	498	638	980	1035	0	292004
320	498	638	980	1035	502	0	292984
321	638	980	1035	502	631	0	294019
322	980	1035	502	631	914	1	294521
323	1035	502	631	914	1047	0	295152
324	502	631	914	1047	510	0	296066
325	631	914	1047	510	642	0	297113
326	914	1047	510	642	914	1	297623
327	1047	510	642	914	1039	0	298265
328	510	642	914	1039	510	0	299179
329	642	914	1039	510	649	0	300218
330	914	1039	510	649	930	1	300728
331	1039	510	649	930	1051	0	301377
332	510	649	930	1051	506	0	302307
333	649	930	1051	506	650	0	303358
334	930	1051	506	650	1000	1	303864
335	1051	506	650	1000	1062	0	304514
336	506	650	1000	1062	498	0	305514
337	650	1000	1062	498	650	0	306576
338	1000	1062	498	650	980	1	307074
339	1062	498	650	980	1113	0	307724
340	498	650	980	1113	1097	0	308704
341	650	980	1113	1097	487	0	309817
342	980	1113	1097	487	646	0	310914
343	1113	1097	487	646	1019	1	311401
344	1097	487	646	1019	1109	0	312047
345	487	646	1019	1109	1086	0	313066
346	646	1019	1109	1086	490	0	314175
347	1019	1109	1086	490	650	0	315261
348	1109	1086	490	650	1015	1	315751
349	1086	490	650	1015	1082	0	316401
350	490	650	1015	1082	494	0	317416
351	650	1015	1082	494	642	0	318498
352	1015	1082	494	642	961	1	318992
353	1082	494	642	961	1094	0	319634
354	494	642	961	1094	1085	0	320595
355	642	961	1094	1085	494	0	321689
356	961	1094	1085	494	639	0	322774
357	1094	1085	494	639	992	1	323268
358	1085	494	639	992	1089	0	323907
359	494	639	992	1089	1086	0	324899
360	639	992	1089	1086	494	0	325988
361	992	1089	1086	494	638	0	327074
362	1089	1086	494	638	950	1	327568
363	1086	494	638	950	1066	0	328206
364	494	638	950	1066	506	0	329156
365	638	950	1066	506	642	0	330222
366	950	1066	506	642	957	1	330728
367	1066	506	642	957	1074	0	331370
368	506	642	957	1074	494	0	332327
369	642	957	1074	494	650	0	333401
370	957	1074	494	650	937	1	333895
371	1074	494	650	937	1043	0	334545
372	494	650	937	1043	1066	0	335482
373	650	937	1043	1066	1039	0	336525
374	937	1043	1066	1039	495	0	337591
375	1043	1066	1039	495	638	0	338630
376	1066	1039	495	638	937	1	339125
377	1039	495	638	937	1078	0	339763
378	495	638	937	1078	1055	0	340700
379	638	937	1078	1055	494	0	341778
380	937	1078	1055	494	646	0	342833
381	1078	1055	494	646	930	1	343327
382	1055	494	646	930	1039	0	343973
383	494	646	930	1039	505	0	344903
384	646	930	1039	505	623	0	345942
385	930	1039	505	623	876	1	346447
386	1039	505	623	876	1015	0	347070
387	505	623	876	1015	1039	0	347946
388	623	876	1015	1039	498	0	348961
389	876	1015	1039	498	638	0	350000
390	1015	1039	498	638	903	1	350498
391	1039	498	638	903	1039	0	351136
392	498	638	903	1039	498	0	352039
393	638	903	1039	498	654	0	353078
394	903	1039	498	654	906	1	353576
395	1039	498	654	906	1059	0	354230
396	498	654	906	1059	1101	0	355136
397	654	906	1059	1101	1062	0	356195
398	906	1059	1101	1062	486	0	357296
399	1059	1101	1062	486	631	0	358358
400	1101	1062	486	631	949	1	358844
401	1062	486	631	949	1051	0	359475
402	486	631	949	1051	490	0	360424
403	631	949	1051	490	646	0	361475
404	949	1051	490	646	910	1	361965
405	1051	490	646	910	1070	0	362611
406	490	646	910	1070	1102	0	363521
407	646	910	1070	1102	1074	0	364591
408	910	1070	1102	1074	1105	0	365693
409	1070	1102	1074	1105	1105	0	366767
410	1102	1074	1105	1105	1109	0	367872
411	1074	1105	1105	1109	1066	0	368977
412	1105	1105	1109	1066	1062	0	370086
413	1105	1109	1066	1062	1078	0	371152
414	1109	1066	1062	1078	1082	0	372214
415	1066	1062	1078	1082	1058	0	373292
416	1062	1078	1082	1058	1047	0	374374
417	1078	1082	1058	1047	1074	0	375432
418	1082	1058	1047	1074	1085	0	376479
419	1058	1047	1074	1085	1051	0	377553
420	1047	1074	1085	1051	1062	0	378638
421	1074	1085	1051	1062	1054	0	379689
422	1085	1051	1062	1054	1063	0	380751
423	1051	1062	1054	1063	1004	0	381805
424	1062	1054	1063	1004	996	0	382868
425	1054	1063	1004	996	1004	0	383872
426	1063	1004	996	1004	1015	0	384868
427	1004	996	1004	1015	1008	0	385872
428	996	1004	1015	1008	984	0	386887
429	1004	1015	1008	984	1012	0	387895
430	1015	1008	984	1012	1031	0	388879
431	1008	984	1012	1031	1031	0	389891
432	984	1012	1031	1031	1004	0	390922
433	1012	1031	1031	1004	1016	0	391953
434	1031	1031	1004	1016	1039	0	392957
435	1031	1004	1016	1039	1015	0	393973
436	1004	1016	1039	1015	1020	0	395012
437	1016	1039	1015	1020	1035	0	396027
438	1039	1015	1020	1035	1031	0	397047
439	1015	1020	1035	1031	1000	0	398082
440	1020	1035	1031	1000	1027	0	399113
441	1035	1031	1000	1027	1058	0	400113
442	1031	1000	1027	1058	1059	0	401140
443	1000	1027	1058	1059	1035	0	402198
444	1027	1058	1059	1035	1054	0	403257
445	1058	1059	1035	1054	1063	0	404292
446	1059	1035	1054	1063	1070	0	405346
447	1035	1054	1063	1070	1031	0	406409
448	1054	1063	1070	1031	1046	0	407479
449	1063	1070	1031	1046	1063	0	408510
450	1070	1031	1046	1063	1054	0	409556
451	1031	1046	1063	1054	1020	0	410619
452	1046	1063	1054	1020	1027	0	411673
453	1063	1054	1020	1027	1054	0	412693
454	1054	1020	1027	1054	1043	0	413720
455	1020	1027	1054	1043	1000	0	414774
456	1027	1054	1043	1000	502	0	415817
457	1054	1043	1000	502	623	0	416817
458	1043	1000	502	623	879	1	417319
459	1000	502	623	879	1023	0	417942
460	502	623	879	1023	510	0	418821
461	623	879	1023	510	642	0	419844
462	879	1023	510	642	911	1	420354
463	1023	510	642	911	1085	0	420996
464	510	642	911	1085	1125	0	421907
465	642	911	1085	1125	1089	0	422992
466	911	1085	1125	1089	1117	0	424117
467	1085	1125	1089	1117	1109	0	425206
468	1125	1089	1117	1109	1062	0	426323
469	1089	1117	1109	1062	494	0	427432
470	1117	1109	1062	494	638	0	428494
471	1109	1062	494	638	965	1	428988
472	1062	494	638	965	1043	0	429626
473	494	638	965	1043	1062	0	430591
474	638	965	1043	1062	1086	0	431634
475	965	1043	1062	1086	1082	0	432696
476	1043	1062	1086	1082	1035	0	433782
477	1062	1086	1082	1035	506	0	434864
478	1086	1082	1035	506	638	0	435899
479	1082	1035	506	638	969	1	436405
480	1035	506	638	969	1046	0	437043
481	506	638	969	1046	1059	0	438012
482	638	969	1046	1059	1062	0	439058
483	969	1046	1059	1062	1074	0	440117
484	1046	1059	1062	1074	498	0	441179
485	1059	1062	1074	498	634	0	442253
486	1062	1074	498	634	946	1	442751
487	1074	498	634	946	1066	0	443385
488	498	634	946	1066	1066	0	444331
489	634	946	1066	1066	1008	0	445397
490	946	1066	1066	1008	545	0	446463
491	1066	1066	1008	545	626	0	447471
492	1066	1008	545	626	926	1	448016
493	1008	545	626	926	1055	0	448642
494	545	626	926	1055	517	0	449568
495	626	926	1055	517	630	0	450623
496	926	1055	517	630	915	1	451140
497	1055	517	630	915	1031	0	451770
498	517	630	915	1031	1051	0	452685
499	630	915	1031	1051	1042	0	453716
500	915	1031	1051	1042	498	0	454767
501	1031	1051	1042	498	639	0	455809
502	1051	1042	498	639	953	1	456307
503	1042	498	639	953	1066	0	456946
504	498	639	953	1066	502	0	457899
505	639	953	1066	502	638	0	458965
506	953	1066	502	638	934	1	459467
507	1066	502	638	934	1039	0	460105
508	502	638	934	1039	1097	0	461039
509	638	934	1039	1097	1078	0	462078
510	934	1039	1097	1078	1062	0	463175
511	1039	1097	1078	1062	1101	0	464253
512	1097	1078	1062	1101	1121	0	465315
513	1078	1062	1101	1121	1101	0	466416
514	1062	1101	1121	1101	1086	0	467537
515	1101	1121	1101	1086	1113	0	468638
516	1121	1101	1086	1113	1116	0	469724
517	1101	1086	1113	1116	1082	0	470837
518	1086	1113	1116	1082	1090	0	471953
519	1113	1116	1082	1090	1105	0	473035
520	1116	1082	1090	1105	1066	0	474125
521	1082	1090	1105	1066	1074	0	475230
522	1090	1105	1066	1074	1089	0	476296
523	1105	1066	1074	1089	1097	0	477370
524	1066	1074	1089	1097	1051	0	478459
525	1074	1089	1097	1051	1054	0	479556
526	1089	1097	1051	1054	1074	0	480607
527	1097	1051	1054	1074	1043	0	481661
528	1051	1054	1074	1043	1020	0	482735
529	1054	1074	1043	1020	1035	0	483778
530	1074	1043	1020	1035	1039	0	484798
531	1043	1020	1035	1039	1011	0	485833
532	1020	1035	1039	1011	494	0	486872
533	1035	1039	1011	494	627	0	487883
534	1039	1011	494	627	887	1	488377
535	1011	494	627	887	1027	0	489004
536	494	627	887	1027	1024	0	489891
537	627	887	1027	1024	494	0	490918
538	887	1027	1024	494	630	0	491942
539	1027	1024	494	630	880	1	492436
540	1024	494	630	880	1031	0	493066
541	494	630	880	1031	1054	0	493946
542	630	880	1031	1054	1043	0	494977
543	880	1031	1054	1043	1066	0	496031
544	1031	1054	1043	1066	1105	0	497074
545	1054	1043	1066	1105	1062	0	498140
546	1043	1066	1105	1062	1059	0	499245
547	1066	1105	1062	1059	1062	0	500307
548	1105	1062	1059	1062	1090	0	501366
549	1062	1059	1062	1090	1042	0	502428
550	1059	1062	1090	1042	1070	0	503518
551	1062	1090	1042	1070	1098	0	504560
552	1090	1042	1070	1098	1116	0	505630
553	1042	1070	1098	1116	1094	0	506728
554	1070	1098	1116	1094	1089	0	507844
555	1098	1116	1094	1089	1094	0	508938
556	1116	1094	1089	1094	1027	0	510027
557	1094	1089	1094	1027	1008	0	511121
558	1089	1094	1027	1008	1031	0	512148
559	1094	1027	1008	1031	1050	0	513156
560	1027	1008	1031	1050	1055	0	514187
561	1008	1031	1050	1055	1027	0	515237
562	1031	1050	1055	1027	1062	0	516292
563	1050	1055	1027	1062	1070	0	517319
564	1055	1027	1062	1070	1078	0	518381
565	1027	1062	1070	1078	1055	0	519451
566	1062	1070	1078	1055	1105	0	520529
567	1070	1078	1055	1105	1116	0	521584
568	1078	1055	1105	1116	1133	0	522689
569	1055	1105	1116	1133	1105	0	523805
570	1105	1116	1133	1105	1132	0	524938
571	1116	1133	1105	1132	1117	0	526043
572	1133	1105	1132	1117	1105	0	527175
573	1105	1132	1117	1105	1101	0	528292
574	1132	1117	1105	1101	1086	0	529397
575	1117	1105	1101	1086	1077	0	530498
576	1105	1101	1086	1077	1094	0	531584
577	1101	1086	1077	1094	1101	0	532661
578	1086	1077	1094	1101	1058	0	533755
579	1077	1094	1101	1058	1070	0	534856
580	1094	1101	1058	1070	1067	0	535914
581	1101	1058	1070	1067	1019	0	536984
582	1058	1070	1067	1019	502	0	538051
583	1070	1067	1019	502	638	0	539070
584	1067	1019	502	638	911	1	539572
585	1019	502	638	911	1058	0	540210
586	502	638	911	1058	1043	0	541121
587	638	911	1058	1043	502	0	542179
588	911	1058	1043	502	688	0	543222
589	1058	1043	502	688	973	1	543724
590	1043	502	688	973	1094	0	544412
591	502	688	973	1094	1093	0	545385
592	688	973	1094	1093	1124	0	546479
593	973	1094	1093	1124	1129	0	547572
594	1094	1093	1124	1129	1070	0	548696
595	1093	1124	1129	1070	1082	0	549825
596	1124	1129	1070	1082	1085	0	550895
597	1129	1070	1082	1085	1082	0	551977
598	1070	1082	1085	1082	1054	0	553062
599	1082	1085	1082	1054	502	0	554144
600	1085	1082	1054	502	654	0	555198
601	1082	1054	502	654	969	1	555700
602	1054	502	654	969	1093	0	556354
603	502	654	969	1093	1090	0	557323
604	654	969	1093	1090	502	0	558416
605	969	1093	1090	502	634	0	559506
606	1093	1090	502	634	957	1	560008
607	1090	502	634	957	1047	0	560642
608	502	634	957	1047	1000	0	561599
609	634	957	1047	1000	996	0	562646
610	957	1047	1000	996	1012	0	563646
611	1047	1000	996	1012	1031	0	564642
612	1000	996	1012	1031	1023	0	565654
613	996	1012	1031	1023	502	0	566685
614	1012	1031	1023	502	669	0	567708
615	1031	1023	502	669	969	1	568210
616	1023	502	669	969	1105	0	568879
617	502	669	969	1105	1082	0	569848
618	669	969	1105	1082	1093	0	570953
619	969	1105	1082	1093	1098	0	572035
620	1105	1082	1093	1098	1085	0	573128
621	1082	1093	1098	1085	1047	0	574226
622	1093	1098	1085	1047	502	0	575311
623	1098	1085	1047	502	642	0	576358
624	1085	1047	502	642	973	1	576860
625	1047	502	642	973	1074	0	577502
626	502	642	973	1074	1050	0	578475
627	642	973	1074	1050	502	0	579549
628	973	1074	1050	502	646	0	580599
629	1074	1050	502	646	988	1	581101
630	1050	502	646	988	1078	0	581747
631	502	646	988	1078	498	0	582735
632	646	988	1078	498	631	0	583813
633	988	1078	498	631	898	1	584311
634	1078	498	631	898	1008	0	584942
635	498	631	898	1008	989	0	585840
636	631	898	1008	989	1015	0	586848
637	898	1008	989	1015	510	0	587837
638	1008	989	1015	510	654	0	588852
639	989	1015	510	654	895	1	589362
640	1015	510	654	895	957	0	590016
641	510	654	895	957	992	0	590911
642	654	895	957	992	1000	0	591868
643	895	957	992	1000	506	0	592860
644	957	992	1000	506	634	0	593860
645	992	1000	506	634	844	1	594366
646	1000	506	634	844	1012	0	595000
647	506	634	844	1012	1039	0	595844
648	634	844	1012	1039	1043	0	596856
649	844	1012	1039	1043	1015	0	597895
650	1012	1039	1043	1015	502	0	598938
651	1039	1043	1015	502	650	0	599953
652	1043	1015	502	650	938	1	600455
653	1015	502	650	938	1054	0	601105
654	502	650	938	1054	502	0	602043
655	650	938	1054	502	666	0	603097
656	938	1054	502	666	957	1	603599
657	1054	502	666	957	1085	0	604265
658	502	666	957	1085	1067	0	605222
659	666	957	1085	1067	501	0	606307
660	957	1085	1067	501	658	0	607374
661	1085	1067	501	658	1012	1	607875
662	1067	501	658	1012	1120	0	608533
663	501	658	1012	1120	1117	0	609545
664	658	1012	1120	1117	1082	0	610665
665	1012	1120	1117	1082	498	0	611782
666	1120	1117	1082	498	657	0	612864
667	1117	1082	498	657	1016	1	613362
668	1082	498	657	1016	1066	0	614019
669	498	657	1016	1066	502	0	615035
670	657	1016	1066	502	642	0	616101
671	1016	1066	502	642	950	1	616603
672	1066	502	642	950	1070	0	617245
673	502	642	950	1070	502	0	618195
674	642	950	1070	502	669	0	619265
675	950	1070	502	669	941	1	619767
676	1070	502	669	941	1074	0	620436
677	502	669	941	1074	502	0	621377
678	669	941	1074	502	662	0	622451
679	941	1074	502	662	984	1	622953
680	1074	502	662	984	1055	0	623615
681	502	662	984	1055	506	0	624599
682	662	984	1055	506	642	0	625654
683	984	1055	506	642	961	1	626160
684	1055	506	642	961	1007	0	626802
685	506	642	961	1007	522	0	627763
686	642	961	1007	522	615	0	628770
687	961	1007	522	615	863	1	629292
688	1007	522	615	863	1004	0	629907
689	522	615	863	1004	498	0	630770
690	615	863	1004	498	646	0	631774
691	863	1004	498	646	891	1	632272
692	1004	498	646	891	1098	0	632918
693	498	646	891	1098	1136	0	633809
694	646	891	1098	1136	1120	0	634907
695	891	1098	1136	1120	1168	0	636043
696	1098	1136	1120	1168	1136	0	637163
697	1136	1120	1168	1136	1113	0	638331
698	1120	1168	1136	1113	1124	0	639467
699	1168	1136	1113	1124	1140	0	640580
700	1136	1113	1124	1140	1109	0	641704
701	1113	1124	1140	1109	1051	0	642844
702	1124	1140	1109	1051	1070	0	643953
703	1140	1109	1051	1070	1070	0	645004
704	1109	1051	1070	1070	1066	0	646074
705	1051	1070	1070	1066	1023	0	647144
706	1070	1070	1066	1023	1043	0	648210
707	1070	1066	1023	1043	1059	0	649233
708	1066	1023	1043	1059	1035	0	650276
709	1023	1043	1059	1035	1039	0	651335
710	1043	1059	1035	1039	1035	0	652370
711	1059	1035	1039	1035	1031	0	653409
712	1035	1039	1035	1031	988	0	654444
713	1039	1035	1031	988	1004	0	655475
714	1035	1031	988	1004	1012	0	656463
715	1031	988	1004	1012	1046	0	657467
716	988	1004	1012	1046	993	0	658479
717	1004	1012	1046	993	1031	0	659525
718	1012	1046	993	1031	1058	0	660518
719	1046	993	1031	1058	1082	0	661549
720	993	1031	1058	1082	1050	0	662607
721	1031	1058	1082	1050	1078	0	663689
722	1058	1082	1050	1078	1113	0	664739
723	1082	1050	1078	1113	1101	0	665817
724	1050	1078	1113	1101	1051	0	666930
725	1078	1113	1101	1051	1015	0	668031
726	1113	1101	1051	1015	1031	0	669082
727	1101	1051	1015	1031	1035	0	670097
728	1051	1015	1031	1035	1020	0	671128
729	1015	1031	1035	1020	1035	0	672163
730	1031	1035	1020	1035	1047	0	673183
731	1035	1020	1035	1047	1058	0	674218
732	1020	1035	1047	1058	1039	0	675265
733	1035	1047	1058	1039	1062	0	676323
734	1047	1058	1039	1062	1086	0	677362
735	1058	1039	1062	1086	1081	0	678424
736	1039	1062	1086	1081	1028	0	679510
737	1062	1086	1081	1028	498	0	680591
738	1086	1081	1028	498	634	0	681619
739	1081	1028	498	634	942	1	682117
740	1028	498	634	942	1039	0	682751
741	498	634	942	1039	501	0	683693
742	634	942	1039	501	639	0	684732
743	942	1039	501	639	941	1	685233
744	1039	501	639	941	1086	0	685872
745	501	639	941	1086	1097	0	686813
746	639	941	1086	1097	1066	0	687899
747	941	1086	1097	1066	1109	0	688996
748	1086	1097	1066	1109	1125	0	690062
749	1097	1066	1109	1125	1105	0	691171
750	1066	1109	1125	1105	1054	0	692296
751	1109	1125	1105	1054	494	0	693401
752	1125	1105	1054	494	642	0	694455
753	1105	1054	494	642	981	1	694949
754	1054	494	642	981	1054	0	695591
755	494	642	981	1054	502	0	696572
756	642	981	1054	502	631	0	697626
757	981	1054	502	631	879	1	698128
758	1054	502	631	879	1004	0	698759
759	502	631	879	1004	1019	0	699638
760	631	879	1004	1019	993	0	700642
761	879	1004	1019	993	544	0	701661
762	1004	1019	993	544	623	0	702654
763	1019	993	544	623	895	1	703198
764	993	544	623	895	1043	0	703821
765	544	623	895	1043	1015	0	704716
766	623	895	1043	1015	502	0	705759
767	895	1043	1015	502	642	0	706774
768	1043	1015	502	642	926	1	707276
769	1015	502	642	926	1039	0	707918
770	502	642	926	1039	502	0	708844
771	642	926	1039	502	638	0	709883
772	926	1039	502	638	923	1	710385
773	1039	502	638	923	1046	0	711023
774	502	638	923	1046	502	0	711946
775	638	923	1046	502	642	0	712992
776	923	1046	502	642	907	1	713494
777	1046	502	642	907	1019	0	714136
778	502	642	907	1019	1039	0	715043
779	642	907	1019	1039	1024	0	716062
780	907	1019	1039	1024	498	0	717101
781	1019	1039	1024	498	622	0	718125
782	1039	1024	498	622	895	1	718623
783	1024	498	622	895	1027	0	719245
784	498	622	895	1027	1043	0	720140
785	622	895	1027	1043	1004	0	721167
786	895	1027	1043	1004	498	0	722210
787	1027	1043	1004	498	650	0	723214
788	1043	1004	498	650	930	1	723712
789	1004	498	650	930	1054	0	724362
790	498	650	930	1054	502	0	725292
791	650	930	1054	502	646	0	726346
792	930	1054	502	646	950	1	726848
793	1054	502	646	950	1077	0	727494
794	502	646	950	1077	1098	0	728444
795	646	950	1077	1098	490	0	729521
796	950	1077	1098	490	630	0	730619
797	1077	1098	490	630	954	1	731109
798	1098	490	630	954	1058	0	731739
799	490	630	954	1058	510	0	732693
800	630	954	1058	510	638	0	733751
801	954	1058	510	638	945	1	734261
802	1058	510	638	945	1004	0	734899
803	510	638	945	1004	1063	0	735844
804	638	945	1004	1063	1085	0	736848
805	945	1004	1063	1085	1105	0	737911
806	1004	1063	1085	1105	1066	0	738996
807	1063	1085	1105	1066	498	0	740101
808	1085	1105	1066	498	658	0	741167
809	1105	1066	498	658	1027	1	741665
810	1066	498	658	1027	1113	0	742323
811	498	658	1027	1113	1074	0	743350
812	658	1027	1113	1074	1105	0	744463
813	1027	1113	1074	1105	1121	0	745537
814	1113	1074	1105	1121	1101	0	746642
815	1074	1105	1121	1101	1050	0	747763
816	1105	1121	1101	1050	495	0	748864
817	1121	1101	1050	495	638	0	749914
818	1101	1050	495	638	976	1	750409
819	1050	495	638	976	1043	0	751047
820	495	638	976	1043	502	0	752023
821	638	976	1043	502	634	0	753066
822	976	1043	502	634	919	1	753568
823	1043	502	634	919	1050	0	754202
824	502	634	919	1050	498	0	755121
825	634	919	1050	498	646	0	756171
826	919	1050	498	646	938	1	756669
827	1050	498	646	938	1066	0	757315
828	498	646	938	1066	1090	0	758253
829	646	938	1066	1090	1031	0	759319
830	938	1066	1090	1031	494	0	760409
831	1066	1090	1031	494	630	0	761440
832	1090	1031	494	630	895	1	761934
833	1031	494	630	895	1020	0	762564
834	494	630	895	1020	498	0	763459
835	630	895	1020	498	638	0	764479
836	895	1020	498	638	899	1	764977
837	1020	498	638	899	1054	0	765615
838	498	638	899	1054	1062	0	766514
839	638	899	1054	1062	1109	0	767568
840	899	1054	1062	1109	1129	0	768630
841	1054	1062	1109	1129	1116	0	769739
842	1062	1109	1129	1116	1047	0	770868
843	1109	1129	1116	1047	1051	0	771984
844	1129	1116	1047	1051	1050	0	773031
845	1116	1047	1051	1050	1016	0	774082
846	1047	1051	1050	1016	969	0	775132
847	1051	1050	1016	969	498	0	776148
848	1050	1016	969	498	634	0	777117
849	1016	969	498	634	864	1	777615
850	969	498	634	864	984	0	778249
851	498	634	864	984	502	0	779113
852	634	864	984	502	642	0	780097
853	864	984	502	642	895	1	780599
854	984	502	642	895	1051	0	781241
855	502	642	895	1051	1054	0	782136
856	642	895	1051	1054	1039	0	783187
857	895	1051	1054	1039	1086	0	784241
858	1051	1054	1039	1086	1093	0	785280
859	1054	1039	1086	1093	1078	0	786366
860	1039	1086	1093	1078	1089	0	787459
861	1086	1093	1078	1089	1106	0	788537
862	1093	1078	1089	1106	1120	0	789626
863	1078	1089	1106	1120	1062	0	790732
864	1089	1106	1120	1062	1070	0	791852
865	1106	1120	1062	1070	1067	0	792914
866	1120	1062	1070	1067	1058	0	793984
867	1062	1070	1067	1058	1023	0	795051
868	1070	1067	1058	1023	498	0	796109
869	1067	1058	1023	498	642	0	797132
870	1058	1023	498	642	946	1	797630
871	1023	498	642	946	1019	0	798272
872	498	642	946	1019	518	0	799218
873	642	946	1019	518	638	0	800237
874	946	1019	518	638	922	1	800755
875	1019	518	638	922	1055	0	801393
876	518	638	922	1055	502	0	802315
877	638	922	1055	502	649	0	803370
878	922	1055	502	649	950	1	803872
879	1055	502	649	950	1085	0	804521
880	502	649	950	1085	1082	0	805471
881	649	950	1085	1082	490	0	806556
882	950	1085	1082	490	623	0	807638
883	1085	1082	490	623	860	1	808128
884	1082	490	623	860	973	0	808751
885	490	623	860	973	1015	0	809611
886	623	860	973	1015	1012	0	810584
887	860	973	1015	1012	494	0	811599
888	973	1015	1012	494	669	0	812611
889	1015	1012	494	669	942	1	813105
890	1012	494	669	942	1082	0	813774
891	494	669	942	1082	1105	0	814716
892	669	942	1082	1105	1074	0	815798
893	942	1082	1105	1074	1124	0	816903
894	1082	1105	1074	1124	1129	0	817977
895	1105	1074	1124	1129	1093	0	819101
896	1074	1124	1129	1093	1117	0	820230
897	1124	1129	1093	1117	1120	0	821323
898	1129	1093	1117	1120	1121	0	822440
899	1093	1117	1120	1121	1062	0	823560
900	1117	1120	1121	1062	1090	0	824681
901	1120	1121	1062	1090	1105	0	825743
902	1121	1062	1090	1105	1105	0	826833
903	1062	1090	1105	1105	1070	0	827938
904	1090	1105	1105	1070	1078	0	829043
905	1105	1105	1070	1078	1089	0	830113
906	1105	1070	1078	1089	1086	0	831191
907	1070	1078	1089	1086	1054	0	832280
908	1078	1089	1086	1054	1066	0	833366
909	1089	1086	1054	1066	1059	0	834420
910	1086	1054	1066	1059	1043	0	835486
911	1054	1066	1059	1043	1011	0	836545
912	1066	1059	1043	1011	502	0	837588
913	1059	1043	1011	502	627	0	838599
914	1043	1011	502	627	902	1	839101
915	1011	502	627	902	1012	0	839728
916	502	627	902	1012	988	0	840630
917	627	902	1012	988	1012	0	841642
918	902	1012	988	1012	1043	0	842630
919	1012	988	1012	1043	1047	0	843642
920	988	1012	1043	1047	1000	0	844685
921	1012	1043	1047	1000	501	0	845732
922	1043	1047	1000	501	646	0	846732
923	1047	1000	501	646	923	1	847233
924	1000	501	646	923	1042	0	847879
925	501	646	923	1042	502	0	848802
926	646	923	1042	502	701	0	849844
927	923	1042	502	701	992	1	850346
928	1042	502	701	992	1152	0	851047
929	502	701	992	1152	1128	0	852039
930	701	992	1152	1128	1140	0	853191
931	992	1152	1128	1140	1152	0	854319
932	1152	1128	1140	1152	1121	0	855459
933	1128	1140	1152	1121	1066	0	856611
934	1140	1152	1121	1066	494	0	857732
935	1152	1121	1066	494	646	0	858798
936	1121	1066	494	646	992	1	859292
937	1066	494	646	992	1093	0	859938
938	494	646	992	1093	495	0	860930
939	646	992	1093	495	649	0	862023
940	992	1093	495	649	1004	1	862518
941	1093	495	649	1004	1121	0	863167
942	495	649	1004	1121	498	0	864171
943	649	1004	1121	498	661	0	865292
944	1004	1121	498	661	1039	1	865790
945	1121	498	661	1039	1140	0	866451
946	498	661	1039	1140	1129	0	867490
947	661	1039	1140	1129	494	0	868630
948	1039	1140	1129	494	642	0	869759
949	1140	1129	494	642	1019	1	870253
950	1129	494	642	1019	1102	0	870895
951	494	642	1019	1102	505	0	871914
952	642	1019	1102	505	662	0	873016
953	1019	1102	505	662	996	1	873521
954	1102	505	662	996	1074	0	874183
955	505	662	996	1074	1078	0	875179
956	662	996	1074	1078	1074	0	876253
957	996	1074	1078	1074	494	0	877331
958	1074	1078	1074	494	634	0	878405
959	1078	1074	494	634	907	1	878899
960	1074	494	634	907	1007	0	879533
961	494	634	907	1007	1028	0	880440
962	634	907	1007	1028	1007	0	881447
963	907	1007	1028	1007	997	0	882475
964	1007	1028	1007	997	1011	0	883482
965	1028	1007	997	1011	498	0	884479
966	1007	997	1011	498	635	0	885490
967	997	1011	498	635	871	1	885988
968	1011	498	635	871	988	0	886623
969	498	635	871	988	1012	0	887494
970	635	871	988	1012	1016	0	888482
971	871	988	1012	1016	996	0	889494
972	988	1012	1016	996	494	0	890510
973	1012	1016	996	494	630	0	891506
974	1016	996	494	630	876	1	892000
975	996	494	630	876	992	0	892630
976	494	630	876	992	506	0	893506
977	630	876	992	506	626	0	894498
978	876	992	506	626	841	1	895004
979	992	506	626	841	988	0	895630
980	506	626	841	988	514	0	896471
981	626	841	988	514	653	0	897459
982	841	988	514	653	884	1	897973
983	988	514	653	884	1023	0	898626
984	514	653	884	1023	498	0	899510
985	653	884	1023	498	685	0	900533
986	884	1023	498	685	961	1	901031
987	1023	498	685	961	1070	0	901716
988	498	685	961	1070	1070	0	902677
989	685	961	1070	1070	1113	0	903747
990	961	1070	1070	1113	1113	0	904817
991	1070	1070	1113	1113	1074	0	905930
992	1070	1113	1113	1074	1093	0	907043
993	1113	1113	1074	1093	1101	0	908117
994	1113	1074	1093	1101	1105	0	909210
995	1074	1093	1101	1105	1047	0	910311
996	1093	1101	1105	1047	1078	0	911416
997	1101	1105	1047	1078	1070	0	912463
998	1105	1047	1078	1070	1039	0	913541
999	1047	1078	1070	1039	1019	0	914611
1000	1078	1070	1039	1019	1043	0	915650
1001	1070	1039	1019	1043	1066	0	916669
1002	1039	1019	1043	1066	1043	0	917712
1003	1019	1043	1066	1043	1035	0	918778
1004	1043	1066	1043	1035	1055	0	919821
1005	1066	1043	1035	1055	1050	0	920856
1006	1043	1035	1055	1050	1027	0	921911
1007	1035	1055	1050	1027	1055	0	922961
1008	1055	1050	1027	1055	1070	0	923988
1009	1050	1027	1055	1070	1062	0	925043
1010	1027	1055	1070	1062	1012	0	926113
1011	1055	1070	1062	1012	1027	0	927175
1012	1070	1062	1012	1027	1043	0	928187
1013	1062	1012	1027	1043	1019	0	929214
1014	1012	1027	1043	1019	957	0	930257
1015	1027	1043	1019	957	502	0	931276
1016	1043	1019	957	502	623	0	932233
1017	1019	957	502	623	860	1	932735
1018	957	502	623	860	996	0	933358
1019	502	623	860	996	1016	0	934218
1020	623	860	996	1016	1023	0	935214
1021	860	996	1016	1023	1066	0	936230
1022	996	1016	1023	1066	1093	0	937253
1023	1016	1023	1066	1093	1051	0	938319
1024	1023	1066	1093	1051	1078	0	939412
1025	1066	1093	1051	1078	1105	0	940463
1026	1093	1051	1078	1105	1086	0	941541
1027	1051	1078	1105	1086	1062	0	942646
1028	1078	1105	1086	1062	1089	0	943732
1029	1105	1086	1062	1089	1094	0	944794
1030	1086	1062	1089	1094	1077	0	945883
1031	1062	1089	1094	1077	1047	0	946977
1032	1089	1094	1077	1047	1059	0	948054
1033	1094	1077	1047	1059	1046	0	949101
1034	1077	1047	1059	1046	1024	0	950160
1035	1047	1059	1046	1024	1003	0	951206
1036	1059	1046	1024	1003	499	0	952230
1037	1046	1024	1003	499	634	0	953233
1038	1024	1003	499	634	902	1	953732
1039	1003	499	634	902	1004	0	954366
1040	499	634	902	1004	502	0	955268
1041	634	902	1004	502	631	0	956272
1042	902	1004	502	631	863	1	956774
1043	1004	502	631	863	997	0	957405
1044	502	631	863	997	505	0	958268
1045	631	863	997	505	639	0	959265
1046	863	997	505	639	871	1	959770
1047	997	505	639	871	1012	0	960409
1048	505	639	871	1012	1043	0	961280
1049	639	871	1012	1043	1027	0	962292
1050	871	1012	1043	1027	494	0	963335
1051	1012	1043	1027	494	658	0	964362
1052	1043	1027	494	658	949	1	964856
1053	1027	494	658	949	1070	0	965514
1054	494	658	949	1070	1062	0	966463
1055	658	949	1070	1062	1090	0	967533
1056	949	1070	1062	1090	1105	0	968595
1057	1070	1062	1090	1105	1089	0	969685
1058	1062	1090	1105	1089	1035	0	970790
1059	1090	1105	1089	1035	498	0	971879
1060	1105	1089	1035	498	635	0	972914
1061	1089	1035	498	635	953	1	973412
1062	1035	498	635	953	1027	0	974047
1063	498	635	953	1027	1004	0	975000
1064	635	953	1027	1004	1023	0	976027
1065	953	1027	1004	1023	1028	0	977031
1066	1027	1004	1023	1028	1019	0	978054
1067	1004	1023	1028	1019	510	0	979082
1068	1023	1028	1019	510	630	0	980101
1069	1028	1019	510	630	899	1	980611
1070	1019	510	630	899	1039	0	981241
1071	510	630	899	1039	1051	0	982140
1072	630	899	1039	1051	1019	0	983179
1073	899	1039	1051	1019	1055	0	984230
1074	1039	1051	1019	1055	1042	0	985249
1075	1051	1019	1055	1042	1047	0	986304
1076	1019	1055	1042	1047	490	0	987346
1077	1055	1042	1047	490	623	0	988393
1078	1042	1047	490	623	848	1	988883
1079	1047	490	623	848	977	0	989506
1080	490	623	848	977	992	0	990354
1081	623	848	977	992	984	0	991331
1082	848	977	992	984	1012	0	992323
1083	977	992	984	1012	1023	0	993307
1084	992	984	1012	1023	1043	0	994319
1085	984	1012	1023	1043	1008	0	995342
1086	1012	1023	1043	1008	502	0	996385
1087	1023	1043	1008	502	642	0	997393
1088	1043	1008	502	642	907	1	997895
1089	1008	502	642	907	1031	0	998537
1090	502	642	907	1031	517	0	999444
1091	642	907	1031	517	634	0	1000475
1092	907	1031	517	634	919	1	1000992
1093	1031	517	634	919	1062	0	1001626
1094	517	634	919	1062	1082	0	1002545
1095	634	919	1062	1082	494	0	1003607
1096	919	1062	1082	494	638	0	1004689
1097	1062	1082	494	638	938	1	1005183
1098	1082	494	638	938	1050	0	1005821
1099	494	638	938	1050	518	0	1006759
1100	638	938	1050	518	634	0	1007809
1101	938	1050	518	634	907	1	1008327
1102	1050	518	634	907	1031	0	1008961
1103	518	634	907	1031	1043	0	1009868
1104	634	907	1031	1043	1015	0	1010899
1105	907	1031	1043	1015	1016	0	1011942
1106	1031	1043	1015	1016	1023	0	1012957
1107	1043	1015	1016	1023	510	0	1013973
1108	1015	1016	1023	510	642	0	1014996
1109	1016	1023	510	642	891	1	1015506
1110	1023	510	642	891	1004	0	1016148
1111	510	642	891	1004	1054	0	1017039
1112	642	891	1004	1054	1066	0	1018043
1113	891	1004	1054	1066	1032	0	1019097
1114	1004	1054	1066	1032	498	0	1020163
1115	1054	1066	1032	498	634	0	1021195
1116	1066	1032	498	634	926	1	1021693
1117	1032	498	634	926	1035	0	1022327
1118	498	634	926	1035	1008	0	1023253
1119	634	926	1035	1008	1043	0	1024288
1120	926	1035	1008	1043	498	0	1025296
1121	1035	1008	1043	498	642	0	1026339
1122	1008	1043	498	642	891	1	1026837
1123	1043	498	642	891	992	0	1027479
1124	498	642	891	992	1012	0	1028370
1125	642	891	992	1012	1015	0	1029362
1126	891	992	1012	1015	510	0	1030374
1127	992	1012	1015	510	634	0	1031389
1128	1012	1015	510	634	864	1	1031899
1129	1015	510	634	864	1004	0	1032533
1130	510	634	864	1004	1008	0	1033397
1131	634	864	1004	1008	992	0	1034401
1132	864	1004	1008	992	992	0	1035409
1133	1004	1008	992	992	996	0	1036401
1134	1008	992	992	996	981	0	1037393
1135	992	992	996	981	969	0	1038389
1136	992	996	981	969	976	0	1039370
1137	996	981	969	976	985	0	1040339
1138	981	969	976	985	505	0	1041315
1139	969	976	985	505	627	0	1042300
1140	976	985	505	627	840	1	1042805
1141	985	505	627	840	950	0	1043432
1142	505	627	840	950	961	0	1044272
1143	627	840	950	961	957	0	1045222
1144	840	950	961	957	938	0	1046183
1145	950	961	957	938	945	0	1047140
1146	961	957	938	945	934	0	1048078
1147	957	938	945	934	926	0	1049023
1148	938	945	934	926	911	0	1049957
1149	945	934	926	911	922	0	1050883
1150	934	926	911	922	910	0	1051794
1151	926	911	922	910	911	0	1052716
1152	911	922	910	911	899	0	1053626
1153	922	910	911	899	903	0	1054537
1154	910	911	899	903	910	0	1055436
1155	911	899	903	910	903	0	1056339
1156	899	903	910	903	899	0	1057249
1157	903	910	903	899	898	0	1058152
1158	910	903	899	898	895	0	1059051
1159	903	899	898	895	891	0	1059949
1160	899	898	895	891	888	0	1060844
1161	898	895	891	888	879	0	1061735
1162	895	891	888	879	887	0	1062623
1163	891	888	879	887	891	0	1063502
1164	888	879	887	891	549	0	1064389
1165	879	887	891	549	1284	0	1065280
1166	887	891	549	1284	910	1	1065829
1167	891	549	1284	910	510	0	1067113
1168	549	1284	910	510	611	0	1068023
1169	1284	910	510	611	704	1	1068533
1170	910	510	611	704	856	0	1069144
1171	510	611	704	856	876	0	1069848
1172	611	704	856	876	910	0	1070704
1173	704	856	876	910	529	0	1071580
1174	856	876	910	529	639	0	1072490
1175	876	910	529	639	751	1	1073019
1176	910	529	639	751	918	0	1073658
1177	529	639	751	918	973	0	1074409
1178	639	751	918	973	984	0	1075327
1179	751	918	973	984	1000	0	1076300
1180	918	973	984	1000	973	0	1077284
1181	973	984	1000	973	494	0	1078284
1182	984	1000	973	494	626	0	1079257
1183	1000	973	494	626	849	1	1079751
1184	973	494	626	849	972	0	1080377
1185	494	626	849	972	522	0	1081226
1186	626	849	972	522	622	0	1082198
1187	849	972	522	622	845	1	1082720
1188	972	522	622	845	976	0	1083342
1189	522	622	845	976	989	0	1084187
1190	622	845	976	989	529	0	1085163
1191	845	976	989	529	607	0	1086152
1192	976	989	529	607	833	1	1086681
1193	989	529	607	833	968	0	1087288
1194	529	607	833	968	989	0	1088121
1195	607	833	968	989	973	0	1089089
1196	833	968	989	973	521	0	1090078
1197	968	989	973	521	615	0	1091051
1198	989	973	521	615	840	1	1091572
1199	973	521	615	840	957	0	1092187
1200	521	615	840	957	973	0	1093027
1201	615	840	957	973	954	0	1093984
1202	840	957	973	954	961	0	1094957
1203	957	973	954	961	953	0	1095911
1204	973	954	961	953	953	0	1096872
1205	954	961	953	953	942	0	1097825
1206	961	953	953	942	934	0	1098778
1207	953	953	942	934	937	0	1099720
1208	953	942	934	937	930	0	1100654
1209	942	934	937	930	915	0	1101591
1210	934	937	930	915	903	0	1102521
1211	937	930	915	903	914	0	1103436
1212	930	915	903	914	903	0	1104339
1213	915	903	914	903	891	0	1105253
1214	903	914	903	891	883	0	1106156
1215	914	903	891	883	891	0	1107047
1216	903	891	883	891	895	0	1107930
1217	891	883	891	895	899	0	1108821
1218	883	891	895	899	903	0	1109716
1219	891	895	899	903	898	0	1110615
1220	895	899	903	898	907	0	1111518
1221	899	903	898	907	907	0	1112416
1222	903	898	907	907	502	0	1113323
1223	898	907	907	502	599	0	1114230
1224	907	907	502	599	731	1	1114732
1225	907	502	599	731	852	0	1115331
1226	502	599	731	852	864	0	1116062
1227	599	731	852	864	864	0	1116914
1228	731	852	864	864	899	0	1117778
1229	852	864	864	899	910	0	1118642
1230	864	864	899	910	526	0	1119541
1231	864	899	910	526	607	0	1120451
1232	899	910	526	607	793	1	1120977
1233	910	526	607	793	958	0	1121584
1234	526	607	793	958	517	0	1122377
1235	607	793	958	517	627	0	1123335
1236	793	958	517	627	828	1	1123852
1237	958	517	627	828	946	0	1124479
1238	517	627	828	946	969	0	1125307
1239	627	828	946	969	965	0	1126253
1240	828	946	969	965	498	0	1127222
1241	946	969	965	498	622	0	1128187
1242	969	965	498	622	814	1	1128685
1243	965	498	622	814	941	0	1129307
1244	498	622	814	941	934	0	1130121
1245	622	814	941	934	938	0	1131062
1246	814	941	934	938	918	0	1131996
1247	941	934	938	918	922	0	1132934
1248	934	938	918	922	922	0	1133852
1249	938	918	922	922	923	0	1134774
1250	918	922	922	923	922	0	1135696
1251	922	922	923	922	930	0	1136619
1252	922	923	922	930	926	0	1137541
1253	923	922	930	926	918	0	1138471
1254	922	930	926	918	915	0	1139397
1255	930	926	918	915	906	0	1140315
1256	926	918	915	906	899	0	1141230
1257	918	915	906	899	907	0	1142136
1258	915	906	899	907	902	0	1143035
1259	906	899	907	902	911	0	1143942
1260	899	907	902	911	918	0	1144844
1261	907	902	911	918	926	0	1145755
1262	902	911	918	926	502	0	1146673
1263	911	918	926	502	611	0	1147599
1264	918	926	502	611	778	1	1148101
1265	926	502	611	778	926	0	1148712
1266	502	611	778	926	954	0	1149490
1267	611	778	926	954	949	0	1150416
1268	778	926	954	949	494	0	1151370
1269	926	954	949	494	615	0	1152319
1270	954	949	494	615	825	1	1152813
1271	949	494	615	825	969	0	1153428
1272	494	615	825	969	502	0	1154253
1273	615	825	969	502	630	0	1155222
1274	825	969	502	630	825	1	1155724
1275	969	502	630	825	961	0	1156354
1276	502	630	825	961	977	0	1157179
1277	630	825	961	977	980	0	1158140
1278	825	961	977	980	498	0	1159117
1279	961	977	980	498	615	0	1160097
1280	977	980	498	615	833	1	1160595
1281	980	498	615	833	953	0	1161210
1282	498	615	833	953	965	0	1162043
1283	615	833	953	965	942	0	1162996
1284	833	953	965	942	961	0	1163961
1285	953	965	942	961	969	0	1164903
1286	965	942	961	969	494	0	1165864
1287	942	961	969	494	622	0	1166833
1288	961	969	494	622	818	1	1167327
1289	969	494	622	818	926	0	1167949
1290	494	622	818	926	953	0	1168767
1291	622	818	926	953	957	0	1169693
1292	818	926	953	957	502	0	1170646
1293	926	953	957	502	623	0	1171603
1294	953	957	502	623	809	1	1172105
1295	957	502	623	809	930	0	1172728
1296	502	623	809	930	957	0	1173537
1297	623	809	930	957	965	0	1174467
1298	809	930	957	965	494	0	1175424
1299	930	957	965	494	623	0	1176389
1300	957	965	494	623	817	1	1176883
1301	965	494	623	817	949	0	1177506
1302	494	623	817	949	981	0	1178323
1303	623	817	949	981	1000	0	1179272
1304	817	949	981	1000	996	0	1180253
1305	949	981	1000	996	486	0	1181253
1306	981	1000	996	486	635	0	1182249
1307	1000	996	486	635	879	1	1182735
1308	996	486	635	879	996	0	1183370
1309	486	635	879	996	498	0	1184249
1310	635	879	996	498	642	0	1185245
1311	879	996	498	642	860	1	1185743
1312	996	498	642	860	992	0	1186385
1313	498	642	860	992	1008	0	1187245
1314	642	860	992	1008	510	0	1188237
1315	860	992	1008	510	642	0	1189245
1316	992	1008	510	642	860	1	1189755
1317	1008	510	642	860	969	0	1190397
1318	510	642	860	969	988	0	1191257
1319	642	860	969	988	992	0	1192226
1320	860	969	988	992	506	0	1193214
1321	969	988	992	506	627	0	1194206
1322	988	992	506	627	836	1	1194712
1323	992	506	627	836	973	0	1195339
1324	506	627	836	973	988	0	1196175
1325	627	836	973	988	989	0	1197148
1326	836	973	988	989	509	0	1198136
1327	973	988	989	509	615	0	1199125
1328	988	989	509	615	837	1	1199634
1329	989	509	615	837	953	0	1200249
1330	509	615	837	953	969	0	1201086
1331	615	837	953	969	969	0	1202039
1332	837	953	969	969	969	0	1203008
1333	953	969	969	969	996	0	1203977
1334	969	969	969	996	490	0	1204946
1335	969	969	996	490	630	0	1205942
1336	969	996	490	630	833	1	1206432
1337	996	490	630	833	949	0	1207062
1338	490	630	833	949	946	0	1207895
1339	630	833	949	946	949	0	1208844
1340	833	949	946	949	942	0	1209790
1341	949	946	949	942	938	0	1210739
1342	946	949	942	938	945	0	1211681
1343	949	942	938	945	938	0	1212619
1344	942	938	945	938	942	0	1213564
1345	938	945	938	942	933	0	1214502
1346	945	938	942	933	942	0	1215444
1347	938	942	933	942	518	0	1216377
1348	942	933	942	518	610	0	1217319
1349	933	942	518	610	810	1	1217837
1350	942	518	610	810	930	0	1218447
1351	518	610	810	930	930	0	1219257
1352	610	810	930	930	937	0	1220187
1353	810	930	930	937	934	0	1221117
1354	930	930	937	934	926	0	1222054
1355	930	937	934	926	923	0	1222988
1356	937	934	926	923	914	0	1223914
1357	934	926	923	914	922	0	1224837
1358	926	923	914	922	918	0	1225751
1359	923	914	922	918	907	0	1226673
1360	914	922	918	907	911	0	1227591
1361	922	918	907	911	891	0	1228498
1362	918	907	911	891	879	0	1229409
1363	907	911	891	879	879	0	1230300
1364	911	891	879	879	888	0	1231179
1365	891	879	879	888	879	0	1232058
1366	879	879	888	879	883	0	1232946
1367	879	888	879	883	895	0	1233825
1368	888	879	883	895	887	0	1234708
1369	879	883	895	887	887	0	1235603
1370	883	895	887	887	888	0	1236490
1371	895	887	887	888	883	0	1237377
1372	887	887	888	883	895	0	1238265
1373	887	888	883	895	895	0	1239148
1374	888	883	895	895	895	0	1240043
1375	883	895	895	895	891	0	1240938
1376	895	895	895	891	544	0	1241833
1377	895	895	891	544	1292	0	1242724
1378	895	891	544	1292	899	1	1243268
1379	891	544	1292	899	533	0	1244560
1380	544	1292	899	533	1191	0	1245459
1381	1292	899	533	1191	829	1	1245992
1382	899	533	1191	829	790	0	1247183
1383	533	1191	829	790	786	0	1248012
1384	1191	829	790	786	797	0	1248802
1385	829	790	786	797	825	0	1249588
1386	790	786	797	825	864	0	1250385
1387	786	797	825	864	879	0	1251210
1388	797	825	864	879	494	0	1252074
1389	825	864	879	494	1316	0	1252953
1390	864	879	494	1316	895	1	1253447
1391	879	494	1316	895	494	0	1254763
1392	494	1316	895	494	1272	0	1255658
1393	1316	895	494	1272	868	1	1256152
1394	895	494	1272	868	825	0	1257424
1395	494	1272	868	825	825	0	1258292
1396	1272	868	825	825	821	0	1259117
1397	868	825	825	821	825	0	1259942
1398	825	825	821	825	828	0	1260763
1399	825	821	825	828	837	0	1261588
1400	821	825	828	837	844	0	1262416
1401	825	828	837	844	845	0	1263253
1402	828	837	844	845	844	0	1264097
1403	837	844	845	844	837	0	1264942
1404	844	845	844	837	828	0	1265786
1405	845	844	837	828	821	0	1266623
1406	844	837	828	821	817	0	1267451
1407	837	828	821	817	818	0	1268272
1408	828	821	817	818	813	0	1269089
1409	821	817	818	813	809	0	1269907
1410	817	818	813	809	821	0	1270720
1411	818	813	809	821	829	0	1271529
1412	813	809	821	829	837	0	1272350
1413	809	821	829	837	840	0	1273179
1414	821	829	837	840	856	0	1274016
1415	829	837	840	856	856	0	1274856
1416	837	840	856	856	860	0	1275712
1417	840	856	856	860	864	0	1276568
1418	856	856	860	864	868	0	1277428
1419	856	860	864	868	875	0	1278292
1420	860	864	868	875	864	0	1279160
1421	864	868	875	864	864	0	1280035
1422	868	875	864	864	875	0	1280899
1423	875	864	864	875	876	0	1281763
1424	864	864	875	876	871	0	1282638
1425	864	875	876	871	868	0	1283514
1426	875	876	871	868	868	0	1284385
1427	876	871	868	868	875	0	1285253
1428	871	868	868	875	860	0	1286121
1429	868	868	875	860	860	0	1286996
1430	868	875	860	860	856	0	1287856
1431	875	860	860	856	868	0	1288716
1432	860	860	856	868	871	0	1289572
1433	860	856	868	871	884	0	1290440
1434	856	868	871	884	891	0	1291311
1435	868	871	884	891	887	0	1292195
1436	871	884	891	887	902	0	1293086
1437	884	891	887	902	911	0	1293973
1438	891	887	902	911	922	0	1294875
1439	887	902	911	922	918	0	1295786
1440	902	911	922	918	518	0	1296708
1441	911	922	918	518	603	0	1297626
1442	922	918	518	603	771	1	1298144
1443	918	518	603	771	906	0	1298747
1444	518	603	771	906	926	0	1299518
1445	603	771	906	926	915	0	1300424
1446	771	906	926	915	922	0	1301350
1447	906	926	915	922	938	0	1302265
1448	926	915	922	938	525	0	1303187
1449	915	922	938	525	611	0	1304125
1450	922	938	525	611	790	1	1304650
1451	938	525	611	790	914	0	1305261
1452	525	611	790	914	938	0	1306051
1453	611	790	914	938	937	0	1306965
1454	790	914	938	937	934	0	1307903
1455	914	938	937	934	938	0	1308840
1456	938	937	934	938	914	0	1309774
1457	937	934	938	914	911	0	1310712
1458	934	938	914	911	918	0	1311626
1459	938	914	911	918	541	0	1312537
1460	914	911	918	541	630	0	1313455
1461	911	918	541	630	728	1	1313996
1462	918	541	630	728	899	0	1314626
1463	541	630	728	899	907	0	1315354
1464	630	728	899	907	906	0	1316253
1465	728	899	907	906	915	0	1317160
1466	899	907	906	915	937	0	1318066
1467	907	906	915	937	498	0	1318981
1468	906	915	937	498	619	0	1319918
1469	915	937	498	619	782	1	1320416
1470	937	498	619	782	926	0	1321035
1471	498	619	782	926	946	0	1321817
1472	619	782	926	946	953	0	1322743
1473	782	926	946	953	506	0	1323689
1474	926	946	953	506	615	0	1324642
1475	946	953	506	615	786	1	1325148
1476	953	506	615	786	914	0	1325763
1477	506	615	786	914	938	0	1326549
1478	615	786	914	938	945	0	1327463
1479	786	914	938	945	514	0	1328401
1480	914	938	945	514	611	0	1329346
1481	938	945	514	611	782	1	1329860
1482	945	514	611	782	942	0	1330471
1483	514	611	782	942	937	0	1331253
1484	611	782	942	937	946	0	1332195
1485	782	942	937	946	552	0	1333132
1486	942	937	946	552	635	0	1334078
1487	937	946	552	635	762	1	1334630
1488	946	552	635	762	965	0	1335265
1489	552	635	762	965	965	0	1336027
1490	635	762	965	965	934	0	1336992
1491	762	965	965	934	930	0	1337957
1492	965	965	934	930	926	0	1338891
1493	965	934	930	926	926	0	1339821
1494	934	930	926	926	907	0	1340747
1495	930	926	926	907	914	0	1341673
1496	926	926	907	914	918	0	1342580
1497	926	907	914	918	930	0	1343494
1498	907	914	918	930	514	0	1344412
1499	914	918	930	514	611	0	1345342
1500	918	930	514	611	763	1	1345856
1501	930	514	611	763	922	0	1346467
1502	514	611	763	922	945	0	1347230
1503	611	763	922	945	954	0	1348152
1504	763	922	945	954	548	0	1349097
1505	922	945	954	548	638	0	1350051
1506	945	954	548	638	767	1	1350599
1507	954	548	638	767	965	0	1351237
1508	548	638	767	965	996	0	1352004
1509	638	767	965	996	973	0	1352969
1510	767	965	996	973	509	0	1353965
1511	965	996	973	509	607	0	1354938
1512	996	973	509	607	825	1	1355447
1513	973	509	607	825	942	0	1356054
1514	509	607	825	942	922	0	1356879
1515	607	825	942	922	922	0	1357821
1516	825	942	922	922	919	0	1358743
1517	942	922	922	919	898	0	1359665
1518	922	922	919	898	907	0	1360584
1519	922	919	898	907	911	0	1361482
1520	919	898	907	911	922	0	1362389
1521	898	907	911	922	922	0	1363300
1522	907	911	922	922	922	0	1364222
1523	911	922	922	922	946	0	1365144
1524	922	922	922	946	502	0	1366066
1525	922	922	946	502	618	0	1367012
1526	922	946	502	618	790	1	1367514
1527	946	502	618	790	922	0	1368132
1528	502	618	790	922	950	0	1368922
1529	618	790	922	950	930	0	1369844
1530	790	922	950	930	926	0	1370794
1531	922	950	930	926	938	0	1371724
1532	950	930	926	938	548	0	1372650
1533	930	926	938	548	1354	0	1373588
1534	926	938	548	1354	950	1	1374136
1535	938	548	1354	950	513	0	1375490
1536	548	1354	950	513	611	0	1376440
1537	1354	950	513	611	759	1	1376953
1538	950	513	611	759	907	0	1377564
1539	513	611	759	907	922	0	1378323
1540	611	759	907	922	930	0	1379230
1541	759	907	922	930	922	0	1380152
1542	907	922	930	922	934	0	1381082
1543	922	930	922	934	949	0	1382004
1544	930	922	934	949	950	0	1382938
1545	922	934	949	950	521	0	1383887
1546	934	949	950	521	611	0	1384837
1547	949	950	521	611	798	1	1385358
1548	950	521	611	798	953	0	1385969
1549	521	611	798	953	961	0	1386767
1550	611	798	953	961	945	0	1387720
1551	798	953	961	945	954	0	1388681
1552	953	961	945	954	965	0	1389626
1553	961	945	954	965	513	0	1390580
1554	945	954	965	513	615	0	1391545
1555	954	965	513	615	802	1	1392058
1556	965	513	615	802	914	0	1392673
1557	513	615	802	914	926	0	1393475
1558	615	802	914	926	926	0	1394389
1559	802	914	926	926	915	0	1395315
1560	914	926	926	915	898	0	1396241
1561	926	926	915	898	903	0	1397156
1562	926	915	898	903	899	0	1398054
1563	915	898	903	899	891	0	1398957
1564	898	903	899	891	883	0	1399856
1565	903	899	891	883	891	0	1400747
1566	899	891	883	891	899	0	1401630
1567	891	883	891	899	899	0	1402521
1568	883	891	899	899	895	0	1403420
1569	891	899	899	895	899	0	1404319
1570	899	899	895	899	903	0	1405214
1571	899	895	899	903	910	0	1406113
1572	895	899	903	910	914	0	1407016
1573	899	903	910	914	911	0	1407926
1574	903	910	914	911	514	0	1408840
1575	910	914	911	514	603	0	1409751
1576	914	911	514	603	747	1	1410265
1577	911	514	603	747	883	0	1410868
1578	514	603	747	883	903	0	1411615
1579	603	747	883	903	926	0	1412498
1580	747	883	903	926	945	0	1413401
1581	883	903	926	945	518	0	1414327
1582	903	926	945	518	615	0	1415272
1583	926	945	518	615	770	1	1415790
1584	945	518	615	770	942	0	1416405
1585	518	615	770	942	980	0	1417175
1586	615	770	942	980	985	0	1418117
1587	770	942	980	985	490	0	1419097
1588	942	980	985	490	626	0	1420082
1589	980	985	490	626	821	1	1420572
1590	985	490	626	821	954	0	1421198
1591	490	626	821	954	965	0	1422019
1592	626	821	954	965	965	0	1422973
1593	821	954	965	965	506	0	1423938
1594	954	965	965	506	607	0	1424903
1595	965	965	506	607	813	1	1425409
1596	965	506	607	813	938	0	1426016
1597	506	607	813	938	933	0	1426829
1598	607	813	938	933	946	0	1427767
1599	813	938	933	946	949	0	1428700
1600	938	933	946	949	954	0	1429646
1601	933	946	949	954	502	0	1430595
1602	946	949	954	502	618	0	1431549
1603	949	954	502	618	810	1	1432051
1604	954	502	618	810	949	0	1432669
1605	502	618	810	949	949	0	1433479
1606	618	810	949	949	965	0	1434428
1607	810	949	949	965	522	0	1435377
1608	949	949	965	522	611	0	1436342
1609	949	965	522	611	801	1	1436864
1610	965	522	611	801	946	0	1437475
1611	522	611	801	946	961	0	1438276
1612	611	801	946	961	961	0	1439222
1613	801	946	961	961	545	0	1440183
1614	946	961	961	545	607	0	1441144
1615	961	961	545	607	809	1	1441689
1616	961	545	607	809	977	0	1442296
1617	545	607	809	977	980	0	1443105
1618	607	809	977	980	977	0	1444082
1619	809	977	980	977	514	0	1445062
1620	977	980	977	514	622	0	1446039
1621	980	977	514	622	860	1	1446553
1622	977	514	622	860	965	0	1447175
1623	514	622	860	965	961	0	1448035
1624	622	860	965	961	957	0	1449000
1625	860	965	961	957	950	0	1449961
1626	965	961	957	950	937	0	1450918
1627	961	957	950	937	907	0	1451868
1628	957	950	937	907	903	0	1452805
1629	950	937	907	903	879	0	1453712
1630	937	907	903	879	880	0	1454615
1631	907	903	879	880	859	0	1455494
1632	903	879	880	859	856	0	1456374
1633	879	880	859	856	841	0	1457233
1634	880	859	856	841	813	0	1458089
1635	859	856	841	813	794	0	1458930
1636	856	841	813	794	794	0	1459743
1637	841	813	794	794	801	0	1460537
1638	813	794	794	801	872	0	1461331
1639	794	794	801	872	486	0	1462132
1640	794	801	872	486	1343	0	1463004
1641	801	872	486	1343	934	1	1463490
1642	872	486	1343	934	933	0	1464833
1643	486	1343	934	933	950	0	1465767
1644	1343	934	933	950	930	0	1466700
1645	934	933	950	930	941	0	1467650
1646	933	950	930	941	969	0	1468580
1647	950	930	941	969	973	0	1469521
1648	930	941	969	973	953	0	1470490
1649	941	969	973	953	961	0	1471463
1650	969	973	953	961	981	0	1472416
1651	973	953	961	981	973	0	1473377
1652	953	961	981	973	961	0	1474358
1653	961	981	973	961	965	0	1475331
1654	981	973	961	965	980	0	1476292
1655	973	961	965	980	977	0	1477257
1656	961	965	980	977	961	0	1478237
1657	965	980	977	961	973	0	1479214
1658	980	977	961	973	977	0	1480175
1659	977	961	973	977	984	0	1481148
1660	961	973	977	984	965	0	1482125
1661	973	977	984	965	490	0	1483109
1662	977	984	965	490	619	0	1484074
1663	984	965	490	619	829	1	1484564
1664	965	490	619	829	961	0	1485183
1665	490	619	829	961	537	0	1486012
1666	619	829	961	537	611	0	1486973
1667	829	961	537	611	805	1	1487510
1668	961	537	611	805	969	0	1488121
1669	537	611	805	969	988	0	1488926
1670	611	805	969	988	977	0	1489895
1671	805	969	988	977	514	0	1490883
1672	969	988	977	514	626	0	1491860
1673	988	977	514	626	868	1	1492374
1674	977	514	626	868	976	0	1493000
1675	514	626	868	976	981	0	1493868
1676	626	868	976	981	1000	0	1494844
1677	868	976	981	1000	992	0	1495825
1678	976	981	1000	992	977	0	1496825
1679	981	1000	992	977	961	0	1497817
1680	1000	992	977	961	969	0	1498794
1681	992	977	961	969	965	0	1499755
1682	977	961	969	965	961	0	1500724
1683	961	969	965	961	941	0	1501689
1684	969	965	961	941	950	0	1502650
1685	965	961	941	950	949	0	1503591
1686	961	941	950	949	946	0	1504541
1687	941	950	949	946	934	0	1505490
1688	950	949	946	934	934	0	1506436
1689	949	946	934	934	945	0	1507370
1690	946	934	934	945	942	0	1508304
1691	934	934	945	942	945	0	1509249
1692	934	945	942	945	946	0	1510191
1693	945	942	945	946	961	0	1511136
1694	942	945	946	961	957	0	1512082
1695	945	946	961	957	521	0	1513043
1696	946	961	957	521	611	0	1514000
1697	961	957	521	611	794	1	1514521
1698	957	521	611	794	946	0	1515132
1699	521	611	794	946	941	0	1515926
1700	611	794	946	941	957	0	1516872
1701	794	946	941	957	942	0	1517813
1702	946	941	957	942	949	0	1518770
1703	941	957	942	949	954	0	1519712
1704	957	942	949	954	965	0	1520661
1705	942	949	954	965	545	0	1521615
1706	949	954	965	545	610	0	1522580
1707	954	965	545	610	783	1	1523125
1708	965	545	610	783	941	0	1523735
1709	545	610	783	941	957	0	1524518
1710	610	783	941	957	934	0	1525459
1711	783	941	957	934	911	0	1526416
1712	941	957	934	911	922	0	1527350
1713	957	934	911	922	910	0	1528261
1714	934	911	922	910	923	0	1529183
1715	911	922	910	923	525	0	1530093
1716	922	910	923	525	634	0	1531016
1717	910	923	525	634	728	1	1531541
1718	923	525	634	728	937	0	1532175
1719	525	634	728	937	977	0	1532903
1720	634	728	937	977	969	0	1533840
1721	728	937	977	969	498	0	1534817
1722	937	977	969	498	619	0	1535786
1723	977	969	498	619	848	1	1536284
1724	969	498	619	848	977	0	1536903
1725	498	619	848	977	513	0	1537751
1726	619	848	977	513	623	0	1538728
1727	848	977	513	623	817	1	1539241
1728	977	513	623	817	973	0	1539864
1729	513	623	817	973	980	0	1540681
1730	623	817	973	980	518	0	1541654
1731	817	973	980	518	622	0	1542634
1732	973	980	518	622	825	1	1543152
1733	980	518	622	825	957	0	1543774
1734	518	622	825	957	981	0	1544599
1735	622	825	957	981	981	0	1545556
1736	825	957	981	981	498	0	1546537
1737	957	981	981	498	630	0	1547518
1738	981	981	498	630	860	1	1548016
1739	981	498	630	860	1019	0	1548646
1740	498	630	860	1019	502	0	1549506
1741	630	860	1019	502	654	0	1550525
1742	860	1019	502	654	868	1	1551027
1743	1019	502	654	868	1011	0	1551681
1744	502	654	868	1011	1031	0	1552549
1745	654	868	1011	1031	502	0	1553560
1746	868	1011	1031	502	654	0	1554591
1747	1011	1031	502	654	868	1	1555093
1748	1031	502	654	868	1000	0	1555747
1749	502	654	868	1000	1015	0	1556615
1750	654	868	1000	1015	510	0	1557615
1751	868	1000	1015	510	642	0	1558630
1752	1000	1015	510	642	864	1	1559140
1753	1015	510	642	864	961	0	1559782
1754	510	642	864	961	988	0	1560646
1755	642	864	961	988	981	0	1561607
1756	864	961	988	981	510	0	1562595
1757	961	988	981	510	622	0	1563576
1758	988	981	510	622	790	1	1564086
1759	981	510	622	790	942	0	1564708
1760	510	622	790	942	988	0	1565498
1761	622	790	942	988	1012	0	1566440
1762	790	942	988	1012	1007	0	1567428
1763	942	988	1012	1007	993	0	1568440
1764	988	1012	1007	993	1031	0	1569447
1765	1012	1007	993	1031	1035	0	1570440
1766	1007	993	1031	1035	1047	0	1571471
1767	993	1031	1035	1047	1019	0	1572506
1768	1031	1035	1047	1019	1031	0	1573553
1769	1035	1047	1019	1031	1031	0	1574572
1770	1047	1019	1031	1031	1020	0	1575603
1771	1019	1031	1031	1020	1000	0	1576634
1772	1031	1031	1020	1000	1004	0	1577654
1773	1031	1020	1000	1004	1007	0	1578654
1774	1020	1000	1004	1007	1012	0	1579658
1775	1000	1004	1007	1012	992	0	1580665
1776	1004	1007	1012	992	973	0	1581677
1777	1007	1012	992	973	988	0	1582669
1778	1012	992	973	988	989	0	1583642
1779	992	973	988	989	980	0	1584630
1780	973	988	989	980	957	0	1585619
1781	988	989	980	957	498	0	1586599
1782	989	980	957	498	627	0	1587556
1783	980	957	498	627	840	1	1588054
1784	957	498	627	840	958	0	1588681
1785	498	627	840	958	529	0	1589521
1786	627	840	958	529	603	0	1590479
1787	840	958	529	603	813	1	1591008
1788	958	529	603	813	973	0	1591611
1789	529	603	813	973	514	0	1592424
1790	603	813	973	514	634	0	1593397
1791	813	973	514	634	836	1	1593911
1792	973	514	634	836	977	0	1594545
1793	514	634	836	977	992	0	1595381
1794	634	836	977	992	518	0	1596358
1795	836	977	992	518	622	0	1597350
1796	977	992	518	622	837	1	1597868
1797	992	518	622	837	949	0	1598490
1798	518	622	837	949	965	0	1599327
1799	622	837	949	965	973	0	1600276
1800	837	949	965	973	502	0	1601241
1801	949	965	973	502	638	0	1602214
1802	965	973	502	638	833	1	1602716
1803	973	502	638	833	1000	0	1603354
1804	502	638	833	1000	1031	0	1604187
1805	638	833	1000	1031	498	0	1605187
1806	833	1000	1031	498	654	0	1606218
1807	1000	1031	498	654	887	1	1606716
1808	1031	498	654	887	1050	0	1607370
1809	498	654	887	1050	498	0	1608257
1810	654	887	1050	498	666	0	1609307
1811	887	1050	498	666	910	1	1609805
1812	1050	498	666	910	1020	0	1610471
1813	498	666	910	1020	1043	0	1611381
1814	666	910	1020	1043	1027	0	1612401
1815	910	1020	1043	1027	1015	0	1613444
1816	1020	1043	1027	1015	1004	0	1614471
1817	1043	1027	1015	1004	506	0	1615486
1818	1027	1015	1004	506	634	0	1616490
1819	1015	1004	506	634	864	1	1616996
1820	1004	506	634	864	969	0	1617630
1821	506	634	864	969	949	0	1618494
1822	634	864	969	949	958	0	1619463
1823	864	969	949	958	949	0	1620412
1824	969	949	958	949	938	0	1621370
1825	949	958	949	938	922	0	1622319
1826	958	949	938	922	934	0	1623257
1827	949	938	922	934	934	0	1624179
1828	938	922	934	934	930	0	1625113
1829	922	934	934	930	941	0	1626047
1830	934	934	930	941	950	0	1626977
1831	934	930	941	950	945	0	1627918
1832	930	941	950	945	942	0	1628868
1833	941	950	945	942	957	0	1629813
1834	950	945	942	957	949	0	1630755
1835	945	942	957	949	930	0	1631712
1836	942	957	949	930	915	0	1632661
1837	957	949	930	915	899	0	1633591
1838	949	930	915	899	883	0	1634506
1839	930	915	899	883	868	0	1635405
1840	915	899	883	868	848	0	1636288
1841	899	883	868	848	840	0	1637156
1842	883	868	848	840	802	0	1638004
1843	868	848	840	802	782	0	1638844
1844	848	840	802	782	747	0	1639646
1845	840	802	782	747	736	0	1640428
1846	802	782	747	736	723	0	1641175
1847	782	747	736	723	724	0	1641911
1848	747	736	723	724	700	0	1642634
1849	736	723	724	700	701	0	1643358
1850	723	724	700	701	685	0	1644058
1851	724	700	701	685	669	0	1644759
1852	700	701	685	669	657	0	1645444
1853	701	685	669	657	646	0	1646113
1854	685	669	657	646	642	0	1646770
1855	669	657	646	642	635	0	1647416
1856	657	646	642	635	626	0	1648058
1857	646	642	635	626	623	0	1648693
1858	642	635	626	623	626	0	1649319
1859	635	626	623	626	623	0	1649942
1860	626	623	626	623	630	0	1650568
1861	623	626	623	630	658	0	1651191
1862	626	623	630	658	684	0	1651821
1863	623	630	658	684	712	0	1652479
1864	630	658	684	712	744	0	1653163
1865	658	684	712	744	797	0	1653875
1866	684	712	744	797	868	0	1654619
1867	712	744	797	868	942	0	1655416
1868	744	797	868	942	996	0	1656284
1869	797	868	942	996	1000	0	1657226
1870	868	942	996	1000	1058	0	1658222
1871	942	996	1000	1058	1094	0	1659222
1872	996	1000	1058	1094	1097	0	1660280
1873	1000	1058	1094	1097	1035	0	1661374
1874	1058	1094	1097	1035	1058	0	1662471
1875	1094	1097	1035	1058	1066	0	1663506
1876	1097	1035	1058	1066	1051	0	1664564
1877	1035	1058	1066	1051	1015	0	1665630
1878	1058	1066	1051	1015	1055	0	1666681
1879	1066	1051	1015	1055	1082	0	1667696
1880	1051	1015	1055	1082	1039	0	1668751
1881	1015	1055	1082	1039	1023	0	1669833
1882	1055	1082	1039	1023	1062	0	1670872
1883	1082	1039	1023	1062	1070	0	1671895
1884	1039	1023	1062	1070	1012	0	1672957
1885	1023	1062	1070	1012	1031	0	1674027
1886	1062	1070	1012	1031	1051	0	1675039
1887	1070	1012	1031	1051	1007	0	1676070
1888	1012	1031	1051	1007	997	0	1677121
1889	1031	1051	1007	997	1042	0	1678128
1890	1051	1007	997	1042	1063	0	1679125
1891	1007	997	1042	1063	1058	0	1680167
1892	997	1042	1063	1058	1047	0	1681230
1893	1042	1063	1058	1047	1077	0	1682288
1894	1063	1058	1047	1077	1086	0	1683335
1895	1058	1047	1077	1086	1043	0	1684412
1896	1047	1077	1086	1043	1062	0	1685498
1897	1077	1086	1043	1062	1074	0	1686541
1898	1086	1043	1062	1074	1055	0	1687603
1899	1043	1062	1074	1055	1042	0	1688677
1900	1062	1074	1055	1042	1031	0	1689732
1901	1074	1055	1042	1031	1000	0	1690774
1902	1055	1042	1031	1000	989	0	1691805
1903	1042	1031	1000	989	984	0	1692805
1904	1031	1000	989	984	973	0	1693794
1905	1000	989	984	973	992	0	1694778
1906	989	984	973	992	1020	0	1695751
1907	984	973	992	1020	1023	0	1696743
1908	973	992	1020	1023	1004	0	1697763
1909	992	1020	1023	1004	1050	0	1698786
1910	1020	1023	1004	1050	1051	0	1699790
1911	1023	1004	1050	1051	1023	0	1700840
1912	1004	1050	1051	1023	514	0	1701891
1913	1050	1051	1023	514	591	0	1702914
1914	1051	1023	514	591	958	1	1703428
1915	1023	514	591	958	1004	0	1704019
1916	514	591	958	1004	1003	0	1704977
1917	591	958	1004	1003	1004	0	1705981
1918	958	1004	1003	1004	969	0	1706984
1919	1004	1003	1004	969	946	0	1707988
1920	1003	1004	969	946	961	0	1708957
1921	1004	969	946	961	949	0	1709903
1922	969	946	961	949	919	0	1710864
1923	946	961	949	919	910	0	1711813
1924	961	949	919	910	922	0	1712732
1925	949	919	910	922	915	0	1713642
1926	919	910	922	915	891	0	1714564
1927	910	922	915	891	910	0	1715479
1928	922	915	891	910	934	0	1716370
1929	915	891	910	934	926	0	1717280
1930	891	910	934	926	930	0	1718214
1931	910	934	926	930	934	0	1719140
1932	934	926	930	934	934	0	1720070
1933	926	930	934	934	930	0	1721004
1934	930	934	934	930	521	0	1721938
1935	934	934	930	521	592	0	1722868
1936	934	930	521	592	782	1	1723389
1937	930	521	592	782	941	0	1723981
1938	521	592	782	941	961	0	1724763
1939	592	782	941	961	969	0	1725704
1940	782	941	961	969	992	0	1726665
1941	941	961	969	992	977	0	1727634
1942	961	969	992	977	957	0	1728626
1943	969	992	977	957	506	0	1729603
1944	992	977	957	506	599	0	1730560
1945	977	957	506	599	825	1	1731066
1946	957	506	599	825	938	0	1731665
1947	506	599	825	938	934	0	1732490
1948	599	825	938	934	934	0	1733428
1949	825	938	934	934	945	0	1734362
1950	938	934	934	945	930	0	1735296
1951	934	934	945	930	911	0	1736241
1952	934	945	930	911	930	0	1737171
1953	945	930	911	930	918	0	1738082
1954	930	911	930	918	903	0	1739012
1955	911	930	918	903	906	0	1739930
1956	930	918	903	906	899	0	1740833
1957	918	903	906	899	899	0	1741739
1958	903	906	899	899	875	0	1742638
1959	906	899	899	875	876	0	1743537
1960	899	899	875	876	883	0	1744412
1961	899	875	876	883	876	0	1745288
1962	875	876	883	876	875	0	1746171
1963	876	883	876	875	880	0	1747047
1964	883	876	875	880	906	0	1747922
1965	876	875	880	906	922	0	1748802
1966	875	880	906	922	923	0	1749708
1967	880	906	922	923	922	0	1750630
1968	906	922	923	922	941	0	1751553
1969	922	923	922	941	946	0	1752475
1970	923	922	941	946	506	0	1753416
1971	922	941	946	506	595	0	1754362
1972	941	946	506	595	782	1	1754868
1973	946	506	595	782	926	0	1755463
1974	506	595	782	926	926	0	1756245
1975	595	782	926	926	899	0	1757171
1976	782	926	926	899	903	0	1758097
1977	926	926	899	903	903	0	1758996
1978	926	899	903	903	887	0	1759899
1979	899	903	903	887	864	0	1760802
1980	903	903	887	864	844	0	1761689
1981	903	887	864	844	805	0	1762553
1982	887	864	844	805	810	0	1763397
1983	864	844	805	810	790	0	1764202
1984	844	805	810	790	793	0	1765012
1985	805	810	790	793	821	0	1765802
1986	810	790	793	821	837	0	1766595
1987	790	793	821	837	844	0	1767416
1988	793	821	837	844	876	0	1768253
1989	821	837	844	876	902	0	1769097
1990	837	844	876	902	899	0	1769973
1991	844	876	902	899	903	0	1770875
1992	876	902	899	903	926	0	1771774
1993	902	899	903	926	934	0	1772677
1994	899	903	926	934	938	0	1773603
1995	903	926	934	938	918	0	1774537
1996	926	934	938	918	922	0	1775475
1997	934	938	918	922	926	0	1776393
1998	938	918	922	926	922	0	1777315
1999	918	922	926	922	911	0	1778241
2000	922	926	922	911	907	0	1779163
2001	926	922	911	907	918	0	1780074
2002	922	911	907	918	914	0	1780981
2003	911	907	918	914	915	0	1781899
2004	907	918	914	915	895	0	1782813
2005	918	914	915	895	902	0	1783728
2006	914	915	895	902	915	0	1784623
2007	915	895	902	915	914	0	1785525
2008	895	902	915	914	914	0	1786440
2009	902	915	914	914	927	0	1787354
2010	915	914	914	927	941	0	1788268
2011	914	914	927	941	938	0	1789195
2012	914	927	941	938	930	0	1790136
2013	927	941	938	930	938	0	1791074
2014	941	938	930	938	926	0	1792004
2015	938	930	938	926	926	0	1792942
2016	930	938	926	926	926	0	1793868
2017	938	926	926	926	918	0	1794794
2018	926	926	926	918	918	0	1795720
2019	926	926	918	918	919	0	1796638
2020	926	918	918	919	926	0	1797556
