index	i-2	i-1	i+0	i+1	i+2	Filter	Time
2	412	923	922	891	918	0	2257
3	923	922	891	918	915	0	3148
4	922	891	918	915	914	0	4066
5	891	918	915	914	918	0	4981
6	918	915	914	918	915	0	5895
7	915	914	918	915	926	0	6813
8	914	918	915	926	930	0	7728
9	918	915	926	930	953	0	8654
10	915	926	930	953	981	0	9584
11	926	930	953	981	961	0	10537
12	930	953	981	961	988	0	11518
13	953	981	961	988	988	0	12479
14	981	961	988	988	969	0	13467
15	961	988	988	969	946	0	14455
16	988	988	969	946	953	0	15424
17	988	969	946	953	961	0	16370
18	969	946	953	961	938	0	17323
19	946	953	961	938	930	0	18284
20	953	961	938	930	926	0	19222
21	961	938	930	926	918	0	20152
22	938	930	926	918	926	0	21078
23	930	926	918	926	922	0	21996
24	926	918	926	922	919	0	22922
25	918	926	922	919	926	0	23844
26	926	922	919	926	910	0	24763
27	922	919	926	910	911	0	25689
28	919	926	910	911	906	0	26599
29	926	910	911	906	888	0	27510
30	910	911	906	888	883	0	28416
31	911	906	888	883	864	0	29304
32	906	888	883	864	856	0	30187
33	888	883	864	856	852	0	31051
34	883	864	856	852	836	0	31907
35	864	856	852	836	825	0	32759
36	856	852	836	825	829	0	33595
37	852	836	825	829	817	0	34420
38	836	825	829	817	813	0	35249
39	825	829	817	813	810	0	36066
40	829	817	813	810	805	0	36879
41	817	813	810	805	813	0	37689
42	813	810	805	813	806	0	38494
43	810	805	813	806	813	0	39307
44	805	813	806	813	829	0	40113
45	813	806	813	829	840	0	40926
46	806	813	829	840	868	0	41755
47	813	829	840	868	876	0	42595
48	829	840	868	876	891	0	43463
49	840	868	876	891	914	0	44339
50	868	876	891	914	907	0	45230
51	876	891	914	907	910	0	46144
52	891	914	907	910	934	0	47051
53	914	907	910	934	934	0	47961
54	907	910	934	934	930	0	48895
55	910	934	934	930	953	0	49829
56	934	934	930	953	942	0	50759
57	934	930	953	942	961	0	51712
58	930	953	942	961	980	0	52654
59	953	942	961	980	1004	0	53615
60	942	961	980	1004	989	0	54595
61	961	980	1004	989	1027	0	55599
62	980	1004	989	1027	1011	0	56588
63	1004	989	1027	1011	1043	0	57615
64	989	1027	1011	1043	1035	0	58626
65	1027	1011	1043	1035	1031	0	59669
66	1011	1043	1035	1031	1039	0	60704
67	1043	1035	1031	1039	1004	0	61735
68	1035	1031	1039	1004	985	0	62774
69	1031	1039	1004	985	1004	0	63778
70	1039	1004	985	1004	1007	0	64763
71	1004	985	1004	1007	981	0	65767
72	985	1004	1007	981	980	0	66774
73	1004	1007	981	980	981	0	67755
74	1007	981	980	981	996	0	68735
75	981	980	981	996	965	0	69716
76	980	981	996	965	1031	0	70712
77	981	996	965	1031	1059	0	71677
78	996	965	1031	1059	996	0	72708
79	965	1031	1059	996	1066	0	73767
80	1031	1059	996	1066	1070	0	74763
81	1059	996	1066	1070	1058	0	75829
82	996	1066	1070	1058	1066	0	76899
83	1066	1070	1058	1066	1074	0	77957
84	1070	1058	1066	1074	1129	0	79023
85	1058	1066	1074	1129	1101	0	80097
86	1066	1074	1129	1101	1082	0	81226
87	1074	1129	1101	1082	1081	0	82327
88	1129	1101	1082	1081	1094	0	83409
89	1101	1082	1081	1094	1097	0	84490
90	1082	1081	1094	1097	1074	0	85584
91	1081	1094	1097	1074	1089	0	86681
92	1094	1097	1074	1089	1078	0	87755
93	1097	1074	1089	1078	1055	0	88844
94	1074	1089	1078	1055	1046	0	89922
95	1089	1078	1055	1046	1016	0	90977
96	1078	1055	1046	1016	1019	0	92023
97	1055	1046	1016	1019	1000	0	93039
98	1046	1016	1019	1000	965	0	94058
99	1016	1019	1000	965	950	0	95058
100	1019	1000	965	950	1015	0	96023
101	1000	965	950	1015	996	0	96973
102	965	950	1015	996	1039	0	97988
103	950	1015	996	1039	1078	0	98984
104	1015	996	1039	1078	1090	0	100023
105	996	1039	1078	1090	1097	0	101101
106	1039	1078	1090	1097	1140	0	102191
107	1078	1090	1097	1140	1109	0	103288
108	1090	1097	1140	1109	1109	0	104428
109	1097	1140	1109	1109	1128	0	105537
110	1140	1109	1109	1128	1109	0	106646
111	1109	1109	1128	1109	1148	0	107774
112	1109	1128	1109	1148	1140	0	108883
113	1128	1109	1148	1140	1164	0	110031
114	1109	1148	1140	1164	1183	0	111171
115	1148	1140	1164	1183	1132	0	112335
116	1140	1164	1183	1132	1167	0	113518
117	1164	1183	1132	1167	1144	0	114650
118	1183	1132	1167	1144	1132	0	115817
119	1132	1167	1144	1132	1156	0	116961
120	1167	1144	1132	1156	1156	0	118093
121	1144	1132	1156	1156	1140	0	119249
122	1132	1156	1156	1140	1163	0	120405
123	1156	1156	1140	1163	1140	0	121545
124	1156	1140	1163	1140	1168	0	122708
125	1140	1163	1140	1168	1175	0	123848
126	1163	1140	1168	1175	1140	0	125016
127	1140	1168	1175	1140	1175	0	126191
128	1168	1175	1140	1175	1101	0	127331
129	1175	1140	1175	1101	1152	0	128506
130	1140	1175	1101	1152	1136	0	129607
131	1175	1101	1152	1136	1093	0	130759
132	1101	1152	1136	1093	1133	0	131895
133	1152	1136	1093	1133	1089	0	132988
134	1136	1093	1133	1089	1097	0	134121
135	1093	1133	1089	1097	1113	0	135210
136	1133	1089	1097	1113	1086	0	136307
137	1089	1097	1113	1086	1089	0	137420
138	1097	1113	1086	1089	1070	0	138506
139	1113	1086	1089	1070	1043	0	139595
140	1086	1089	1070	1043	1097	0	140665
141	1089	1070	1043	1097	1121	0	141708
142	1070	1043	1097	1121	1121	0	142805
143	1043	1097	1121	1121	1093	0	143926
144	1097	1121	1121	1093	1090	0	145047
145	1121	1121	1093	1090	1031	0	146140
146	1121	1093	1090	1031	1035	0	147230
147	1093	1090	1031	1035	1089	0	148261
148	1090	1031	1035	1089	1097	0	149296
149	1031	1035	1089	1097	1086	0	150385
150	1035	1089	1097	1086	1140	0	151482
151	1089	1097	1086	1140	1094	0	152568
152	1097	1086	1140	1094	1144	0	153708
153	1086	1140	1094	1144	1105	0	154802
154	1140	1094	1144	1105	1042	0	155946
155	1094	1144	1105	1042	1028	0	157051
156	1144	1105	1042	1028	1039	0	158093
157	1105	1042	1028	1039	1108	0	159121
158	1042	1028	1039	1108	1125	0	160160
159	1028	1039	1108	1125	1128	0	161268
160	1039	1108	1125	1128	1144	0	162393
161	1108	1125	1128	1144	1121	0	163521
162	1125	1128	1144	1121	1148	0	164665
163	1128	1144	1121	1148	1140	0	165786
164	1144	1121	1148	1140	1113	0	166934
165	1121	1148	1140	1113	1128	0	168074
166	1148	1140	1113	1128	1113	0	169187
167	1140	1113	1128	1113	1136	0	170315
168	1113	1128	1113	1136	1121	0	171428
169	1128	1113	1136	1121	1117	0	172564
170	1113	1136	1121	1117	1109	0	173685
171	1136	1121	1117	1109	1070	0	174802
172	1121	1117	1109	1070	1097	0	175911
173	1117	1109	1070	1097	1054	0	176981
174	1109	1070	1097	1054	1082	0	178078
175	1070	1097	1054	1082	1023	0	179132
176	1097	1054	1082	1023	989	0	180214
177	1054	1082	1023	989	1078	0	181237
178	1082	1023	989	1078	1089	0	182226
179	1023	989	1078	1089	1097	0	183304
180	989	1078	1089	1097	1148	0	184393
181	1078	1089	1097	1148	1109	0	185490
182	1089	1097	1148	1109	1132	0	186638
183	1097	1148	1109	1132	1125	0	187747
184	1148	1109	1132	1125	1124	0	188879
185	1109	1132	1125	1124	1129	0	190004
186	1132	1125	1124	1129	1120	0	191128
187	1125	1124	1129	1120	1094	0	192257
188	1124	1129	1120	1094	1070	0	193377
189	1129	1120	1094	1070	1066	0	194471
190	1120	1094	1070	1066	1066	0	195541
191	1094	1070	1066	1066	1027	0	196607
192	1070	1066	1066	1027	1074	0	197673
193	1066	1066	1027	1074	1094	0	198700
194	1066	1027	1074	1094	1078	0	199774
195	1027	1074	1094	1078	1116	0	200868
196	1074	1094	1078	1116	1133	0	201946
197	1094	1078	1116	1133	1120	0	203062
198	1078	1116	1133	1120	1132	0	204195
199	1116	1133	1120	1132	1125	0	205315
200	1133	1120	1132	1125	1113	0	206447
201	1120	1132	1125	1113	1070	0	207572
202	1132	1125	1113	1070	1062	0	208685
203	1125	1113	1070	1062	1051	0	209755
204	1113	1070	1062	1051	1089	0	210817
205	1070	1062	1051	1089	1086	0	211868
206	1062	1051	1089	1086	1085	0	212957
207	1051	1089	1086	1085	1113	0	214043
208	1089	1086	1085	1113	1070	0	215128
209	1086	1085	1113	1070	1074	0	216241
210	1085	1113	1070	1074	1094	0	217311
211	1113	1070	1074	1094	1066	0	218385
212	1070	1074	1094	1066	1043	0	219479
213	1074	1094	1066	1043	1046	0	220545
214	1094	1066	1043	1046	1012	0	221588
215	1066	1043	1046	1012	1004	0	222634
216	1043	1046	1012	1004	992	0	223646
217	1046	1012	1004	992	1027	0	224650
218	1012	1004	992	1027	1020	0	225642
219	1004	992	1027	1020	1070	0	226669
220	992	1027	1020	1070	1085	0	227689
221	1027	1020	1070	1085	1078	0	228759
222	1020	1070	1085	1078	1109	0	229844
223	1070	1085	1078	1109	1101	0	230922
224	1085	1078	1109	1101	1078	0	232031
225	1078	1109	1101	1078	1086	0	233132
226	1109	1101	1078	1086	1070	0	234210
227	1101	1078	1086	1070	1023	0	235296
228	1078	1086	1070	1023	1027	0	236366
229	1086	1070	1023	1027	1000	0	237389
230	1070	1023	1027	1000	1031	0	238416
231	1023	1027	1000	1031	1012	0	239416
232	1027	1000	1031	1012	1051	0	240447
233	1000	1031	1012	1051	1093	0	241459
234	1031	1012	1051	1093	1074	0	242510
235	1012	1051	1093	1074	1097	0	243603
236	1051	1093	1074	1097	1098	0	244677
237	1093	1074	1097	1098	1070	0	245774
238	1074	1097	1098	1070	1070	0	246872
239	1097	1098	1070	1070	1031	0	247942
240	1098	1070	1070	1031	1015	0	249012
241	1070	1070	1031	1015	1012	0	250043
242	1070	1031	1015	1012	988	0	251058
243	1031	1015	1012	988	961	0	252070
244	1015	1012	988	961	1012	0	253058
245	1012	988	961	1012	1004	0	254019
246	988	961	1012	1004	1008	0	255031
247	961	1012	1004	1008	1023	0	256035
248	1012	1004	1008	1023	1016	0	257043
249	1004	1008	1023	1016	996	0	258066
250	1008	1023	1016	996	1000	0	259082
251	1023	1016	996	1000	976	0	260078
252	1016	996	1000	976	977	0	261078
253	996	1000	976	977	1012	0	262054
254	1000	976	977	1012	1039	0	263031
255	976	977	1012	1039	1011	0	264043
256	977	1012	1039	1011	1063	0	265082
257	1012	1039	1011	1063	1089	0	266093
258	1039	1011	1063	1089	1051	0	267156
259	1011	1063	1089	1051	1097	0	268245
260	1063	1089	1051	1097	1097	0	269296
261	1089	1051	1097	1097	1101	0	270393
262	1051	1097	1097	1101	1082	0	271490
263	1097	1097	1101	1082	1090	0	272591
264	1097	1101	1082	1090	1062	0	273673
265	1101	1082	1090	1062	1086	0	274763
266	1082	1090	1062	1086	1058	0	275825
267	1090	1062	1086	1058	1027	0	276911
268	1062	1086	1058	1027	1062	0	277969
269	1086	1058	1027	1062	1051	0	278996
270	1058	1027	1062	1051	1039	0	280058
271	1027	1062	1051	1039	1035	0	281109
272	1062	1051	1039	1035	996	0	282148
273	1051	1039	1035	996	965	0	283183
274	1039	1035	996	965	1027	0	284179
275	1035	996	965	1027	1051	0	285144
276	996	965	1027	1051	1031	0	286171
277	965	1027	1051	1031	1082	0	287222
278	1027	1051	1031	1082	1093	0	288253
279	1051	1031	1082	1093	1054	0	289335
280	1031	1082	1093	1054	1094	0	290428
281	1082	1093	1054	1094	1082	0	291482
282	1093	1054	1094	1082	1054	0	292576
283	1054	1094	1082	1054	1035	0	293658
284	1094	1082	1054	1035	1051	0	294712
285	1082	1054	1035	1051	1066	0	295747
286	1054	1035	1051	1066	1070	0	296798
287	1035	1051	1066	1070	1058	0	297864
288	1051	1066	1070	1058	1062	0	298934
289	1066	1070	1058	1062	1090	0	299992
290	1070	1058	1062	1090	1117	0	301054
291	1058	1062	1090	1117	1066	0	302144
292	1062	1090	1117	1066	1113	0	303261
293	1090	1117	1066	1113	1062	0	304327
294	1117	1066	1113	1062	1027	0	305440
295	1066	1113	1062	1027	1094	0	306502
296	1113	1062	1027	1094	1081	0	307529
297	1062	1027	1094	1081	1039	0	308623
298	1027	1094	1081	1039	1082	0	309704
299	1094	1081	1039	1082	1086	0	310743
300	1081	1039	1082	1086	1054	0	311825
301	1039	1082	1086	1054	1086	0	312911
302	1082	1086	1054	1086	1093	0	313965
303	1086	1054	1086	1093	1093	0	315051
304	1054	1086	1093	1093	1098	0	316144
305	1086	1093	1093	1098	1105	0	317237
306	1093	1093	1098	1105	1070	0	318335
307	1093	1098	1105	1070	1066	0	319440
308	1098	1105	1070	1066	1082	0	320510
309	1105	1070	1066	1082	1074	0	321576
310	1070	1066	1082	1074	1027	0	322658
311	1066	1082	1074	1027	1011	0	323732
312	1082	1074	1027	1011	1024	0	324759
313	1074	1027	1011	1024	1046	0	325770
314	1027	1011	1024	1046	1039	0	326794
315	1011	1024	1046	1039	1098	0	327840
316	1024	1046	1039	1098	1112	0	328879
317	1046	1039	1098	1112	1094	0	329977
318	1039	1098	1112	1094	1148	0	331089
319	1098	1112	1094	1148	1140	0	332183
320	1112	1094	1148	1140	1113	0	333331
321	1094	1148	1140	1113	1159	0	334471
322	1148	1140	1113	1159	1148	0	335584
323	1140	1113	1159	1148	1090	0	336743
324	1113	1159	1148	1090	1128	0	337891
325	1159	1148	1090	1128	1132	0	338981
326	1148	1090	1128	1132	1109	0	340109
327	1090	1128	1132	1109	1066	0	341241
328	1128	1132	1109	1066	1082	0	342350
329	1132	1109	1066	1082	1078	0	343416
330	1109	1066	1082	1078	1031	0	344498
331	1066	1082	1078	1031	1012	0	345576
332	1082	1078	1031	1012	1004	0	346607
333	1078	1031	1012	1004	1050	0	347619
334	1031	1012	1004	1050	1023	0	348623
335	1012	1004	1050	1023	1106	0	349673
336	1004	1050	1023	1106	1097	0	350696
337	1050	1023	1106	1097	1066	0	351802
338	1023	1106	1097	1066	1062	0	352899
339	1106	1097	1066	1062	1090	0	353965
340	1097	1066	1062	1090	1074	0	355027
341	1066	1062	1090	1074	1089	0	356117
342	1062	1090	1074	1089	1113	0	357191
343	1090	1074	1089	1113	1089	0	358280
344	1074	1089	1113	1089	1094	0	359393
345	1089	1113	1089	1094	1113	0	360482
346	1113	1089	1094	1113	1081	0	361576
347	1089	1094	1113	1081	1105	0	362689
348	1094	1113	1081	1105	1098	0	363770
349	1113	1081	1105	1098	1074	0	364875
350	1081	1105	1098	1074	1097	0	365973
351	1105	1098	1074	1097	1054	0	367047
352	1098	1074	1097	1054	1055	0	368144
353	1074	1097	1054	1055	1015	0	369198
354	1097	1054	1055	1015	1039	0	370253
355	1054	1055	1015	1039	1028	0	371268
356	1055	1015	1039	1028	1093	0	372307
357	1015	1039	1028	1093	1097	0	373335
358	1039	1028	1093	1097	1094	0	374428
359	1028	1093	1097	1094	1124	0	375525
360	1093	1097	1094	1124	1136	0	376619
361	1097	1094	1124	1136	1121	0	377743
362	1094	1124	1136	1121	1140	0	378879
363	1124	1136	1121	1140	1101	0	380000
364	1136	1121	1140	1101	1117	0	381140
365	1121	1140	1101	1117	1136	0	382241
366	1140	1101	1117	1136	1113	0	383358
367	1101	1117	1136	1113	1062	0	384494
368	1117	1136	1113	1062	1078	0	385607
369	1136	1113	1062	1078	1031	0	386669
370	1113	1062	1078	1031	1066	0	387747
371	1062	1078	1031	1066	1067	0	388778
372	1078	1031	1066	1067	1027	0	389844
373	1031	1066	1067	1027	1089	0	390911
374	1066	1067	1027	1089	1090	0	391938
375	1067	1027	1089	1090	1074	0	393027
376	1027	1089	1090	1074	1101	0	394117
377	1089	1090	1074	1101	1093	0	395191
378	1090	1074	1101	1093	1059	0	396292
379	1074	1101	1093	1059	1046	0	397385
380	1101	1093	1059	1046	1051	0	398444
381	1093	1059	1046	1051	1047	0	399490
382	1059	1046	1051	1047	1042	0	400541
383	1046	1051	1047	1042	1016	0	401588
384	1051	1047	1042	1016	1031	0	402630
385	1047	1042	1016	1031	1035	0	403646
386	1042	1016	1031	1035	1058	0	404677
387	1016	1031	1035	1058	1078	0	405712
388	1031	1035	1058	1078	1078	0	406770
389	1035	1058	1078	1078	1109	0	407848
390	1058	1078	1078	1109	1101	0	408926
391	1078	1078	1109	1101	1090	0	410035
392	1078	1109	1101	1090	1128	0	411136
393	1109	1101	1090	1128	1132	0	412226
394	1101	1090	1128	1132	1129	0	413354
395	1090	1128	1132	1129	1109	0	414486
396	1128	1132	1129	1109	1109	0	415615
397	1132	1129	1109	1109	1101	0	416724
398	1129	1109	1109	1101	1058	0	417833
399	1109	1109	1101	1058	1101	0	418934
400	1109	1101	1058	1101	1094	0	419992
401	1101	1058	1101	1094	1093	0	421093
402	1058	1101	1094	1093	1090	0	422187
403	1101	1094	1093	1090	1081	0	423280
404	1094	1093	1090	1081	1067	0	424370
405	1093	1090	1081	1067	1023	0	425451
406	1090	1081	1067	1023	1039	0	426518
407	1081	1067	1023	1039	1000	0	427541
408	1067	1023	1039	1000	1054	0	428580
409	1023	1039	1000	1054	1024	0	429580
410	1039	1000	1054	1024	1066	0	430634
411	1000	1054	1024	1066	1046	0	431658
412	1054	1024	1066	1046	1098	0	432724
413	1024	1066	1046	1098	1046	0	433770
414	1066	1046	1098	1046	1090	0	434868
415	1046	1098	1046	1090	1074	0	435914
416	1098	1046	1090	1074	1128	0	437004
417	1046	1090	1074	1128	1098	0	438078
418	1090	1074	1128	1098	1108	0	439206
419	1074	1128	1098	1108	1160	0	440304
420	1128	1098	1108	1160	1183	0	441412
421	1098	1108	1160	1183	1194	0	442572
422	1108	1160	1183	1194	1176	0	443755
423	1160	1183	1194	1176	1159	0	444949
424	1183	1194	1176	1159	1121	0	446125
425	1194	1176	1159	1121	1089	0	447284
426	1176	1159	1121	1089	1047	0	448405
427	1159	1121	1089	1047	1066	0	449494
428	1121	1089	1047	1066	502	0	450541
429	1089	1047	1066	502	385	0	451607
430	1047	1066	502	385	378	1	452109
431	1066	502	385	378	369	1	452494
432	502	385	378	369	370	1	452872
433	385	378	369	370	899	1	453241
434	378	369	370	899	1167	1	453611
435	369	370	899	1167	1195	0	454510
436	370	899	1167	1195	1105	0	455677
437	899	1167	1195	1105	1089	0	456872
438	1167	1195	1105	1089	1101	0	457977
439	1195	1105	1089	1101	1101	0	459066
440	1105	1089	1101	1101	1106	0	460167
441	1089	1101	1101	1106	1070	0	461268
442	1101	1101	1106	1070	1085	0	462374
443	1101	1106	1070	1085	1066	0	463444
444	1106	1070	1085	1066	1035	0	464529
445	1070	1085	1066	1035	1035	0	465595
446	1085	1066	1035	1035	1043	0	466630
447	1066	1035	1035	1043	1020	0	467665
448	1035	1035	1043	1020	1058	0	468708
449	1035	1043	1020	1058	1051	0	469728
450	1043	1020	1058	1051	1019	0	470786
451	1020	1058	1051	1019	1058	0	471837
452	1058	1051	1019	1058	1043	0	472856
453	1051	1019	1058	1043	1035	0	473914
454	1019	1058	1043	1035	1055	0	474957
455	1058	1043	1035	1055	1046	0	475992
456	1043	1035	1055	1046	1067	0	477047
457	1035	1055	1046	1067	1077	0	478093
458	1055	1046	1067	1077	1086	0	479160
459	1046	1067	1077	1086	1054	0	480237
460	1067	1077	1086	1054	1102	0	481323
461	1077	1086	1054	1102	1085	0	482377
462	1086	1054	1102	1085	1070	0	483479
463	1054	1102	1085	1070	1078	0	484564
464	1102	1085	1070	1078	1074	0	485634
465	1085	1070	1078	1074	1062	0	486712
466	1070	1078	1074	1062	1047	0	487786
467	1078	1074	1062	1047	1031	0	488848
468	1074	1062	1047	1031	1043	0	489895
469	1062	1047	1031	1043	1015	0	490926
470	1047	1031	1043	1015	1055	0	491969
471	1031	1043	1015	1055	1043	0	492984
472	1043	1015	1055	1043	1019	0	494039
473	1015	1055	1043	1019	1059	0	495082
474	1055	1043	1019	1059	1046	0	496101
475	1043	1019	1059	1046	1020	0	497160
476	1019	1059	1046	1020	1042	0	498206
477	1059	1046	1020	1042	1047	0	499226
478	1046	1020	1042	1047	1043	0	500268
479	1020	1042	1047	1043	1016	0	501315
480	1042	1047	1043	1016	1003	0	502358
481	1047	1043	1016	1003	1043	0	503374
482	1043	1016	1003	1043	1047	0	504377
483	1016	1003	1043	1047	1039	0	505420
484	1003	1043	1047	1039	1085	0	506467
485	1043	1047	1039	1085	1094	0	507506
486	1047	1039	1085	1094	1062	0	508591
487	1039	1085	1094	1062	1125	0	509685
488	1085	1094	1062	1125	1136	0	510747
489	1094	1062	1125	1136	1105	0	511872
490	1062	1125	1136	1105	1132	0	513008
491	1125	1136	1105	1132	1144	0	514113
492	1136	1105	1132	1144	1109	0	515245
493	1105	1132	1144	1109	1121	0	516389
494	1132	1144	1109	1121	1140	0	517498
495	1144	1109	1121	1140	1116	0	518619
496	1109	1121	1140	1116	1121	0	519759
497	1121	1140	1116	1121	1132	0	520875
498	1140	1116	1121	1132	1121	0	521996
499	1116	1121	1132	1121	1109	0	523128
500	1121	1132	1121	1109	1140	0	524249
501	1132	1121	1109	1140	1144	0	525358
502	1121	1109	1140	1144	1101	0	526498
503	1109	1140	1144	1101	1156	0	527642
504	1140	1144	1101	1156	1124	0	528743
505	1144	1101	1156	1124	1133	0	529899
506	1101	1156	1124	1133	1148	0	531023
507	1156	1124	1133	1148	1105	0	532156
508	1124	1133	1148	1105	1140	0	533304
509	1133	1148	1105	1140	1144	0	534409
510	1148	1105	1140	1144	1128	0	535549
511	1105	1140	1144	1128	1136	0	536693
512	1140	1144	1128	1136	1148	0	537821
513	1144	1128	1136	1148	1121	0	538957
514	1128	1136	1148	1121	1128	0	540105
515	1136	1148	1121	1128	1132	0	541226
516	1148	1121	1128	1132	1121	0	542354
517	1121	1128	1132	1121	1086	0	543486
518	1128	1132	1121	1086	1116	0	544607
519	1132	1121	1086	1116	1113	0	545693
520	1121	1086	1116	1113	1074	0	546809
521	1086	1116	1113	1074	1093	0	547922
522	1116	1113	1074	1093	1082	0	548996
523	1113	1074	1093	1082	1078	0	550089
524	1074	1093	1082	1078	1093	0	551171
525	1093	1082	1078	1093	1055	0	552249
526	1082	1078	1093	1055	1082	0	553342
527	1078	1093	1055	1082	1077	0	554397
528	1093	1055	1082	1077	1051	0	555479
529	1055	1082	1077	1051	1074	0	556556
530	1082	1077	1051	1074	1062	0	557607
531	1077	1051	1074	1062	1039	0	558681
532	1051	1074	1062	1039	1066	0	559743
533	1074	1062	1039	1066	1047	0	560782
534	1062	1039	1066	1047	1031	0	561848
535	1039	1066	1047	1031	1047	0	562895
536	1066	1047	1031	1047	1019	0	563926
537	1047	1031	1047	1019	1051	0	564973
538	1031	1047	1019	1051	1058	0	565992
539	1047	1019	1051	1058	1024	0	567043
540	1019	1051	1058	1024	1066	0	568101
541	1051	1058	1024	1066	1066	0	569125
542	1058	1024	1066	1066	1054	0	570191
543	1024	1066	1066	1054	1074	0	571257
544	1066	1066	1054	1074	1070	0	572311
545	1066	1054	1074	1070	1070	0	573385
546	1054	1074	1070	1070	1070	0	574455
547	1074	1070	1070	1070	1063	0	575525
548	1070	1070	1070	1063	1070	0	576595
549	1070	1070	1063	1070	1050	0	577658
550	1070	1063	1070	1050	1039	0	578728
551	1063	1070	1050	1039	1066	0	579778
552	1070	1050	1039	1066	1031	0	580817
553	1050	1039	1066	1031	1074	0	581883
554	1039	1066	1031	1074	1078	0	582914
555	1066	1031	1074	1078	1059	0	583988
556	1031	1074	1078	1059	1042	0	585066
557	1074	1078	1059	1042	1082	0	586125
558	1078	1059	1042	1082	1070	0	587167
559	1059	1042	1082	1070	1062	0	588249
560	1042	1082	1070	1062	1101	0	589319
561	1082	1070	1062	1101	1113	0	590381
562	1070	1062	1101	1113	1094	0	591482
563	1062	1101	1113	1094	1136	0	592595
564	1101	1113	1094	1136	1152	0	593689
565	1113	1094	1136	1152	1136	0	594825
566	1094	1136	1152	1136	1144	0	595977
567	1136	1152	1136	1144	1152	0	597113
568	1152	1136	1144	1152	1136	0	598257
569	1136	1144	1152	1136	1140	0	599409
570	1144	1152	1136	1140	1140	0	600545
571	1152	1136	1140	1140	1117	0	601685
572	1136	1140	1140	1117	1124	0	602825
573	1140	1140	1117	1124	1125	0	603942
574	1140	1117	1124	1125	1089	0	605066
575	1117	1124	1125	1089	1109	0	606191
576	1124	1125	1089	1109	1058	0	607280
577	1125	1089	1109	1058	1098	0	608389
578	1089	1109	1058	1098	1085	0	609447
579	1109	1058	1098	1085	1070	0	610545
580	1058	1098	1085	1070	1094	0	611630
581	1098	1085	1070	1094	1097	0	612700
582	1085	1070	1094	1097	1058	0	613794
583	1070	1094	1097	1058	1074	0	614891
584	1094	1097	1058	1074	1094	0	615949
585	1097	1058	1074	1094	1066	0	617023
586	1058	1074	1094	1066	1070	0	618117
587	1074	1094	1066	1070	1082	0	619183
588	1094	1066	1070	1082	1050	0	620253
589	1066	1070	1082	1050	1074	0	621335
590	1070	1082	1050	1074	1082	0	622385
591	1082	1050	1074	1082	1050	0	623459
592	1050	1074	1082	1050	1086	0	624541
593	1074	1082	1050	1086	1078	0	625591
594	1082	1050	1086	1078	1050	0	626677
595	1050	1086	1078	1050	1078	0	627755
596	1086	1078	1050	1078	1051	0	628805
597	1078	1050	1078	1051	1047	0	629883
598	1050	1078	1051	1047	1089	0	630934
599	1078	1051	1047	1089	1047	0	631981
600	1051	1047	1089	1047	1062	0	633070
601	1047	1089	1047	1062	1031	0	634117
602	1089	1047	1062	1031	1031	0	635179
603	1047	1062	1031	1031	1047	0	636210
604	1062	1031	1031	1047	1051	0	637241
605	1031	1031	1047	1051	1085	0	638288
606	1031	1047	1051	1085	1101	0	639339
607	1047	1051	1085	1101	1082	0	640424
608	1051	1085	1101	1082	1121	0	641525
609	1085	1101	1082	1121	1136	0	642607
610	1101	1082	1121	1136	1097	0	643728
611	1082	1121	1136	1097	1136	0	644864
612	1121	1136	1097	1136	1136	0	645961
613	1136	1097	1136	1136	1109	0	647097
614	1097	1136	1136	1109	1148	0	648233
615	1136	1136	1109	1148	1168	0	649342
616	1136	1109	1148	1168	1128	0	650490
617	1109	1148	1168	1128	1163	0	651658
618	1148	1168	1128	1163	1176	0	652786
619	1168	1128	1163	1176	1143	0	653949
620	1128	1163	1176	1143	1187	0	655125
621	1163	1176	1143	1187	1187	0	656268
622	1176	1143	1187	1187	1144	0	657455
623	1143	1187	1187	1144	1171	0	658642
624	1187	1187	1144	1171	1164	0	659786
625	1187	1144	1171	1164	1124	0	660957
626	1144	1171	1164	1124	1144	0	662121
627	1171	1164	1124	1144	1144	0	663245
628	1164	1124	1144	1144	1121	0	664389
629	1124	1144	1144	1121	1155	0	665533
630	1144	1144	1121	1155	1125	0	666654
631	1144	1121	1155	1125	1136	0	667809
632	1121	1155	1125	1136	1148	0	668934
633	1155	1125	1136	1148	1117	0	670070
634	1125	1136	1148	1117	1144	0	671218
635	1136	1148	1117	1144	1155	0	672335
636	1148	1117	1144	1155	1117	0	673479
637	1117	1144	1155	1117	1148	0	674634
638	1144	1155	1117	1148	1144	0	675751
639	1155	1117	1148	1144	1113	0	676899
640	1117	1148	1144	1113	1148	0	678043
641	1148	1144	1113	1148	1132	0	679156
642	1144	1113	1148	1132	1124	0	680304
643	1113	1148	1132	1124	1136	0	681436
644	1148	1132	1124	1136	1106	0	682560
645	1132	1124	1136	1106	1116	0	683696
646	1124	1136	1106	1116	1125	0	684802
647	1136	1106	1116	1125	1082	0	685918
648	1106	1116	1125	1082	1108	0	687043
649	1116	1125	1082	1108	1098	0	688125
650	1125	1082	1108	1098	1066	0	689233
651	1082	1108	1098	1066	1085	0	690331
652	1108	1098	1066	1085	1086	0	691397
653	1098	1066	1085	1086	1062	0	692482
654	1066	1085	1086	1062	1113	0	693568
655	1085	1086	1062	1113	1101	0	694630
656	1086	1062	1113	1101	1113	0	695743
657	1062	1113	1101	1113	1140	0	696844
658	1113	1101	1113	1140	1090	0	697957
659	1101	1113	1140	1090	1054	0	699097
660	1113	1140	1090	1054	1086	0	700187
661	1140	1090	1054	1086	1023	0	701241
662	1090	1054	1086	1023	1082	0	702327
663	1054	1086	1023	1082	1109	0	703350
664	1086	1023	1082	1109	1050	0	704432
665	1023	1082	1109	1050	1117	0	705541
666	1082	1109	1050	1117	1152	0	706591
667	1109	1050	1117	1152	1097	0	707708
668	1050	1117	1152	1097	1129	0	708860
669	1117	1152	1097	1129	1136	0	709957
670	1152	1097	1129	1136	1109	0	711086
671	1097	1129	1136	1109	1124	0	712222
672	1129	1136	1109	1124	1117	0	713331
673	1136	1109	1124	1117	1086	0	714455
674	1109	1124	1117	1086	1120	0	715572
675	1124	1117	1086	1120	1129	0	716658
676	1117	1086	1120	1129	1128	0	717778
677	1086	1120	1129	1128	1121	0	718907
678	1120	1129	1128	1121	1144	0	720035
679	1129	1128	1121	1144	1140	0	721156
680	1128	1121	1144	1140	1093	0	722300
681	1121	1144	1140	1093	1117	0	723440
682	1144	1140	1093	1117	1101	0	724533
683	1140	1093	1117	1101	1062	0	725650
684	1093	1117	1101	1062	1101	0	726751
685	1117	1101	1062	1101	1102	0	727813
686	1101	1062	1101	1102	1058	0	728914
687	1062	1101	1102	1058	1097	0	730016
688	1101	1102	1058	1097	1094	0	731074
689	1102	1058	1097	1094	1062	0	732171
690	1058	1097	1094	1062	1105	0	733265
691	1097	1094	1062	1105	1093	0	734327
692	1094	1062	1105	1093	1070	0	735432
693	1062	1105	1093	1070	1094	0	736525
694	1105	1093	1070	1094	1074	0	737595
695	1093	1070	1094	1074	1062	0	738689
696	1070	1094	1074	1062	1093	0	739763
697	1094	1074	1062	1093	1074	0	740825
698	1074	1062	1093	1074	1097	0	741918
699	1062	1093	1074	1097	1106	0	742992
700	1093	1074	1097	1106	1112	0	744089
701	1074	1097	1106	1112	1113	0	745195
702	1097	1106	1112	1113	1078	0	746307
703	1106	1112	1113	1078	1097	0	747420
704	1112	1113	1078	1097	1090	0	748498
705	1113	1078	1097	1090	1066	0	749595
706	1078	1097	1090	1066	1093	0	750685
707	1097	1090	1066	1093	1074	0	751751
708	1090	1066	1093	1074	1078	0	752844
709	1066	1093	1074	1078	1101	0	753918
710	1093	1074	1078	1101	1082	0	754996
711	1074	1078	1101	1082	1054	0	756097
712	1078	1101	1082	1054	1102	0	757179
713	1101	1082	1054	1102	1105	0	758233
714	1082	1054	1102	1105	1124	0	759335
715	1054	1102	1105	1124	1121	0	760440
716	1102	1105	1124	1121	1109	0	761564
717	1105	1124	1121	1109	1136	0	762685
718	1124	1121	1109	1136	1136	0	763794
719	1121	1109	1136	1136	1117	0	764930
720	1109	1136	1136	1117	1132	0	766066
721	1136	1136	1117	1132	1121	0	767183
722	1136	1117	1132	1121	1136	0	768315
723	1117	1132	1121	1136	1132	0	769436
724	1132	1121	1136	1132	1117	0	770572
725	1121	1136	1132	1117	1136	0	771704
726	1136	1132	1117	1136	1140	0	772821
727	1132	1117	1136	1140	1133	0	773957
728	1117	1136	1140	1133	1140	0	775097
729	1136	1140	1133	1140	1132	0	776230
730	1140	1133	1140	1132	1128	0	777370
731	1133	1140	1132	1128	1156	0	778502
732	1140	1132	1128	1156	1132	0	779630
733	1132	1128	1156	1132	1152	0	780786
734	1128	1156	1132	1152	1156	0	781918
735	1156	1132	1152	1156	1105	0	783070
736	1132	1152	1156	1105	1132	0	784226
737	1152	1156	1105	1132	545	0	785331
738	1156	1105	1132	545	1334	0	786463
739	1105	1132	545	1334	1121	1	787008
740	1132	545	1334	1121	1090	0	788342
741	545	1334	1121	1090	1058	0	789463
742	1334	1121	1090	1058	1066	0	790553
743	1121	1090	1058	1066	1062	0	791611
744	1090	1058	1066	1062	1101	0	792677
745	1058	1066	1062	1101	1086	0	793739
746	1066	1062	1101	1086	1109	0	794840
747	1062	1101	1086	1109	1109	0	795926
748	1101	1086	1109	1109	1093	0	797035
749	1086	1109	1109	1093	1109	0	798144
750	1109	1109	1093	1109	1105	0	799237
751	1109	1093	1109	1105	1102	0	800346
752	1093	1109	1105	1102	1105	0	801451
753	1109	1105	1102	1105	1105	0	802553
754	1105	1102	1105	1105	1089	0	803658
755	1102	1105	1105	1089	1117	0	804763
756	1105	1105	1089	1117	1120	0	805852
757	1105	1089	1117	1120	1113	0	806969
758	1089	1117	1120	1113	1137	0	808089
759	1117	1120	1113	1137	1128	0	809202
760	1120	1113	1137	1128	1136	0	810339
761	1113	1137	1128	1136	1152	0	811467
762	1137	1128	1136	1152	1132	0	812603
763	1128	1136	1152	1132	1132	0	813755
764	1136	1152	1132	1132	1141	0	814887
765	1152	1132	1132	1141	1120	0	816019
766	1132	1132	1141	1120	1132	0	817160
767	1132	1141	1120	1132	1113	0	818280
768	1141	1120	1132	1113	1105	0	819412
769	1120	1132	1113	1105	1055	0	820525
770	1132	1113	1105	1055	1054	0	821630
771	1113	1105	1055	1054	1043	0	822685
772	1105	1055	1054	1043	1039	0	823739
773	1055	1054	1043	1039	1031	0	824782
774	1054	1043	1039	1031	1020	0	825821
775	1043	1039	1031	1020	992	0	826852
776	1039	1031	1020	992	1000	0	827872
777	1031	1020	992	1000	1027	0	828864
778	1020	992	1000	1027	996	0	829864
779	992	1000	1027	996	1012	0	830891
780	1000	1027	996	1012	992	0	831887
781	1027	996	1012	992	973	0	832899
782	996	1012	992	973	953	0	833891
783	1012	992	973	953	938	0	834864
784	992	973	953	938	914	0	835817
785	973	953	938	914	884	0	836755
786	953	938	914	884	906	0	837669
787	938	914	884	906	915	0	838553
788	914	884	906	915	922	0	839459
789	884	906	915	922	934	0	840374
790	906	915	922	934	976	0	841296
791	915	922	934	976	954	0	842230
792	922	934	976	954	1011	0	843206
793	934	976	954	1011	1004	0	844160
794	976	954	1011	1004	1035	0	845171
795	954	1011	1004	1035	1051	0	846175
796	1011	1004	1035	1051	1085	0	847210
797	1004	1035	1051	1085	1090	0	848261
798	1035	1051	1085	1090	1105	0	849346
799	1051	1085	1090	1105	1089	0	850436
800	1085	1090	1105	1089	1102	0	851541
801	1090	1105	1089	1102	1085	0	852630
802	1105	1089	1102	1085	1047	0	853732
803	1089	1102	1085	1047	1082	0	854817
804	1102	1085	1047	1082	1038	0	855864
805	1085	1047	1082	1038	1047	0	856946
806	1047	1082	1038	1047	1043	0	857984
807	1082	1038	1047	1043	1008	0	859031
808	1038	1047	1043	1008	1023	0	860074
809	1047	1043	1008	1023	1027	0	861082
810	1043	1008	1023	1027	1008	0	862105
811	1008	1023	1027	1008	1023	0	863132
812	1023	1027	1008	1023	1000	0	864140
813	1027	1008	1023	1000	1016	0	865163
814	1008	1023	1000	1016	1008	0	866163
815	1023	1000	1016	1008	988	0	867179
816	1000	1016	1008	988	1004	0	868187
817	1016	1008	988	1004	1004	0	869175
818	1008	988	1004	1004	977	0	870179
819	988	1004	1004	977	976	0	871183
820	1004	1004	977	976	996	0	872160
821	1004	977	976	996	957	0	873136
822	977	976	996	957	977	0	874132
823	976	996	957	977	992	0	875089
824	996	957	977	992	954	0	876066
825	957	977	992	954	984	0	877058
826	977	992	954	984	981	0	878012
827	992	954	984	981	972	0	878996
828	954	984	981	972	977	0	879977
829	984	981	972	977	953	0	880949
830	981	972	977	953	981	0	881926
831	972	977	953	981	996	0	882879
832	977	953	981	996	938	0	883860
833	953	981	996	938	965	0	884856
834	981	996	938	965	976	0	885794
835	996	938	965	976	930	0	886759
836	938	965	976	930	961	0	887735
837	965	976	930	961	962	0	888665
838	976	930	961	962	937	0	889626
839	930	961	962	937	954	0	890588
840	961	962	937	954	914	0	891525
841	962	937	954	914	973	0	892479
842	937	954	914	973	969	0	893393
843	954	914	973	969	933	0	894366
844	914	973	969	933	954	0	895335
845	973	969	933	954	976	0	896268
846	969	933	954	976	934	0	897222
847	933	954	976	934	969	0	898198
848	954	976	934	969	950	0	899132
849	976	934	969	950	926	0	900101
850	934	969	950	926	941	0	901051
851	969	950	926	941	938	0	901977
852	950	926	941	938	949	0	902918
853	926	941	938	949	977	0	903856
854	941	938	949	977	969	0	904805
855	938	949	977	969	965	0	905782
856	949	977	969	965	949	0	906751
857	977	969	965	949	926	0	907716
858	969	965	949	926	942	0	908665
859	965	949	926	942	922	0	909591
860	949	926	942	922	915	0	910533
861	926	942	922	915	922	0	911455
862	942	922	915	922	895	0	912370
863	922	915	922	895	906	0	913292
864	915	922	895	906	891	0	914187
865	922	895	906	891	872	0	915093
866	895	906	891	872	887	0	915984
867	906	891	872	887	872	0	916856
868	891	872	887	872	860	0	917743
869	872	887	872	860	883	0	918615
870	887	872	860	883	895	0	919475
871	872	860	883	895	879	0	920358
872	860	883	895	879	919	0	921253
873	883	895	879	919	918	0	922132
874	895	879	919	918	903	0	923051
875	879	919	918	903	926	0	923969
876	919	918	903	926	898	0	924872
877	918	903	926	898	919	0	925798
878	903	926	898	919	918	0	926696
879	926	898	919	918	911	0	927615
880	898	919	918	911	930	0	928533
881	919	918	911	930	898	0	929444
882	918	911	930	898	876	0	930374
883	911	930	898	876	856	0	931272
884	930	898	876	856	914	0	932148
885	898	876	856	914	919	0	933004
886	876	856	914	919	906	0	933918
887	856	914	919	906	899	0	934837
888	914	919	906	899	876	0	935743
889	919	906	899	876	863	0	936642
890	906	899	876	863	880	0	937518
891	899	876	863	880	875	0	938381
892	876	863	880	875	891	0	939261
893	863	880	875	891	922	0	940136
894	880	875	891	922	942	0	941027
895	875	891	922	942	938	0	941949
896	891	922	942	938	918	0	942891
897	922	942	938	918	934	0	943829
898	942	938	918	934	961	0	944747
899	938	918	934	961	922	0	945681
900	918	934	961	922	926	0	946642
901	934	961	922	926	973	0	947564
902	961	922	926	973	1008	0	948490
903	922	926	973	1008	988	0	949463
904	926	973	1008	988	1004	0	950471
905	973	1008	988	1004	977	0	951459
906	1008	988	1004	977	996	0	952463
907	988	1004	977	996	992	0	953440
908	1004	977	996	992	973	0	954436
909	977	996	992	973	988	0	955428
910	996	992	973	988	985	0	956401
911	992	973	988	985	976	0	957389
912	973	988	985	976	954	0	958374
913	988	985	976	954	980	0	959350
914	985	976	954	980	961	0	960304
915	976	954	980	961	965	0	961284
916	954	980	961	965	969	0	962245
917	980	961	965	969	957	0	963210
918	961	965	969	957	930	0	964179
919	965	969	957	930	953	0	965136
920	969	957	930	953	942	0	966066
921	957	930	953	942	930	0	967019
922	930	953	942	930	914	0	967961
923	953	942	930	914	895	0	968891
924	942	930	914	895	868	0	969805
925	930	914	895	868	868	0	970700
926	914	895	868	868	844	0	971568
927	895	868	868	844	864	0	972436
928	868	868	844	864	852	0	973280
929	868	844	864	852	841	0	974144
930	844	864	852	841	863	0	974996
931	864	852	841	863	864	0	975837
932	852	841	863	864	845	0	976700
933	841	863	864	845	859	0	977564
934	863	864	845	859	857	0	978409
935	864	845	859	857	852	0	979268
936	845	859	857	852	863	0	980125
937	859	857	852	863	841	0	980977
938	857	852	863	841	837	0	981840
939	852	863	841	837	852	0	982681
940	863	841	837	852	840	0	983518
941	841	837	852	840	841	0	984370
942	837	852	840	841	863	0	985210
943	852	840	841	863	829	0	986051
944	840	841	863	829	852	0	986914
945	841	863	829	852	837	0	987743
946	863	829	852	837	825	0	988595
947	829	852	837	825	817	0	989432
948	852	837	825	817	798	0	990257
949	837	825	817	798	789	0	991074
950	825	817	798	789	790	0	991872
951	817	798	789	790	775	0	992661
952	798	789	790	775	778	0	993451
953	789	790	775	778	774	0	994226
954	790	775	778	774	751	0	995004
955	775	778	774	751	771	0	995778
956	778	774	751	771	751	0	996529
957	774	751	771	751	739	0	997300
958	751	771	751	739	743	0	998051
959	771	751	739	743	735	0	998790
960	751	739	743	735	724	0	999533
961	739	743	735	724	728	0	1000268
962	743	735	724	728	727	0	1000992
963	735	724	728	727	720	0	1001720
964	724	728	727	720	716	0	1002447
965	728	727	720	716	724	0	1003167
966	727	720	716	724	720	0	1003883
967	720	716	724	720	724	0	1004607
968	716	724	720	724	727	0	1005327
969	724	720	724	727	716	0	1006051
970	720	724	727	716	724	0	1006778
971	724	727	716	724	724	0	1007494
972	727	716	724	724	708	0	1008218
973	716	724	724	708	708	0	1008942
974	724	724	708	708	720	0	1009650
975	724	708	708	720	708	0	1010358
976	708	708	720	708	708	0	1011078
977	708	720	708	708	712	0	1011786
978	720	708	708	712	697	0	1012494
979	708	708	712	697	704	0	1013206
980	708	712	697	704	712	0	1013903
981	712	697	704	712	700	0	1014607
982	697	704	712	700	716	0	1015319
983	704	712	700	716	705	0	1016019
984	712	700	716	705	692	0	1016735
985	700	716	705	692	712	0	1017440
986	716	705	692	712	701	0	1018132
987	705	692	712	701	696	0	1018844
988	692	712	701	696	705	0	1019545
989	712	701	696	705	700	0	1020241
990	701	696	705	700	689	0	1020946
991	696	705	700	689	696	0	1021646
992	705	700	689	696	712	0	1022335
993	700	689	696	712	708	0	1023031
994	689	696	712	708	701	0	1023743
995	696	712	708	701	716	0	1024451
996	712	708	701	716	716	0	1025152
997	708	701	716	716	704	0	1025868
998	701	716	716	704	712	0	1026584
999	716	716	704	712	716	0	1027288
1000	716	704	712	716	700	0	1028000
1001	704	712	716	700	709	0	1028716
1002	712	716	700	709	700	0	1029416
1003	716	700	709	700	693	0	1030125
1004	700	709	700	693	704	0	1030825
1005	709	700	693	704	700	0	1031518
1006	700	693	704	700	693	0	1032222
1007	693	704	700	693	704	0	1032922
1008	704	700	693	704	704	0	1033615
1009	700	693	704	704	701	0	1034319
1010	693	704	704	701	708	0	1035023
1011	704	704	701	708	696	0	1035724
1012	704	701	708	696	705	0	1036432
1013	701	708	696	705	704	0	1037128
1014	708	696	705	704	696	0	1037833
1015	696	705	704	696	705	0	1038537
1016	705	704	696	705	700	0	1039233
1017	704	696	705	700	697	0	1039938
1018	696	705	700	697	708	0	1040638
1019	705	700	697	708	708	0	1041335
1020	700	697	708	708	693	0	1042043
1021	697	708	708	693	700	0	1042751
1022	708	708	693	700	700	0	1043444
1023	708	693	700	700	693	0	1044144
1024	693	700	700	693	704	0	1044844
1025	700	700	693	704	701	0	1045537
1026	700	693	704	701	688	0	1046241
1027	693	704	701	688	693	0	1046942
1028	704	701	688	693	704	0	1047630
1029	701	688	693	704	697	0	1048323
1030	688	693	704	697	692	0	1049027
1031	693	704	697	692	701	0	1049724
1032	704	697	692	701	700	0	1050416
1033	697	692	701	700	693	0	1051117
1034	692	701	700	693	700	0	1051817
1035	701	700	693	700	704	0	1052510
1036	700	693	700	704	697	0	1053210
1037	693	700	704	697	704	0	1053914
1038	700	704	697	704	708	0	1054611
1039	704	697	704	708	712	0	1055315
1040	697	704	708	712	709	0	1056023
1041	704	708	712	709	719	0	1056735
1042	708	712	709	719	724	0	1057444
1043	712	709	719	724	716	0	1058163
1044	709	719	724	716	736	0	1058887
1045	719	724	716	736	727	0	1059603
1046	724	716	736	727	716	0	1060339
1047	716	736	727	716	724	0	1061066
1048	736	727	716	724	727	0	1061782
1049	727	716	724	727	728	0	1062506
1050	716	724	727	728	724	0	1063233
1051	724	727	728	724	731	0	1063961
1052	727	728	724	731	724	0	1064685
1053	728	724	731	724	735	0	1065416
1054	724	731	724	735	748	0	1066140
1055	731	724	735	748	747	0	1066875
1056	724	735	748	747	739	0	1067623
1057	735	748	747	739	755	0	1068370
1058	748	747	739	755	755	0	1069109
1059	747	739	755	755	751	0	1069864
1060	739	755	755	751	758	0	1070619
1061	755	755	751	758	763	0	1071370
1062	755	751	758	763	759	0	1072128
1063	751	758	763	759	751	0	1072891
1064	758	763	759	751	759	0	1073650
1065	763	759	751	759	754	0	1074401
1066	759	751	759	754	747	0	1075160
1067	751	759	754	747	748	0	1075914
1068	759	754	747	748	762	0	1076661
1069	754	747	748	762	763	0	1077409
1070	747	748	762	763	774	0	1078171
1071	748	762	763	774	782	0	1078934
1072	762	763	774	782	771	0	1079708
1073	763	774	782	771	801	0	1080490
1074	774	782	771	801	794	0	1081261
1075	782	771	801	794	802	0	1082062
1076	771	801	794	802	817	0	1082856
1077	801	794	802	817	805	0	1083658
1078	794	802	817	805	813	0	1084475
1079	802	817	805	813	845	0	1085280
1080	817	805	813	845	825	0	1086093
1081	805	813	845	825	840	0	1086938
1082	813	845	825	840	825	0	1087763
1083	845	825	840	825	809	0	1088603
1084	825	840	825	809	825	0	1089428
1085	840	825	809	825	829	0	1090237
1086	825	809	825	829	829	0	1091062
1087	809	825	829	829	864	0	1091891
1088	825	829	829	864	863	0	1092720
1089	829	829	864	863	841	0	1093584
1090	829	864	863	841	840	0	1094447
1091	864	863	841	840	872	0	1095288
1092	863	841	840	872	860	0	1096128
1093	841	840	872	860	868	0	1097000
1094	840	872	860	868	867	0	1097860
1095	872	860	868	867	849	0	1098728
1096	860	868	867	849	875	0	1099595
1097	868	867	849	875	868	0	1100444
1098	867	849	875	868	906	0	1101319
1099	849	875	868	906	911	0	1102187
1100	875	868	906	911	903	0	1103093
1101	868	906	911	903	953	0	1104004
1102	906	911	903	953	910	0	1104907
1103	911	903	953	910	942	0	1105860
1104	903	953	910	942	918	0	1106770
1105	953	910	942	918	946	0	1107712
1106	910	942	918	946	980	0	1108630
1107	942	918	946	980	938	0	1109576
1108	918	946	980	938	1016	0	1110556
1109	946	980	938	1016	1015	0	1111494
1110	980	938	1016	1015	1000	0	1112510
1111	938	1016	1015	1000	1082	0	1113525
1112	1016	1015	1000	1082	1019	0	1114525
1113	1015	1000	1082	1019	1094	0	1115607
1114	1000	1082	1019	1094	1066	0	1116626
1115	1082	1019	1094	1066	1043	0	1117720
1116	1019	1094	1066	1043	1066	0	1118786
1117	1094	1066	1043	1066	1031	0	1119829
1118	1066	1043	1066	1031	1027	0	1120895
1119	1043	1066	1031	1027	1094	0	1121926
1120	1066	1031	1027	1094	1085	0	1122953
1121	1031	1027	1094	1085	1066	0	1124047
1122	1027	1094	1085	1066	1070	0	1125132
1123	1094	1085	1066	1070	1055	0	1126198
1124	1085	1066	1070	1055	1016	0	1127268
1125	1066	1070	1055	1016	1035	0	1128323
1126	1070	1055	1016	1035	1011	0	1129339
1127	1055	1016	1035	1011	930	0	1130374
1128	1016	1035	1011	930	957	0	1131385
1129	1035	1011	930	957	911	0	1132315
1130	1011	930	957	911	988	0	1133272
1131	930	957	911	988	946	0	1134183
1132	957	911	988	946	1008	0	1135171
1133	911	988	946	1008	992	0	1136117
1134	988	946	1008	992	1015	0	1137125
1135	946	1008	992	1015	977	0	1138117
1136	1008	992	1015	977	977	0	1139132
1137	992	1015	977	977	1019	0	1140109
1138	1015	977	977	1019	965	0	1141086
1139	977	977	1019	965	1008	0	1142105
1140	977	1019	965	1008	941	0	1143070
1141	1019	965	1008	941	965	0	1144078
1142	965	1008	941	965	950	0	1145019
1143	1008	941	965	950	918	0	1145984
1144	941	965	950	918	961	0	1146934
1145	965	950	918	961	950	0	1147852
1146	950	918	961	950	1004	0	1148813
1147	918	961	950	1004	1027	0	1149763
1148	961	950	1004	1027	973	0	1150767
1149	950	1004	1027	973	1000	0	1151794
1150	1004	1027	973	1000	988	0	1152767
1151	1027	973	1000	988	992	0	1153767
1152	973	1000	988	992	973	0	1154755
1153	1000	988	992	973	1004	0	1155747
1154	988	992	973	1004	957	0	1156720
1155	992	973	1004	957	984	0	1157724
1156	973	1004	957	984	989	0	1158681
1157	1004	957	984	989	934	0	1159665
1158	957	984	989	934	906	0	1160654
1159	984	989	934	906	891	0	1161588
1160	989	934	906	891	899	0	1162494
1161	934	906	891	899	903	0	1163385
1162	906	891	899	903	930	0	1164284
1163	891	899	903	930	910	0	1165187
1164	899	903	930	910	973	0	1166117
1165	903	930	910	973	1023	0	1167027
1166	930	910	973	1023	981	0	1168000
1167	910	973	1023	981	1039	0	1169023
1168	973	1023	981	1039	1023	0	1170004
1169	1023	981	1039	1023	1059	0	1171043
1170	981	1039	1023	1059	1112	0	1172066
1171	1039	1023	1059	1112	1016	0	1173125
1172	1023	1059	1112	1016	1054	0	1174237
1173	1059	1112	1016	1054	969	0	1175253
1174	1112	1016	1054	969	1035	0	1176307
1175	1016	1054	969	1035	1008	0	1177276
1176	1054	969	1035	1008	973	0	1178311
1177	969	1035	1008	973	1035	0	1179319
1178	1035	1008	973	1035	977	0	1180292
1179	1008	973	1035	977	1035	0	1181327
1180	973	1035	977	1035	1003	0	1182304
1181	1035	977	1035	1003	1020	0	1183339
1182	977	1035	1003	1020	1047	0	1184342
1183	1035	1003	1020	1047	1019	0	1185362
1184	1003	1020	1047	1019	1054	0	1186409
1185	1020	1047	1019	1054	1028	0	1187428
1186	1047	1019	1054	1028	1066	0	1188482
1187	1019	1054	1028	1066	1047	0	1189510
1188	1054	1028	1066	1047	1035	0	1190576
1189	1028	1066	1047	1035	1089	0	1191623
1190	1066	1047	1035	1089	1043	0	1192658
1191	1047	1035	1089	1043	1066	0	1193747
1192	1035	1089	1043	1066	1097	0	1194790
1193	1089	1043	1066	1097	1043	0	1195856
1194	1043	1066	1097	1043	1109	0	1196953
1195	1066	1097	1043	1109	1043	0	1197996
1196	1097	1043	1109	1043	1117	0	1199105
1197	1043	1109	1043	1117	1109	0	1200148
1198	1109	1043	1117	1109	1042	0	1201265
1199	1043	1117	1109	1042	1140	0	1202374
1200	1117	1109	1042	1140	1133	0	1203416
1201	1109	1042	1140	1133	1101	0	1204556
1202	1042	1140	1133	1101	1039	0	1205689
1203	1140	1133	1101	1039	1120	0	1206790
1204	1133	1101	1039	1120	1133	0	1207829
1205	1101	1039	1120	1133	1097	0	1208949
1206	1039	1120	1133	1097	1058	0	1210082
1207	1120	1133	1097	1058	1105	0	1211179
1208	1133	1097	1058	1105	1140	0	1212237
1209	1097	1058	1105	1140	1164	0	1213342
1210	1058	1105	1140	1164	1086	0	1214482
1211	1105	1140	1164	1086	1151	0	1215646
1212	1140	1164	1086	1151	1144	0	1216732
1213	1164	1086	1151	1144	1144	0	1217883
1214	1086	1151	1144	1144	1105	0	1219027
1215	1151	1144	1144	1105	1199	0	1220171
1216	1144	1144	1105	1199	1155	0	1221276
1217	1144	1105	1199	1155	1121	0	1222475
1218	1105	1199	1155	1121	1140	0	1223630
1219	1199	1155	1121	1140	1105	0	1224751
1220	1155	1121	1140	1105	1078	0	1225891
1221	1121	1140	1105	1078	1124	0	1226996
1222	1140	1105	1078	1124	1055	0	1228074
1223	1105	1078	1124	1055	1121	0	1229198
1224	1078	1124	1055	1121	1054	0	1230253
1225	1124	1055	1121	1054	1051	0	1231374
1226	1055	1121	1054	1051	1093	0	1232428
1227	1121	1054	1051	1093	1035	0	1233479
1228	1054	1051	1093	1035	1101	0	1234572
1229	1051	1093	1035	1101	1121	0	1235607
1230	1093	1035	1101	1121	1058	0	1236708
1231	1035	1101	1121	1058	1121	0	1237829
1232	1101	1121	1058	1121	1050	0	1238887
1233	1121	1058	1121	1050	1144	0	1240008
1234	1058	1121	1050	1144	1098	0	1241058
1235	1121	1050	1144	1098	1136	0	1242202
1236	1050	1144	1098	1136	1124	0	1243300
1237	1144	1098	1136	1124	1070	0	1244436
1238	1098	1136	1124	1070	1183	0	1245560
1239	1136	1124	1070	1183	1098	0	1246630
1240	1124	1070	1183	1098	1178	0	1247813
1241	1070	1183	1098	1178	1168	0	1248911
1242	1183	1098	1178	1168	1120	0	1250089
1243	1098	1178	1168	1120	1195	0	1251257
1244	1178	1168	1120	1195	1230	0	1252377
1245	1168	1120	1195	1230	1101	0	1253572
1246	1120	1195	1230	1101	1222	0	1254802
1247	1195	1230	1101	1222	1249	0	1255903
1248	1230	1101	1222	1249	1175	0	1257125
1249	1101	1222	1249	1175	1132	0	1258374
1250	1222	1249	1175	1132	1233	0	1259549
1251	1249	1175	1132	1233	1234	0	1260681
1252	1175	1132	1233	1234	1241	0	1261914
1253	1132	1233	1234	1241	1167	0	1263148
1254	1233	1234	1241	1167	1195	0	1264389
1255	1234	1241	1167	1195	1230	0	1265556
1256	1241	1167	1195	1230	1245	0	1266751
1257	1167	1195	1230	1245	1179	0	1267981
1258	1195	1230	1245	1179	1159	0	1269226
1259	1230	1245	1179	1159	1191	0	1270405
1260	1245	1179	1159	1191	1124	0	1271564
1261	1179	1159	1191	1124	1160	0	1272755
1262	1159	1191	1124	1160	1187	0	1273879
1263	1191	1124	1160	1187	1093	0	1275039
1264	1124	1160	1187	1093	1152	0	1276226
1265	1160	1187	1093	1152	1148	0	1277319
1266	1187	1093	1152	1148	1089	0	1278471
1267	1093	1152	1148	1089	1082	0	1279619
1268	1152	1148	1089	1082	1144	0	1280708
1269	1148	1089	1082	1144	1062	0	1281790
1270	1089	1082	1144	1062	1082	0	1282934
1271	1082	1144	1062	1082	1163	0	1283996
1272	1144	1062	1082	1163	1063	0	1285078
1273	1062	1082	1163	1063	1143	0	1286241
1274	1082	1163	1063	1143	1144	0	1287304
1275	1163	1063	1143	1144	1074	0	1288447
1276	1063	1143	1144	1074	1117	0	1289591
1277	1143	1144	1074	1117	1105	0	1290665
1278	1144	1074	1117	1105	1066	0	1291782
1279	1074	1117	1105	1066	1113	0	1292887
1280	1117	1105	1066	1113	1078	0	1293953
1281	1105	1066	1113	1078	1093	0	1295066
1282	1066	1113	1078	1093	1137	0	1296144
1283	1113	1078	1093	1137	1070	0	1297237
1284	1078	1093	1137	1070	1101	0	1298374
1285	1093	1137	1070	1101	1136	0	1299444
1286	1137	1070	1101	1136	1093	0	1300545
1287	1070	1101	1136	1093	1179	0	1301681
1288	1101	1136	1093	1179	1144	0	1302774
1289	1136	1093	1179	1144	1160	0	1303953
1290	1093	1179	1144	1160	1206	0	1305097
1291	1179	1144	1160	1206	1163	0	1306257
1292	1144	1160	1206	1163	1203	0	1307463
1293	1160	1206	1163	1203	1183	0	1308626
1294	1206	1163	1203	1183	1054	0	1309829
1295	1163	1203	1183	1054	1004	0	1311012
1296	1203	1183	1054	1004	1039	0	1312066
1297	1183	1054	1004	1039	1058	0	1313070
1298	1054	1004	1039	1058	1117	0	1314109
1299	1004	1039	1058	1117	1136	0	1315167
1300	1039	1058	1117	1136	1090	0	1316284
1301	1058	1117	1136	1090	1167	0	1317420
1302	1117	1136	1090	1167	1156	0	1318510
1303	1136	1090	1167	1156	1151	0	1319677
1304	1090	1167	1156	1151	1230	0	1320833
1305	1167	1156	1151	1230	1175	0	1321984
1306	1156	1151	1230	1175	1265	0	1323214
1307	1151	1230	1175	1265	1288	0	1324389
1308	1230	1175	1265	1288	1237	0	1325654
1309	1175	1265	1288	1237	1268	0	1326942
1310	1265	1288	1237	1268	1335	0	1328179
1311	1288	1237	1268	1335	1210	0	1329447
1312	1237	1268	1335	1210	1257	0	1330782
1313	1268	1335	1210	1257	1202	0	1331992
1314	1335	1210	1257	1202	1265	0	1333249
1315	1210	1257	1202	1265	1261	0	1334451
1316	1257	1202	1265	1261	1190	0	1335716
1317	1202	1265	1261	1190	1249	0	1336977
1318	1265	1261	1190	1249	1183	0	1338167
1319	1261	1190	1249	1183	1222	0	1339416
1320	1190	1249	1183	1222	1233	0	1340599
1321	1249	1183	1222	1233	1172	0	1341821
1322	1183	1222	1233	1172	1241	0	1343054
1323	1222	1233	1172	1241	1171	0	1344226
1324	1233	1172	1241	1171	1202	0	1345467
1325	1172	1241	1171	1202	1214	0	1346638
1326	1241	1171	1202	1214	1160	0	1347840
1327	1171	1202	1214	1160	1222	0	1349054
1328	1202	1214	1160	1222	1113	0	1350214
1329	1214	1160	1222	1113	1151	0	1351436
1330	1160	1222	1113	1151	1187	0	1352549
1331	1222	1113	1151	1187	1125	0	1353700
1332	1113	1151	1187	1125	1198	0	1354887
1333	1151	1187	1125	1198	1199	0	1356012
1334	1187	1125	1198	1199	1136	0	1357210
1335	1125	1198	1199	1136	1190	0	1358409
1336	1198	1199	1136	1190	1129	0	1359545
1337	1199	1136	1190	1129	1190	0	1360735
1338	1136	1190	1129	1190	1176	0	1361864
1339	1190	1129	1190	1176	1136	0	1363054
1340	1129	1190	1176	1136	1202	0	1364230
1341	1190	1176	1136	1202	1183	0	1365366
1342	1176	1136	1202	1183	1183	0	1366568
1343	1136	1202	1183	1183	1218	0	1367751
1344	1202	1183	1183	1218	1124	0	1368934
1345	1183	1183	1218	1124	1183	0	1370152
1346	1183	1218	1124	1183	1167	0	1371276
1347	1218	1124	1183	1167	1164	0	1372459
1348	1124	1183	1167	1164	1156	0	1373626
1349	1183	1167	1164	1156	1159	0	1374790
1350	1167	1164	1156	1159	1148	0	1375946
1351	1164	1156	1159	1148	1113	0	1377105
1352	1156	1159	1148	1113	1218	0	1378253
1353	1159	1148	1113	1218	1148	0	1379366
1354	1148	1113	1218	1148	1198	0	1380584
1355	1113	1218	1148	1198	1226	0	1381732
1356	1218	1148	1198	1226	1151	0	1382930
1357	1148	1198	1226	1151	1183	0	1384156
1358	1198	1226	1151	1183	1261	0	1385307
1359	1226	1151	1183	1261	1144	0	1386490
1360	1151	1183	1261	1144	1191	0	1387751
1361	1183	1261	1144	1191	1194	0	1388895
1362	1261	1144	1191	1194	1160	0	1390086
1363	1144	1191	1194	1160	1214	0	1391280
1364	1191	1194	1160	1214	1233	0	1392440
1365	1194	1160	1214	1233	1129	0	1393654
1366	1160	1214	1233	1129	1194	0	1394887
1367	1214	1233	1129	1194	1195	0	1396016
1368	1233	1129	1194	1195	1132	0	1397210
1369	1129	1194	1195	1132	1163	0	1398405
1370	1194	1195	1132	1163	1156	0	1399537
1371	1195	1132	1163	1156	1074	0	1400700
1372	1132	1163	1156	1074	1027	0	1401856
1373	1163	1156	1074	1027	1012	0	1402930
1374	1156	1074	1027	1012	1015	0	1403957
1375	1074	1027	1012	1015	1035	0	1404969
1376	1027	1012	1015	1035	1086	0	1405984
1377	1012	1015	1035	1086	1078	0	1407019
1378	1015	1035	1086	1078	1105	0	1408105
1379	1035	1086	1078	1105	1179	0	1409183
1380	1086	1078	1105	1179	1113	0	1410288
1381	1078	1105	1179	1113	1171	0	1411467
1382	1105	1179	1113	1171	1198	0	1412580
1383	1179	1113	1171	1198	1176	0	1413751
1384	1113	1171	1198	1176	1217	0	1414949
1385	1171	1198	1176	1217	1253	0	1416125
1386	1198	1176	1217	1253	1183	0	1417342
1387	1176	1217	1253	1183	1245	0	1418595
1388	1217	1253	1183	1245	1218	0	1419778
1389	1253	1183	1245	1218	1156	0	1421023
1390	1183	1245	1218	1156	1261	0	1422241
1391	1245	1218	1156	1261	1179	0	1423397
1392	1218	1156	1261	1179	1217	0	1424658
1393	1156	1261	1179	1217	1226	0	1425837
1394	1261	1179	1217	1226	1199	0	1427054
1395	1179	1217	1226	1199	1175	0	1428280
1396	1217	1226	1199	1175	1241	0	1429479
1397	1226	1199	1175	1241	1124	0	1430654
1398	1199	1175	1241	1124	1191	0	1431895
1399	1175	1241	1124	1191	1206	0	1433019
1400	1241	1124	1191	1206	1102	0	1434210
1401	1124	1191	1206	1102	1182	0	1435416
1402	1191	1206	1102	1182	1187	0	1436518
1403	1206	1102	1182	1187	1140	0	1437700
1404	1102	1182	1187	1140	1199	0	1438887
1405	1182	1187	1140	1199	1167	0	1440027
1406	1187	1140	1199	1167	1160	0	1441226
1407	1140	1199	1167	1160	1206	0	1442393
1408	1199	1167	1160	1206	1155	0	1443553
1409	1167	1160	1206	1155	1156	0	1444759
1410	1160	1206	1155	1156	1191	0	1445914
1411	1206	1155	1156	1191	1109	0	1447070
1412	1155	1156	1191	1109	1194	0	1448261
1413	1156	1191	1109	1194	1168	0	1449370
1414	1191	1109	1194	1168	1136	0	1450564
1415	1109	1194	1168	1136	1155	0	1451732
1416	1194	1168	1136	1155	1117	0	1452868
1417	1168	1136	1155	1117	1152	0	1454023
1418	1136	1155	1117	1152	1136	0	1455140
1419	1155	1117	1152	1136	1121	0	1456292
1420	1117	1152	1136	1121	1210	0	1457428
1421	1152	1136	1121	1210	1124	0	1458549
1422	1136	1121	1210	1124	1179	0	1459759
1423	1121	1210	1124	1179	1109	0	1460883
1424	1210	1124	1179	1109	1105	0	1462062
1425	1124	1179	1109	1105	1148	0	1463171
1426	1179	1109	1105	1148	1074	0	1464276
1427	1109	1105	1148	1074	1090	0	1465424
1428	1105	1148	1074	1090	1136	0	1466498
1429	1148	1074	1090	1136	1101	0	1467588
1430	1074	1090	1136	1101	1105	0	1468724
1431	1090	1136	1101	1105	1109	0	1469825
1432	1136	1101	1105	1109	1105	0	1470930
1433	1101	1105	1109	1105	1117	0	1472039
1434	1105	1109	1105	1117	1159	0	1473144
1435	1109	1105	1117	1159	1168	0	1474261
1436	1105	1117	1159	1168	1210	0	1475420
1437	1117	1159	1168	1210	1183	0	1476588
1438	1159	1168	1210	1183	1186	0	1477798
1439	1168	1210	1183	1186	1210	0	1478981
1440	1210	1183	1186	1210	1207	0	1480167
1441	1183	1186	1210	1207	1183	0	1481377
1442	1186	1210	1207	1183	1198	0	1482584
1443	1210	1207	1183	1198	1206	0	1483767
1444	1207	1183	1198	1206	1187	0	1484965
1445	1183	1198	1206	1187	1210	0	1486171
1446	1198	1206	1187	1210	1210	0	1487358
1447	1206	1187	1210	1210	1199	0	1488568
1448	1187	1210	1210	1199	1194	0	1489778
1449	1210	1210	1199	1194	1164	0	1490977
1450	1210	1199	1194	1164	1144	0	1492171
1451	1199	1194	1164	1144	1171	0	1493335
1452	1194	1164	1144	1171	1163	0	1494479
1453	1164	1144	1171	1163	1152	0	1495650
1454	1144	1171	1163	1152	1179	0	1496813
1455	1171	1163	1152	1179	1156	0	1497965
1456	1163	1152	1179	1156	1163	0	1499144
1457	1152	1179	1156	1163	1171	0	1500300
1458	1179	1156	1163	1171	1160	0	1501463
1459	1156	1163	1171	1160	1163	0	1502634
1460	1163	1171	1160	1163	1160	0	1503794
1461	1171	1160	1163	1160	1148	0	1504957
1462	1160	1163	1160	1148	1140	0	1506117
1463	1163	1160	1148	1140	1144	0	1507265
1464	1160	1148	1140	1144	1124	0	1508405
1465	1148	1140	1144	1124	1129	0	1509549
1466	1140	1144	1124	1129	1140	0	1510673
1467	1144	1124	1129	1140	1112	0	1511802
1468	1124	1129	1140	1112	1129	0	1512942
1469	1129	1140	1112	1129	1144	0	1514054
1470	1140	1112	1129	1144	1120	0	1515183
1471	1112	1129	1144	1120	1148	0	1516327
1472	1129	1144	1120	1148	1148	0	1517447
1473	1144	1120	1148	1148	1132	0	1518595
1474	1120	1148	1148	1132	1148	0	1519743
1475	1148	1148	1132	1148	1133	0	1520875
1476	1148	1132	1148	1133	1140	0	1522023
1477	1132	1148	1133	1140	1136	0	1523156
1478	1148	1133	1140	1136	1097	0	1524296
1479	1133	1140	1136	1097	1132	0	1525432
1480	1140	1136	1097	1132	1144	0	1526529
1481	1136	1097	1132	1144	1109	0	1527661
1482	1097	1132	1144	1109	1152	0	1528805
1483	1132	1144	1109	1152	1140	0	1529914
1484	1144	1109	1152	1140	1140	0	1531066
1485	1109	1152	1140	1140	1160	0	1532206
1486	1152	1140	1140	1160	1124	0	1533346
1487	1140	1140	1160	1124	1152	0	1534506
1488	1140	1160	1124	1152	1152	0	1535630
1489	1160	1124	1152	1152	1144	0	1536782
1490	1124	1152	1152	1144	1175	0	1537934
1491	1152	1152	1144	1175	1152	0	1539078
1492	1152	1144	1175	1152	1128	0	1540253
1493	1144	1175	1152	1128	1160	0	1541405
1494	1175	1152	1128	1160	1144	0	1542533
1495	1152	1128	1160	1144	1159	0	1543693
1496	1128	1160	1144	1159	1175	0	1544837
1497	1160	1144	1159	1175	1175	0	1545996
1498	1144	1159	1175	1175	1183	0	1547171
1499	1159	1175	1175	1183	1191	0	1548346
1500	1175	1175	1183	1191	1167	0	1549529
1501	1175	1183	1191	1167	1175	0	1550720
1502	1183	1191	1167	1175	1171	0	1551887
1503	1191	1167	1175	1171	1172	0	1553062
1504	1167	1175	1171	1172	1186	0	1554233
1505	1175	1171	1172	1186	1168	0	1555405
1506	1171	1172	1186	1168	1179	0	1556591
1507	1172	1186	1168	1179	1163	0	1557759
1508	1186	1168	1179	1163	1156	0	1558938
1509	1168	1179	1163	1156	1159	0	1560101
1510	1179	1163	1156	1159	1148	0	1561257
1511	1163	1156	1159	1148	1117	0	1562416
1512	1156	1159	1148	1117	1152	0	1563564
1513	1159	1148	1117	1152	1105	0	1564681
1514	1148	1117	1152	1105	1144	0	1565833
1515	1117	1152	1105	1144	1222	0	1566938
1516	1152	1105	1144	1222	1155	0	1568082
1517	1105	1144	1222	1155	1179	0	1569304
1518	1144	1222	1155	1179	1171	0	1570459
1519	1222	1155	1179	1171	1172	0	1571638
1520	1155	1179	1171	1172	1179	0	1572809
1521	1179	1171	1172	1179	1144	0	1573981
1522	1171	1172	1179	1144	1159	0	1575160
1523	1172	1179	1144	1159	1121	0	1576304
1524	1179	1144	1159	1121	1136	0	1577463
1525	1144	1159	1121	1136	1128	0	1578584
1526	1159	1121	1136	1128	1121	0	1579720
1527	1121	1136	1128	1121	1140	0	1580848
1528	1136	1128	1121	1140	1121	0	1581969
1529	1128	1121	1140	1121	1151	0	1583109
1530	1121	1140	1121	1151	1152	0	1584230
1531	1140	1121	1151	1152	1144	0	1585381
1532	1121	1151	1152	1144	1171	0	1586533
1533	1151	1152	1144	1171	1168	0	1587677
1534	1152	1144	1171	1168	1167	0	1588848
1535	1144	1171	1168	1167	1206	0	1590016
1536	1171	1168	1167	1206	1195	0	1591183
1537	1168	1167	1206	1195	1190	0	1592389
1538	1167	1206	1195	1190	1226	0	1593584
1539	1206	1195	1190	1226	1226	0	1594774
1540	1195	1190	1226	1226	1194	0	1596000
1541	1190	1226	1226	1194	1226	0	1597226
1542	1226	1226	1194	1226	1206	0	1598420
1543	1226	1194	1226	1206	1218	0	1599646
1544	1194	1226	1206	1218	1226	0	1600852
1545	1226	1206	1218	1226	1159	0	1602070
1546	1206	1218	1226	1159	1191	0	1603296
1547	1218	1226	1159	1191	1191	0	1604455
1548	1226	1159	1191	1191	1167	0	1605646
1549	1159	1191	1191	1167	1179	0	1606837
1550	1191	1191	1167	1179	1159	0	1608004
1551	1191	1167	1179	1159	1164	0	1609183
1552	1167	1179	1159	1164	1171	0	1610342
1553	1179	1159	1164	1171	1132	0	1611506
1554	1159	1164	1171	1132	1144	0	1612677
1555	1164	1171	1132	1144	1148	0	1613809
1556	1171	1132	1144	1148	1125	0	1614953
1557	1132	1144	1148	1125	1167	0	1616101
1558	1144	1148	1125	1167	1156	0	1617226
1559	1148	1125	1167	1156	1147	0	1618393
1560	1125	1167	1156	1147	1168	0	1619549
1561	1167	1156	1147	1168	1171	0	1620696
1562	1156	1147	1168	1171	1144	0	1621864
1563	1147	1168	1171	1144	1160	0	1623035
1564	1168	1171	1144	1160	1147	0	1624179
1565	1171	1144	1160	1147	1137	0	1625339
1566	1144	1160	1147	1137	1147	0	1626486
1567	1160	1147	1137	1147	1141	0	1627623
1568	1147	1137	1147	1141	1151	0	1628770
1569	1137	1147	1141	1151	1156	0	1629911
1570	1147	1141	1151	1156	1148	0	1631062
1571	1141	1151	1156	1148	1155	0	1632218
1572	1151	1156	1148	1155	1160	0	1633366
1573	1156	1148	1155	1160	1121	0	1634521
1574	1148	1155	1160	1121	1140	0	1635681
1575	1155	1160	1121	1140	1124	0	1636802
1576	1160	1121	1140	1124	1109	0	1637942
1577	1121	1140	1124	1109	1082	0	1639066
1578	1140	1124	1109	1082	1074	0	1640175
1579	1124	1109	1082	1074	1101	0	1641257
1580	1109	1082	1074	1101	1050	0	1642331
1581	1082	1074	1101	1050	1078	0	1643432
1582	1074	1101	1050	1078	1074	0	1644482
1583	1101	1050	1078	1074	1062	0	1645560
1584	1050	1078	1074	1062	1098	0	1646634
1585	1078	1074	1062	1098	1081	0	1647696
1586	1074	1062	1098	1081	1133	0	1648794
1587	1062	1098	1081	1133	1128	0	1649875
1588	1098	1081	1133	1128	1156	0	1651008
1589	1081	1133	1128	1156	1171	0	1652136
1590	1133	1128	1156	1171	1156	0	1653292
1591	1128	1156	1171	1156	1194	0	1654463
1592	1156	1171	1156	1194	1179	0	1655619
1593	1171	1156	1194	1179	1140	0	1656813
1594	1156	1194	1179	1140	1086	0	1657992
1595	1194	1179	1140	1086	1089	0	1659132
1596	1179	1140	1086	1089	1133	0	1660218
1597	1140	1086	1089	1133	1132	0	1661307
1598	1086	1089	1133	1132	1171	0	1662440
1599	1089	1133	1132	1171	1191	0	1663572
1600	1133	1132	1171	1191	1187	0	1664743
1601	1132	1171	1191	1187	1202	0	1665934
1602	1171	1191	1187	1202	1163	0	1667121
1603	1191	1187	1202	1163	1172	0	1668323
1604	1187	1202	1163	1172	1175	0	1669486
1605	1202	1163	1172	1175	1124	0	1670658
1606	1163	1172	1175	1124	1168	0	1671833
1607	1172	1175	1124	1168	1171	0	1672957
1608	1175	1124	1168	1171	1144	0	1674125
1609	1124	1168	1171	1144	1175	0	1675296
1610	1168	1171	1144	1175	1155	0	1676440
1611	1171	1144	1175	1155	1203	0	1677615
1612	1144	1175	1155	1203	1202	0	1678770
1613	1175	1155	1203	1202	1210	0	1679973
1614	1155	1203	1202	1210	1241	0	1681175
1615	1203	1202	1210	1241	1211	0	1682385
1616	1202	1210	1241	1211	1245	0	1683626
1617	1210	1241	1211	1245	1241	0	1684837
1618	1241	1211	1245	1241	1202	0	1686082
1619	1211	1245	1241	1202	1253	0	1687323
1620	1245	1241	1202	1253	1218	0	1688525
1621	1241	1202	1253	1218	1210	0	1689778
1622	1202	1253	1218	1210	1226	0	1690996
1623	1253	1218	1210	1226	1187	0	1692206
1624	1218	1210	1226	1187	1218	0	1693432
1625	1210	1226	1187	1218	1175	0	1694619
1626	1226	1187	1218	1175	1202	0	1695837
1627	1187	1218	1175	1202	1183	0	1697012
1628	1218	1175	1202	1183	1191	0	1698214
1629	1175	1202	1183	1191	1217	0	1699397
1630	1202	1183	1191	1217	1176	0	1700588
1631	1183	1191	1217	1176	1221	0	1701805
1632	1191	1217	1176	1221	1203	0	1702981
1633	1217	1176	1221	1203	1221	0	1704202
1634	1176	1221	1203	1221	1257	0	1705405
1635	1221	1203	1221	1257	1199	0	1706626
1636	1203	1221	1257	1199	1245	0	1707883
1637	1221	1257	1199	1245	1253	0	1709082
1638	1257	1199	1245	1253	1214	0	1710327
1639	1199	1245	1253	1214	1245	0	1711580
1640	1245	1253	1214	1245	1214	0	1712794
1641	1253	1214	1245	1214	1249	0	1714039
1642	1214	1245	1214	1249	1253	0	1715253
1643	1245	1214	1249	1253	1210	0	1716502
1644	1214	1249	1253	1210	1241	0	1717755
1645	1249	1253	1210	1241	1203	0	1718965
1646	1253	1210	1241	1203	1241	0	1720206
1647	1210	1241	1203	1241	1218	0	1721409
1648	1241	1203	1241	1218	1186	0	1722650
1649	1203	1241	1218	1186	1207	0	1723868
1650	1241	1218	1186	1207	1151	0	1725054
1651	1218	1186	1207	1151	1187	0	1726261
1652	1186	1207	1151	1187	1183	0	1727412
1653	1207	1151	1187	1183	1156	0	1728599
1654	1151	1187	1183	1156	1183	0	1729782
1655	1187	1183	1156	1183	1151	0	1730938
1656	1183	1156	1183	1151	1210	0	1732121
1657	1156	1183	1151	1210	1218	0	1733272
1658	1183	1151	1210	1218	1203	0	1734482
1659	1151	1210	1218	1203	1249	0	1735700
1660	1210	1218	1203	1249	1225	0	1736903
1661	1218	1203	1249	1225	1238	0	1738152
1662	1203	1249	1225	1238	1264	0	1739377
1663	1249	1225	1238	1264	1214	0	1740615
1664	1225	1238	1264	1214	1253	0	1741879
1665	1238	1264	1214	1253	1238	0	1743093
1666	1264	1214	1253	1238	1214	0	1744346
1667	1214	1253	1238	1214	1253	0	1745584
1668	1253	1238	1214	1253	1210	0	1746798
1669	1238	1214	1253	1210	1249	0	1748051
1670	1214	1253	1210	1249	1241	0	1749261
1671	1253	1210	1249	1241	1195	0	1750510
1672	1210	1249	1241	1195	1245	0	1751751
1673	1249	1241	1195	1245	1190	0	1752946
1674	1241	1195	1245	1190	1222	0	1754191
1675	1195	1245	1190	1222	1191	0	1755381
1676	1245	1190	1222	1191	1233	0	1756603
1677	1190	1222	1191	1233	1241	0	1757794
1678	1222	1191	1233	1241	1203	0	1759027
1679	1191	1233	1241	1203	1241	0	1760268
1680	1233	1241	1203	1241	1206	0	1761471
1681	1241	1203	1241	1206	1234	0	1762712
1682	1203	1241	1206	1234	1225	0	1763918
1683	1241	1206	1234	1225	1203	0	1765152
1684	1206	1234	1225	1203	1218	0	1766377
1685	1234	1225	1203	1218	1210	0	1767580
1686	1225	1203	1218	1210	1233	0	1768798
1687	1203	1218	1210	1233	1230	0	1770008
1688	1218	1210	1233	1230	1222	0	1771241
1689	1210	1233	1230	1222	1253	0	1772471
1690	1233	1230	1222	1253	1198	0	1773693
1691	1230	1222	1253	1198	1253	0	1774946
1692	1222	1253	1198	1253	1229	0	1776144
1693	1253	1198	1253	1229	1199	0	1777397
1694	1198	1253	1229	1199	1233	0	1778626
1695	1253	1229	1199	1233	1230	0	1779825
1696	1229	1199	1233	1230	1210	0	1781058
1697	1199	1233	1230	1210	1241	0	1782288
1698	1233	1230	1210	1241	1199	0	1783498
1699	1230	1210	1241	1199	1241	0	1784739
1700	1210	1241	1199	1241	1261	0	1785938
1701	1241	1199	1241	1261	1210	0	1787179
1702	1199	1241	1261	1210	1253	0	1788440
1703	1241	1261	1210	1253	1198	0	1789650
1704	1261	1210	1253	1198	1241	0	1790903
1705	1210	1253	1198	1241	1195	0	1792101
1706	1253	1198	1241	1195	1214	0	1793342
1707	1198	1241	1195	1214	1222	0	1794537
1708	1241	1195	1214	1222	653	0	1795751
1709	1195	1214	1222	653	1530	0	1796973
