i-2	i-1	i+0	i+1	i+2	Filter
47	910	1004	1074	1008	0
910	1004	1074	1008	1074	0
1004	1074	1008	1074	525	0
1074	1008	1074	525	1339	0
1008	1074	525	1339	505	1
1074	525	1339	505	1253	0
525	1339	505	1253	876	1
1339	505	1253	876	926	0
505	1253	876	926	988	0
1253	876	926	988	1109	0
876	926	988	1109	498	0
926	988	1109	498	420	0
988	1109	498	420	1047	1
1109	498	420	1047	1199	1
498	420	1047	1199	1237	0
420	1047	1199	1237	1144	0
1047	1199	1237	1144	1156	0
1199	1237	1144	1156	505	0
1237	1144	1156	505	1386	0
1144	1156	505	1386	1035	1
1156	505	1386	1035	1101	0
505	1386	1035	1101	490	0
1386	1035	1101	490	1428	0
1035	1101	490	1428	1058	1
1101	490	1428	1058	1082	0
490	1428	1058	1082	506	0
1428	1058	1082	506	1459	0
1058	1082	506	1459	1167	1
1082	506	1459	1167	502	0
506	1459	1167	502	1405	0
1459	1167	502	1405	1117	1
1167	502	1405	1117	1031	0
502	1405	1117	1031	1004	0
1405	1117	1031	1004	525	0
1117	1031	1004	525	1378	0
1031	1004	525	1378	949	1
1004	525	1378	949	514	0
525	1378	949	514	1358	0
1378	949	514	1358	906	1
949	514	1358	906	1031	0
514	1358	906	1031	522	0
1358	906	1031	522	1428	0
906	1031	522	1428	1101	1
1031	522	1428	1101	498	0
522	1428	1101	498	1381	0
1428	1101	498	1381	1012	1
1101	498	1381	1012	934	0
498	1381	1012	934	509	0
1381	1012	934	509	1351	0
1012	934	509	1351	906	1
934	509	1351	906	1156	0
509	1351	906	1156	510	0
1351	906	1156	510	420	0
906	1156	510	420	977	1
1156	510	420	977	941	1
510	420	977	941	490	0
420	977	941	490	1351	0
977	941	490	1351	1050	1
941	490	1351	1050	522	0
490	1351	1050	522	1354	0
1351	1050	522	1354	1101	1
1050	522	1354	1101	486	0
522	1354	1101	486	1308	0
1354	1101	486	1308	844	1
1101	486	1308	844	942	0
486	1308	844	942	509	0
1308	844	942	509	1389	0
844	942	509	1389	997	1
942	509	1389	997	498	0
509	1389	997	498	1404	0
1389	997	498	1404	1148	1
997	498	1404	1148	502	0
498	1404	1148	502	1370	0
1404	1148	502	1370	844	1
1148	502	1370	844	891	0
502	1370	844	891	541	0
1370	844	891	541	1342	0
844	891	541	1342	864	1
891	541	1342	864	860	0
541	1342	864	860	510	0
1342	864	860	510	1292	0
864	860	510	1292	875	1
860	510	1292	875	1199	0
510	1292	875	1199	509	0
1292	875	1199	509	1393	0
875	1199	509	1393	1028	1
1199	509	1393	1028	505	0
509	1393	1028	505	1378	0
1393	1028	505	1378	961	1
1028	505	1378	961	988	0
505	1378	961	988	506	0
1378	961	988	506	1370	0
961	988	506	1370	1039	1
988	506	1370	1039	502	0
506	1370	1039	502	1362	0
1370	1039	502	1362	1105	1
1039	502	1362	1105	494	0
502	1362	1105	494	1377	0
1362	1105	494	1377	1101	1
1105	494	1377	1101	495	0
494	1377	1101	495	1396	0
1377	1101	495	1396	1094	1
1101	495	1396	1094	482	0
495	1396	1094	482	1374	0
1396	1094	482	1374	1050	1
1094	482	1374	1050	483	0
482	1374	1050	483	1370	0
1374	1050	483	1370	552	1
1050	483	1370	552	1315	0
483	1370	552	1315	899	1
1370	552	1315	899	506	0
552	1315	899	506	1366	0
1315	899	506	1366	1023	1
899	506	1366	1023	521	0
506	1366	1023	521	1409	0
1366	1023	521	1409	961	1
1023	521	1409	961	521	0
521	1409	961	521	1374	0
1409	961	521	1374	946	1
961	521	1374	946	509	0
521	1374	946	509	1401	0
1374	946	509	1401	1105	1
946	509	1401	1105	502	0
509	1401	1105	502	1397	0
1401	1105	502	1397	1019	1
1105	502	1397	1019	506	0
502	1397	1019	506	1354	0
1397	1019	506	1354	817	1
1019	506	1354	817	876	0
506	1354	817	876	549	0
1354	817	876	549	1330	0
817	876	549	1330	922	1
876	549	1330	922	1144	0
549	1330	922	1144	522	0
1330	922	1144	522	432	0
922	1144	522	432	914	1
1144	522	432	914	1020	1
522	432	914	1020	1015	0
432	914	1020	1015	1125	0
914	1020	1015	1125	1179	0
1020	1015	1125	1179	1128	0
1015	1125	1179	1128	1171	0
1125	1179	1128	1171	1191	0
1179	1128	1171	1191	1167	0
1128	1171	1191	1167	1175	0
1171	1191	1167	1175	1098	0
1191	1167	1175	1098	957	0
1167	1175	1098	957	976	0
1175	1098	957	976	950	0
1098	957	976	950	1000	0
957	976	950	1000	910	0
976	950	1000	910	853	0
950	1000	910	853	961	0
1000	910	853	961	898	0
910	853	961	898	973	0
853	961	898	973	1012	0
961	898	973	1012	988	0
898	973	1012	988	1008	0
973	1012	988	1008	946	0
1012	988	1008	946	976	0
988	1008	946	976	1059	0
1008	946	976	1059	1015	0
946	976	1059	1015	1105	0
976	1059	1015	1105	1094	0
1059	1015	1105	1094	1062	0
1015	1105	1094	1062	1078	0
1105	1094	1062	1078	1042	0
1094	1062	1078	1042	1043	0
1062	1078	1042	1043	1074	0
1078	1042	1043	1074	1016	0
1042	1043	1074	1016	1039	0
1043	1074	1016	1039	965	0
1074	1016	1039	965	914	0
1016	1039	965	914	930	0
1039	965	914	930	879	0
965	914	930	879	907	0
914	930	879	907	576	0
930	879	907	576	1272	0
879	907	576	1272	876	1
907	576	1272	876	965	0
576	1272	876	965	509	0
1272	876	965	509	1319	0
876	965	509	1319	930	1
965	509	1319	930	973	0
509	1319	930	973	506	0
1319	930	973	506	1374	0
930	973	506	1374	988	1
973	506	1374	988	510	0
506	1374	988	510	1393	0
1374	988	510	1393	1058	1
988	510	1393	1058	502	0
510	1393	1058	502	1440	0
1393	1058	502	1440	1155	1
1058	502	1440	1155	498	0
502	1440	1155	498	1487	0
1440	1155	498	1487	1225	1
1155	498	1487	1225	483	0
498	1487	1225	483	1393	0
1487	1225	483	1393	1152	1
1225	483	1393	1152	486	0
483	1393	1152	486	1424	0
1393	1152	486	1424	1129	1
1152	486	1424	1129	1058	0
486	1424	1129	1058	498	0
1424	1129	1058	498	1405	0
1129	1058	498	1405	1027	1
1058	498	1405	1027	502	0
498	1405	1027	502	1404	0
1405	1027	502	1404	1086	1
1027	502	1404	1086	498	0
502	1404	1086	498	1393	0
1404	1086	498	1393	844	1
1086	498	1393	844	860	0
498	1393	844	860	518	0
1393	844	860	518	1397	0
844	860	518	1397	895	1
860	518	1397	895	910	0
518	1397	895	910	588	0
1397	895	910	588	1264	0
895	910	588	1264	829	1
910	588	1264	829	876	0
588	1264	829	876	922	0
1264	829	876	922	1128	0
829	876	922	1128	607	0
876	922	1128	607	1378	0
922	1128	607	1378	467	1
1128	607	1378	467	393	0
607	1378	467	393	1046	1
1378	467	393	1046	1016	1
467	393	1046	1016	961	0
393	1046	1016	961	498	0
1046	1016	961	498	1335	0
1016	961	498	1335	965	1
961	498	1335	965	502	0
498	1335	965	502	1326	0
1335	965	502	1326	891	1
965	502	1326	891	530	0
502	1326	891	530	1214	0
1326	891	530	1214	801	1
891	530	1214	801	821	0
530	1214	801	821	895	0
1214	801	821	895	942	0
801	821	895	942	852	0
821	895	942	852	945	0
895	942	852	945	1218	0
942	852	945	1218	596	0
852	945	1218	596	1295	0
945	1218	596	1295	860	1
1218	596	1295	860	829	0
596	1295	860	829	829	0
1295	860	829	829	805	0
860	829	829	805	802	0
829	829	805	802	790	0
829	805	802	790	751	0
805	802	790	751	755	0
802	790	751	755	743	0
790	751	755	743	735	0
751	755	743	735	712	0
755	743	735	712	708	0
743	735	712	708	701	0
735	712	708	701	689	0
712	708	701	689	681	0
708	701	689	681	665	0
701	689	681	665	646	0
689	681	665	646	642	0
681	665	646	642	642	0
665	646	642	642	654	0
646	642	642	654	673	0
642	642	654	673	650	0
642	654	673	650	669	0
654	673	650	669	673	0
673	650	669	673	696	0
650	669	673	696	537	0
669	673	696	537	965	0
673	696	537	965	736	1
696	537	965	736	447	0
537	965	736	447	1168	0
965	736	447	1168	786	1
736	447	1168	786	793	0
447	1168	786	793	436	0
1168	786	793	436	1206	0
786	793	436	1206	487	1
793	436	1206	487	1062	0
436	1206	487	1062	732	1
1206	487	1062	732	708	0
487	1062	732	708	451	0
1062	732	708	451	981	0
732	708	451	981	708	1
708	451	981	708	720	0
451	981	708	720	723	0
981	708	720	723	747	0
708	720	723	747	751	0
720	723	747	751	732	0
723	747	751	732	728	0
747	751	732	728	727	0
751	732	728	727	708	0
732	728	727	708	697	0
728	727	708	697	665	0
727	708	697	665	479	0
708	697	665	479	879	0
697	665	479	879	666	1
665	479	879	666	661	0
479	879	666	661	704	0
879	666	661	704	697	0
666	661	704	697	478	0
661	704	697	478	1047	0
704	697	478	1047	498	1
697	478	1047	498	1012	0
478	1047	498	1012	716	1
1047	498	1012	716	716	0
498	1012	716	716	739	0
1012	716	716	739	747	0
716	716	739	747	767	0
716	739	747	767	786	0
739	747	767	786	529	0
747	767	786	529	424	0
767	786	529	424	1230	1
786	529	424	1230	786	1
529	424	1230	786	809	0
424	1230	786	809	836	0
1230	786	809	836	849	0
786	809	836	849	937	0
809	836	849	937	950	0
836	849	937	950	965	0
849	937	950	965	1043	0
937	950	965	1043	906	0
950	965	1043	906	864	0
965	1043	906	864	856	0
1043	906	864	856	833	0
906	864	856	833	766	0
864	856	833	766	779	0
856	833	766	779	906	0
833	766	779	906	930	0
766	779	906	930	950	0
779	906	930	950	988	0
906	930	950	988	945	0
930	950	988	945	930	0
950	988	945	930	1078	0
988	945	930	1078	1000	0
945	930	1078	1000	903	0
930	1078	1000	903	848	0
1078	1000	903	848	903	0
1000	903	848	903	856	0
903	848	903	856	934	0
848	903	856	934	922	0
903	856	934	922	564	0
856	934	922	564	1222	0
934	922	564	1222	447	1
922	564	1222	447	393	0
564	1222	447	393	759	1
1222	447	393	759	751	1
447	393	759	751	498	0
393	759	751	498	1101	0
759	751	498	1101	744	1
751	498	1101	744	797	0
498	1101	744	797	502	0
1101	744	797	502	420	0
744	797	502	420	1214	1
797	502	420	1214	821	1
502	420	1214	821	864	0
420	1214	821	864	560	0
1214	821	864	560	1230	0
821	864	560	1230	448	1
864	560	1230	448	408	0
560	1230	448	408	1191	1
1230	448	408	1191	731	1
448	408	1191	731	681	0
408	1191	731	681	666	0
1191	731	681	666	673	0
731	681	666	673	747	0
681	666	673	747	864	0
666	673	747	864	836	0
673	747	864	836	872	0
747	864	836	872	817	0
864	836	872	817	840	0
836	872	817	840	821	0
872	817	840	821	814	0
817	840	821	814	774	0
840	821	814	774	790	0
821	814	774	790	797	0
814	774	790	797	810	0
774	790	797	810	778	0
790	797	810	778	817	0
797	810	778	817	747	0
810	778	817	747	813	0
778	817	747	813	767	0
817	747	813	767	782	0
747	813	767	782	767	0
813	767	782	767	766	0
767	782	767	766	802	0
782	767	766	802	794	0
767	766	802	794	844	0
766	802	794	844	766	0
802	794	844	766	763	0
794	844	766	763	767	0
844	766	763	767	758	0
766	763	767	758	767	0
763	767	758	767	743	0
767	758	767	743	771	0
758	767	743	771	735	0
767	743	771	735	774	0
743	771	735	774	747	0
771	735	774	747	767	0
735	774	747	767	794	0
774	747	767	794	790	0
747	767	794	790	782	0
767	794	790	782	770	0
794	790	782	770	778	0
790	782	770	778	514	0
782	770	778	514	1023	0
770	778	514	1023	724	1
778	514	1023	724	479	0
514	1023	724	479	945	0
1023	724	479	945	537	1
724	479	945	537	907	0
479	945	537	907	688	1
945	537	907	688	456	0
537	907	688	456	1109	0
907	688	456	1109	575	1
688	456	1109	575	993	0
456	1109	575	993	766	1
1109	575	993	766	479	0
575	993	766	479	439	0
993	766	479	439	798	1
766	479	439	798	751	1
479	439	798	751	451	0
439	798	751	451	425	0
798	751	451	425	1163	1
751	451	425	1163	708	1
451	425	1163	708	448	0
425	1163	708	448	432	0
1163	708	448	432	1120	1
708	448	432	1120	677	1
448	432	1120	677	701	0
432	1120	677	701	502	0
1120	677	701	502	428	0
677	701	502	428	408	1
701	502	428	408	1101	1
502	428	408	1101	432	1
428	408	1101	432	432	0
408	1101	432	432	1090	1
1101	432	432	1090	420	1
432	432	1090	420	420	0
432	1090	420	420	1058	1
1090	420	420	1058	417	1
420	420	1058	417	439	0
420	1058	417	439	417	1
1058	417	439	417	416	1
417	439	417	416	1016	1
439	417	416	1016	420	1
417	416	1016	420	420	0
416	1016	420	420	1008	1
1016	420	420	1008	424	1
420	420	1008	424	428	0
420	1008	424	428	440	1
1008	424	428	440	393	1
424	428	440	393	992	1
428	440	393	992	424	1
440	393	992	424	420	0
393	992	424	420	440	1
992	424	420	440	413	1
424	420	440	413	984	1
420	440	413	984	412	1
440	413	984	412	421	0
413	984	412	421	1000	1
984	412	421	1000	420	1
412	421	1000	420	432	0
421	1000	420	432	482	1
1000	420	432	482	409	1
420	432	482	409	996	1
432	482	409	996	412	1
482	409	996	412	421	0
409	996	412	421	984	1
996	412	421	984	416	1
412	421	984	416	421	0
421	984	416	421	467	1
984	416	421	467	420	1
416	421	467	420	447	1
421	467	420	447	557	1
467	420	447	557	389	1
420	447	557	389	953	1
447	557	389	953	584	1
557	389	953	584	583	0
389	953	584	583	452	0
953	584	583	452	408	0
584	583	452	408	934	1
583	452	408	934	417	1
452	408	934	417	424	0
408	934	417	424	412	1
934	417	424	412	413	1
417	424	412	413	431	1
424	412	413	431	401	1
412	413	431	401	950	1
413	431	401	950	400	1
431	401	950	400	401	0
401	950	400	401	950	1
950	400	401	950	397	1
400	401	950	397	416	0
401	950	397	416	930	1
950	397	416	930	420	1
397	416	930	420	420	0
416	930	420	420	413	1
930	420	420	413	393	1
420	420	413	393	424	1
420	413	393	424	397	1
413	393	424	397	914	1
393	424	397	914	397	1
424	397	914	397	409	0
397	914	397	409	428	1
914	397	409	428	397	1
397	409	428	397	431	1
409	428	397	431	405	1
428	397	431	405	416	1
397	431	405	416	428	1
431	405	416	428	421	1
405	416	428	421	404	1
416	428	421	404	926	1
428	421	404	926	413	1
421	404	926	413	385	0
404	926	413	385	420	1
926	413	385	420	911	1
413	385	420	911	404	1
385	420	911	404	390	0
420	911	404	390	420	1
911	404	390	420	389	1
404	390	420	389	440	1
390	420	389	440	393	1
420	389	440	393	883	1
389	440	393	883	412	1
440	393	883	412	386	0
393	883	412	386	902	1
883	412	386	902	389	1
412	386	902	389	417	0
386	902	389	417	416	1
902	389	417	416	389	1
389	417	416	389	428	1
417	416	389	428	405	1
416	389	428	405	467	1
389	428	405	467	389	1
428	405	467	389	408	1
405	467	389	408	397	1
467	389	408	397	424	1
389	408	397	424	374	1
408	397	424	374	934	1
397	424	374	934	401	1
424	374	934	401	397	0
374	934	401	397	420	1
934	401	397	420	401	1
401	397	420	401	412	1
397	420	401	412	397	1
420	401	412	397	934	1
401	412	397	934	385	1
412	397	934	385	401	0
397	934	385	401	930	1
934	385	401	930	404	1
385	401	930	404	401	0
401	930	404	401	428	1
930	404	401	428	385	1
404	401	428	385	401	1
401	428	385	401	393	1
428	385	401	393	977	1
385	401	393	977	377	1
401	393	977	377	370	0
393	977	377	370	354	1
977	377	370	354	969	1
377	370	354	969	385	1
370	354	969	385	339	0
354	969	385	339	996	1
969	385	339	996	404	1
385	339	996	404	817	0
339	996	404	817	393	1
996	404	817	393	825	0
404	817	393	825	607	1
817	393	825	607	576	0
393	825	607	576	588	0
825	607	576	588	591	0
607	576	588	591	623	0
576	588	591	623	669	0
588	591	623	669	712	0
591	623	669	712	798	0
623	669	712	798	455	0
669	712	798	455	1055	0
712	798	455	1055	400	1
798	455	1055	400	1000	0
455	1055	400	1000	673	1
1055	400	1000	673	662	0
400	1000	673	662	677	0
1000	673	662	677	661	0
673	662	677	661	658	0
662	677	661	658	654	0
677	661	658	654	634	0
661	658	654	634	650	0
658	654	634	650	642	0
654	634	650	642	653	0
634	650	642	653	646	0
650	642	653	646	642	0
642	653	646	642	662	0
653	646	642	662	638	0
646	642	662	638	669	0
642	662	638	669	623	0
662	638	669	623	638	0
638	669	623	638	642	0
669	623	638	642	654	0
623	638	642	654	653	0
638	642	654	653	658	0
642	654	653	658	658	0
654	653	658	658	677	0
653	658	658	677	649	0
658	658	677	649	432	0
658	677	649	432	872	0
677	649	432	872	654	1
649	432	872	654	435	0
432	872	654	435	829	0
872	654	435	829	627	1
654	435	829	627	459	0
435	829	627	459	786	0
829	627	459	786	408	1
627	459	786	408	818	0
459	786	408	818	400	1
786	408	818	400	821	0
408	818	400	821	424	1
818	400	821	424	794	0
400	821	424	794	448	1
821	424	794	448	758	0
424	794	448	758	600	1
794	448	758	600	595	0
448	758	600	595	599	0
758	600	595	599	623	0
600	595	599	623	630	0
595	599	623	630	658	0
599	623	630	658	700	0
623	630	658	700	689	0
630	658	700	689	692	0
658	700	689	692	716	0
700	689	692	716	697	0
689	692	716	697	669	0
692	716	697	669	665	0
716	697	669	665	662	0
697	669	665	662	479	0
669	665	662	479	805	0
665	662	479	805	630	1
662	479	805	630	619	0
479	805	630	619	448	0
805	630	619	448	762	0
630	619	448	762	413	1
619	448	762	413	782	0
448	762	413	782	412	1
762	413	782	412	736	0
413	782	412	736	435	1
782	412	736	435	705	0
412	736	435	705	474	1
736	435	705	474	650	0
435	705	474	650	545	1
705	474	650	545	584	0
474	650	545	584	396	0
650	545	584	396	390	0
545	584	396	390	972	1
584	396	390	972	623	1
396	390	972	623	611	0
390	972	623	611	618	0
972	623	611	618	631	0
623	611	618	631	622	0
611	618	631	622	623	0
618	631	622	623	630	0
631	622	623	630	635	0
622	623	630	635	431	0
623	630	635	431	821	0
630	635	431	821	436	1
635	431	821	436	802	0
431	821	436	802	611	1
821	436	802	611	599	0
436	802	611	599	436	0
802	611	599	436	739	0
611	599	436	739	580	1
599	436	739	580	568	0
436	739	580	568	455	0
739	580	568	455	669	0
580	568	455	669	409	1
568	455	669	409	689	0
455	669	409	689	408	1
669	409	689	408	669	0
409	689	408	669	425	1
689	408	669	425	673	0
408	669	425	673	420	1
669	425	673	420	700	0
425	673	420	700	456	1
673	420	700	456	677	0
420	700	456	677	564	1
700	456	677	564	576	0
456	677	564	576	599	0
677	564	576	599	607	0
564	576	599	607	447	0
576	599	607	447	802	0
599	607	447	802	432	1
607	447	802	432	778	0
447	802	432	778	416	1
802	432	778	416	771	0
432	778	416	771	401	1
778	416	771	401	751	0
416	771	401	751	428	1
771	401	751	428	708	0
401	751	428	708	393	1
751	428	708	393	716	0
428	708	393	716	408	1
708	393	716	408	701	0
393	716	408	701	404	1
716	408	701	404	709	0
408	701	404	709	416	1
701	404	709	416	700	0
404	709	416	700	413	1
709	416	700	413	712	0
416	700	413	712	432	1
700	413	712	432	692	0
413	712	432	692	421	1
712	432	692	421	704	0
432	692	421	704	408	1
692	421	704	408	716	0
421	704	408	716	409	1
704	408	716	409	724	0
408	716	409	724	424	1
716	409	724	424	704	0
409	724	424	704	428	1
724	424	704	428	708	0
424	704	428	708	409	1
704	428	708	409	724	0
428	708	409	724	408	1
708	409	724	408	728	0
409	724	408	728	408	1
724	408	728	408	716	0
408	728	408	716	424	1
728	408	716	424	712	0
408	716	424	712	413	1
716	424	712	413	708	0
424	712	413	708	436	1
712	413	708	436	681	0
413	708	436	681	416	1
708	436	681	416	689	0
436	681	416	689	424	1
681	416	689	424	689	0
416	689	424	689	463	1
689	424	689	463	665	0
424	689	463	665	560	1
689	463	665	560	565	0
463	665	560	565	470	0
665	560	565	470	724	0
560	565	470	724	592	1
565	470	724	592	603	0
470	724	592	603	599	0
724	592	603	599	619	0
592	603	599	619	611	0
603	599	619	611	622	0
599	619	611	622	623	0
619	611	622	623	630	0
611	622	623	630	638	0
622	623	630	638	630	0
623	630	638	630	479	0
630	638	630	479	771	0
638	630	479	771	439	1
630	479	771	439	771	0
479	771	439	771	432	1
771	439	771	432	739	0
439	771	432	739	451	1
771	432	739	451	685	0
432	739	451	685	467	1
739	451	685	467	650	0
451	685	467	650	548	1
685	467	650	548	561	0
467	650	548	561	420	0
650	548	561	420	408	0
548	561	420	408	1000	1
561	420	408	1000	382	1
420	408	1000	382	984	0
408	1000	382	984	385	1
1000	382	984	385	954	0
382	984	385	954	369	1
984	385	954	369	981	0
385	954	369	981	393	1
954	369	981	393	996	0
369	981	393	996	393	1
981	393	996	393	907	0
393	996	393	907	381	1
996	393	907	381	918	0
393	907	381	918	487	1
907	381	918	487	813	0
381	918	487	813	634	1
918	487	813	634	666	0
487	813	634	666	700	0
813	634	666	700	443	0
634	666	700	443	1032	0
666	700	443	1032	513	1
700	443	1032	513	880	0
443	1032	513	880	396	1
1032	513	880	396	938	0
513	880	396	938	646	1
880	396	938	646	673	0
396	938	646	673	732	0
938	646	673	732	794	0
646	673	732	794	844	0
673	732	794	844	910	0
732	794	844	910	938	0
794	844	910	938	852	0
844	910	938	852	852	0
910	938	852	852	845	0
938	852	852	845	825	0
852	852	845	825	770	0
852	845	825	770	736	0
845	825	770	736	735	0
825	770	736	735	743	0
770	736	735	743	720	0
736	735	743	720	681	0
735	743	720	681	677	0
743	720	681	677	673	0
720	681	677	673	701	0
681	677	673	701	704	0
677	673	701	704	440	0
673	701	704	440	988	0
701	704	440	988	467	1
704	440	988	467	914	0
440	988	467	914	490	1
988	467	914	490	841	0
467	914	490	841	630	1
914	490	841	630	666	0
490	841	630	666	435	0
841	630	666	435	1059	0
630	666	435	1059	696	1
666	435	1059	696	747	0
435	1059	696	747	452	0
1059	696	747	452	1078	0
696	747	452	1078	688	1
747	452	1078	688	763	0
452	1078	688	763	506	0
1078	688	763	506	1171	0
688	763	506	1171	763	1
763	506	1171	763	782	0
506	1171	763	782	506	0
1171	763	782	506	1085	0
763	782	506	1085	708	1
782	506	1085	708	705	0
506	1085	708	705	459	0
1085	708	705	459	860	0
708	705	459	860	642	1
705	459	860	642	688	0
459	860	642	688	475	0
860	642	688	475	1055	0
642	688	475	1055	723	1
688	475	1055	723	802	0
475	1055	723	802	459	0
1055	723	802	459	1187	0
723	802	459	1187	513	1
802	459	1187	513	1055	0
459	1187	513	1055	545	1
1187	513	1055	545	902	0
513	1055	545	902	705	1
1055	545	902	705	751	0
545	902	705	751	716	0
902	705	751	716	770	0
705	751	716	770	459	0
751	716	770	459	1070	0
716	770	459	1070	728	1
770	459	1070	728	665	0
459	1070	728	665	681	0
1070	728	665	681	658	0
728	665	681	658	704	0
665	681	658	704	782	0
681	658	704	782	475	0
658	704	782	475	1167	0
704	782	475	1167	545	1
782	475	1167	545	945	0
475	1167	545	945	693	1
1167	545	945	693	716	0
545	945	693	716	735	0
945	693	716	735	767	0
693	716	735	767	451	0
716	735	767	451	1117	0
735	767	451	1117	475	1
767	451	1117	475	949	0
451	1117	475	949	693	1
1117	475	949	693	700	0
475	949	693	700	700	0
949	693	700	700	724	0
693	700	700	724	685	0
700	700	724	685	677	0
700	724	685	677	724	0
724	685	677	724	712	0
685	677	724	712	447	0
677	724	712	447	1043	0
724	712	447	1043	452	1
712	447	1043	452	949	0
447	1043	452	949	545	1
1043	452	949	545	825	0
452	949	545	825	513	1
949	545	825	513	837	0
545	825	513	837	517	1
825	513	837	517	786	0
513	837	517	786	635	1
837	517	786	635	653	0
517	786	635	653	420	0
786	635	653	420	370	0
635	653	420	370	1090	1
653	420	370	1090	467	1
420	370	1090	467	1038	0
370	1090	467	1038	716	1
1090	467	1038	716	775	0
467	1038	716	775	832	0
1038	716	775	832	1047	0
716	775	832	1047	864	0
775	832	1047	864	844	0
832	1047	864	844	817	0
1047	864	844	817	491	0
864	844	817	491	992	0
844	817	491	992	689	1
817	491	992	689	661	0
491	992	689	661	475	0
992	689	661	475	809	0
689	661	475	809	467	1
661	475	809	467	833	0
475	809	467	833	614	1
809	467	833	614	650	0
467	833	614	650	502	0
833	614	650	502	385	0
614	650	502	385	1129	1
650	502	385	1129	743	1
502	385	1129	743	751	0
385	1129	743	751	467	0
1129	743	751	467	1000	0
743	751	467	1000	669	1
751	467	1000	669	666	0
467	1000	669	666	645	0
1000	669	666	645	658	0
669	666	645	658	693	0
666	645	658	693	731	0
645	658	693	731	716	0
658	693	731	716	732	0
693	731	716	732	739	0
731	716	732	739	712	0
716	732	739	712	732	0
732	739	712	732	439	0
739	712	732	439	926	0
712	732	439	926	421	1
732	439	926	421	906	0
439	926	421	906	417	1
926	421	906	417	848	0
421	906	417	848	474	1
906	417	848	474	744	0
417	848	474	744	552	1
848	474	744	552	627	0
474	744	552	627	416	1
744	552	627	416	405	0
552	627	416	405	969	1
627	416	405	969	416	1
416	405	969	416	833	0
405	969	416	833	603	1
969	416	833	603	611	0
416	833	603	611	451	0
833	603	611	451	393	0
603	611	451	393	992	1
611	451	393	992	498	1
451	393	992	498	778	0
393	992	498	778	619	1
992	498	778	619	638	0
498	778	619	638	708	0
778	619	638	708	759	0
619	638	708	759	424	0
638	708	759	424	378	0
708	759	424	378	1074	1
759	424	378	1074	486	1
424	378	1074	486	907	0
378	1074	486	907	646	1
1074	486	907	646	634	0
486	907	646	634	416	0
907	646	634	416	397	0
646	634	416	397	1031	1
634	416	397	1031	471	1
416	397	1031	471	856	0
397	1031	471	856	619	1
1031	471	856	619	642	0
471	856	619	642	393	0
856	619	642	393	373	0
619	642	393	373	1020	1
642	393	373	1020	467	1
393	373	1020	467	832	0
373	1020	467	832	479	1
1020	467	832	479	782	0
467	832	479	782	482	1
832	479	782	482	759	0
479	782	482	759	611	1
782	482	759	611	432	0
482	759	611	432	840	0
759	611	432	840	487	1
611	432	840	487	766	0
432	840	487	766	607	1
840	487	766	607	611	0
487	766	607	611	436	0
766	607	611	436	891	0
607	611	436	891	650	1
611	436	891	650	677	0
436	891	650	677	432	0
891	650	677	432	914	0
650	677	432	914	654	1
677	432	914	654	665	0
432	914	654	665	662	0
914	654	665	662	685	0
654	665	662	685	700	0
665	662	685	700	700	0
662	685	700	700	713	0
685	700	700	713	708	0
700	700	713	708	704	0
700	713	708	704	724	0
713	708	704	724	720	0
708	704	724	720	478	0
704	724	720	478	907	0
724	720	478	907	513	1
720	478	907	513	821	0
478	907	513	821	432	1
907	513	821	432	868	0
513	821	432	868	483	1
821	432	868	483	809	0
432	868	483	809	455	1
868	483	809	455	852	0
483	809	455	852	506	1
809	455	852	506	848	0
455	852	506	848	518	1
852	506	848	518	871	0
506	848	518	871	697	1
848	518	871	697	739	0
518	871	697	739	522	0
871	697	739	522	957	0
697	739	522	957	704	1
739	522	957	704	747	0
522	957	704	747	747	0
957	704	747	747	736	0
704	747	747	736	727	0
747	747	736	727	705	0
747	736	727	705	478	0
736	727	705	478	915	0
727	705	478	915	673	1
705	478	915	673	642	0
478	915	673	642	463	0
915	673	642	463	871	0
673	642	463	871	662	1
642	463	871	662	689	0
463	871	662	689	443	0
871	662	689	443	1000	0
662	689	443	1000	732	1
689	443	1000	732	766	0
443	1000	732	766	786	0
1000	732	766	786	759	0
732	766	786	759	778	0
766	786	759	778	763	0
786	759	778	763	755	0
759	778	763	755	790	0
778	763	755	790	844	0
763	755	790	844	821	0
755	790	844	821	763	0
790	844	821	763	751	0
844	821	763	751	459	0
821	763	751	459	988	0
763	751	459	988	510	1
751	459	988	510	860	0
459	988	510	860	486	1
988	510	860	486	872	0
510	860	486	872	665	1
860	486	872	665	728	0
486	872	665	728	840	0
872	665	728	840	915	0
665	728	840	915	443	0
728	840	915	443	1241	0
840	915	443	1241	522	1
915	443	1241	522	1066	0
443	1241	522	1066	510	1
1241	522	1066	510	933	0
522	1066	510	933	662	1
1066	510	933	662	743	0
510	933	662	743	471	0
933	662	743	471	432	0
662	743	471	432	1171	1
743	471	432	1171	821	1
471	432	1171	821	467	0
432	1171	821	467	432	0
1171	821	467	432	1132	1
821	467	432	1132	471	1
467	432	1132	471	1000	0
432	1132	471	1000	677	1
1132	471	1000	677	673	0
471	1000	677	673	432	0
1000	677	673	432	420	0
677	673	432	420	428	1
673	432	420	428	1078	1
432	420	428	1078	553	1
420	428	1078	553	856	0
428	1078	553	856	661	1
1078	553	856	661	452	0
553	856	661	452	424	0
856	661	452	424	1039	1
661	452	424	1039	439	1
452	424	1039	439	833	0
424	1039	439	833	630	1
1039	439	833	630	611	0
439	833	630	611	455	0
833	630	611	455	417	0
630	611	455	417	1004	1
611	455	417	1004	634	1
455	417	1004	634	642	0
417	1004	634	642	486	0
1004	634	642	486	421	0
634	642	486	421	1019	1
642	486	421	1019	510	1
486	421	1019	510	786	0
421	1019	510	786	634	1
1019	510	786	634	665	0
510	786	634	665	448	0
786	634	665	448	389	0
634	665	448	389	1008	1
665	448	389	1008	474	1
448	389	1008	474	798	0
389	1008	474	798	611	1
1008	474	798	611	607	0
474	798	611	607	444	0
798	611	607	444	856	0
611	607	444	856	614	1
607	444	856	614	646	0
444	856	614	646	444	0
856	614	646	444	385	0
614	646	444	385	1039	1
646	444	385	1039	673	1
444	385	1039	673	650	0
385	1039	673	650	646	0
1039	673	650	646	646	0
673	650	646	646	459	0
650	646	646	459	907	0
646	646	459	907	657	1
646	459	907	657	677	0
459	907	657	677	459	0
907	657	677	459	386	0
657	677	459	386	1038	1
677	459	386	1038	444	1
459	386	1038	444	868	0
386	1038	444	868	622	1
1038	444	868	622	623	0
444	868	622	623	424	0
868	622	623	424	794	0
622	623	424	794	583	1
623	424	794	583	592	0
424	794	583	592	436	0
794	583	592	436	381	0
583	592	436	381	914	1
592	436	381	914	576	1
436	381	914	576	580	0
381	914	576	580	413	0
914	576	580	413	731	0
576	580	413	731	576	1
580	413	731	576	560	0
413	731	576	560	440	0
731	576	560	440	957	0
576	560	440	957	529	1
560	440	957	529	755	0
440	957	529	755	428	1
957	529	755	428	883	0
529	755	428	883	623	1
755	428	883	623	634	0
428	883	623	634	455	0
883	623	634	455	938	0
623	634	455	938	526	1
634	455	938	526	782	0
455	938	526	782	634	1
938	526	782	634	685	0
526	782	634	685	673	0
782	634	685	673	747	0
634	685	673	747	444	0
685	673	747	444	1151	0
673	747	444	1151	502	1
747	444	1151	502	934	0
444	1151	502	934	467	1
1151	502	934	467	860	0
502	934	467	860	646	1
934	467	860	646	443	0
467	860	646	443	1090	0
860	646	443	1090	498	1
646	443	1090	498	1016	0
443	1090	498	1016	579	1
1090	498	1016	579	992	0
498	1016	579	992	421	1
1016	579	992	421	436	0
579	992	421	436	1159	1
992	421	436	1159	743	1
421	436	1159	743	790	0
436	1159	743	790	455	0
1159	743	790	455	1152	0
743	790	455	1152	790	1
790	455	1152	790	1043	0
455	1152	790	1043	471	0
1152	790	1043	471	1276	0
790	1043	471	1276	798	1
1043	471	1276	798	797	0
471	1276	798	797	479	0
1276	798	797	479	1218	0
798	797	479	1218	580	1
797	479	1218	580	968	0
479	1218	580	968	432	1
1218	580	968	432	1160	0
580	968	432	1160	716	1
968	432	1160	716	747	0
432	1160	716	747	506	0
1160	716	747	506	1253	0
716	747	506	1253	575	1
747	506	1253	575	1094	0
506	1253	575	1094	436	1
1253	575	1094	436	1237	0
575	1094	436	1237	774	1
1094	436	1237	774	903	0
436	1237	774	903	506	0
1237	774	903	506	1296	0
774	903	506	1296	972	1
903	506	1296	972	491	0
506	1296	972	491	1365	0
1296	972	491	1365	1008	1
972	491	1365	1008	463	0
491	1365	1008	463	1343	0
1365	1008	463	1343	844	1
1008	463	1343	844	938	0
463	1343	844	938	517	0
1343	844	938	517	417	0
844	938	517	417	1155	1
938	517	417	1155	907	1
517	417	1155	907	494	0
417	1155	907	494	463	0
1155	907	494	463	1284	1
907	494	463	1284	946	1
494	463	1284	946	486	0
463	1284	946	486	1292	0
1284	946	486	1292	833	1
946	486	1292	833	972	0
486	1292	833	972	510	0
1292	833	972	510	440	0
833	972	510	440	1167	1
972	510	440	1167	887	1
510	440	1167	887	498	0
440	1167	887	498	1354	0
1167	887	498	1354	794	1
887	498	1354	794	794	0
498	1354	794	794	541	0
1354	794	794	541	408	0
794	794	541	408	1230	1
794	541	408	1230	856	1
541	408	1230	856	510	0
408	1230	856	510	1272	0
1230	856	510	1272	521	1
856	510	1272	521	1129	0
510	1272	521	1129	451	1
1272	521	1129	451	1187	0
521	1129	451	1187	782	1
1129	451	1187	782	514	0
451	1187	782	514	1272	0
1187	782	514	1272	802	1
782	514	1272	802	992	0
514	1272	802	992	490	0
1272	802	992	490	1405	0
802	992	490	1405	439	1
992	490	1405	439	417	0
490	1405	439	417	1284	1
1405	439	417	1284	844	1
439	417	1284	844	1156	0
417	1284	844	1156	471	0
1284	844	1156	471	1358	0
844	1156	471	1358	848	1
1156	471	1358	848	1249	0
471	1358	848	1249	486	0
1358	848	1249	486	452	0
848	1249	486	452	1311	1
1249	486	452	1311	934	1
486	452	1311	934	474	0
452	1311	934	474	1304	0
1311	934	474	1304	833	1
934	474	1304	833	1054	0
474	1304	833	1054	506	0
1304	833	1054	506	428	0
833	1054	506	428	1144	1
1054	506	428	1144	1047	1
506	428	1144	1047	486	0
428	1144	1047	486	1401	0
1144	1047	486	1401	914	1
1047	486	1401	914	479	0
486	1401	914	479	1334	0
1401	914	479	1334	880	1
914	479	1334	880	510	0
479	1334	880	510	1280	0
1334	880	510	1280	513	1
880	510	1280	513	1043	0
510	1280	513	1043	724	1
1280	513	1043	724	759	0
513	1043	724	759	478	0
1043	724	759	478	1136	0
724	759	478	1136	514	1
759	478	1136	514	969	0
478	1136	514	969	708	1
1136	514	969	708	732	0
514	969	708	732	459	0
969	708	732	459	1109	0
708	732	459	1109	731	1
732	459	1109	731	771	0
459	1109	731	771	467	0
1109	731	771	467	1182	0
731	771	467	1182	783	1
771	467	1182	783	867	0
467	1182	783	867	452	0
1182	783	867	452	1256	0
783	867	452	1256	526	1
867	452	1256	526	1155	0
452	1256	526	1155	529	1
1256	526	1155	529	985	0
526	1155	529	985	486	1
1155	529	985	486	1028	0
529	985	486	1028	525	1
985	486	1028	525	992	0
486	1028	525	992	704	1
1028	525	992	704	510	0
525	992	704	510	1234	0
992	704	510	1234	786	1
704	510	1234	786	521	0
510	1234	786	521	467	0
1234	786	521	467	1159	1
786	521	467	1159	732	1
521	467	1159	732	673	0
467	1159	732	673	693	0
1159	732	673	693	1074	0
732	673	693	1074	470	0
673	693	1074	470	444	0
693	1074	470	444	1226	1
1074	470	444	1226	424	1
470	444	1226	424	1202	0
444	1226	424	1202	720	1
1226	424	1202	720	798	0
424	1202	720	798	521	0
1202	720	798	521	397	0
720	798	521	397	1218	1
798	521	397	1218	786	1
521	397	1218	786	829	0
397	1218	786	829	517	0
1218	786	829	517	1167	0
786	829	517	1167	732	1
829	517	1167	732	755	0
517	1167	732	755	502	0
1167	732	755	502	1085	0
732	755	502	1085	720	1
755	502	1085	720	747	0
502	1085	720	747	494	0
1085	720	747	494	1121	0
720	747	494	1121	724	1
747	494	1121	724	735	0
494	1121	724	735	483	0
1121	724	735	483	1007	0
724	735	483	1007	475	1
735	483	1007	475	911	0
483	1007	475	911	463	1
1007	475	911	463	856	0
475	911	463	856	626	1
911	463	856	626	631	0
463	856	626	631	661	0
856	626	631	661	712	0
626	631	661	712	471	0
631	661	712	471	992	0
661	712	471	992	677	1
712	471	992	677	701	0
471	992	677	701	463	0
992	677	701	463	930	0
677	701	463	930	525	1
701	463	930	525	813	0
463	930	525	813	646	1
930	525	813	646	661	0
525	813	646	661	452	0
813	646	661	452	988	0
646	661	452	988	712	1
661	452	988	712	810	0
452	988	712	810	431	0
988	712	810	431	409	0
712	810	431	409	1148	1
810	431	409	1148	482	1
431	409	1148	482	993	0
409	1148	482	993	537	1
1148	482	993	537	895	0
482	993	537	895	505	1
993	537	895	505	888	0
537	895	505	888	692	1
895	505	888	692	759	0
505	888	692	759	743	0
888	692	759	743	802	0
692	759	743	802	455	0
759	743	802	455	1175	0
743	802	455	1175	463	1
802	455	1175	463	1008	0
455	1175	463	1008	498	1
1175	463	1008	498	856	0
463	1008	498	856	654	1
1008	498	856	654	478	0
498	856	654	478	895	0
856	654	478	895	669	1
654	478	895	669	736	0
478	895	669	736	459	0
895	669	736	459	1000	0
669	736	459	1000	704	1
736	459	1000	704	755	0
459	1000	704	755	475	0
1000	704	755	475	973	0
704	755	475	973	509	1
755	475	973	509	876	0
475	973	509	876	533	1
973	509	876	533	794	0
509	876	533	794	661	1
876	533	794	661	689	0
533	794	661	689	471	0
794	661	689	471	930	0
661	689	471	930	470	1
689	471	930	470	868	0
471	930	470	868	533	1
930	470	868	533	778	0
470	868	533	778	479	1
868	533	778	479	786	0
533	778	479	786	623	1
778	479	786	623	626	0
479	786	623	626	467	0
786	623	626	467	852	0
623	626	467	852	638	1
626	467	852	638	704	0
467	852	638	704	479	0
852	638	704	479	891	0
638	704	479	891	525	1
704	479	891	525	853	0
479	891	525	853	505	1
891	525	853	505	814	0
525	853	505	814	474	1
853	505	814	474	821	0
505	814	474	821	487	1
814	474	821	487	782	0
474	821	487	782	459	1
821	487	782	459	786	0
487	782	459	786	447	1
782	459	786	447	759	0
459	786	447	759	471	1
786	447	759	471	774	0
447	759	471	774	491	1
759	471	774	491	747	0
471	774	491	747	611	1
774	491	747	611	657	0
491	747	611	657	490	0
747	611	657	490	938	0
611	657	490	938	490	1
657	490	938	490	915	0
490	938	490	915	533	1
938	490	915	533	875	0
490	915	533	875	681	1
915	533	875	681	495	0
533	875	681	495	968	0
875	681	495	968	526	1
681	495	968	526	914	0
495	968	526	914	494	1
968	526	914	494	868	0
526	914	494	868	654	1
914	494	868	654	646	0
494	868	654	646	466	0
868	654	646	466	876	0
654	646	466	876	646	1
646	466	876	646	650	0
466	876	646	650	478	0
876	646	650	478	884	0
646	650	478	884	657	1
650	478	884	657	666	0
478	884	657	666	673	0
884	657	666	673	638	0
657	666	673	638	653	0
666	673	638	653	646	0
673	638	653	646	650	0
638	653	646	650	611	0
653	646	650	611	455	0
646	650	611	455	771	0
650	611	455	771	439	1
611	455	771	439	759	0
455	771	439	759	424	1
771	439	759	424	751	0
439	759	424	751	580	1
759	424	751	580	576	0
424	751	580	576	463	0
751	580	576	463	685	0
580	576	463	685	572	1
576	463	685	572	560	0
463	685	572	560	471	0
685	572	560	471	689	0
572	560	471	689	556	1
560	471	689	556	584	0
471	689	556	584	572	0
689	556	584	572	568	0
556	584	572	568	475	0
584	572	568	475	696	0
572	568	475	696	436	1
568	475	696	436	720	0
475	696	436	720	424	1
696	436	720	424	751	0
436	720	424	751	416	1
720	424	751	416	782	0
424	751	416	782	413	1
751	416	782	413	793	0
416	782	413	793	592	1
782	413	793	592	587	0
413	793	592	587	401	0
793	592	587	401	790	0
592	587	401	790	592	1
587	401	790	592	599	0
401	790	592	599	416	0
790	592	599	416	358	0
592	599	416	358	1016	1
599	416	358	1016	661	1
416	358	1016	661	650	0
358	1016	661	650	615	0
1016	661	650	615	607	0
661	650	615	607	618	0
650	615	607	618	666	0
615	607	618	666	416	0
607	618	666	416	1070	0
618	666	416	1070	677	1
666	416	1070	677	759	0
416	1070	677	759	447	0
1070	677	759	447	1133	0
677	759	447	1133	712	1
759	447	1133	712	692	0
447	1133	712	692	452	0
1133	712	692	452	895	0
712	692	452	895	646	1
692	452	895	646	638	0
452	895	646	638	622	0
895	646	638	622	642	0
646	638	622	642	650	0
638	622	642	650	689	0
622	642	650	689	432	0
642	650	689	432	1163	0
650	689	432	1163	490	1
689	432	1163	490	1035	0
432	1163	490	1035	716	1
1163	490	1035	716	751	0
490	1035	716	751	794	0
1035	716	751	794	444	0
716	751	794	444	1245	0
751	794	444	1245	498	1
794	444	1245	498	1148	0
444	1245	498	1148	751	1
1245	498	1148	751	762	0
498	1148	751	762	428	0
1148	751	762	428	1218	0
751	762	428	1218	522	1
762	428	1218	522	1027	0
428	1218	522	1027	728	1
1218	522	1027	728	766	0
522	1027	728	766	813	0
1027	728	766	813	817	0
728	766	813	817	860	0
766	813	817	860	814	0
813	817	860	814	774	0
817	860	814	774	739	0
860	814	774	739	755	0
814	774	739	755	771	0
774	739	755	771	817	0
739	755	771	817	840	0
755	771	817	840	806	0
771	817	840	806	828	0
817	840	806	828	802	0
840	806	828	802	774	0
806	828	802	774	751	0
828	802	774	751	763	0
802	774	751	763	766	0
774	751	763	766	786	0
751	763	766	786	806	0
763	766	786	806	790	0
766	786	806	790	774	0
786	806	790	774	743	0
806	790	774	743	740	0
790	774	743	740	750	0
774	743	740	750	775	0
743	740	750	775	770	0
740	750	775	770	759	0
750	775	770	759	770	0
775	770	759	770	751	0
770	759	770	751	747	0
759	770	751	747	744	0
770	751	747	744	735	0
751	747	744	735	728	0
747	744	735	728	747	0
744	735	728	747	778	0
735	728	747	778	755	0
728	747	778	755	759	0
747	778	755	759	762	0
778	755	759	762	751	0
755	759	762	751	736	0
759	762	751	736	727	0
762	751	736	727	712	0
751	736	727	712	705	0
736	727	712	705	716	0
727	712	705	716	723	0
712	705	716	723	743	0
705	716	723	743	736	0
716	723	743	736	751	0
723	743	736	751	763	0
743	736	751	763	743	0
736	751	763	743	747	0
751	763	743	747	739	0
763	743	747	739	724	0
743	747	739	724	692	0
747	739	724	692	685	0
739	724	692	685	693	0
724	692	685	693	755	0
692	685	693	755	786	0
685	693	755	786	809	0
693	755	786	809	844	0
755	786	809	844	860	0
786	809	844	860	810	0
809	844	860	810	793	0
844	860	810	793	794	0
860	810	793	794	767	0
810	793	794	767	770	0
793	794	767	770	817	0
794	767	770	817	849	0
767	770	817	849	813	0
770	817	849	813	809	0
817	849	813	809	774	0
849	813	809	774	748	0
813	809	774	748	727	0
809	774	748	727	708	0
774	748	727	708	693	0
748	727	708	693	685	0
727	708	693	685	688	0
708	693	685	688	678	0
693	685	688	678	665	0
685	688	678	665	650	0
688	678	665	650	642	0
678	665	650	642	646	0
665	650	642	646	634	0
650	642	646	634	650	0
642	646	634	650	646	0
646	634	650	646	673	0
634	650	646	673	681	0
650	646	673	681	712	0
646	673	681	712	712	0
673	681	712	712	704	0
681	712	712	704	704	0
712	712	704	704	693	0
712	704	704	693	661	0
704	704	693	661	681	0
704	693	661	681	689	0
693	661	681	689	689	0
661	681	689	689	677	0
681	689	689	677	692	0
689	689	677	692	666	0
689	677	692	666	665	0
677	692	666	665	681	0
692	666	665	681	658	0
666	665	681	658	669	0
665	681	658	669	669	0
681	658	669	669	677	0
658	669	669	677	658	0
669	669	677	658	657	0
669	677	658	657	642	0
677	658	657	642	475	0
658	657	642	475	782	0
657	642	475	782	615	1
642	475	782	615	619	0
475	782	615	619	622	0
782	615	619	622	658	0
615	619	622	658	731	0
619	622	658	731	736	0
622	658	731	736	770	0
658	731	736	770	720	0
731	736	770	720	825	0
736	770	720	825	455	0
770	720	825	455	1156	0
720	825	455	1156	502	1
825	455	1156	502	1004	0
455	1156	502	1004	720	1
1156	502	1004	720	782	0
502	1004	720	782	770	0
1004	720	782	770	774	0
720	782	770	774	818	0
782	770	774	818	832	0
770	774	818	832	841	0
774	818	832	841	797	0
818	832	841	797	806	0
832	841	797	806	821	0
841	797	806	821	475	0
797	806	821	475	1237	0
806	821	475	1237	494	1
821	475	1237	494	1086	0
475	1237	494	1086	482	1
1237	494	1086	482	1004	0
494	1086	482	1004	479	1
1086	482	1004	479	965	0
482	1004	479	965	502	1
1004	479	965	502	1003	0
479	965	502	1003	483	1
965	502	1003	483	1058	0
502	1003	483	1058	522	1
1003	483	1058	522	1007	0
483	1058	522	1007	530	1
1058	522	1007	530	1007	0
522	1007	530	1007	744	1
1007	530	1007	744	778	0
530	1007	744	778	848	0
1007	744	778	848	930	0
744	778	848	930	914	0
778	848	930	914	927	0
848	930	914	927	867	0
930	914	927	867	864	0
914	927	867	864	848	0
927	867	864	848	825	0
867	864	848	825	502	0
864	848	825	502	1047	0
848	825	502	1047	478	1
825	502	1047	478	958	0
502	1047	478	958	443	1
1047	478	958	443	922	0
478	958	443	922	448	1
958	443	922	448	856	0
443	922	448	856	443	1
922	448	856	443	837	0
448	856	443	837	440	1
856	443	837	440	871	0
443	837	440	871	487	1
837	440	871	487	856	0
440	871	487	856	455	1
871	487	856	455	899	0
487	856	455	899	506	1
856	455	899	506	887	0
455	899	506	887	459	1
899	506	887	459	934	0
506	887	459	934	498	1
887	459	934	498	910	0
459	934	498	910	467	1
934	498	910	467	915	0
498	910	467	915	537	1
910	467	915	537	860	0
467	915	537	860	533	1
915	537	860	533	879	0
537	860	533	879	525	1
860	533	879	525	868	0
533	879	525	868	529	1
879	525	868	529	821	0
525	868	529	821	646	1
868	529	821	646	708	0
529	821	646	708	483	0
821	646	708	483	1054	0
646	708	483	1054	705	1
708	483	1054	705	704	0
483	1054	705	704	727	0
1054	705	704	727	751	0
705	704	727	751	701	0
704	727	751	701	692	0
727	751	701	692	716	0
751	701	692	716	751	0
701	692	716	751	751	0
692	716	751	751	771	0
716	751	751	771	766	0
751	751	771	766	763	0
751	771	766	763	751	0
771	766	763	751	739	0
766	763	751	739	736	0
763	751	739	736	723	0
751	739	736	723	670	0
739	736	723	670	657	0
736	723	670	657	669	0
723	670	657	669	681	0
670	657	669	681	460	0
657	669	681	460	996	0
669	681	460	996	490	1
681	460	996	490	918	0
460	996	490	918	685	1
996	490	918	685	700	0
490	918	685	700	724	0
918	685	700	724	708	0
685	700	724	708	448	0
700	724	708	448	1031	0
724	708	448	1031	467	1
708	448	1031	467	1008	0
448	1031	467	1008	490	1
1031	467	1008	490	1054	0
467	1008	490	1054	747	1
1008	490	1054	747	786	0
490	1054	747	786	814	0
1054	747	786	814	766	0
747	786	814	766	775	0
786	814	766	775	727	0
814	766	775	727	471	0
766	775	727	471	949	0
775	727	471	949	689	1
727	471	949	689	701	0
471	949	689	701	723	0
949	689	701	723	708	0
689	701	723	708	720	0
701	723	708	720	728	0
723	708	720	728	716	0
708	720	728	716	724	0
720	728	716	724	467	0
728	716	724	467	1019	0
716	724	467	1019	549	1
724	467	1019	549	860	0
467	1019	549	860	657	1
1019	549	860	657	658	0
549	860	657	658	463	0
860	657	658	463	852	0
657	658	463	852	650	1
658	463	852	650	638	0
463	852	650	638	436	0
852	650	638	436	883	0
650	638	436	883	525	1
638	436	883	525	736	0
436	883	525	736	424	1
883	525	736	424	844	0
525	736	424	844	623	1
736	424	844	623	618	0
424	844	623	618	436	0
844	623	618	436	864	0
623	618	436	864	619	1
618	436	864	619	692	0
436	864	619	692	428	0
864	619	692	428	1020	0
619	692	428	1020	700	1
692	428	1020	700	724	0
428	1020	700	724	724	0
1020	700	724	724	801	0
700	724	724	801	774	0
724	724	801	774	798	0
724	801	774	798	778	0
801	774	798	778	697	0
774	798	778	697	681	0
798	778	697	681	688	0
778	697	681	688	677	0
697	681	688	677	724	0
681	688	677	724	701	0
688	677	724	701	708	0
677	724	701	708	716	0
724	701	708	716	696	0
701	708	716	696	701	0
708	716	696	701	712	0
716	696	701	712	669	0
696	701	712	669	689	0
701	712	669	689	704	0
712	669	689	704	700	0
669	689	704	700	673	0
689	704	700	673	662	0
704	700	673	662	521	0
700	673	662	521	837	0
673	662	521	837	494	1
662	521	837	494	802	0
521	837	494	802	634	1
837	494	802	634	615	0
494	802	634	615	471	0
802	634	615	471	840	0
634	615	471	840	630	1
615	471	840	630	666	0
471	840	630	666	692	0
840	630	666	692	786	0
630	666	692	786	456	0
666	692	786	456	1136	0
692	786	456	1136	490	1
786	456	1136	490	953	0
456	1136	490	953	677	1
1136	490	953	677	662	0
490	953	677	662	689	0
953	677	662	689	708	0
677	662	689	708	720	0
662	689	708	720	696	0
689	708	720	696	728	0
708	720	696	728	751	0
720	696	728	751	716	0
696	728	751	716	716	0
728	751	716	716	455	0
751	716	716	455	1011	0
716	716	455	1011	467	1
716	455	1011	467	899	0
455	1011	467	899	510	1
1011	467	899	510	790	0
467	899	510	790	619	1
899	510	790	619	443	0
510	790	619	443	829	0
790	619	443	829	615	1
619	443	829	615	626	0
443	829	615	626	487	0
829	615	626	487	393	0
615	626	487	393	1019	1
626	487	393	1019	420	1
487	393	1019	420	1070	0
393	1019	420	1070	685	1
1019	420	1070	685	782	0
420	1070	685	782	498	0
1070	685	782	498	1121	0
685	782	498	1121	700	1
782	498	1121	700	693	0
498	1121	700	693	525	0
1121	700	693	525	930	0
700	693	525	930	658	1
693	525	930	658	685	0
525	930	658	685	501	0
930	658	685	501	378	0
658	685	501	378	1089	1
685	501	378	1089	662	1
501	378	1089	662	443	0
378	1089	662	443	856	0
1089	662	443	856	619	1
662	443	856	619	619	0
443	856	619	619	510	0
856	619	619	510	439	0
619	619	510	439	1031	1
619	510	439	1031	413	1
510	439	1031	413	903	0
439	1031	413	903	408	1
1031	413	903	408	965	0
413	903	408	965	650	1
903	408	965	650	681	0
408	965	650	681	478	0
965	650	681	478	1106	0
650	681	478	1106	770	1
681	478	1106	770	825	0
478	1106	770	825	467	0
1106	770	825	467	1284	0
770	825	467	1284	864	1
825	467	1284	864	463	0
467	1284	864	463	1175	0
1284	864	463	1175	568	1
864	463	1175	568	1074	0
463	1175	568	1074	724	1
1175	568	1074	724	743	0
568	1074	724	743	494	0
1074	724	743	494	412	0
724	743	494	412	1137	1
743	494	412	1137	424	1
494	412	1137	424	404	0
412	1137	424	404	1101	1
1137	424	404	1101	670	1
424	404	1101	670	700	0
404	1101	670	700	498	0
1101	670	700	498	1171	0
670	700	498	1171	425	1
700	498	1171	425	404	0
498	1171	425	404	1160	1
1171	425	404	1160	712	1
425	404	1160	712	677	0
404	1160	712	677	513	0
1160	712	677	513	448	0
712	677	513	448	1035	1
677	513	448	1035	412	1
513	448	1035	412	491	0
448	1035	412	491	404	1
1035	412	491	404	1043	1
412	491	404	1043	662	1
491	404	1043	662	482	0
404	1043	662	482	405	0
1043	662	482	405	1116	1
662	482	405	1116	716	1
482	405	1116	716	502	0
405	1116	716	502	1067	0
1116	716	502	1067	416	1
716	502	1067	416	447	0
502	1067	416	447	1074	1
1067	416	447	1074	666	1
416	447	1074	666	517	0
447	1074	666	517	1121	0
1074	666	517	1121	420	1
666	517	1121	420	409	0
517	1121	420	409	1194	1
1121	420	409	1194	767	1
420	409	1194	767	486	0
409	1194	767	486	1195	0
1194	767	486	1195	762	1
767	486	1195	762	767	0
486	1195	762	767	490	0
1195	762	767	490	416	0
762	767	490	416	1199	1
767	490	416	1199	739	1
490	416	1199	739	701	0
416	1199	739	701	494	0
1199	739	701	494	1116	0
739	701	494	1116	417	1
701	494	1116	417	432	0
494	1116	417	432	1183	1
1116	417	432	1183	735	1
417	432	1183	735	735	0
432	1183	735	735	779	0
1183	735	735	779	482	0
735	735	779	482	977	0
735	779	482	977	700	1
779	482	977	700	681	0
482	977	700	681	751	0
977	700	681	751	1086	0
700	681	751	1086	482	0
681	751	1086	482	420	0
751	1086	482	420	1253	1
1086	482	420	1253	417	1
482	420	1253	417	1140	0
420	1253	417	1140	723	1
1253	417	1140	723	728	0
417	1140	723	728	521	0
1140	723	728	521	1168	0
723	728	521	1168	552	1
728	521	1168	552	996	0
521	1168	552	996	436	1
1168	552	996	436	1191	0
552	996	436	1191	751	1
996	436	1191	751	844	0
436	1191	751	844	502	0
1191	751	844	502	436	0
751	844	502	436	1117	1
844	502	436	1117	774	1
502	436	1117	774	786	0
436	1117	774	786	479	0
1117	774	786	479	1058	0
774	786	479	1058	506	1
786	479	1058	506	918	0
479	1058	506	918	681	1
1058	506	918	681	658	0
506	918	681	658	459	0
918	681	658	459	895	0
681	658	459	895	661	1
658	459	895	661	650	0
459	895	661	650	436	0
895	661	650	436	910	0
661	650	436	910	467	1
650	436	910	467	841	0
436	910	467	841	513	1
910	467	841	513	786	0
467	841	513	786	638	1
841	513	786	638	631	0
513	786	638	631	432	0
786	638	631	432	941	0
638	631	432	941	666	1
631	432	941	666	712	0
432	941	666	712	439	0
941	666	712	439	973	0
666	712	439	973	483	1
712	439	973	483	863	0
439	973	483	863	650	1
973	483	863	650	638	0
483	863	650	638	436	0
863	650	638	436	833	0
650	638	436	833	486	1
638	436	833	486	817	0
436	833	486	817	627	1
833	486	817	627	638	0
486	817	627	638	463	0
817	627	638	463	393	0
627	638	463	393	1078	1
638	463	393	1078	665	1
463	393	1078	665	459	0
393	1078	665	459	864	0
1078	665	459	864	642	1
665	459	864	642	510	0
459	864	642	510	1004	0
864	642	510	1004	704	1
642	510	1004	704	518	0
510	1004	704	518	1167	0
1004	704	518	1167	759	1
704	518	1167	759	793	0
518	1167	759	793	502	0
1167	759	793	502	1187	0
759	793	502	1187	732	1
793	502	1187	732	735	0
502	1187	732	735	514	0
1187	732	735	514	984	0
732	735	514	984	708	1
735	514	984	708	743	0
514	984	708	743	510	0
984	708	743	510	1144	0
708	743	510	1144	798	1
743	510	1144	798	825	0
510	1144	798	825	494	0
1144	798	825	494	1233	0
798	825	494	1233	798	1
825	494	1233	798	813	0
494	1233	798	813	494	0
1233	798	813	494	1257	0
798	813	494	1257	561	1
813	494	1257	561	1027	0
494	1257	561	1027	436	1
1257	561	1027	436	432	0
561	1027	436	432	1167	1
1027	436	432	1167	739	1
436	432	1167	739	829	0
432	1167	739	829	486	0
1167	739	829	486	1288	0
739	829	486	1288	810	1
829	486	1288	810	1038	0
486	1288	810	1038	495	0
1288	810	1038	495	416	0
810	1038	495	416	1121	1
1038	495	416	1121	832	1
495	416	1121	832	483	0
416	1121	832	483	1120	0
1121	832	483	1120	724	1
832	483	1120	724	455	0
483	1120	724	455	421	0
1120	724	455	421	1221	1
724	455	421	1221	853	1
455	421	1221	853	459	0
421	1221	853	459	1186	0
1221	853	459	1186	786	1
853	459	1186	786	483	0
459	1186	786	483	1128	0
1186	786	483	1128	561	1
786	483	1128	561	1058	0
483	1128	561	1058	763	1
1128	561	1058	763	474	0
561	1058	763	474	1113	0
1058	763	474	1113	759	1
763	474	1113	759	490	0
474	1113	759	490	1144	0
1113	759	490	1144	502	1
759	490	1144	502	1051	0
490	1144	502	1051	716	1
1144	502	1051	716	755	0
502	1051	716	755	498	0
1051	716	755	498	1132	0
716	755	498	1132	739	1
755	498	1132	739	755	0
498	1132	739	755	541	0
1132	739	755	541	903	0
739	755	541	903	700	1
755	541	903	700	693	0
541	903	700	693	739	0
903	700	693	739	879	0
700	693	739	879	491	0
693	739	879	491	416	0
739	879	491	416	1195	1
879	491	416	1195	758	1
491	416	1195	758	736	0
416	1195	758	736	463	0
1195	758	736	463	1007	0
758	736	463	1007	709	1
736	463	1007	709	758	0
463	1007	709	758	487	0
1007	709	758	487	1222	0
709	758	487	1222	521	1
758	487	1222	521	1012	0
487	1222	521	1012	439	1
1222	521	1012	439	413	0
521	1012	439	413	1152	1
1012	439	413	1152	712	1
439	413	1152	712	470	0
413	1152	712	470	1137	0
1152	712	470	1137	766	1
712	470	1137	766	973	0
470	1137	766	973	490	0
1137	766	973	490	417	0
766	973	490	417	1221	1
973	490	417	1221	421	1
490	417	1221	421	431	0
417	1221	421	431	1199	1
1221	421	431	1199	724	1
421	431	1199	724	747	0
431	1199	724	747	494	0
1199	724	747	494	1307	0
724	747	494	1307	849	1
747	494	1307	849	505	0
494	1307	849	505	1238	0
1307	849	505	1238	432	1
849	505	1238	432	432	0
505	1238	432	432	1210	1
1238	432	432	1210	727	1
432	432	1210	727	483	0
432	1210	727	483	984	0
1210	727	483	984	681	1
727	483	984	681	720	0
483	984	681	720	506	0
984	681	720	506	412	0
681	720	506	412	1195	1
720	506	412	1195	424	1
506	412	1195	424	405	0
412	1195	424	405	1175	1
1195	424	405	1175	708	1
424	405	1175	708	724	0
405	1175	708	724	486	0
1175	708	724	486	1268	0
708	724	486	1268	825	1
724	486	1268	825	872	0
486	1268	825	872	533	0
1268	825	872	533	405	0
825	872	533	405	1140	1
872	533	405	1140	821	1
533	405	1140	821	494	0
405	1140	821	494	1300	0
1140	821	494	1300	533	1
821	494	1300	533	1202	0
494	1300	533	1202	770	1
1300	533	1202	770	732	0
533	1202	770	732	486	0
1202	770	732	486	1144	0
770	732	486	1144	755	1
732	486	1144	755	774	0
486	1144	755	774	510	0
1144	755	774	510	1175	0
755	774	510	1175	436	1
774	510	1175	436	424	0
510	1175	436	424	1191	1
1175	436	424	1191	770	1
436	424	1191	770	483	0
424	1191	770	483	1222	0
1191	770	483	1222	762	1
770	483	1222	762	833	0
483	1222	762	833	498	0
1222	762	833	498	416	0
762	833	498	416	1249	1
833	498	416	1249	771	1
498	416	1249	771	778	0
416	1249	771	778	498	0
1249	771	778	498	1039	0
771	778	498	1039	712	1
778	498	1039	712	700	0
498	1039	712	700	783	0
1039	712	700	783	957	0
712	700	783	957	490	0
700	783	957	490	1214	0
783	957	490	1214	510	1
957	490	1214	510	1066	0
490	1214	510	1066	735	1
1214	510	1066	735	771	0
510	1066	735	771	471	0
1066	735	771	471	1062	0
735	771	471	1062	712	1
771	471	1062	712	766	0
471	1062	712	766	506	0
1062	712	766	506	1261	0
712	766	506	1261	502	1
766	506	1261	502	1128	0
506	1261	502	1128	790	1
1261	502	1128	790	467	0
502	1128	790	467	1206	0
1128	790	467	1206	514	1
790	467	1206	514	1070	0
467	1206	514	1070	755	1
1206	514	1070	755	829	0
514	1070	755	829	505	0
1070	755	829	505	1148	0
755	829	505	1148	759	1
829	505	1148	759	790	0
505	1148	759	790	525	0
1148	759	790	525	1164	0
759	790	525	1164	420	1
790	525	1164	420	412	0
525	1164	420	412	1203	1
1164	420	412	1203	778	1
420	412	1203	778	747	0
412	1203	778	747	798	0
1203	778	747	798	474	0
778	747	798	474	1316	0
747	798	474	1316	813	1
798	474	1316	813	797	0
474	1316	813	797	487	0
1316	813	797	487	1148	0
813	797	487	1148	774	1
797	487	1148	774	805	0
487	1148	774	805	491	0
1148	774	805	491	1167	0
774	805	491	1167	786	1
805	491	1167	786	798	0
491	1167	786	798	498	0
1167	786	798	498	1050	0
786	798	498	1050	716	1
798	498	1050	716	693	0
498	1050	716	693	712	0
1050	716	693	712	1086	0
716	693	712	1086	451	0
693	712	1086	451	393	0
712	1086	451	393	868	1
1086	451	393	868	887	1
451	393	868	887	459	0
393	868	887	459	1264	0
868	887	459	1264	526	1
887	459	1264	526	1128	0
459	1264	526	1128	759	1
1264	526	1128	759	720	0
526	1128	759	720	455	0
1128	759	720	455	1265	0
759	720	455	1265	821	1
720	455	1265	821	961	0
455	1265	821	961	474	0
1265	821	961	474	1347	0
821	961	474	1347	891	1
961	474	1347	891	887	0
474	1347	891	887	494	0
1347	891	887	494	1284	0
891	887	494	1284	798	1
887	494	1284	798	747	0
494	1284	798	747	490	0
1284	798	747	490	1152	0
798	747	490	1152	805	1
747	490	1152	805	498	0
490	1152	805	498	1207	0
1152	805	498	1207	502	1
805	498	1207	502	1077	0
498	1207	502	1077	744	1
1207	502	1077	744	797	0
502	1077	744	797	463	0
1077	744	797	463	1214	0
744	797	463	1214	782	1
797	463	1214	782	479	0
463	1214	782	479	1167	0
1214	782	479	1167	518	1
782	479	1167	518	988	0
479	1167	518	988	720	1
1167	518	988	720	763	0
518	988	720	763	863	0
988	720	763	863	502	0
720	763	863	502	1183	0
763	863	502	1183	771	1
863	502	1183	771	747	0
502	1183	771	747	498	0
1183	771	747	498	1218	0
771	747	498	1218	786	1
747	498	1218	786	786	0
498	1218	786	786	478	0
1218	786	786	478	1109	0
786	786	478	1109	743	1
786	478	1109	743	767	0
478	1109	743	767	479	0
1109	743	767	479	1089	0
743	767	479	1089	732	1
767	479	1089	732	782	0
479	1089	732	782	486	0
1089	732	782	486	1074	0
732	782	486	1074	716	1
782	486	1074	716	700	0
486	1074	716	700	677	0
1074	716	700	677	650	0
716	700	677	650	708	0
700	677	650	708	712	0
677	650	708	712	740	0
650	708	712	740	891	0
708	712	740	891	494	0
712	740	891	494	1292	0
740	891	494	1292	969	1
891	494	1292	969	875	0
494	1292	969	875	845	0
1292	969	875	845	859	0
969	875	845	859	895	0
875	845	859	895	483	0
845	859	895	483	1171	0
859	895	483	1171	471	1
895	483	1171	471	1074	0
483	1171	471	1074	521	1
1171	471	1074	521	938	0
471	1074	521	938	486	1
1074	521	938	486	923	0
521	938	486	923	684	1
938	486	923	684	736	0
486	923	684	736	451	0
923	684	736	451	1140	0
684	736	451	1140	526	1
736	451	1140	526	1050	0
451	1140	526	1050	743	1
1140	526	1050	743	755	0
526	1050	743	755	487	0
1050	743	755	487	957	0
743	755	487	957	517	1
755	487	957	517	903	0
487	957	517	903	432	1
957	517	903	432	436	0
517	903	432	436	1113	1
903	432	436	1113	731	1
432	436	1113	731	860	0
436	1113	731	860	455	0
1113	731	860	455	1257	0
731	860	455	1257	786	1
860	455	1257	786	747	0
455	1257	786	747	459	0
1257	786	747	459	1136	0
786	747	459	1136	747	1
747	459	1136	747	806	0
459	1136	747	806	506	0
1136	747	806	506	1334	0
747	806	506	1334	876	1
806	506	1334	876	471	0
506	1334	876	471	1190	0
1334	876	471	1190	506	1
876	471	1190	506	1004	0
471	1190	506	1004	689	1
1190	506	1004	689	692	0
506	1004	689	692	448	0
1004	689	692	448	942	0
689	692	448	942	470	1
692	448	942	470	860	0
448	942	470	860	642	1
942	470	860	642	631	0
470	860	642	631	618	0
860	642	631	618	623	0
642	631	618	623	615	0
631	618	623	615	618	0
618	623	615	618	611	0
623	615	618	611	623	0
615	618	611	623	642	0
618	611	623	642	654	0
611	623	642	654	665	0
623	642	654	665	661	0
642	654	665	661	650	0
654	665	661	650	677	0
665	661	650	677	666	0
661	650	677	666	470	0
650	677	666	470	814	0
677	666	470	814	630	1
666	470	814	630	475	0
470	814	630	475	786	0
814	630	475	786	439	1
630	475	786	439	724	0
475	786	439	724	436	1
786	439	724	436	731	0
439	724	436	731	440	1
724	436	731	440	701	0
436	731	440	701	424	1
731	440	701	424	704	0
440	701	424	704	447	1
701	424	704	447	701	0
424	704	447	701	436	1
704	447	701	436	751	0
447	701	436	751	431	1
701	436	751	431	775	0
436	751	431	775	428	1
751	431	775	428	770	0
431	775	428	770	463	1
775	428	770	463	747	0
428	770	463	747	603	1
770	463	747	603	658	0
463	747	603	658	405	0
747	603	658	405	404	0
603	658	405	404	1039	1
658	405	404	1039	514	1
405	404	1039	514	895	0
404	1039	514	895	654	1
1039	514	895	654	712	0
514	895	654	712	420	0
895	654	712	420	420	0
654	712	420	420	1097	1
712	420	420	1097	709	1
420	420	1097	709	680	0
420	1097	709	680	436	0
1097	709	680	436	860	0
709	680	436	860	494	1
680	436	860	494	763	0
436	860	494	763	607	1
860	494	763	607	607	0
494	763	607	607	634	0
763	607	607	634	669	0
607	607	634	669	421	0
607	634	669	421	1008	0
634	669	421	1008	517	1
669	421	1008	517	887	0
421	1008	517	887	490	1
1008	517	887	490	888	0
517	887	490	888	661	1
887	490	888	661	669	0
490	888	661	669	642	0
888	661	669	642	635	0
661	669	642	635	661	0
669	642	635	661	455	0
642	635	661	455	1059	0
635	661	455	1059	700	1
661	455	1059	700	743	0
455	1059	700	743	475	0
