index	i-2	i-1	i+0	i+1	i+2	Filter	Time
2	233	989	1011	1000	1020	0	2233
3	989	1011	1000	1020	1031	0	3233
4	1011	1000	1020	1031	1000	0	4253
5	1000	1020	1031	1000	1027	0	5284
6	1020	1031	1000	1027	989	0	6284
7	1031	1000	1027	989	968	0	7311
8	1000	1027	989	968	981	0	8300
9	1027	989	968	981	537	0	9268
10	989	968	981	537	1183	0	10249
11	968	981	537	1183	973	1	10786
12	981	537	1183	973	953	0	11969
13	537	1183	973	953	957	0	12942
14	1183	973	953	957	965	0	13895
15	973	953	957	965	1051	0	14852
16	953	957	965	1051	1101	0	15817
17	957	965	1051	1101	1074	0	16868
18	965	1051	1101	1074	1097	0	17969
19	1051	1101	1074	1097	1035	0	19043
20	1101	1074	1097	1035	1008	0	20140
21	1074	1097	1035	1008	1008	0	21175
22	1097	1035	1008	1008	984	0	22183
23	1035	1008	1008	984	957	0	23191
24	1008	1008	984	957	1000	0	24175
25	1008	984	957	1000	1004	0	25132
26	984	957	1000	1004	537	0	26132
27	957	1000	1004	537	1218	0	27136
28	1000	1004	537	1218	1000	1	27673
29	1004	537	1218	1000	965	0	28891
30	537	1218	1000	965	957	0	29891
31	1218	1000	965	957	1020	0	30856
32	1000	965	957	1020	1101	0	31813
33	965	957	1020	1101	1124	0	32833
34	957	1020	1101	1124	1175	0	33934
35	1020	1101	1124	1175	1098	0	35058
36	1101	1124	1175	1098	1023	0	36233
37	1124	1175	1098	1023	1043	0	37331
38	1175	1098	1023	1043	1012	0	38354
39	1098	1023	1043	1012	992	0	39397
40	1023	1043	1012	992	556	0	40409
41	1043	1012	992	556	1273	0	41401
42	1012	992	556	1273	1027	1	41957
43	992	556	1273	1027	984	0	43230
44	556	1273	1027	984	533	0	44257
45	1273	1027	984	533	1222	0	45241
46	1027	984	533	1222	973	1	45774
47	984	533	1222	973	957	0	46996
48	533	1222	973	957	1023	0	47969
49	1222	973	957	1023	1094	0	48926
50	973	957	1023	1094	1198	0	49949
51	957	1023	1094	1198	1288	0	51043
52	1023	1094	1198	1288	1187	0	52241
53	1094	1198	1288	1187	1082	0	53529
54	1198	1288	1187	1082	1035	0	54716
55	1288	1187	1082	1035	988	0	55798
56	1187	1082	1035	988	984	0	56833
57	1082	1035	988	984	1032	0	57821
58	1035	988	984	1032	1054	0	58805
59	988	984	1032	1054	1039	0	59837
60	984	1032	1054	1039	1078	0	60891
61	1032	1054	1039	1078	1046	0	61930
62	1054	1039	1078	1046	1032	0	63008
63	1039	1078	1046	1032	1062	0	64054
64	1078	1046	1032	1062	1023	0	65086
65	1046	1032	1062	1023	996	0	66148
66	1032	1062	1023	996	537	0	67171
67	1062	1023	996	537	1230	0	68167
68	1023	996	537	1230	1004	1	68704
69	996	537	1230	1004	969	0	69934
70	537	1230	1004	969	1023	0	70938
71	1230	1004	969	1023	1070	0	71907
72	1004	969	1023	1070	1086	0	72930
73	969	1023	1070	1086	1140	0	74000
74	1023	1070	1086	1140	1136	0	75086
75	1070	1086	1140	1136	1082	0	76226
76	1086	1140	1136	1082	1097	0	77362
77	1140	1136	1082	1097	1058	0	78444
78	1136	1082	1097	1058	1016	0	79541
79	1082	1097	1058	1016	1050	0	80599
80	1097	1058	1016	1050	1047	0	81615
81	1058	1016	1050	1047	1051	0	82665
82	1016	1050	1047	1051	1077	0	83712
83	1050	1047	1051	1077	1055	0	84763
84	1047	1051	1077	1055	1004	0	85840
85	1051	1077	1055	1004	1012	0	86895
86	1077	1055	1004	1012	1003	0	87899
87	1055	1004	1012	1003	985	0	88911
88	1004	1012	1003	985	1047	0	89914
89	1012	1003	985	1047	1050	0	90899
90	1003	985	1047	1050	1039	0	91946
91	985	1047	1050	1039	1054	0	92996
92	1047	1050	1039	1054	1039	0	94035
93	1050	1039	1054	1039	989	0	95089
94	1039	1054	1039	989	1015	0	96128
95	1054	1039	989	1015	1028	0	97117
96	1039	989	1015	1028	1015	0	98132
97	989	1015	1028	1015	1000	0	99160
98	1015	1028	1015	1000	1035	0	100175
99	1028	1015	1000	1035	1082	0	101175
100	1015	1000	1035	1082	1058	0	102210
101	1000	1035	1082	1058	1031	0	103292
102	1035	1082	1058	1031	1028	0	104350
103	1082	1058	1031	1028	1046	0	105381
104	1058	1031	1028	1046	1012	0	106409
105	1031	1028	1046	1012	984	0	107455
106	1028	1046	1012	984	996	0	108467
107	1046	1012	984	996	1032	0	109451
108	1012	984	996	1032	1003	0	110447
109	984	996	1032	1003	1036	0	111479
110	996	1032	1003	1036	1035	0	112482
111	1032	1003	1036	1035	1011	0	113518
112	1003	1036	1035	1011	1027	0	114553
113	1036	1035	1011	1027	1012	0	115564
114	1035	1011	1027	1012	996	0	116591
115	1011	1027	1012	996	1031	0	117603
116	1027	1012	996	1031	1016	0	118599
117	1012	996	1031	1016	1000	0	119630
118	996	1031	1016	1000	1004	0	120646
119	1031	1016	1000	1004	976	0	121646
120	1016	1000	1004	976	973	0	122650
121	1000	1004	976	973	1027	0	123626
122	1004	976	973	1027	1024	0	124599
123	976	973	1027	1024	996	0	125626
124	973	1027	1024	996	1008	0	126650
125	1027	1024	996	1008	1011	0	127646
126	1024	996	1008	1011	993	0	128654
127	996	1008	1011	993	1007	0	129665
128	1008	1011	993	1007	1008	0	130658
129	1011	993	1007	1008	992	0	131665
130	993	1007	1008	992	1020	0	132673
131	1007	1008	992	1020	1027	0	133665
132	1008	992	1020	1027	1008	0	134685
133	992	1020	1027	1008	1031	0	135712
134	1020	1027	1008	1031	1008	0	136720
135	1027	1008	1031	1008	965	0	137751
136	1008	1031	1008	965	992	0	138759
137	1031	1008	965	992	1023	0	139724
138	1008	965	992	1023	1004	0	140716
139	965	992	1023	1004	1027	0	141739
140	992	1023	1004	1027	1047	0	142743
141	1023	1004	1027	1047	1016	0	143770
142	1004	1027	1047	1016	1039	0	144817
143	1027	1047	1016	1039	1027	0	145833
144	1047	1016	1039	1027	1000	0	146872
145	1016	1039	1027	1000	1015	0	147899
146	1039	1027	1000	1015	1028	0	148899
147	1027	1000	1015	1028	996	0	149914
148	1000	1015	1028	996	1019	0	150942
149	1015	1028	996	1019	1031	0	151938
150	1028	996	1019	1031	1028	0	152957
151	996	1019	1031	1028	1073	0	153988
152	1019	1031	1028	1073	1059	0	155016
153	1031	1028	1073	1059	1019	0	156089
154	1028	1073	1059	1019	1039	0	157148
155	1073	1059	1019	1039	1035	0	158167
156	1059	1019	1039	1035	996	0	159206
157	1019	1039	1035	996	1012	0	160241
158	1039	1035	996	1012	1008	0	161237
159	1035	996	1012	1008	996	0	162249
160	996	1012	1008	996	980	0	163257
161	1012	1008	996	980	1016	0	164253
162	1008	996	980	1016	1058	0	165233
163	996	980	1016	1058	1059	0	166249
164	980	1016	1058	1059	1023	0	167307
165	1016	1058	1059	1023	1031	0	168366
166	1058	1059	1023	1031	1027	0	169389
167	1059	1023	1031	1027	537	0	170420
168	1023	1031	1027	537	1234	0	171447
169	1031	1027	537	1234	1074	1	171984
170	1027	537	1234	1074	1004	0	173218
171	537	1234	1074	1004	984	0	174292
172	1234	1074	1004	984	1027	0	175296
173	1074	1004	984	1027	1067	0	176280
174	1004	984	1027	1067	1070	0	177307
175	984	1027	1067	1070	1120	0	178374
176	1027	1067	1070	1120	1086	0	179444
177	1067	1070	1120	1086	1043	0	180564
178	1070	1120	1086	1043	1062	0	181650
179	1120	1086	1043	1062	1058	0	182693
180	1086	1043	1062	1058	1027	0	183755
181	1043	1062	1058	1027	1035	0	184813
182	1062	1058	1027	1035	1063	0	185840
183	1058	1027	1035	1063	1070	0	186875
184	1027	1035	1063	1070	1019	0	187938
185	1035	1063	1070	1019	1035	0	189008
186	1063	1070	1019	1035	1066	0	190027
187	1070	1019	1035	1066	1086	0	191062
188	1019	1035	1066	1086	1062	0	192128
189	1035	1066	1086	1062	1051	0	193214
190	1066	1086	1062	1051	1035	0	194276
191	1086	1062	1051	1035	1023	0	195327
192	1062	1051	1035	1023	1059	0	196362
193	1051	1035	1023	1059	1077	0	197385
194	1035	1023	1059	1077	1063	0	198444
195	1023	1059	1077	1063	1085	0	199521
196	1059	1077	1063	1085	1035	0	200584
197	1077	1063	1085	1035	1016	0	201669
198	1063	1085	1035	1016	1047	0	202704
199	1085	1035	1016	1047	1042	0	203720
200	1035	1016	1047	1042	1051	0	204767
201	1016	1047	1042	1051	1012	0	205809
202	1047	1042	1051	1012	1062	0	206860
203	1042	1051	1012	1062	1054	0	207872
204	1051	1012	1062	1054	1035	0	208934
205	1012	1062	1054	1035	1098	0	209988
206	1062	1054	1035	1098	1112	0	211023
207	1054	1035	1098	1112	1082	0	212121
208	1035	1098	1112	1082	1047	0	213233
209	1098	1112	1082	1047	1047	0	214315
210	1112	1082	1047	1047	1085	0	215362
211	1082	1047	1047	1085	1070	0	216409
212	1047	1047	1085	1070	1086	0	217494
213	1047	1085	1070	1086	1074	0	218564
214	1085	1070	1086	1074	1050	0	219650
215	1070	1086	1074	1050	1086	0	220724
216	1086	1074	1050	1086	945	0	221774
217	1074	1050	1086	945	860	0	222860
218	1050	1086	945	860	806	0	223805
219	1086	945	860	806	852	0	224665
220	945	860	806	852	813	0	225471
221	860	806	852	813	529	0	226323
222	806	852	813	529	958	0	227136
223	852	813	529	958	789	1	227665
224	813	529	958	789	751	0	228623
225	529	958	789	751	732	0	229412
226	958	789	751	732	712	0	230163
227	789	751	732	712	700	0	230895
228	751	732	712	700	685	0	231607
229	732	712	700	685	471	0	232307
230	712	700	685	471	821	0	232992
231	700	685	471	821	681	1	233463
232	685	471	821	681	669	0	234284
233	471	821	681	669	666	1	234965
234	821	681	669	666	463	1	235634
235	681	669	666	463	813	1	236300
236	669	666	463	813	692	1	236763
237	666	463	813	692	716	0	237576
238	463	813	692	716	514	0	238268
239	813	692	716	514	988	0	238984
240	692	716	514	988	829	1	239498
241	716	514	988	829	518	0	240486
242	514	988	829	518	1085	0	241315
243	988	829	518	1085	942	1	241833
244	829	518	1085	942	479	0	242918
245	518	1085	942	479	1081	0	243860
246	1085	942	479	1081	930	1	244339
247	942	479	1081	930	494	0	245420
248	479	1081	930	494	1047	0	246350
249	1081	930	494	1047	872	1	246844
250	930	494	1047	872	482	0	247891
251	494	1047	872	482	1000	0	248763
252	1047	872	482	1000	821	1	249245
253	872	482	1000	821	642	0	250245
254	482	1000	821	642	1090	0	251066
255	1000	821	642	1090	867	0	251708
256	821	642	1090	867	487	0	252798
257	642	1090	867	487	1054	0	253665
258	1090	867	487	1054	868	1	254152
259	867	487	1054	868	510	0	255206
260	487	1054	868	510	1050	0	256074
261	1054	868	510	1050	837	1	256584
262	868	510	1050	837	517	0	257634
263	510	1050	837	517	996	0	258471
264	1050	837	517	996	810	1	258988
265	837	517	996	810	591	0	259984
266	517	996	810	591	891	0	260794
267	996	810	591	891	743	1	261385
268	810	591	891	743	775	0	262276
269	591	891	743	775	759	0	263019
270	891	743	775	759	501	0	263794
271	743	775	759	501	1082	0	264553
272	775	759	501	1082	864	1	265054
273	759	501	1082	864	486	0	266136
274	501	1082	864	486	1051	0	267000
275	1082	864	486	1051	840	1	267486
276	864	486	1051	840	802	0	268537
277	486	1051	840	802	840	0	269377
278	1051	840	802	840	479	0	270179
279	840	802	840	479	961	0	271019
280	802	840	479	961	782	1	271498
281	840	479	961	782	786	0	272459
282	479	961	782	786	475	0	273241
283	961	782	786	475	942	0	274027
284	782	786	475	942	766	1	274502
285	786	475	942	766	751	0	275444
286	475	942	766	751	490	0	276210
287	942	766	751	490	1008	0	276961
288	766	751	490	1008	782	1	277451
289	751	490	1008	782	841	0	278459
290	490	1008	782	841	961	0	279241
291	1008	782	841	961	969	0	280082
292	782	841	961	969	945	0	281043
293	841	961	969	945	487	0	282012
294	961	969	945	487	1097	0	282957
295	969	945	487	1097	899	1	283444
296	945	487	1097	899	494	0	284541
297	487	1097	899	494	1047	0	285440
298	1097	899	494	1047	832	1	285934
299	899	494	1047	832	487	0	286981
300	494	1047	832	487	1011	0	287813
301	1047	832	487	1011	790	1	288300
302	832	487	1011	790	533	0	289311
303	487	1011	790	533	1004	0	290101
304	1011	790	533	1004	790	1	290634
305	790	533	1004	790	545	0	291638
306	533	1004	790	545	1043	0	292428
307	1004	790	545	1043	809	1	292973
308	790	545	1043	809	498	0	294016
309	545	1043	809	498	1113	0	294825
310	1043	809	498	1113	875	1	295323
311	809	498	1113	875	479	0	296436
312	498	1113	875	479	1039	0	297311
313	1113	875	479	1039	856	1	297790
314	875	479	1039	856	478	0	298829
315	479	1039	856	478	1028	0	299685
316	1039	856	478	1028	840	1	300163
317	856	478	1028	840	483	0	301191
318	478	1028	840	483	1042	0	302031
319	1028	840	483	1042	837	1	302514
320	840	483	1042	837	486	0	303556
321	483	1042	837	486	1032	0	304393
322	1042	837	486	1032	828	1	304879
323	837	486	1032	828	479	0	305911
324	486	1032	828	479	1047	0	306739
325	1032	828	479	1047	832	1	307218
326	828	479	1047	832	526	0	308265
327	479	1047	832	526	1050	0	309097
328	1047	832	526	1050	821	1	309623
329	832	526	1050	821	479	0	310673
330	526	1050	821	479	976	0	311494
331	1050	821	479	976	779	1	311973
332	821	479	976	779	529	0	312949
333	479	976	779	529	949	0	313728
334	976	779	529	949	763	1	314257
335	779	529	949	763	642	0	315206
336	529	949	763	642	840	0	315969
337	949	763	642	840	744	0	316611
338	763	642	840	744	731	0	317451
339	642	840	744	731	463	0	318195
340	840	744	731	463	876	0	318926
341	744	731	463	876	735	1	319389
342	731	463	876	735	716	0	320265
343	463	876	735	716	611	0	321000
344	876	735	716	611	774	0	321716
345	735	716	611	774	689	0	322327
346	716	611	774	689	673	0	323101
347	611	774	689	673	630	0	323790
348	774	689	673	630	681	0	324463
349	689	673	630	681	642	0	325093
350	673	630	681	642	642	0	325774
351	630	681	642	642	638	0	326416
352	681	642	642	638	440	0	327058
353	642	642	638	440	747	0	327696
354	642	638	440	747	642	1	328136
355	638	440	747	642	638	0	328883
356	440	747	642	638	639	0	329525
357	747	642	638	639	634	0	330163
358	642	638	639	634	436	0	330802
359	638	639	634	436	856	0	331436
360	639	634	436	856	692	1	331872
361	634	436	856	692	580	0	332728
362	436	856	692	580	825	0	333420
363	856	692	580	825	712	0	334000
364	692	580	825	712	724	0	334825
365	580	825	712	724	723	0	335537
366	825	712	724	723	724	0	336261
367	712	724	723	724	724	0	336984
368	724	723	724	724	716	0	337708
369	723	724	724	716	712	0	338432
370	724	724	716	712	708	0	339148
371	724	716	712	708	736	0	339860
372	716	712	708	736	754	0	340568
373	712	708	736	754	775	0	341304
374	708	736	754	775	747	0	342058
375	736	754	775	747	840	0	342833
376	754	775	747	840	475	0	343580
377	775	747	840	475	432	0	344420
378	747	840	475	432	393	1	344895
379	840	475	432	393	420	1	345327
380	475	432	393	420	413	1	345720
381	432	393	420	413	1042	1	346140
382	393	420	413	1042	798	1	346553
383	420	413	1042	798	840	0	347595
384	413	1042	798	840	849	0	348393
385	1042	798	840	849	860	0	349233
386	798	840	849	860	470	0	350082
387	840	849	860	470	1199	0	350942
388	849	860	470	1199	891	1	351412
389	860	470	1199	891	479	0	352611
390	470	1199	891	479	1077	0	353502
391	1199	891	479	1077	829	1	353981
392	891	479	1077	829	471	0	355058
393	479	1077	829	471	1136	0	355887
394	1077	829	471	1136	833	1	356358
395	829	471	1136	833	525	0	357494
396	471	1136	833	525	1265	0	358327
397	1136	833	525	1265	1031	1	358852
398	833	525	1265	1031	494	0	360117
399	525	1265	1031	494	1265	0	361148
400	1265	1031	494	1265	1155	1	361642
401	1031	494	1265	1155	1133	0	362907
402	494	1265	1155	1133	957	0	364062
403	1265	1155	1133	957	922	0	365195
404	1155	1133	957	922	887	0	366152
405	1133	957	922	887	973	0	367074
406	957	922	887	973	1027	0	367961
407	922	887	973	1027	1175	0	368934
408	887	973	1027	1175	1090	0	369961
409	973	1027	1175	1090	1019	0	371136
410	1027	1175	1090	1019	938	0	372226
411	1175	1090	1019	938	996	0	373245
412	1090	1019	938	996	502	0	374183
413	1019	938	996	502	1210	0	375179
414	938	996	502	1210	887	1	375681
415	996	502	1210	887	969	0	376891
416	502	1210	887	969	1020	0	377778
417	1210	887	969	1020	498	0	378747
418	887	969	1020	498	1245	0	379767
419	969	1020	498	1245	560	1	380265
420	1020	498	1245	560	1296	0	381510
421	498	1245	560	1296	564	1	382070
422	1245	560	1296	564	1342	0	383366
423	560	1296	564	1342	553	1	383930
424	1296	564	1342	553	1292	0	385272
425	564	1342	553	1292	579	1	385825
426	1342	553	1292	579	1141	0	387117
427	553	1292	579	1141	922	1	387696
428	1292	579	1141	922	509	0	388837
429	579	1141	922	509	1250	0	389759
430	1141	922	509	1250	852	1	390268
431	922	509	1250	852	1210	0	391518
432	509	1250	852	1210	1066	0	392370
433	1250	852	1210	1066	1128	0	393580
434	852	1210	1066	1128	1028	0	394646
435	1210	1066	1128	1028	502	0	395774
436	1066	1128	1028	502	1194	0	396802
437	1128	1028	502	1194	887	1	397304
438	1028	502	1194	887	907	0	398498
439	502	1194	887	907	945	0	399385
440	1194	887	907	945	923	0	400292
441	887	907	945	923	929	0	401237
442	907	945	923	929	934	0	402160
443	945	923	929	934	989	0	403089
444	923	929	934	989	1113	0	404023
445	929	934	989	1113	1007	0	405012
446	934	989	1113	1007	1051	0	406125
447	989	1113	1007	1051	1008	0	407132
448	1113	1007	1051	1008	976	0	408183
449	1007	1051	1008	976	934	0	409191
450	1051	1008	976	934	957	0	410167
451	1008	976	934	957	954	0	411101
452	976	934	957	954	961	0	412058
453	934	957	954	961	953	0	413012
454	957	954	961	953	977	0	413973
455	954	961	953	977	961	0	414926
456	961	953	977	961	980	0	415903
457	953	977	961	980	946	0	416864
458	977	961	980	946	949	0	417844
459	961	980	946	949	961	0	418790
460	980	946	949	961	977	0	419739
461	946	949	961	977	1008	0	420700
462	949	961	977	1008	1023	0	421677
463	961	977	1008	1023	996	0	422685
464	977	1008	1023	996	1028	0	423708
465	1008	1023	996	1028	638	0	424704
466	1023	996	1028	638	1338	0	425732
467	996	1028	638	1338	1047	1	426370
468	1028	638	1338	1047	988	0	427708
469	638	1338	1047	988	989	0	428755
470	1338	1047	988	989	964	0	429743
471	1047	988	989	964	1055	0	430732
472	988	989	964	1055	1000	0	431696
473	989	964	1055	1000	953	0	432751
474	964	1055	1000	953	946	0	433751
475	1055	1000	953	946	918	0	434704
476	1000	953	946	918	879	0	435650
477	953	946	918	879	876	0	436568
478	946	918	879	876	517	0	437447
479	918	879	876	517	1125	0	438323
480	879	876	517	1125	864	1	438840
481	876	517	1125	864	494	0	439965
482	517	1125	864	494	1121	0	440829
483	1125	864	494	1121	860	1	441323
484	864	494	1121	860	494	0	442444
485	494	1121	860	494	1136	0	443304
486	1121	860	494	1136	883	1	443798
487	860	494	1136	883	525	0	444934
488	494	1136	883	525	1183	0	445817
489	1136	883	525	1183	996	1	446342
490	883	525	1183	996	541	0	447525
491	525	1183	996	541	1156	0	448521
492	1183	996	541	1156	953	1	449062
493	996	541	1156	953	992	0	450218
494	541	1156	953	992	1016	0	451171
495	1156	953	992	1016	533	0	452163
496	953	992	1016	533	1148	0	453179
497	992	1016	533	1148	953	1	453712
498	1016	533	1148	953	954	0	454860
499	533	1148	953	954	949	0	455813
500	1148	953	954	949	980	0	456767
501	953	954	949	980	1055	0	457716
502	954	949	980	1055	1043	0	458696
503	949	980	1055	1043	1117	0	459751
504	980	1055	1043	1117	548	0	460794
505	1055	1043	1117	548	1269	0	461911
506	1043	1117	548	1269	1007	1	462459
507	1117	548	1269	1007	973	0	463728
508	548	1269	1007	973	957	0	464735
509	1269	1007	973	957	985	0	465708
510	1007	973	957	985	1039	0	466665
511	973	957	985	1039	1043	0	467650
512	957	985	1039	1043	1054	0	468689
513	985	1039	1043	1054	1008	0	469732
514	1039	1043	1054	1008	560	0	470786
515	1043	1054	1008	560	1265	0	471794
516	1054	1008	560	1265	902	1	472354
517	1008	560	1265	902	502	0	473619
518	560	1265	902	502	1168	0	474521
519	1265	902	502	1168	867	1	475023
520	902	502	1168	867	884	0	476191
521	502	1168	867	884	930	0	477058
522	1168	867	884	930	1007	0	477942
523	867	884	930	1007	1090	0	478872
524	884	930	1007	1090	1050	0	479879
525	930	1007	1090	1050	1055	0	480969
526	1007	1090	1050	1055	1012	0	482019
527	1090	1050	1055	1012	529	0	483074
528	1050	1055	1012	529	1136	0	484086
529	1055	1012	529	1136	887	1	484615
530	1012	529	1136	887	852	0	485751
531	529	1136	887	852	864	0	486638
532	1136	887	852	864	868	0	487490
533	887	852	864	868	545	0	488354
534	852	864	868	545	1272	0	489222
535	864	868	545	1272	973	1	489767
536	868	545	1272	973	529	0	491039
537	545	1272	973	529	1198	0	492012
538	1272	973	529	1198	950	1	492541
539	973	529	1198	950	509	0	493739
540	529	1198	950	509	1144	0	494689
541	1198	950	509	1144	876	1	495198
542	950	509	1144	876	529	0	496342
543	509	1144	876	529	1191	0	497218
544	1144	876	529	1191	937	1	497747
545	876	529	1191	937	526	0	498938
546	529	1191	937	526	1307	0	499875
547	1191	937	526	1307	1031	1	500401
548	937	526	1307	1031	1101	0	501708
549	526	1307	1031	1101	557	0	502739
550	1307	1031	1101	557	1261	0	503840
551	1031	1101	557	1261	968	1	504397
552	1101	557	1261	968	892	0	505658
553	557	1261	968	892	902	0	506626
554	1261	968	892	902	510	0	507518
555	968	892	902	510	1183	0	508420
556	892	902	510	1183	945	1	508930
557	902	510	1183	945	526	0	510113
558	510	1183	945	526	1132	0	511058
559	1183	945	526	1132	957	1	511584
560	945	526	1132	957	537	0	512716
561	526	1132	957	537	1175	0	513673
562	1132	957	537	1175	1008	1	514210
563	957	537	1175	1008	1054	0	515385
564	537	1175	1008	1054	1063	0	516393
565	1175	1008	1054	1063	1054	0	517447
566	1008	1054	1063	1054	1027	0	518510
567	1054	1063	1054	1027	1055	0	519564
568	1063	1054	1027	1055	1008	0	520591
569	1054	1027	1055	1008	918	0	521646
570	1027	1055	1008	918	883	0	522654
571	1055	1008	918	883	911	0	523572
572	1008	918	883	911	949	0	524455
573	918	883	911	949	973	0	525366
574	883	911	949	973	965	0	526315
575	911	949	973	965	973	0	527288
576	949	973	965	973	984	0	528253
577	973	965	973	984	992	0	529226
578	965	973	984	992	961	0	530210
579	973	984	992	961	965	0	531202
580	984	992	961	965	985	0	532163
581	992	961	965	985	537	0	533128
582	961	965	985	537	1163	0	534113
583	965	985	537	1163	934	1	534650
584	985	537	1163	934	529	0	535813
585	537	1163	934	529	1101	0	536747
586	1163	934	529	1101	888	1	537276
587	934	529	1101	888	525	0	538377
588	529	1101	888	525	1276	0	539265
589	1101	888	525	1276	1039	1	539790
590	888	525	1276	1039	1234	0	541066
591	525	1276	1039	1234	1264	0	542105
592	1276	1039	1234	1264	1101	0	543339
593	1039	1234	1264	1101	1063	0	544603
594	1234	1264	1101	1063	996	0	545704
595	1264	1101	1063	996	976	0	546767
596	1101	1063	996	976	969	0	547763
597	1063	996	976	969	529	0	548739
598	996	976	969	529	1148	0	549708
599	976	969	529	1148	938	1	550237
600	969	529	1148	938	961	0	551385
601	529	1148	938	961	965	0	552323
602	1148	938	961	965	1055	0	553284
603	938	961	965	1055	1214	0	554249
604	961	965	1055	1214	1210	0	555304
605	965	1055	1214	1210	1206	0	556518
606	1055	1214	1210	1206	1047	0	557728
607	1214	1210	1206	1047	1011	0	558934
608	1210	1206	1047	1011	529	0	559981
609	1206	1047	1011	529	1137	0	560992
610	1047	1011	529	1137	926	1	561521
611	1011	529	1137	926	930	0	562658
612	529	1137	926	930	945	0	563584
613	1137	926	930	945	537	0	564514
614	926	930	945	537	1218	0	565459
615	930	945	537	1218	1004	1	565996
616	945	537	1218	1004	1070	0	567214
617	537	1218	1004	1070	1136	0	568218
618	1218	1004	1070	1136	1171	0	569288
619	1004	1070	1136	1171	1105	0	570424
620	1070	1136	1171	1105	537	0	571595
621	1136	1171	1105	537	1199	0	572700
622	1171	1105	537	1199	992	1	573237
623	1105	537	1199	992	996	0	574436
624	537	1199	992	996	1004	0	575428
625	1199	992	996	1004	988	0	576424
626	992	996	1004	988	1004	0	577428
627	996	1004	988	1004	615	0	578416
628	1004	988	1004	615	1370	0	579420
629	988	1004	615	1370	618	1	580035
630	1004	615	1370	618	1335	0	581405
631	615	1370	618	1335	957	1	582023
632	1370	618	1335	957	514	0	583358
633	618	1335	957	514	1124	0	584315
634	1335	957	514	1124	841	1	584829
635	957	514	1124	841	510	0	585953
636	514	1124	841	510	1093	0	586794
637	1124	841	510	1093	840	1	587304
638	841	510	1093	840	588	0	588397
639	510	1093	840	588	1148	0	589237
640	1093	840	588	1148	856	1	589825
641	840	588	1148	856	498	0	590973
642	588	1148	856	498	1159	0	591829
643	1148	856	498	1159	946	1	592327
644	856	498	1159	946	541	0	593486
645	498	1159	946	541	1136	0	594432
646	1159	946	541	1136	969	1	594973
647	946	541	1136	969	510	0	596109
648	541	1136	969	510	1159	0	597078
649	1136	969	510	1159	926	1	597588
650	969	510	1159	926	510	0	598747
651	510	1159	926	510	1152	0	599673
652	1159	926	510	1152	879	1	600183
653	926	510	1152	879	506	0	601335
654	510	1152	879	506	1222	0	602214
655	1152	879	506	1222	984	1	602720
656	879	506	1222	984	973	0	603942
657	506	1222	984	973	1031	0	604926
658	1222	984	973	1031	564	0	605899
659	984	973	1031	564	1273	0	606930
660	973	1031	564	1273	1054	1	607494
661	1031	564	1273	1054	549	0	608767
662	564	1273	1054	549	1171	0	609821
663	1273	1054	549	1171	930	1	610370
664	1054	549	1171	930	510	0	611541
665	549	1171	930	510	1245	0	612471
666	1171	930	510	1245	976	1	612981
667	930	510	1245	976	580	0	614226
668	510	1245	976	580	1389	0	615202
669	1245	976	580	1389	1210	1	615782
670	976	580	1389	1210	712	0	617171
671	580	1389	1210	712	1413	0	618381
672	1389	1210	712	1413	1031	1	619093
673	1210	712	1413	1031	1039	0	620506
674	712	1413	1031	1039	1015	0	621537
675	1413	1031	1039	1015	993	0	622576
676	1031	1039	1015	993	953	0	623591
677	1039	1015	993	953	949	0	624584
678	1015	993	953	949	537	0	625537
679	993	953	949	537	1133	0	626486
680	953	949	537	1133	926	1	627023
681	949	537	1133	926	525	0	628156
682	537	1133	926	525	1210	0	629082
683	1133	926	525	1210	953	1	629607
684	926	525	1210	953	541	0	630817
685	525	1210	953	541	1207	0	631770
686	1210	953	541	1207	1178	1	632311
687	953	541	1207	1178	549	0	633518
688	541	1207	1178	549	1226	0	634696
689	1207	1178	549	1226	1070	1	635245
690	1178	549	1226	1070	548	0	636471
691	549	1226	1070	548	1160	0	637541
692	1226	1070	548	1160	965	1	638089
693	1070	548	1160	965	545	0	639249
694	548	1160	965	545	1120	0	640214
695	1160	965	545	1120	934	1	640759
696	965	545	1120	934	526	0	641879
697	545	1120	934	526	1182	0	642813
698	1120	934	526	1182	926	1	643339
699	934	526	1182	926	522	0	644521
700	526	1182	926	522	1214	0	645447
701	1182	926	522	1214	906	1	645969
702	926	522	1214	906	541	0	647183
703	522	1214	906	541	1222	0	648089
704	1214	906	541	1222	887	1	648630
705	906	541	1222	887	522	0	649852
706	541	1222	887	522	1163	0	650739
707	1222	887	522	1163	880	1	651261
708	887	522	1163	880	525	0	652424
709	522	1163	880	525	1152	0	653304
710	1163	880	525	1152	856	1	653829
711	880	525	1152	856	509	0	654981
712	525	1152	856	509	1109	0	655837
713	1152	856	509	1109	872	1	656346
714	856	509	1109	872	517	0	657455
715	509	1109	872	517	1179	0	658327
716	1109	872	517	1179	911	1	658844
717	872	517	1179	911	517	0	660023
718	517	1179	911	517	1179	0	660934
719	1179	911	517	1179	950	1	661451
720	911	517	1179	950	517	0	662630
721	517	1179	950	517	1179	0	663580
722	1179	950	517	1179	977	1	664097
723	950	517	1179	977	541	0	665276
724	517	1179	977	541	1214	0	666253
725	1179	977	541	1214	1008	1	666794
726	977	541	1214	1008	548	0	668008
727	541	1214	1008	548	1218	0	669016
728	1214	1008	548	1218	592	1	669564
729	1008	548	1218	592	1358	0	670782
730	548	1218	592	1358	560	1	671374
731	1218	592	1358	560	1296	0	672732
732	592	1358	560	1296	1023	1	673292
733	1358	560	1296	1023	1039	0	674588
734	560	1296	1023	1039	541	0	675611
735	1296	1023	1039	541	1210	0	676650
736	1023	1039	541	1210	595	1	677191
737	1039	541	1210	595	1378	0	678401
738	541	1210	595	1378	548	1	678996
739	1210	595	1378	548	1273	0	680374
740	595	1378	548	1273	996	1	680922
741	1378	548	1273	996	560	0	682195
742	548	1273	996	560	1163	0	683191
743	1273	996	560	1163	985	1	683751
744	996	560	1163	985	533	0	684914
745	560	1163	985	533	1229	0	685899
746	1163	985	533	1229	627	1	686432
747	985	533	1229	627	1412	0	687661
748	533	1229	627	1412	557	1	688288
749	1229	627	1412	557	1202	0	689700
750	627	1412	557	1202	872	1	690257
751	1412	557	1202	872	521	0	691459
752	557	1202	872	521	1121	0	692331
753	1202	872	521	1121	867	1	692852
754	872	521	1121	867	923	0	693973
755	521	1121	867	923	533	0	694840
756	1121	867	923	533	1159	0	695763
757	867	923	533	1159	599	1	696296
758	923	533	1159	599	1296	0	697455
759	533	1159	599	1296	973	1	698054
760	1159	599	1296	973	525	0	699350
761	599	1296	973	525	1226	0	700323
762	1296	973	525	1226	945	1	700848
763	973	525	1226	945	530	0	702074
764	525	1226	945	530	1214	0	703019
765	1226	945	530	1214	953	1	703549
766	945	530	1214	953	537	0	704763
767	530	1214	953	537	1191	0	705716
768	1214	953	537	1191	933	1	706253
769	953	537	1191	933	526	0	707444
770	537	1191	933	526	1214	0	708377
771	1191	933	526	1214	930	1	708903
772	933	526	1214	930	552	0	710117
773	526	1214	930	552	1241	0	711047
774	1214	930	552	1241	1000	1	711599
775	930	552	1241	1000	565	0	712840
776	552	1241	1000	565	1190	0	713840
777	1241	1000	565	1190	934	1	714405
778	1000	565	1190	934	549	0	715595
779	565	1190	934	549	1264	0	716529
780	1190	934	549	1264	926	1	717078
781	934	549	1264	926	541	0	718342
782	549	1264	926	541	1148	0	719268
783	1264	926	541	1148	899	1	719809
784	926	541	1148	899	529	0	720957
785	541	1148	899	529	1218	0	721856
786	1148	899	529	1218	922	1	722385
787	899	529	1218	922	553	0	723603
788	529	1218	922	553	1187	0	724525
789	1218	922	553	1187	739	1	725078
790	922	553	1187	739	1358	0	726265
791	553	1187	739	1358	552	1	727004
792	1187	739	1358	552	1234	0	728362
793	739	1358	552	1234	1023	1	728914
794	1358	552	1234	1023	557	0	730148
795	552	1234	1023	557	1144	0	731171
796	1234	1023	557	1144	976	1	731728
797	1023	557	1144	976	553	0	732872
798	557	1144	976	553	1140	0	733848
799	1144	976	553	1140	953	1	734401
800	976	553	1140	953	560	0	735541
801	553	1140	953	560	1214	0	736494
802	1140	953	560	1214	600	1	737054
803	953	560	1214	600	1373	0	738268
804	560	1214	600	1373	568	1	738868
805	1214	600	1373	568	1300	0	740241
806	600	1373	568	1300	623	1	740809
807	1373	568	1300	623	1354	0	742109
808	568	1300	623	1354	564	1	742732
809	1300	623	1354	564	1253	0	744086
810	623	1354	564	1253	965	1	744650
811	1354	564	1253	965	544	0	745903
812	564	1253	965	544	1141	0	746868
813	1253	965	544	1141	941	1	747412
814	965	544	1141	941	557	0	748553
815	544	1141	941	557	1151	0	749494
816	1141	941	557	1151	580	1	750051
817	941	557	1151	580	1296	0	751202
818	557	1151	580	1296	735	1	751782
819	1151	580	1296	735	1440	0	753078
820	580	1296	735	1440	572	1	753813
821	1296	735	1440	572	1249	0	755253
822	735	1440	572	1249	591	1	755825
823	1440	572	1249	591	1288	0	757074
824	572	1249	591	1288	759	1	757665
825	1249	591	1288	759	1304	0	758953
826	591	1288	759	1304	1003	1	759712
827	1288	759	1304	1003	631	0	761016
828	759	1304	1003	631	1311	0	762019
829	1304	1003	631	1311	584	1	762650
830	1003	631	1311	584	1272	0	763961
831	631	1311	584	1272	950	1	764545
832	1311	584	1272	950	548	0	765817
833	584	1272	950	548	1203	0	766767
834	1272	950	548	1203	933	1	767315
835	950	548	1203	933	549	0	768518
836	548	1203	933	549	1171	0	769451
837	1203	933	549	1171	957	1	770000
838	933	549	1171	957	541	0	771171
839	549	1171	957	541	1195	0	772128
840	1171	957	541	1195	583	1	772669
841	957	541	1195	583	1327	0	773864
842	541	1195	583	1327	600	1	774447
843	1195	583	1327	600	1350	0	775774
844	583	1327	600	1350	564	1	776374
845	1327	600	1350	564	1245	0	777724
846	600	1350	564	1245	985	1	778288
847	1350	564	1245	985	536	0	779533
848	564	1245	985	536	1199	0	780518
849	1245	985	536	1199	957	1	781054
850	985	536	1199	957	541	0	782253
851	536	1199	957	541	1163	0	783210
852	1199	957	541	1163	969	1	783751
853	957	541	1163	969	1012	0	784914
854	541	1163	969	1012	1016	0	785883
855	1163	969	1012	1016	544	0	786895
856	969	1012	1016	544	1199	0	787911
857	1012	1016	544	1199	576	1	788455
858	1016	544	1199	576	1307	0	789654
859	544	1199	576	1307	599	1	790230
860	1199	576	1307	599	1323	0	791537
861	576	1307	599	1323	572	1	792136
862	1307	599	1323	572	1280	0	793459
863	599	1323	572	1280	1020	1	794031
864	1323	572	1280	1020	548	0	795311
865	572	1280	1020	548	1265	0	796331
866	1280	1020	548	1265	591	1	796879
867	1020	548	1265	591	1288	0	798144
868	548	1265	591	1288	977	1	798735
869	1265	591	1288	977	1000	0	800023
870	591	1288	977	1000	549	0	801000
871	1288	977	1000	549	1249	0	802000
872	977	1000	549	1249	591	1	802549
873	1000	549	1249	591	1300	0	803798
874	549	1249	591	1300	657	1	804389
875	1249	591	1300	657	1315	0	805689
876	591	1300	657	1315	635	1	806346
877	1300	657	1315	635	1346	0	807661
878	657	1315	635	1346	623	1	808296
879	1315	635	1346	623	1326	0	809642
880	635	1346	623	1326	615	1	810265
881	1346	623	1326	615	1335	0	811591
882	623	1326	615	1335	595	1	812206
883	1326	615	1335	595	1269	0	813541
884	615	1335	595	1269	949	1	814136
885	1335	595	1269	949	557	0	815405
886	595	1269	949	557	1210	0	816354
887	1269	949	557	1210	961	1	816911
888	949	557	1210	961	564	0	818121
889	557	1210	961	564	1226	0	819082
890	1210	961	564	1226	957	1	819646
891	961	564	1226	957	560	0	820872
892	564	1226	957	560	1311	0	821829
893	1226	957	560	1311	584	1	822389
894	957	560	1311	584	1319	0	823700
895	560	1311	584	1319	1008	1	824284
896	1311	584	1319	1008	568	0	825603
897	584	1319	1008	568	1233	0	826611
898	1319	1008	568	1233	631	1	827179
899	1008	568	1233	631	1284	0	828412
900	568	1233	631	1284	969	1	829043
901	1233	631	1284	969	548	0	830327
902	631	1284	969	548	1273	0	831296
903	1284	969	548	1273	650	1	831844
904	969	548	1273	650	1303	0	833117
905	548	1273	650	1303	654	1	833767
906	1273	650	1303	654	1311	0	835070
907	650	1303	654	1311	638	1	835724
908	1303	654	1311	638	1319	0	837035
909	654	1311	638	1319	646	1	837673
910	1311	638	1319	646	1323	0	838992
911	638	1319	646	1323	627	1	839638
912	1319	646	1323	627	1284	0	840961
913	646	1323	627	1284	949	1	841588
914	1323	627	1284	949	549	0	842872
915	627	1284	949	549	1256	0	843821
916	1284	949	549	1256	950	1	844370
917	949	549	1256	950	1000	0	845626
918	549	1256	950	1000	545	0	846576
919	1256	950	1000	545	1179	0	847576
920	950	1000	545	1179	618	1	848121
921	1000	545	1179	618	1315	0	849300
922	545	1179	618	1315	600	1	849918
923	1179	618	1315	600	1276	0	851233
924	618	1315	600	1276	988	1	851833
925	1315	600	1276	988	561	0	853109
926	600	1276	988	561	1233	0	854097
927	1276	988	561	1233	1039	1	854658
928	988	561	1233	1039	560	0	855891
929	561	1233	1039	560	1273	0	856930
930	1233	1039	560	1273	599	1	857490
931	1039	560	1273	599	1342	0	858763
932	560	1273	599	1342	584	1	859362
933	1273	599	1342	584	1222	0	860704
934	599	1342	584	1222	961	1	861288
935	1342	584	1222	961	541	0	862510
936	584	1222	961	541	1167	0	863471
937	1222	961	541	1167	946	1	864012
938	961	541	1167	946	564	0	865179
939	541	1167	946	564	1303	0	866125
940	1167	946	564	1303	553	1	866689
941	946	564	1303	553	1307	0	867992
942	564	1303	553	1307	572	1	868545
943	1303	553	1307	572	1315	0	869852
944	553	1307	572	1315	584	1	870424
945	1307	572	1315	584	1342	0	871739
946	572	1315	584	1342	588	1	872323
947	1315	584	1342	588	1241	0	873665
948	584	1342	588	1241	992	1	874253
949	1342	588	1241	992	993	0	875494
950	588	1241	992	993	961	0	876486
951	1241	992	993	961	937	0	877479
952	992	993	961	937	549	0	878440
953	993	961	937	549	1128	0	879377
954	961	937	549	1128	907	1	879926
955	937	549	1128	907	537	0	881054
956	549	1128	907	537	1136	0	881961
957	1128	907	537	1136	911	1	882498
958	907	537	1136	911	533	0	883634
959	537	1136	911	533	1253	0	884545
960	1136	911	533	1253	595	1	885078
961	911	533	1253	595	1370	0	886331
962	533	1253	595	1370	560	1	886926
963	1253	595	1370	560	1249	0	888296
964	595	1370	560	1249	1000	1	888856
965	1370	560	1249	1000	568	0	890105
966	560	1249	1000	568	1226	0	891105
967	1249	1000	568	1226	1008	1	891673
968	1000	568	1226	1008	556	0	892899
969	568	1226	1008	556	1261	0	893907
970	1226	1008	556	1261	1015	1	894463
971	1008	556	1261	1015	557	0	895724
972	556	1261	1015	557	1222	0	896739
973	1261	1015	557	1222	607	1	897296
974	1015	557	1222	607	1319	0	898518
975	557	1222	607	1319	626	1	899125
976	1222	607	1319	626	1385	0	900444
977	607	1319	626	1385	1031	1	901070
978	1319	626	1385	1031	1063	0	902455
979	626	1385	1031	1063	1039	0	903486
980	1385	1031	1063	1039	1023	0	904549
981	1031	1063	1039	1023	1043	0	905588
982	1063	1039	1023	1043	560	0	906611
983	1039	1023	1043	560	1163	0	907654
984	1023	1043	560	1163	740	1	908214
985	1043	560	1163	740	1210	0	909377
986	560	1163	740	1210	922	1	910117
987	1163	740	1210	922	541	0	911327
988	740	1210	922	541	1245	0	912249
989	1210	922	541	1245	949	1	912790
990	922	541	1245	949	607	0	914035
991	541	1245	949	607	1382	0	914984
992	1245	949	607	1382	560	1	915591
993	949	607	1382	560	1304	0	916973
994	607	1382	560	1304	607	1	917533
995	1382	560	1304	607	1303	0	918837
996	560	1304	607	1303	860	1	919444
997	1304	607	1303	860	1292	0	920747
998	607	1303	860	1292	1039	0	921607
999	1303	860	1292	1039	568	0	922899
1000	860	1292	1039	568	1218	0	923938
1001	1292	1039	568	1218	1011	1	924506
1002	1039	568	1218	1011	592	0	925724
1003	568	1218	1011	592	1342	0	926735
1004	1218	1011	592	1342	607	1	927327
1005	1011	592	1342	607	1385	0	928669
1006	592	1342	607	1385	646	1	929276
1007	1342	607	1385	646	1366	0	930661
1008	607	1385	646	1366	1094	1	931307
1009	1385	646	1366	1094	564	0	932673
1010	646	1366	1094	564	1175	0	933767
1011	1366	1094	564	1175	969	1	934331
1012	1094	564	1175	969	548	0	935506
1013	564	1175	969	548	1238	0	936475
1014	1175	969	548	1238	961	1	937023
1015	969	548	1238	961	646	0	938261
1016	548	1238	961	646	1377	0	939222
1017	1238	961	646	1377	630	1	939868
1018	961	646	1377	630	1323	0	941245
1019	646	1377	630	1323	592	1	941875
1020	1377	630	1323	592	1346	0	943198
1021	630	1323	592	1346	592	1	943790
1022	1323	592	1346	592	1307	0	945136
1023	592	1346	592	1307	996	1	945728
1024	1346	592	1307	996	623	0	947035
1025	592	1307	996	623	1307	0	948031
1026	1307	996	623	1307	658	1	948654
1027	996	623	1307	658	1295	0	949961
1028	623	1307	658	1295	997	1	950619
1029	1307	658	1295	997	564	0	951914
1030	658	1295	997	564	1151	0	952911
1031	1295	997	564	1151	965	1	953475
1032	997	564	1151	965	549	0	954626
1033	564	1151	965	549	1187	0	955591
1034	1151	965	549	1187	965	1	956140
1035	965	549	1187	965	552	0	957327
1036	549	1187	965	552	1207	0	958292
1037	1187	965	552	1207	1031	1	958844
1038	965	552	1207	1031	544	0	960051
1039	552	1207	1031	544	1300	0	961082
1040	1207	1031	544	1300	619	1	961626
1041	1031	544	1300	619	1358	0	962926
1042	544	1300	619	1358	579	1	963545
1043	1300	619	1358	579	1273	0	964903
1044	619	1358	579	1273	977	1	965482
1045	1358	579	1273	977	552	0	966755
1046	579	1273	977	552	1210	0	967732
1047	1273	977	552	1210	977	1	968284
1048	977	552	1210	977	556	0	969494
1049	552	1210	977	556	1315	0	970471
1050	1210	977	556	1315	1063	1	971027
1051	977	556	1315	1063	1046	0	972342
1052	556	1315	1063	1046	1059	0	973405
1053	1315	1063	1046	1059	622	0	974451
1054	1063	1046	1059	622	1296	0	975510
1055	1046	1059	622	1296	992	1	976132
1056	1059	622	1296	992	561	0	977428
1057	622	1296	992	561	1136	0	978420
1058	1296	992	561	1136	949	1	978981
1059	992	561	1136	949	537	0	980117
1060	561	1136	949	537	1187	0	981066
1061	1136	949	537	1187	953	1	981603
1062	949	537	1187	953	545	0	982790
1063	537	1187	953	545	1237	0	983743
1064	1187	953	545	1237	1000	1	984288
1065	953	545	1237	1000	557	0	985525
1066	545	1237	1000	557	1190	0	986525
1067	1237	1000	557	1190	1047	1	987082
1068	1000	557	1190	1047	556	0	988272
1069	557	1190	1047	556	1191	0	989319
1070	1190	1047	556	1191	1008	1	989875
1071	1047	556	1191	1008	572	0	991066
1072	556	1191	1008	572	1303	0	992074
1073	1191	1008	572	1303	1082	1	992646
1074	1008	572	1303	1082	1035	0	993949
1075	572	1303	1082	1035	568	0	995031
1076	1303	1082	1035	568	1304	0	996066
1077	1082	1035	568	1304	638	1	996634
1078	1035	568	1304	638	1303	0	997938
1079	568	1304	638	1303	1000	1	998576
1080	1304	638	1303	1000	565	0	999879
1081	638	1303	1000	565	1252	0	1000879
1082	1303	1000	565	1252	973	1	1001444
1083	1000	565	1252	973	568	0	1002696
1084	565	1252	973	568	1242	0	1003669
1085	1252	973	568	1242	918	1	1004237
1086	973	568	1242	918	541	0	1005479
1087	568	1242	918	541	1241	0	1006397
1088	1242	918	541	1241	942	1	1006938
1089	918	541	1241	942	533	0	1008179
1090	541	1241	942	533	1186	0	1009121
1091	1241	942	533	1186	919	1	1009654
1092	942	533	1186	919	552	0	1010840
1093	533	1186	919	552	1242	0	1011759
1094	1186	919	552	1242	875	1	1012311
1095	919	552	1242	875	533	0	1013553
1096	552	1242	875	533	1195	0	1014428
1097	1242	875	533	1195	941	1	1014961
1098	875	533	1195	941	553	0	1016156
1099	533	1195	941	553	1276	0	1017097
1100	1195	941	553	1276	681	1	1017650
1101	941	553	1276	681	1366	0	1018926
1102	553	1276	681	1366	626	1	1019607
1103	1276	681	1366	626	1280	0	1020973
1104	681	1366	626	1280	965	1	1021599
1105	1366	626	1280	965	553	0	1022879
1106	626	1280	965	553	1229	0	1023844
1107	1280	965	553	1229	942	1	1024397
1108	965	553	1229	942	557	0	1025626
1109	553	1229	942	557	1151	0	1026568
1110	1229	942	557	1151	922	1	1027125
1111	942	557	1151	922	553	0	1028276
1112	557	1151	922	553	1206	0	1029198
1113	1151	922	553	1206	922	1	1029751
1114	922	553	1206	922	557	0	1030957
1115	553	1206	922	557	1206	0	1031879
1116	1206	922	557	1206	984	1	1032436
1117	922	557	1206	984	561	0	1033642
1118	557	1206	984	561	1128	0	1034626
1119	1206	984	561	1128	930	1	1035187
1120	984	561	1128	930	560	0	1036315
1121	561	1128	930	560	1109	0	1037245
1122	1128	930	560	1109	899	1	1037805
1123	930	560	1109	899	553	0	1038914
1124	560	1109	899	553	1249	0	1039813
1125	1109	899	553	1249	1004	1	1040366
1126	899	553	1249	1004	572	0	1041615
1127	553	1249	1004	572	1206	0	1042619
1128	1249	1004	572	1206	1012	1	1043191
1129	1004	572	1206	1012	552	0	1044397
1130	572	1206	1012	552	1195	0	1045409
1131	1206	1012	552	1195	972	1	1045961
1132	1012	552	1195	972	533	0	1047156
1133	552	1195	972	533	1207	0	1048128
1134	1195	972	533	1207	937	1	1048661
1135	972	533	1207	937	541	0	1049868
1136	533	1207	937	541	1199	0	1050805
1137	1207	937	541	1199	1000	1	1051346
1138	937	541	1199	1000	564	0	1052545
1139	541	1199	1000	564	1171	0	1053545
1140	1199	1000	564	1171	981	1	1054109
1141	1000	564	1171	981	548	0	1055280
1142	564	1171	981	548	1226	0	1056261
1143	1171	981	548	1226	996	1	1056809
1144	981	548	1226	996	537	0	1058035
1145	548	1226	996	537	1187	0	1059031
1146	1226	996	537	1187	883	1	1059568
1147	996	537	1187	883	553	0	1060755
1148	537	1187	883	553	1210	0	1061638
1149	1187	883	553	1210	879	1	1062191
1150	883	553	1210	879	568	0	1063401
1151	553	1210	879	568	1253	0	1064280
1152	1210	879	568	1253	926	1	1064848
1153	879	568	1253	926	557	0	1066101
1154	568	1253	926	557	1202	0	1067027
1155	1253	926	557	1202	988	1	1067584
1156	926	557	1202	988	557	0	1068786
1157	557	1202	988	557	1144	0	1069774
1158	1202	988	557	1144	949	1	1070331
1159	988	557	1144	949	557	0	1071475
1160	557	1144	949	557	1175	0	1072424
1161	1144	949	557	1175	984	1	1072981
1162	949	557	1175	984	568	0	1074156
1163	557	1175	984	568	1273	0	1075140
1164	1175	984	568	1273	638	1	1075708
1165	984	568	1273	638	1506	0	1076981
1166	568	1273	638	1506	564	1	1077619
1167	1273	638	1506	564	1272	0	1079125
1168	638	1506	564	1272	1148	1	1079689
1169	1506	564	1272	1148	556	0	1080961
1170	564	1272	1148	556	1277	0	1082109
1171	1272	1148	556	1277	1015	1	1082665
1172	1148	556	1277	1015	553	0	1083942
1173	556	1277	1015	553	1323	0	1084957
1174	1277	1015	553	1323	599	1	1085510
1175	1015	553	1323	599	1373	0	1086833
1176	553	1323	599	1373	600	1	1087432
1177	1323	599	1373	600	1369	0	1088805
1178	599	1373	600	1369	603	1	1089405
1179	1373	600	1369	603	1358	0	1090774
1180	600	1369	603	1358	670	1	1091377
1181	1369	603	1358	670	1443	0	1092735
1182	603	1358	670	1443	603	1	1093405
1183	1358	670	1443	603	1327	0	1094848
1184	670	1443	603	1327	1027	1	1095451
1185	1443	603	1327	1027	576	0	1096778
1186	603	1327	1027	576	1210	0	1097805
1187	1327	1027	576	1210	930	1	1098381
1188	1027	576	1210	930	592	0	1099591
1189	576	1210	930	592	1408	0	1100521
1190	1210	930	592	1408	565	1	1101113
1191	930	592	1408	565	1307	0	1102521
1192	592	1408	565	1307	1058	1	1103086
1193	1408	565	1307	1058	1070	0	1104393
1194	565	1307	1058	1070	1024	0	1105451
1195	1307	1058	1070	1024	568	0	1106521
1196	1058	1070	1024	568	1187	0	1107545
1197	1070	1024	568	1187	972	1	1108113
1198	1024	568	1187	972	553	0	1109300
1199	568	1187	972	553	1163	0	1110272
1200	1187	972	553	1163	915	1	1110825
1201	972	553	1163	915	533	0	1111988
1202	553	1163	915	533	1218	0	1112903
1203	1163	915	533	1218	926	1	1113436
1204	915	533	1218	926	572	0	1114654
1205	533	1218	926	572	1338	0	1115580
1206	1218	926	572	1338	576	1	1116152
1207	926	572	1338	576	1304	0	1117490
1208	572	1338	576	1304	1074	1	1118066
1209	1338	576	1304	1074	556	0	1119370
1210	576	1304	1074	556	1272	0	1120444
1211	1304	1074	556	1272	973	1	1121000
1212	1074	556	1272	973	545	0	1122272
1213	556	1272	973	545	1222	0	1123245
1214	1272	973	545	1222	930	1	1123790
1215	973	545	1222	930	537	0	1125012
1216	545	1222	930	537	1233	0	1125942
1217	1222	930	537	1233	961	1	1126479
1218	930	537	1233	961	553	0	1127712
1219	537	1233	961	553	1233	0	1128673
1220	1233	961	553	1233	1094	1	1129226
1221	961	553	1233	1094	556	0	1130459
1222	553	1233	1094	556	1241	0	1131553
1223	1233	1094	556	1241	592	1	1132109
1224	1094	556	1241	592	1342	0	1133350
1225	556	1241	592	1342	595	1	1133942
1226	1241	592	1342	595	1284	0	1135284
1227	592	1342	595	1284	993	1	1135879
1228	1342	595	1284	993	564	0	1137163
1229	595	1284	993	564	1319	0	1138156
1230	1284	993	564	1319	622	1	1138720
1231	993	564	1319	622	1355	0	1140039
1232	564	1319	622	1355	657	1	1140661
1233	1319	622	1355	657	1409	0	1142016
1234	622	1355	657	1409	587	1	1142673
1235	1355	657	1409	587	1234	0	1144082
1236	657	1409	587	1234	891	1	1144669
1237	1409	587	1234	891	529	0	1145903
1238	587	1234	891	529	1206	0	1146794
1239	1234	891	529	1206	899	1	1147323
1240	891	529	1206	899	560	0	1148529
1241	529	1206	899	560	1335	0	1149428
1242	1206	899	560	1335	1043	1	1149988
1243	899	560	1335	1043	949	0	1151323
1244	560	1335	1043	949	603	0	1152366
1245	1335	1043	949	603	1327	0	1153315
1246	1043	949	603	1327	701	1	1153918
1247	949	603	1327	701	1342	0	1155245
1248	603	1327	701	1342	700	1	1155946
1249	1327	701	1342	700	1366	0	1157288
1250	701	1342	700	1366	642	1	1157988
1251	1342	700	1366	642	1315	0	1159354
1252	700	1366	642	1315	1000	1	1159996
1253	1366	642	1315	1000	549	0	1161311
1254	642	1315	1000	549	1121	0	1162311
1255	1315	1000	549	1121	875	1	1162860
1256	1000	549	1121	875	549	0	1163981
1257	549	1121	875	549	1109	0	1164856
1258	1121	875	549	1109	840	1	1165405
1259	875	549	1109	840	541	0	1166514
1260	549	1109	840	541	1031	0	1167354
1261	1109	840	541	1031	817	1	1167895
1262	840	541	1031	817	564	0	1168926
1263	541	1031	817	564	950	0	1169743
1264	1031	817	564	950	770	1	1170307
1265	817	564	950	770	732	0	1171257
1266	564	950	770	732	498	0	1172027
1267	950	770	732	498	899	0	1172759
1268	770	732	498	899	727	1	1173257
1269	732	498	899	727	720	0	1174156
1270	498	899	727	720	529	0	1174883
1271	899	727	720	529	938	0	1175603
1272	727	720	529	938	747	1	1176132
1273	720	529	938	747	751	0	1177070
1274	529	938	747	751	479	0	1177817
1275	938	747	751	479	1089	0	1178568
1276	747	751	479	1089	825	1	1179047
1277	751	479	1089	825	580	0	1180136
1278	479	1089	825	580	1113	0	1180961
1279	1089	825	580	1113	879	0	1181541
1280	825	580	1113	879	498	0	1182654
1281	580	1113	879	498	1035	0	1183533
1282	1113	879	498	1035	817	1	1184031
1283	879	498	1035	817	782	0	1185066
1284	498	1035	817	782	487	0	1185883
1285	1035	817	782	487	973	0	1186665
1286	817	782	487	973	782	1	1187152
1287	782	487	973	782	782	0	1188125
1288	487	973	782	782	793	0	1188907
1289	973	782	782	793	837	0	1189689
1290	782	782	793	837	868	0	1190482
1291	782	793	837	868	583	0	1191319
1292	793	837	868	583	1121	0	1192187
1293	837	868	583	1121	895	1	1192770
1294	868	583	1121	895	903	0	1193891
1295	583	1121	895	903	941	0	1194786
1296	1121	895	903	941	930	0	1195689
1297	895	903	941	930	884	0	1196630
1298	903	941	930	884	505	0	1197560
1299	941	930	884	505	1051	0	1198444
1300	930	884	505	1051	837	1	1198949
1301	884	505	1051	837	848	0	1200000
1302	505	1051	837	848	868	0	1200837
1303	1051	837	848	868	863	0	1201685
1304	837	848	868	863	903	0	1202553
1305	848	868	863	903	922	0	1203416
1306	868	863	903	922	498	0	1204319
1307	863	903	922	498	1160	0	1205241
1308	903	922	498	1160	949	1	1205739
1309	922	498	1160	949	494	0	1206899
1310	498	1160	949	494	1125	0	1207848
1311	1160	949	494	1125	887	1	1208342
1312	949	494	1125	887	498	0	1209467
1313	494	1125	887	498	1164	0	1210354
1314	1125	887	498	1164	914	1	1210852
1315	887	498	1164	914	552	0	1212016
1316	498	1164	914	552	1234	0	1212930
1317	1164	914	552	1234	1140	1	1213482
1318	914	552	1234	1140	1055	0	1214716
1319	552	1234	1140	1055	1093	0	1215856
1320	1234	1140	1055	1093	545	0	1216911
1321	1140	1055	1093	545	1202	0	1218004
1322	1055	1093	545	1202	981	1	1218549
1323	1093	545	1202	981	513	0	1219751
1324	545	1202	981	513	1136	0	1220732
1325	1202	981	513	1136	876	1	1221245
1326	981	513	1136	876	521	0	1222381
1327	513	1136	876	521	1094	0	1223257
1328	1136	876	521	1094	856	1	1223778
1329	876	521	1094	856	548	0	1224872
1330	521	1094	856	548	1206	0	1225728
1331	1094	856	548	1206	985	1	1226276
1332	856	548	1206	985	537	0	1227482
1333	548	1206	985	537	1144	0	1228467
1334	1206	985	537	1144	992	1	1229004
1335	985	537	1144	992	533	0	1230148
1336	537	1144	992	533	1179	0	1231140
1337	1144	992	533	1179	988	1	1231673
1338	992	533	1179	988	510	0	1232852
1339	533	1179	988	510	1171	0	1233840
1340	1179	988	510	1171	915	1	1234350
1341	988	510	1171	915	548	0	1235521
1342	510	1171	915	548	1168	0	1236436
1343	1171	915	548	1168	883	1	1236984
1344	915	548	1168	883	510	0	1238152
1345	548	1168	883	510	1128	0	1239035
1346	1168	883	510	1128	895	1	1239545
1347	883	510	1128	895	518	0	1240673
1348	510	1128	895	518	1147	0	1241568
1349	1128	895	518	1147	938	1	1242086
1350	895	518	1147	938	541	0	1243233
1351	518	1147	938	541	1175	0	1244171
1352	1147	938	541	1175	1059	1	1244712
1353	938	541	1175	1059	548	0	1245887
1354	541	1175	1059	548	1210	0	1246946
1355	1175	1059	548	1210	1230	1	1247494
1356	1059	548	1210	1230	1140	0	1248704
1357	548	1210	1230	1140	1206	0	1249934
1358	1210	1230	1140	1206	545	0	1251074
1359	1230	1140	1206	545	1229	0	1252280
1360	1140	1206	545	1229	650	1	1252825
1361	1206	545	1229	650	1362	0	1254054
1362	545	1229	650	1362	595	1	1254704
1363	1229	650	1362	595	1312	0	1256066
1364	650	1362	595	1312	1039	1	1256661
1365	1362	595	1312	1039	552	0	1257973
1366	595	1312	1039	552	1296	0	1259012
1367	1312	1039	552	1296	716	1	1259564
1368	1039	552	1296	716	1471	0	1260860
1369	552	1296	716	1471	548	1	1261576
1370	1296	716	1471	548	1245	0	1263047
1371	716	1471	548	1245	1094	1	1263595
1372	1471	548	1245	1094	548	0	1264840
1373	548	1245	1094	548	1183	0	1265934
1374	1245	1094	548	1183	1067	1	1266482
1375	1094	548	1183	1067	548	0	1267665
1376	548	1183	1067	548	1230	0	1268732
1377	1183	1067	548	1230	661	1	1269280
1378	1067	548	1230	661	1393	0	1270510
1379	548	1230	661	1393	580	1	1271171
1380	1230	661	1393	580	1288	0	1272564
1381	661	1393	580	1288	1004	1	1273144
1382	1393	580	1288	1004	595	0	1274432
1383	580	1288	1004	595	1339	0	1275436
1384	1288	1004	595	1339	576	1	1276031
1385	1004	595	1339	576	1284	0	1277370
1386	595	1339	576	1284	1050	1	1277946
1387	1339	576	1284	1050	560	0	1279230
1388	576	1284	1050	560	1207	0	1280280
1389	1284	1050	560	1207	1054	1	1280840
1390	1050	560	1207	1054	592	0	1282047
1391	560	1207	1054	592	1334	0	1283101
1392	1207	1054	592	1334	1098	1	1283693
1393	1054	592	1334	1098	571	0	1285027
1394	592	1334	1098	571	1296	0	1286125
1395	1334	1098	571	1296	1051	1	1286696
1396	1098	571	1296	1051	545	0	1287992
1397	571	1296	1051	545	1163	0	1289043
1398	1296	1051	545	1163	942	1	1289588
1399	1051	545	1163	942	548	0	1290751
1400	545	1163	942	548	1136	0	1291693
1401	1163	942	548	1136	907	1	1292241
1402	942	548	1136	907	541	0	1293377
1403	548	1136	907	541	1222	0	1294284
1404	1136	907	541	1222	957	1	1294825
1405	907	541	1222	957	552	0	1296047
1406	541	1222	957	552	1257	0	1297004
1407	1222	957	552	1257	1094	1	1297556
1408	957	552	1257	1094	548	0	1298813
1409	552	1257	1094	548	1156	0	1299907
1410	1257	1094	548	1156	977	1	1300455
1411	1094	548	1156	977	525	0	1301611
1412	548	1156	977	525	1128	0	1302588
1413	1156	977	525	1128	903	1	1303113
1414	977	525	1128	903	541	0	1304241
1415	525	1128	903	541	1179	0	1305144
1416	1128	903	541	1179	969	1	1305685
1417	903	541	1179	969	541	0	1306864
1418	541	1179	969	541	1198	0	1307833
1419	1179	969	541	1198	1035	1	1308374
1420	969	541	1198	1035	549	0	1309572
1421	541	1198	1035	549	1183	0	1310607
1422	1198	1035	549	1183	1038	1	1311156
1423	1035	549	1183	1038	553	0	1312339
1424	549	1183	1038	553	1171	0	1313377
1425	1183	1038	553	1171	950	1	1313930
1426	1038	553	1171	950	544	0	1315101
1427	553	1171	950	544	1148	0	1316051
1428	1171	950	544	1148	918	1	1316595
1429	950	544	1148	918	534	0	1317743
1430	544	1148	918	534	1225	0	1318661
1431	1148	918	534	1225	977	1	1319195
1432	918	534	1225	977	545	0	1320420
1433	534	1225	977	545	1233	0	1321397
1434	1225	977	545	1233	1016	1	1321942
1435	977	545	1233	1016	560	0	1323175
1436	545	1233	1016	560	1206	0	1324191
1437	1233	1016	560	1206	1012	1	1324751
1438	1016	560	1206	1012	560	0	1325957
1439	560	1206	1012	560	1171	0	1326969
1440	1206	1012	560	1171	954	1	1327529
1441	1012	560	1171	954	548	0	1328700
1442	560	1171	954	548	1183	0	1329654
1443	1171	954	548	1183	961	1	1330202
1444	954	548	1183	961	553	0	1331385
1445	548	1183	961	553	1222	0	1332346
1446	1183	961	553	1222	957	1	1332899
1447	961	553	1222	957	572	0	1334121
1448	553	1222	957	572	1249	0	1335078
1449	1222	957	572	1249	973	1	1335650
1450	957	572	1249	973	552	0	1336899
1451	572	1249	973	552	1276	0	1337872
1452	1249	973	552	1276	619	1	1338424
1453	973	552	1276	619	1339	0	1339700
1454	552	1276	619	1339	595	1	1340319
1455	1276	619	1339	595	1276	0	1341658
1456	619	1339	595	1276	1039	1	1342253
1457	1339	595	1276	1039	533	0	1343529
1458	595	1276	1039	533	1167	0	1344568
1459	1276	1039	533	1167	958	1	1345101
1460	1039	533	1167	958	521	0	1346268
1461	533	1167	958	521	1144	0	1347226
1462	1167	958	521	1144	802	1	1347747
1463	958	521	1144	802	502	0	1348891
1464	521	1144	802	502	1136	0	1349693
1465	1144	802	502	1136	996	1	1350195
1466	802	502	1136	996	541	0	1351331
1467	502	1136	996	541	1183	0	1352327
1468	1136	996	541	1183	933	1	1352868
1469	996	541	1183	933	526	0	1354051
1470	541	1183	933	526	1183	0	1354984
1471	1183	933	526	1183	922	1	1355510
1472	933	526	1183	922	537	0	1356693
1473	526	1183	922	537	1245	0	1357615
1474	1183	922	537	1245	1008	1	1358152
1475	922	537	1245	1008	560	0	1359397
1476	537	1245	1008	560	1233	0	1360405
1477	1245	1008	560	1233	1090	1	1360965
1478	1008	560	1233	1090	556	0	1362198
1479	560	1233	1090	556	1195	0	1363288
1480	1233	1090	556	1195	1023	1	1363844
1481	1090	556	1195	1023	549	0	1365039
1482	556	1195	1023	549	1202	0	1366062
1483	1195	1023	549	1202	1008	1	1366611
1484	1023	549	1202	1008	580	0	1367813
1485	549	1202	1008	580	1307	0	1368821
1486	1202	1008	580	1307	669	1	1369401
1487	1008	580	1307	669	1382	0	1370708
1488	580	1307	669	1382	595	1	1371377
1489	1307	669	1382	595	1323	0	1372759
1490	669	1382	595	1323	1121	1	1373354
1491	1382	595	1323	1121	564	0	1374677
1492	595	1323	1121	564	1214	0	1375798
1493	1323	1121	564	1214	1144	1	1376362
1494	1121	564	1214	1144	1101	0	1377576
1495	564	1214	1144	1101	1078	0	1378720
1496	1214	1144	1101	1078	1093	0	1379821
1497	1144	1101	1078	1093	564	0	1380899
1498	1101	1078	1093	564	1207	0	1381992
1499	1078	1093	564	1207	1039	1	1382556
1500	1093	564	1207	1039	540	0	1383763
1501	564	1207	1039	540	1211	0	1384802
1502	1207	1039	540	1211	996	1	1385342
1503	1039	540	1211	996	556	0	1386553
1504	540	1211	996	556	1245	0	1387549
1505	1211	996	556	1245	1144	1	1388105
1506	996	556	1245	1144	549	0	1389350
1507	556	1245	1144	549	1202	0	1390494
1508	1245	1144	549	1202	1086	1	1391043
1509	1144	549	1202	1086	1085	0	1392245
1510	549	1202	1086	1085	1016	0	1393331
1511	1202	1086	1085	1016	1047	0	1394416
1512	1086	1085	1016	1047	560	0	1395432
1513	1085	1016	1047	560	1218	0	1396479
1514	1016	1047	560	1218	1082	1	1397039
1515	1047	560	1218	1082	548	0	1398257
1516	560	1218	1082	548	1199	0	1399339
1517	1218	1082	548	1199	1003	1	1399887
1518	1082	548	1199	1003	565	0	1401086
1519	548	1199	1003	565	1225	0	1402089
1520	1199	1003	565	1225	1039	1	1402654
1521	1003	565	1225	1039	576	0	1403879
1522	565	1225	1039	576	1273	0	1404918
1523	1225	1039	576	1273	642	1	1405494
1524	1039	576	1273	642	1389	0	1406767
1525	576	1273	642	1389	599	1	1407409
1526	1273	642	1389	599	1350	0	1408798
1527	642	1389	599	1350	646	1	1409397
1528	1389	599	1350	646	1381	0	1410747
1529	599	1350	646	1381	712	1	1411393
1530	1350	646	1381	712	1382	0	1412774
1531	646	1381	712	1382	1093	1	1413486
1532	1381	712	1382	1093	553	0	1414868
1533	712	1382	1093	553	1186	0	1415961
1534	1382	1093	553	1186	1024	1	1416514
1535	1093	553	1186	1024	548	0	1417700
1536	553	1186	1024	548	1179	0	1418724
1537	1186	1024	548	1179	950	1	1419272
1538	1024	548	1179	950	545	0	1420451
1539	548	1179	950	545	1202	0	1421401
1540	1179	950	545	1202	957	1	1421946
1541	950	545	1202	957	553	0	1423148
1542	545	1202	957	553	1264	0	1424105
1543	1202	957	553	1264	1031	1	1424658
1544	957	553	1264	1031	561	0	1425922
1545	553	1264	1031	561	1171	0	1426953
1546	1264	1031	561	1171	953	1	1427514
1547	1031	561	1171	953	537	0	1428685
1548	561	1171	953	537	1195	0	1429638
1549	1171	953	537	1195	953	1	1430175
1550	953	537	1195	953	541	0	1431370
1551	537	1195	953	541	1214	0	1432323
1552	1195	953	541	1214	965	1	1432864
1553	953	541	1214	965	568	0	1434078
1554	541	1214	965	568	1194	0	1435043
1555	1214	965	568	1194	1000	1	1435611
1556	965	568	1194	1000	561	0	1436805
1557	568	1194	1000	561	1179	0	1437805
1558	1194	1000	561	1179	1004	1	1438366
1559	1000	561	1179	1004	544	0	1439545
1560	561	1179	1004	544	1164	0	1440549
1561	1179	1004	544	1164	934	1	1441093
1562	1004	544	1164	934	537	0	1442257
1563	544	1164	934	537	1206	0	1443191
1564	1164	934	537	1206	957	1	1443728
1565	934	537	1206	957	553	0	1444934
1566	537	1206	957	553	1256	0	1445891
1567	1206	957	553	1256	1125	1	1446444
1568	957	553	1256	1125	556	0	1447700
1569	553	1256	1125	556	1222	0	1448825
1570	1256	1125	556	1222	1105	1	1449381
1571	1125	556	1222	1105	564	0	1450603
1572	556	1222	1105	564	1195	0	1451708
1573	1222	1105	564	1195	1035	1	1452272
1574	1105	564	1195	1035	556	0	1453467
1575	564	1195	1035	556	1195	0	1454502
1576	1195	1035	556	1195	980	1	1455058
1577	1035	556	1195	980	545	0	1456253
1578	556	1195	980	545	1234	0	1457233
1579	1195	980	545	1234	1046	1	1457778
1580	980	545	1234	1046	565	0	1459012
1581	545	1234	1046	565	1225	0	1460058
1582	1234	1046	565	1225	697	1	1460623
1583	1046	565	1225	697	1447	0	1461848
1584	565	1225	697	1447	561	1	1462545
1585	1225	697	1447	561	1256	0	1463992
1586	697	1447	561	1256	996	1	1464553
1587	1447	561	1256	996	557	0	1465809
1588	561	1256	996	557	1163	0	1466805
1589	1256	996	557	1163	961	1	1467362
1590	996	557	1163	961	549	0	1468525
1591	557	1163	961	549	1210	0	1469486
1592	1163	961	549	1210	1012	1	1470035
1593	961	549	1210	1012	564	0	1471245
1594	549	1210	1012	564	1156	0	1472257
1595	1210	1012	564	1156	996	1	1472821
1596	1012	564	1156	996	556	0	1473977
1597	564	1156	996	556	1183	0	1474973
1598	1156	996	556	1183	1051	1	1475529
1599	996	556	1183	1051	568	0	1476712
1600	556	1183	1051	568	1190	0	1477763
1601	1183	1051	568	1190	1043	1	1478331
1602	1051	568	1190	1043	568	0	1479521
1603	568	1190	1043	568	1183	0	1480564
1604	1190	1043	568	1183	1039	1	1481132
1605	1043	568	1183	1039	553	0	1482315
1606	568	1183	1039	553	1194	0	1483354
1607	1183	1039	553	1194	1043	1	1483907
1608	1039	553	1194	1043	568	0	1485101
1609	553	1194	1043	568	1183	0	1486144
1610	1194	1043	568	1183	1058	1	1486712
1611	1043	568	1183	1058	557	0	1487895
1612	568	1183	1058	557	1171	0	1488953
1613	1183	1058	557	1171	1000	1	1489510
1614	1058	557	1171	1000	552	0	1490681
1615	557	1171	1000	552	1168	0	1491681
1616	1171	1000	552	1168	1000	1	1492233
1617	1000	552	1168	1000	572	0	1493401
1618	552	1168	1000	572	1229	0	1494401
1619	1168	1000	572	1229	1117	1	1494973
1620	1000	572	1229	1117	580	0	1496202
1621	572	1229	1117	580	1226	0	1497319
1622	1229	1117	580	1226	1252	1	1497899
1623	1117	580	1226	1252	557	0	1499125
1624	580	1226	1252	557	1206	0	1500377
1625	1226	1252	557	1206	1093	1	1500934
1626	1252	557	1206	1093	549	0	1502140
1627	557	1206	1093	549	1160	0	1503233
1628	1206	1093	549	1160	941	1	1503782
1629	1093	549	1160	941	549	0	1504942
1630	549	1160	941	549	1144	0	1505883
1631	1160	941	549	1144	914	1	1506432
1632	941	549	1144	914	533	0	1507576
1633	549	1144	914	533	1187	0	1508490
1634	1144	914	533	1187	973	1	1509023
1635	914	533	1187	973	584	0	1510210
1636	533	1187	973	584	1233	0	1511183
1637	1187	973	584	1233	634	1	1511767
1638	973	584	1233	634	1382	0	1513000
1639	584	1233	634	1382	575	1	1513634
1640	1233	634	1382	575	1308	0	1515016
1641	634	1382	575	1308	774	1	1515591
1642	1382	575	1308	774	1436	0	1516899
1643	575	1308	774	1436	572	0	1517673
1644	1308	774	1436	572	1218	0	1519109
1645	774	1436	572	1218	961	1	1519681
1646	1436	572	1218	961	549	0	1520899
1647	572	1218	961	549	1225	0	1521860
1648	1218	961	549	1225	1027	1	1522409
1649	961	549	1225	1027	553	0	1523634
1650	549	1225	1027	553	1206	0	1524661
1651	1225	1027	553	1206	1020	1	1525214
1652	1027	553	1206	1020	572	0	1526420
1653	553	1206	1020	572	1155	0	1527440
1654	1206	1020	572	1155	961	1	1528012
1655	1020	572	1155	961	530	0	1529167
1656	572	1155	961	530	1132	0	1530128
1657	1155	961	530	1132	895	1	1530658
1658	961	530	1132	895	560	0	1531790
1659	530	1132	895	560	1132	0	1532685
1660	1132	895	560	1132	891	1	1533245
1661	895	560	1132	891	534	0	1534377
1662	560	1132	891	534	1105	0	1535268
1663	1132	891	534	1105	883	1	1535802
1664	891	534	1105	883	552	0	1536907
1665	534	1105	883	552	1199	0	1537790
1666	1105	883	552	1199	910	1	1538342
1667	883	552	1199	910	545	0	1539541
1668	552	1199	910	545	1148	0	1540451
1669	1199	910	545	1148	918	1	1540996
1670	910	545	1148	918	549	0	1542144
1671	545	1148	918	549	1175	0	1543062
1672	1148	918	549	1175	969	1	1543611
1673	918	549	1175	969	549	0	1544786
1674	549	1175	969	549	1089	0	1545755
1675	1175	969	549	1089	918	1	1546304
1676	969	549	1089	918	533	0	1547393
1677	549	1089	918	533	1183	0	1548311
1678	1089	918	533	1183	965	1	1548844
1679	918	533	1183	965	533	0	1550027
1680	533	1183	965	533	1195	0	1550992
1681	1183	965	533	1195	953	1	1551525
1682	965	533	1195	953	549	0	1552720
1683	533	1195	953	549	1233	0	1553673
1684	1195	953	549	1233	895	1	1554222
1685	953	549	1233	895	545	0	1555455
1686	549	1233	895	545	1300	0	1556350
1687	1233	895	545	1300	758	1	1556895
1688	895	545	1300	758	1494	0	1558195
1689	545	1300	758	1494	561	1	1558953
1690	1300	758	1494	561	1264	0	1560447
1691	758	1494	561	1264	1121	1	1561008
1692	1494	561	1264	1121	549	0	1562272
1693	561	1264	1121	549	1155	0	1563393
1694	1264	1121	549	1155	957	1	1563942
1695	1121	549	1155	957	580	0	1565097
1696	549	1155	957	580	1187	0	1566054
1697	1155	957	580	1187	934	1	1566634
1698	957	580	1187	934	533	0	1567821
1699	580	1187	934	533	1171	0	1568755
1700	1187	934	533	1171	922	1	1569288
1701	934	533	1171	922	530	0	1570459
1702	533	1171	922	530	1128	0	1571381
1703	1171	922	530	1128	891	1	1571911
1704	922	530	1128	891	560	0	1573039
1705	530	1128	891	560	1234	0	1573930
1706	1128	891	560	1234	941	1	1574490
1707	891	560	1234	941	545	0	1575724
1708	560	1234	941	545	1218	0	1576665
1709	1234	941	545	1218	1000	1	1577210
1710	941	545	1218	1000	537	0	1578428
1711	545	1218	1000	537	1179	0	1579428
1712	1218	1000	537	1179	953	1	1579965
1713	1000	537	1179	953	533	0	1581144
1714	537	1179	953	533	1160	0	1582097
1715	1179	953	533	1160	945	1	1582630
1716	953	533	1160	945	533	0	1583790
1717	533	1160	945	533	1191	0	1584735
1718	1160	945	533	1191	1008	1	1585268
1719	945	533	1191	1008	564	0	1586459
1720	533	1191	1008	564	1191	0	1587467
1721	1191	1008	564	1191	1074	1	1588031
1722	1008	564	1191	1074	556	0	1589222
1723	564	1191	1074	556	1140	0	1590296
1724	1191	1074	556	1140	977	1	1590852
1725	1074	556	1140	977	545	0	1591992
1726	556	1140	977	545	1144	0	1592969
1727	1140	977	545	1144	957	1	1593514
1728	977	545	1144	957	552	0	1594658
1729	545	1144	957	552	1172	0	1595615
1730	1144	957	552	1172	984	1	1596167
1731	957	552	1172	984	552	0	1597339
1732	552	1172	984	552	1137	0	1598323
1733	1172	984	552	1137	957	1	1598875
1734	984	552	1137	957	533	0	1600012
1735	552	1137	957	533	1159	0	1600969
1736	1137	957	533	1159	934	1	1601502
1737	957	533	1159	934	541	0	1602661
1738	533	1159	934	541	1214	0	1603595
1739	1159	934	541	1214	1043	1	1604136
1740	934	541	1214	1043	556	0	1605350
1741	541	1214	1043	556	1195	0	1606393
1742	1214	1043	556	1195	1039	1	1606949
1743	1043	556	1195	1039	545	0	1608144
1744	556	1195	1039	545	1249	0	1609183
1745	1195	1039	545	1249	1081	1	1609728
1746	1039	545	1249	1081	553	0	1610977
1747	545	1249	1081	553	1148	0	1612058
1748	1249	1081	553	1148	973	1	1612611
1749	1081	553	1148	973	536	0	1613759
1750	553	1148	973	536	1137	0	1614732
1751	1148	973	536	1137	926	1	1615268
1752	973	536	1137	926	529	0	1616405
1753	536	1137	926	529	1191	0	1617331
1754	1137	926	529	1191	933	1	1617860
1755	926	529	1191	933	549	0	1619051
1756	529	1191	933	549	1191	0	1619984
1757	1191	933	549	1191	1031	1	1620533
1758	933	549	1191	1031	560	0	1621724
1759	549	1191	1031	560	1234	0	1622755
1760	1191	1031	560	1234	1144	1	1623315
1761	1031	560	1234	1144	548	0	1624549
1762	560	1234	1144	548	1144	0	1625693
1763	1234	1144	548	1144	1000	1	1626241
1764	1144	548	1144	1000	553	0	1627385
1765	548	1144	1000	553	1155	0	1628385
1766	1144	1000	553	1155	1004	1	1628938
1767	1000	553	1155	1004	545	0	1630093
1768	553	1155	1004	545	1206	0	1631097
1769	1155	1004	545	1206	973	1	1631642
1770	1004	545	1206	973	556	0	1632848
1771	545	1206	973	556	1183	0	1633821
1772	1206	973	556	1183	1035	1	1634377
1773	973	556	1183	1035	549	0	1635560
1774	556	1183	1035	549	1175	0	1636595
1775	1183	1035	549	1175	1020	1	1637144
1776	1035	549	1175	1020	556	0	1638319
1777	549	1175	1020	556	1198	0	1639339
1778	1175	1020	556	1198	1028	1	1639895
1779	1020	556	1198	1028	544	0	1641093
1780	556	1198	1028	544	1156	0	1642121
1781	1198	1028	544	1156	934	1	1642665
1782	1028	544	1156	934	541	0	1643821
1783	544	1156	934	541	1229	0	1644755
1784	1156	934	541	1229	1004	1	1645296
1785	934	541	1229	1004	568	0	1646525
1786	541	1229	1004	568	1191	0	1647529
1787	1229	1004	568	1191	996	1	1648097
1788	1004	568	1191	996	556	0	1649288
1789	568	1191	996	556	1191	0	1650284
1790	1191	996	556	1191	1016	1	1650840
1791	996	556	1191	1016	552	0	1652031
1792	556	1191	1016	552	1191	0	1653047
1793	1191	1016	552	1191	977	1	1653599
1794	1016	552	1191	977	552	0	1654790
1795	552	1191	977	552	1199	0	1655767
1796	1191	977	552	1199	1011	1	1656319
1797	977	552	1199	1011	553	0	1657518
1798	552	1199	1011	553	1140	0	1658529
1799	1199	1011	553	1140	941	1	1659082
1800	1011	553	1140	941	522	0	1660222
1801	553	1140	941	522	1082	0	1661163
1802	1140	941	522	1082	891	1	1661685
1803	941	522	1082	891	898	0	1662767
1804	522	1082	891	898	526	0	1663658
1805	1082	891	898	526	1093	0	1664556
1806	891	898	526	1093	961	1	1665082
1807	898	526	1093	961	549	0	1666175
1808	526	1093	961	549	1093	0	1667136
1809	1093	961	549	1093	895	1	1667685
1810	961	549	1093	895	533	0	1668778
1811	549	1093	895	533	1121	0	1669673
1812	1093	895	533	1121	922	1	1670206
1813	895	533	1121	922	545	0	1671327
1814	533	1121	922	545	1167	0	1672249
1815	1121	922	545	1167	981	1	1672794
1816	922	545	1167	981	556	0	1673961
1817	545	1167	981	556	1210	0	1674942
1818	1167	981	556	1210	1187	1	1675498
1819	981	556	1210	1187	1191	0	1676708
1820	556	1210	1187	1191	1124	0	1677895
1821	1210	1187	1191	1124	560	0	1679086
1822	1187	1191	1124	560	1172	0	1680210
1823	1191	1124	560	1172	984	1	1680770
1824	1124	560	1172	984	576	0	1681942
1825	560	1172	984	576	1198	0	1682926
1826	1172	984	576	1198	930	1	1683502
1827	984	576	1198	930	545	0	1684700
1828	576	1198	930	545	1132	0	1685630
1829	1198	930	545	1132	934	1	1686175
1830	930	545	1132	934	557	0	1687307
1831	545	1132	934	557	1179	0	1688241
1832	1132	934	557	1179	1042	1	1688798
1833	934	557	1179	1042	561	0	1689977
1834	557	1179	1042	561	1225	0	1691019
1835	1179	1042	561	1225	1098	1	1691580
1836	1042	561	1225	1098	1186	0	1692805
1837	561	1225	1098	1186	549	0	1693903
1838	1225	1098	1186	549	1206	0	1695089
1839	1098	1186	549	1206	954	1	1695638
1840	1186	549	1206	954	607	0	1696844
1841	549	1206	954	607	1272	0	1697798
1842	1206	954	607	1272	973	1	1698405
1843	954	607	1272	973	533	0	1699677
1844	607	1272	973	533	1156	0	1700650
1845	1272	973	533	1156	922	1	1701183
1846	973	533	1156	922	541	0	1702339
1847	533	1156	922	541	1120	0	1703261
1848	1156	922	541	1120	934	1	1703802
1849	922	541	1120	934	553	0	1704922
1850	541	1120	934	553	1163	0	1705856
1851	1120	934	553	1163	996	1	1706409
1852	934	553	1163	996	568	0	1707572
1853	553	1163	996	568	1179	0	1708568
1854	1163	996	568	1179	1047	1	1709136
1855	996	568	1179	1047	549	0	1710315
1856	568	1179	1047	549	1198	0	1711362
1857	1179	1047	549	1198	1023	1	1711911
1858	1047	549	1198	1023	541	0	1713109
1859	549	1198	1023	541	1148	0	1714132
1860	1198	1023	541	1148	918	1	1714673
1861	1023	541	1148	918	541	0	1715821
1862	541	1148	918	541	1160	0	1716739
1863	1148	918	541	1160	1000	1	1717280
1864	918	541	1160	1000	544	0	1718440
1865	541	1160	1000	544	1176	0	1719440
1866	1160	1000	544	1176	1019	1	1719984
1867	1000	544	1176	1019	556	0	1721160
1868	544	1176	1019	556	1179	0	1722179
1869	1176	1019	556	1179	1043	1	1722735
1870	1019	556	1179	1043	549	0	1723914
1871	556	1179	1043	549	1229	0	1724957
1872	1179	1043	549	1229	1063	1	1725506
1873	1043	549	1229	1063	1140	0	1726735
1874	549	1229	1063	1140	1066	0	1727798
1875	1229	1063	1140	1066	556	0	1728938
1876	1063	1140	1066	556	1234	0	1730004
1877	1140	1066	556	1234	961	1	1730560
1878	1066	556	1234	961	556	0	1731794
1879	556	1234	961	556	1168	0	1732755
1880	1234	961	556	1168	941	1	1733311
1881	961	556	1168	941	564	0	1734479
1882	556	1168	941	564	1214	0	1735420
1883	1168	941	564	1214	1000	1	1735984
1884	941	564	1214	1000	950	0	1737198
1885	564	1214	1000	950	899	0	1738198
1886	1214	1000	950	899	852	0	1739148
1887	1000	950	899	852	860	0	1740047
1888	950	899	852	860	521	0	1740899
1889	899	852	860	521	1027	0	1741759
1890	852	860	521	1027	814	1	1742280
1891	860	521	1027	814	583	0	1743307
1892	521	1027	814	583	922	0	1744121
1893	1027	814	583	922	755	1	1744704
1894	814	583	922	755	728	0	1745626
1895	583	922	755	728	747	0	1746381
1896	922	755	728	747	720	0	1747109
1897	755	728	747	720	716	0	1747856
1898	728	747	720	716	716	0	1748576
1899	747	720	716	716	704	0	1749292
1900	720	716	716	704	697	0	1750008
1901	716	716	704	697	572	0	1750712
1902	716	704	697	572	786	0	1751409
1903	704	697	572	786	688	1	1751981
1904	697	572	786	688	685	0	1752767
1905	572	786	688	685	545	0	1753455
1906	786	688	685	545	833	0	1754140
1907	688	685	545	833	712	1	1754685
1908	685	545	833	712	786	0	1755518
1909	545	833	712	786	544	0	1756230
1910	833	712	786	544	1113	0	1757016
1911	712	786	544	1113	985	1	1757560
1912	786	544	1113	985	502	0	1758673
1913	544	1113	985	502	1050	0	1759658
1914	1113	985	502	1050	872	1	1760160
1915	985	502	1050	872	809	0	1761210
1916	502	1050	872	809	852	0	1762082
1917	1050	872	809	852	487	0	1762891
1918	872	809	852	487	867	0	1763743
1919	809	852	487	867	1113	1	1764230
1920	852	487	867	1113	868	0	1765097
1921	487	867	1113	868	833	0	1766210
1922	867	1113	868	833	482	0	1767078
1923	1113	868	833	482	992	0	1767911
1924	868	833	482	992	806	1	1768393
1925	833	482	992	806	579	0	1769385
1926	482	992	806	579	923	0	1770191
1927	992	806	579	923	766	1	1770770
1928	806	579	923	766	751	0	1771693
1929	579	923	766	751	743	0	1772459
1930	923	766	751	743	491	0	1773210
1931	766	751	743	491	953	0	1773953
1932	751	743	491	953	782	1	1774444
1933	743	491	953	782	759	0	1775397
1934	491	953	782	759	467	0	1776179
1935	953	782	759	467	926	0	1776938
1936	782	759	467	926	762	1	1777405
1937	759	467	926	762	549	0	1778331
1938	467	926	762	549	930	0	1779093
1939	926	762	549	930	767	1	1779642
1940	762	549	930	767	793	0	1780572
1941	549	930	767	793	802	0	1781339
1942	930	767	793	802	478	0	1782132
1943	767	793	802	478	1086	0	1782934
1944	793	802	478	1086	891	1	1783412
1945	802	478	1086	891	844	0	1784498
1946	478	1086	891	844	841	0	1785389
1947	1086	891	844	841	825	0	1786233
1948	891	844	841	825	809	0	1787074
1949	844	841	825	809	475	0	1787899
1950	841	825	809	475	969	0	1788708
1951	825	809	475	969	782	1	1789183
1952	809	475	969	782	607	0	1790152
1953	475	969	782	607	918	0	1790934
1954	969	782	607	918	771	0	1791541
1955	782	607	918	771	778	0	1792459
1956	607	918	771	778	467	0	1793230
1957	918	771	778	467	988	0	1794008
1958	771	778	467	988	763	1	1794475
1959	778	467	988	763	529	0	1795463
1960	467	988	763	529	977	0	1796226
1961	988	763	529	977	786	1	1796755
1962	763	529	977	786	618	0	1797732
