i-2	i-1	i+0	i+1	i+2	Filter
51	385	385	385	382	0
385	385	385	382	381	0
385	385	382	381	377	0
385	382	381	377	386	0
382	381	377	386	377	0
381	377	386	377	385	0
377	386	377	385	378	0
386	377	385	378	381	0
377	385	378	381	377	0
385	378	381	377	382	0
378	381	377	382	373	0
381	377	382	373	382	0
377	382	373	382	377	0
382	373	382	377	374	0
373	382	377	374	381	0
382	377	374	381	369	0
377	374	381	369	378	0
374	381	369	378	377	0
381	369	378	377	374	0
369	378	377	374	373	0
378	377	374	373	378	0
377	374	373	378	373	0
374	373	378	373	374	0
373	378	373	374	385	0
378	373	374	385	381	0
373	374	385	381	382	0
374	385	381	382	377	0
385	381	382	377	385	0
381	382	377	385	382	0
382	377	385	382	381	0
377	385	382	381	381	0
385	382	381	381	386	0
382	381	381	386	381	0
381	381	386	381	389	0
381	386	381	389	385	0
386	381	389	385	389	0
381	389	385	389	393	0
389	385	389	393	386	0
385	389	393	386	396	0
389	393	386	396	393	0
393	386	396	393	393	0
386	396	393	393	397	0
396	393	393	397	393	0
393	393	397	393	397	0
393	397	393	397	389	0
397	393	397	389	397	0
393	397	389	397	393	0
397	389	397	393	393	0
389	397	393	393	393	0
397	393	393	393	393	0
393	393	393	393	397	0
393	393	393	397	389	0
393	393	397	389	389	0
393	397	389	389	401	0
397	389	389	401	385	0
389	389	401	385	393	0
389	401	385	393	389	0
401	385	393	389	382	0
385	393	389	382	401	0
393	389	382	401	393	1
389	382	401	393	392	0
382	401	393	392	393	0
401	393	392	393	405	0
393	392	393	405	381	0
392	393	405	381	393	0
393	405	381	393	397	0
405	381	393	397	393	0
381	393	397	393	393	0
393	397	393	393	389	1
397	393	393	389	393	0
393	393	389	393	393	0
393	389	393	393	393	0
389	393	393	393	390	0
393	393	393	390	385	0
393	393	390	385	385	0
393	390	385	385	389	0
390	385	385	389	381	0
385	385	389	381	382	0
385	389	381	382	385	0
389	381	382	385	385	0
381	382	385	385	378	0
382	385	385	378	385	0
385	385	378	385	385	0
385	378	385	385	377	0
378	385	385	377	390	0
385	385	377	390	377	0
385	377	390	377	389	0
377	390	377	389	385	0
390	377	389	385	401	0
377	389	385	401	350	0
389	385	401	350	428	0
385	401	350	428	389	1
401	350	428	389	390	0
350	428	389	390	393	0
428	389	390	393	393	0
389	390	393	393	385	0
390	393	393	385	385	0
393	393	385	385	393	0
393	385	385	393	381	0
385	385	393	381	389	0
385	393	381	389	386	0
393	381	389	386	385	0
381	389	386	385	385	0
389	386	385	385	381	0
386	385	385	381	378	0
385	385	381	378	393	0
385	381	378	393	389	1
381	378	393	389	385	0
378	393	389	385	381	0
393	389	385	381	389	0
389	385	381	389	382	0
385	381	389	382	389	0
381	389	382	389	377	0
389	382	389	377	386	0
382	389	377	386	381	0
389	377	386	381	377	0
377	386	381	377	382	0
386	381	377	382	385	0
381	377	382	385	373	0
377	382	385	373	374	0
382	385	373	374	385	0
385	373	374	385	362	0
373	374	385	362	374	0
374	385	362	374	369	0
385	362	374	369	374	0
362	374	369	374	373	0
374	369	374	373	374	0
369	374	373	374	369	0
374	373	374	369	362	0
373	374	369	362	366	0
374	369	362	366	366	0
369	362	366	366	370	0
362	366	366	370	361	0
366	366	370	361	374	0
366	370	361	374	350	0
370	361	374	350	362	0
361	374	350	362	362	0
374	350	362	362	350	0
350	362	362	350	370	0
362	362	350	370	354	1
362	350	370	354	362	0
350	370	354	362	354	0
370	354	362	354	354	0
354	362	354	354	358	0
362	354	354	358	354	0
354	354	358	354	354	0
354	358	354	354	358	0
358	354	354	358	350	0
354	354	358	350	354	0
354	358	350	354	350	0
358	350	354	350	351	0
350	354	350	351	354	0
354	350	351	354	346	0
350	351	354	346	346	0
351	354	346	346	347	0
354	346	346	347	354	0
346	346	347	354	346	0
346	347	354	346	342	0
347	354	346	342	335	0
354	346	342	335	362	0
346	342	335	362	342	0
342	335	362	342	347	0
335	362	342	347	350	0
362	342	347	350	342	0
342	347	350	342	343	0
347	350	342	343	342	0
350	342	343	342	346	0
342	343	342	346	327	0
343	342	346	327	354	0
342	346	327	354	343	0
346	327	354	343	342	0
327	354	343	342	346	0
354	343	342	346	339	0
343	342	346	339	338	0
342	346	339	338	343	0
346	339	338	343	342	0
339	338	343	342	343	0
338	343	342	343	338	0
343	342	343	338	343	0
342	343	338	343	334	0
343	338	343	334	343	0
338	343	334	343	342	0
343	334	343	342	339	0
334	343	342	339	338	0
343	342	339	338	346	0
342	339	338	346	343	0
339	338	346	343	342	0
338	346	343	342	343	0
346	343	342	343	342	0
343	342	343	342	339	0
342	343	342	339	346	0
343	342	339	346	342	0
342	339	346	342	343	0
339	346	342	343	346	0
346	342	343	346	342	0
342	343	346	342	327	0
343	346	342	327	362	0
346	342	327	362	346	0
342	327	362	346	351	0
327	362	346	351	338	0
362	346	351	338	350	0
346	351	338	350	335	0
351	338	350	335	358	0
338	350	335	358	339	0
350	335	358	339	350	0
335	358	339	350	346	0
358	339	350	346	346	0
339	350	346	346	351	0
350	346	346	351	342	0
346	346	351	342	350	0
346	351	342	350	323	0
351	342	350	323	366	0
342	350	323	366	350	0
350	323	366	350	346	0
323	366	350	346	351	0
366	350	346	351	350	0
350	346	351	350	350	0
346	351	350	350	350	0
351	350	350	350	346	0
350	350	350	346	355	0
350	350	346	355	350	0
350	346	355	350	346	0
346	355	350	346	358	0
355	350	346	358	346	0
350	346	358	346	358	0
346	358	346	358	350	0
358	346	358	350	362	0
346	358	350	362	354	0
358	350	362	354	362	0
350	362	354	362	354	0
362	354	362	354	354	0
354	362	354	354	362	0
362	354	354	362	362	0
354	354	362	362	358	0
354	362	362	358	362	0
362	362	358	362	362	0
362	358	362	362	362	0
358	362	362	362	362	0
362	362	362	362	362	0
362	362	362	362	365	0
362	362	362	365	362	0
362	362	365	362	366	0
362	365	362	366	370	0
365	362	366	370	361	0
362	366	370	361	370	0
366	370	361	370	366	0
370	361	370	366	373	0
361	370	366	373	366	0
370	366	373	366	374	0
366	373	366	374	369	0
373	366	374	369	374	0
366	374	369	374	373	0
374	369	374	373	374	0
369	374	373	374	370	0
374	373	374	370	373	0
373	374	370	373	374	0
374	370	373	374	365	0
370	373	374	365	374	0
373	374	365	374	373	0
374	365	374	373	370	0
365	374	373	370	378	0
374	373	370	378	377	0
373	370	378	377	377	0
370	378	377	377	382	0
378	377	377	382	354	0
377	377	382	354	420	0
377	382	354	420	385	1
382	354	420	385	378	0
354	420	385	378	393	0
420	385	378	393	381	0
385	378	393	381	389	0
378	393	381	389	381	0
393	381	389	381	390	0
381	389	381	390	381	0
389	381	390	381	389	0
381	390	381	389	385	0
390	381	389	385	389	0
381	389	385	389	393	0
389	385	389	393	389	0
385	389	393	389	393	0
389	393	389	393	393	0
393	389	393	393	393	0
389	393	393	393	397	0
393	393	393	397	397	0
393	393	397	397	397	0
393	397	397	397	413	0
397	397	397	413	354	0
397	397	413	354	451	0
397	413	354	451	401	1
413	354	451	401	404	0
354	451	401	404	405	0
451	401	404	405	409	0
401	404	405	409	404	0
404	405	409	404	405	0
405	409	404	405	409	0
409	404	405	409	400	0
404	405	409	400	409	0
405	409	400	409	405	0
409	400	409	405	404	0
400	409	405	404	405	0
409	405	404	405	405	0
405	404	405	405	408	0
404	405	405	408	409	0
405	405	408	409	404	0
405	408	409	404	417	0
408	409	404	417	408	0
409	404	417	408	417	0
404	417	408	417	416	0
417	408	417	416	409	0
408	417	416	409	412	0
417	416	409	412	416	0
416	409	412	416	413	0
409	412	416	413	416	0
412	416	413	416	409	0
416	413	416	409	412	0
413	416	409	412	409	0
416	409	412	409	412	0
409	412	409	412	413	0
412	409	412	413	412	0
409	412	413	412	412	0
412	413	412	412	413	0
413	412	412	413	397	0
412	412	413	397	416	0
412	413	397	416	409	1
413	397	416	409	404	0
397	416	409	404	401	0
416	409	404	401	405	0
409	404	401	405	408	0
404	401	405	408	401	0
401	405	408	401	424	0
405	408	401	424	424	1
408	401	424	424	421	0
401	424	424	421	428	0
424	424	421	428	432	0
424	421	428	432	431	0
421	428	432	431	428	0
428	432	431	428	432	0
432	431	428	432	374	0
431	428	432	374	327	0
428	432	374	327	576	1
432	374	327	576	299	1
374	327	576	299	537	0
327	576	299	537	417	1
576	299	537	417	408	0
299	537	417	408	409	0
537	417	408	409	408	0
417	408	409	408	401	0
408	409	408	401	350	0
409	408	401	350	526	1
408	401	350	526	424	1
401	350	526	424	424	0
350	526	424	424	467	0
526	424	424	467	451	1
424	424	467	451	455	0
424	467	451	455	448	0
467	451	455	448	373	0
451	455	448	373	389	0
455	448	373	389	541	1
448	373	389	541	421	1
373	389	541	421	404	0
389	541	421	404	440	0
541	421	404	440	420	1
421	404	440	420	413	0
404	440	420	413	361	0
440	420	413	361	475	0
420	413	361	475	393	1
413	361	475	393	350	0
361	475	393	350	502	1
475	393	350	502	382	1
393	350	502	382	358	0
350	502	382	358	502	1
502	382	358	502	385	1
382	358	502	385	354	0
358	502	385	354	510	1
502	385	354	510	385	1
385	354	510	385	362	0
354	510	385	362	482	1
510	385	362	482	401	1
385	362	482	401	366	0
362	482	401	366	506	1
482	401	366	506	361	1
401	366	506	361	358	0
366	506	361	358	526	1
506	361	358	526	381	1
361	358	526	381	358	0
358	526	381	358	498	1
526	381	358	498	381	1
381	358	498	381	343	0
358	498	381	343	513	1
498	381	343	513	386	1
381	343	513	386	365	0
343	513	386	365	510	1
513	386	365	510	377	1
386	365	510	377	351	0
365	510	377	351	525	1
510	377	351	525	397	1
377	351	525	397	350	0
351	525	397	350	498	1
525	397	350	498	397	1
397	350	498	397	346	0
350	498	397	346	506	1
498	397	346	506	381	1
397	346	506	381	355	0
346	506	381	355	505	1
506	381	355	505	401	1
381	355	505	401	397	0
355	505	401	397	420	0
505	401	397	420	405	0
401	397	420	405	416	0
397	420	405	416	397	0
420	405	416	397	409	0
405	416	397	409	412	0
416	397	409	412	405	0
397	409	412	405	432	0
409	412	405	432	401	0
412	405	432	401	408	0
405	432	401	408	420	0
432	401	408	420	409	0
401	408	420	409	420	0
408	420	409	420	413	1
420	409	420	413	416	0
409	420	413	416	370	0
420	413	416	370	443	0
413	416	370	443	405	1
416	370	443	405	408	0
370	443	405	408	409	0
443	405	408	409	405	0
405	408	409	405	396	0
408	409	405	396	405	0
409	405	396	405	405	0
405	396	405	405	405	0
396	405	405	405	404	0
405	405	405	404	401	0
405	405	404	401	401	0
405	404	401	401	404	0
404	401	401	404	401	0
401	401	404	401	409	0
401	404	401	409	397	0
404	401	409	397	389	0
401	409	397	389	412	0
409	397	389	412	405	0
397	389	412	405	397	0
389	412	405	397	404	0
412	405	397	404	397	0
405	397	404	397	397	0
397	404	397	397	401	0
404	397	397	401	397	0
397	397	401	397	389	0
397	401	397	389	405	0
401	397	389	405	389	0
397	389	405	389	401	0
389	405	389	401	408	0
405	389	401	408	381	0
389	401	408	381	401	0
401	408	381	401	397	0
408	381	401	397	397	0
381	401	397	397	401	0
401	397	397	401	400	0
397	397	401	400	393	0
397	401	400	393	401	0
401	400	393	401	397	0
400	393	401	397	393	0
393	401	397	393	389	0
401	397	393	389	401	0
397	393	389	401	393	0
393	389	401	393	393	0
389	401	393	393	397	0
401	393	393	397	397	0
393	393	397	397	393	0
393	397	397	393	397	0
397	397	393	397	389	0
397	393	397	389	401	0
393	397	389	401	373	0
397	389	401	373	413	0
389	401	373	413	393	1
401	373	413	393	400	0
373	413	393	400	382	0
413	393	400	382	393	0
393	400	382	393	389	0
400	382	393	389	385	0
382	393	389	385	393	0
393	389	385	393	377	0
389	385	393	377	382	0
385	393	377	382	385	0
393	377	382	385	377	0
377	382	385	377	378	0
382	385	377	378	389	0
385	377	378	389	373	0
377	378	389	373	382	0
378	389	373	382	373	0
389	373	382	373	386	0
373	382	373	386	373	0
382	373	386	373	374	0
373	386	373	374	369	0
386	373	374	369	385	0
373	374	369	385	378	0
374	369	385	378	370	0
369	385	378	370	373	0
385	378	370	373	378	0
378	370	373	378	377	0
370	373	378	377	366	0
373	378	377	366	389	0
378	377	366	389	358	0
377	366	389	358	377	0
366	389	358	377	374	0
389	358	377	374	366	0
358	377	374	366	373	0
377	374	366	373	366	0
374	366	373	366	373	0
366	373	366	373	374	0
373	366	373	374	366	0
366	373	374	366	373	0
373	374	366	373	374	0
374	366	373	374	373	0
366	373	374	373	374	0
373	374	373	374	373	0
374	373	374	373	366	0
373	374	373	366	378	0
374	373	366	378	369	0
373	366	378	369	378	0
366	378	369	378	369	0
378	369	378	369	370	0
369	378	369	370	377	0
378	369	370	377	366	0
369	370	377	366	374	0
370	377	366	374	369	0
377	366	374	369	370	0
366	374	369	370	335	0
374	369	370	335	404	0
369	370	335	404	366	1
370	335	404	366	374	0
335	404	366	374	369	0
404	366	374	369	374	0
366	374	369	374	369	0
374	369	374	369	370	0
369	374	369	370	374	0
374	369	370	374	369	0
369	370	374	369	382	0
370	374	369	382	373	0
374	369	382	373	381	0
369	382	373	381	386	0
382	373	381	386	377	0
373	381	386	377	385	0
381	386	377	385	386	0
386	377	385	386	381	0
377	385	386	381	385	0
385	386	381	385	385	0
386	381	385	385	374	0
381	385	385	374	404	0
385	385	374	404	386	0
385	374	404	386	389	0
374	404	386	389	385	0
404	386	389	385	385	0
386	389	385	385	382	0
389	385	385	382	385	0
385	385	382	385	377	0
385	382	385	377	382	0
382	385	377	382	389	0
385	377	382	389	381	0
377	382	389	381	385	0
382	389	381	385	370	0
389	381	385	370	381	0
381	385	370	381	374	0
385	370	381	374	381	0
370	381	374	381	366	0
381	374	381	366	389	0
374	381	366	389	362	0
381	366	389	362	373	0
366	389	362	373	397	0
389	362	373	397	385	0
362	373	397	385	362	0
373	397	385	362	382	0
397	385	362	382	377	0
385	362	382	377	389	0
362	382	377	389	370	0
382	377	389	370	373	0
377	389	370	373	374	0
389	370	373	374	362	0
370	373	374	362	354	0
373	374	362	354	381	0
374	362	354	381	370	0
362	354	381	370	369	0
354	381	370	369	378	0
381	370	369	378	358	0
370	369	378	358	354	0
369	378	358	354	377	0
378	358	354	377	362	0
358	354	377	362	374	0
354	377	362	374	362	0
377	362	374	362	369	0
362	374	362	369	358	0
374	362	369	358	331	0
362	369	358	331	397	0
369	358	331	397	350	1
358	331	397	350	358	0
331	397	350	358	370	0
397	350	358	370	346	0
350	358	370	346	370	0
358	370	346	370	330	0
370	346	370	330	389	0
346	370	330	389	358	0
370	330	389	358	370	0
330	389	358	370	346	0
389	358	370	346	358	0
358	370	346	358	358	0
370	346	358	358	354	0
346	358	358	354	370	0
358	358	354	370	362	0
358	354	370	362	362	0
354	370	362	362	358	0
370	362	362	358	366	0
362	362	358	366	361	0
362	358	366	361	362	0
358	366	361	362	362	0
366	361	362	362	362	0
361	362	362	362	362	0
362	362	362	362	366	0
362	362	362	366	358	0
362	362	366	358	365	0
362	366	358	365	374	0
366	358	365	374	346	0
358	365	374	346	312	0
365	374	346	312	431	1
374	346	312	431	366	1
346	312	431	366	366	0
312	431	366	366	373	0
431	366	366	373	362	0
366	366	373	362	358	0
366	373	362	358	366	0
373	362	358	366	366	0
362	358	366	366	362	0
358	366	366	362	369	0
366	366	362	369	362	0
366	362	369	362	366	0
362	369	362	366	362	0
369	362	366	362	373	0
362	366	362	373	370	0
366	362	373	370	366	0
362	373	370	366	373	0
373	370	366	373	370	0
370	366	373	370	370	0
366	373	370	370	358	0
373	370	370	358	389	0
370	370	358	389	369	1
370	358	389	369	374	0
358	389	369	374	373	0
389	369	374	373	374	0
369	374	373	374	370	0
374	373	374	370	373	0
373	374	370	373	370	0
374	370	373	370	377	0
370	373	370	377	370	0
373	370	377	370	362	0
370	377	370	362	377	0
377	370	362	377	370	1
370	362	377	370	377	0
362	377	370	377	370	0
377	370	377	370	366	0
370	377	370	366	377	0
377	370	366	377	366	0
370	366	377	366	381	0
366	377	366	381	378	0
377	366	381	378	369	0
366	381	378	369	370	0
381	378	369	370	370	0
378	369	370	370	373	0
369	370	370	373	370	0
370	370	373	370	362	0
370	373	370	362	373	0
373	370	362	373	370	0
370	362	373	370	362	0
362	373	370	362	365	0
373	370	362	365	366	0
370	362	365	366	366	0
362	365	366	366	366	0
365	366	366	366	362	0
366	366	366	362	362	0
366	366	362	362	365	0
366	362	362	365	362	0
362	362	365	362	358	0
362	365	362	358	366	0
365	362	358	366	354	0
362	358	366	354	362	0
358	366	354	362	358	0
366	354	362	358	358	0
354	362	358	358	362	0
362	358	358	362	358	0
358	358	362	358	354	0
358	362	358	354	354	0
362	358	354	354	358	0
358	354	354	358	354	0
354	354	358	354	346	0
354	358	354	346	358	0
358	354	346	358	354	0
354	346	358	354	339	0
346	358	354	339	362	0
358	354	339	362	350	0
354	339	362	350	354	0
339	362	350	354	346	0
362	350	354	346	350	0
350	354	346	350	351	0
354	346	350	351	342	0
346	350	351	342	350	0
350	351	342	350	339	0
351	342	350	339	354	0
342	350	339	354	342	0
350	339	354	342	331	0
339	354	342	331	358	0
354	342	331	358	346	0
342	331	358	346	347	0
331	358	346	347	338	0
358	346	347	338	342	0
346	347	338	342	347	0
347	338	342	347	342	0
338	342	347	342	343	0
342	347	342	343	342	0
347	342	343	342	339	0
342	343	342	339	338	0
343	342	339	338	346	0
342	339	338	346	339	0
339	338	346	339	342	0
338	346	339	342	327	0
346	339	342	327	354	0
339	342	327	354	339	0
342	327	354	339	338	0
327	354	339	338	335	0
354	339	338	335	327	0
339	338	335	327	354	0
338	335	327	354	342	0
335	327	354	342	335	0
327	354	342	335	342	0
354	342	335	342	327	0
342	335	342	327	350	0
335	342	327	350	335	0
342	327	350	335	331	0
327	350	335	331	346	0
350	335	331	346	335	0
335	331	346	335	342	0
331	346	335	342	323	0
346	335	342	323	350	0
335	342	323	350	335	0
342	323	350	335	338	0
323	350	335	338	343	0
350	335	338	343	338	0
335	338	343	338	335	0
338	343	338	335	338	0
343	338	335	338	339	0
338	335	338	339	335	0
335	338	339	335	346	0
338	339	335	346	335	0
339	335	346	335	334	0
335	346	335	334	343	0
346	335	334	343	338	0
335	334	343	338	319	0
334	343	338	319	362	0
343	338	319	362	342	0
338	319	362	342	339	0
319	362	342	339	335	0
362	342	339	335	346	0
342	339	335	346	342	0
339	335	346	342	343	0
335	346	342	343	346	0
346	342	343	346	342	0
342	343	346	342	347	0
343	346	342	347	346	0
346	342	347	346	342	0
342	347	346	342	347	0
347	346	342	347	342	0
346	342	347	342	346	0
342	347	342	346	347	0
347	342	346	347	342	0
342	346	347	342	346	0
346	347	342	346	351	0
347	342	346	351	350	0
342	346	351	350	342	0
346	351	350	342	354	0
351	350	342	354	343	0
350	342	354	343	358	0
342	354	343	358	342	0
354	343	358	342	350	0
343	358	342	350	354	0
358	342	350	354	355	0
342	350	354	355	358	0
350	354	355	358	350	0
354	355	358	350	358	0
355	358	350	358	362	0
358	350	358	362	358	0
350	358	362	358	358	0
358	362	358	358	350	0
362	358	358	350	365	0
358	358	350	365	358	0
358	350	365	358	355	0
350	365	358	355	361	0
365	358	355	361	358	0
358	355	361	358	370	0
355	361	358	370	362	0
361	358	370	362	366	0
358	370	362	366	362	0
370	362	366	362	369	0
362	366	362	369	374	0
366	362	369	374	369	0
362	369	374	369	370	0
369	374	369	370	370	0
374	369	370	370	373	0
369	370	370	373	370	0
370	370	373	370	373	0
370	373	370	373	366	0
373	370	373	366	370	0
370	373	366	370	373	0
373	366	370	373	366	0
366	370	373	366	374	0
370	373	366	374	361	0
373	366	374	361	366	0
366	374	361	366	370	0
374	361	366	370	366	0
361	366	370	366	365	0
366	370	366	365	366	0
370	366	365	366	370	0
366	365	366	370	369	0
365	366	370	369	374	0
366	370	369	374	366	0
370	369	374	366	373	0
369	374	366	373	370	0
374	366	373	370	370	0
366	373	370	370	373	0
373	370	370	373	366	0
370	370	373	366	377	0
370	373	366	377	362	0
373	366	377	362	374	0
366	377	362	374	369	0
377	362	374	369	362	0
362	374	369	362	374	0
374	369	362	374	366	0
369	362	374	366	365	0
362	374	366	365	370	0
374	366	365	370	374	0
366	365	370	374	369	0
365	370	374	369	370	0
370	374	369	370	369	0
374	369	370	369	370	0
369	370	369	370	370	0
370	369	370	370	369	0
369	370	370	369	362	0
370	370	369	362	339	0
370	369	362	339	393	0
369	362	339	393	362	1
362	339	393	362	365	0
339	393	362	365	355	0
393	362	365	355	369	0
362	365	355	369	370	0
365	355	369	370	362	0
355	369	370	362	299	0
369	370	362	299	432	0
370	362	299	432	350	1
362	299	432	350	370	0
299	432	350	370	377	1
432	350	370	377	362	1
350	370	377	362	366	0
370	377	362	366	370	0
377	362	366	370	369	0
362	366	370	369	374	0
366	370	369	374	370	0
370	369	374	370	323	0
369	374	370	323	420	0
374	370	323	420	366	1
370	323	420	366	369	0
323	420	366	369	378	0
420	366	369	378	365	0
366	369	378	365	374	0
369	378	365	374	370	0
378	365	374	370	358	0
365	374	370	358	381	0
374	370	358	381	373	0
370	358	381	373	370	0
358	381	373	370	378	0
381	373	370	378	373	0
373	370	378	373	370	0
370	378	373	370	381	0
378	373	370	381	370	0
373	370	381	370	373	0
370	381	370	373	382	0
381	370	373	382	373	0
370	373	382	373	346	0
373	382	373	346	401	0
382	373	346	401	370	1
373	346	401	370	373	0
346	401	370	373	358	0
401	370	373	358	382	0
370	373	358	382	358	0
373	358	382	358	393	0
358	382	358	393	365	0
382	358	393	365	358	0
358	393	365	358	378	0
393	365	358	378	373	0
365	358	378	373	370	0
358	378	373	370	370	0
378	373	370	370	369	0
373	370	370	369	370	0
370	370	369	370	370	0
370	369	370	370	373	0
369	370	370	373	362	0
370	370	373	362	374	0
370	373	362	374	365	0
373	362	374	365	370	0
362	374	365	370	385	0
374	365	370	385	358	0
365	370	385	358	370	0
370	385	358	370	369	0
385	358	370	369	370	0
358	370	369	370	374	0
370	369	370	374	373	0
369	370	374	373	366	0
370	374	373	366	373	0
374	373	366	373	355	0
373	366	373	355	377	0
366	373	355	377	374	0
373	355	377	374	373	0
355	377	374	373	374	0
377	374	373	374	361	0
374	373	374	361	374	0
373	374	361	374	366	0
374	361	374	366	373	0
361	374	366	373	366	0
374	366	373	366	366	0
366	373	366	366	366	0
373	366	366	366	361	0
366	366	366	361	366	0
366	366	361	366	366	0
366	361	366	366	362	0
361	366	366	362	354	0
366	366	362	354	366	0
366	362	354	366	362	0
362	354	366	362	361	0
354	366	362	361	358	0
366	362	361	358	362	0
362	361	358	362	366	0
361	358	362	366	362	0
358	362	366	362	362	0
362	366	362	362	358	0
366	362	362	358	358	0
362	362	358	358	362	0
362	358	358	362	361	0
358	358	362	361	358	0
358	362	361	358	374	0
362	361	358	374	350	0
361	358	374	350	354	0
358	374	350	354	362	0
374	350	354	362	358	0
350	354	362	358	354	0
354	362	358	354	358	0
362	358	354	358	354	0
358	354	358	354	354	0
354	358	354	354	362	0
358	354	354	362	354	0
354	354	362	354	354	0
354	362	354	354	351	0
362	354	354	351	346	0
354	354	351	346	362	0
354	351	346	362	354	1
351	346	362	354	350	0
346	362	354	350	358	0
362	354	350	358	358	0
354	350	358	358	362	0
350	358	358	362	350	0
358	358	362	350	358	0
358	362	350	358	354	0
362	350	358	354	354	0
350	358	354	354	358	0
358	354	354	358	354	0
354	354	358	354	362	0
354	358	354	362	354	0
358	354	362	354	354	0
354	362	354	354	358	0
362	354	354	358	354	0
354	354	358	354	354	0
354	358	354	354	354	0
358	354	354	354	358	0
354	354	354	358	358	0
354	354	358	358	355	0
354	358	358	355	358	0
358	358	355	358	357	0
358	355	358	357	362	0
355	358	357	362	351	0
358	357	362	351	365	0
357	362	351	365	354	0
362	351	365	354	382	0
351	365	354	382	346	0
365	354	382	346	358	0
354	382	346	358	370	0
382	346	358	370	362	0
346	358	370	362	361	0
358	370	362	361	362	0
370	362	361	362	370	0
362	361	362	370	362	0
361	362	370	362	362	0
362	370	362	362	334	0
370	362	362	334	393	0
362	362	334	393	362	1
362	334	393	362	354	0
334	393	362	354	374	0
393	362	354	374	366	0
362	354	374	366	369	0
354	374	366	369	362	0
374	366	369	362	358	0
366	369	362	358	358	0
369	362	358	358	366	0
362	358	358	366	362	0
358	358	366	362	361	0
358	366	362	361	362	0
366	362	361	362	362	0
362	361	362	362	350	0
361	362	362	350	374	0
362	362	350	374	358	0
362	350	374	358	362	0
350	374	358	362	358	0
374	358	362	358	362	0
358	362	358	362	358	0
362	358	362	358	358	0
358	362	358	358	358	0
362	358	358	358	361	0
358	358	358	361	370	0
358	358	361	370	358	0
358	361	370	358	342	0
361	370	358	342	374	0
370	358	342	374	346	0
358	342	374	346	354	0
342	374	346	354	358	0
374	346	354	358	343	0
346	354	358	343	362	0
354	358	343	362	362	0
358	343	362	362	350	0
343	362	362	350	358	0
362	362	350	358	369	0
362	350	358	369	335	0
350	358	369	335	358	0
358	369	335	358	350	0
369	335	358	350	350	0
335	358	350	350	354	0
358	350	350	354	355	0
350	350	354	355	334	0
350	354	355	334	362	0
354	355	334	362	366	0
355	334	362	366	331	0
334	362	366	331	361	0
362	366	331	361	351	0
366	331	361	351	350	0
331	361	351	350	354	0
361	351	350	354	346	0
351	350	354	346	354	0
350	354	346	354	358	0
354	346	354	358	347	0
346	354	358	347	346	0
354	358	347	346	350	0
358	347	346	350	354	0
347	346	350	354	350	0
346	350	354	350	350	0
350	354	350	350	343	0
354	350	350	343	362	0
350	350	343	362	350	0
350	343	362	350	358	0
343	362	350	358	346	0
362	350	358	346	350	0
350	358	346	350	358	0
358	346	350	358	347	0
346	350	358	347	354	0
350	358	347	354	354	0
358	347	354	354	342	0
347	354	354	342	354	0
354	354	342	354	358	0
354	342	354	358	354	0
342	354	358	354	355	0
354	358	354	355	354	0
358	354	355	354	358	0
354	355	354	358	346	0
355	354	358	346	358	0
354	358	346	358	350	0
358	346	358	350	350	0
346	358	350	350	362	0
358	350	350	362	358	0
350	350	362	358	350	0
350	362	358	350	366	0
362	358	350	366	346	0
358	350	366	346	362	0
350	366	346	362	354	0
366	346	362	354	358	0
346	362	354	358	339	0
362	354	358	339	377	0
354	358	339	377	347	0
358	339	377	347	365	0
339	377	347	365	362	0
377	347	365	362	358	0
347	365	362	358	358	0
365	362	358	358	362	0
362	358	358	362	362	0
358	358	362	362	358	0
358	362	362	358	366	0
362	362	358	366	358	0
362	358	366	358	365	0
358	366	358	365	358	0
366	358	365	358	354	0
358	365	358	354	374	0
365	358	354	374	362	0
358	354	374	362	358	0
354	374	362	358	362	0
374	362	358	362	365	0
362	358	362	365	355	0
358	362	365	355	365	0
362	365	355	365	358	0
365	355	365	358	354	0
355	365	358	354	370	0
365	358	354	370	354	0
358	354	370	354	370	0
354	370	354	370	358	1
370	354	370	358	354	0
354	370	358	354	362	0
370	358	354	362	358	0
358	354	362	358	358	0
354	362	358	358	358	0
362	358	358	358	358	0
358	358	358	358	358	0
358	358	358	358	354	0
358	358	358	354	358	0
358	358	354	358	354	0
358	354	358	354	358	0
354	358	354	358	350	0
358	354	358	350	358	0
354	358	350	358	350	0
358	350	358	350	354	0
350	358	350	354	354	0
358	350	354	354	358	0
350	354	354	358	339	0
354	354	358	339	358	0
354	358	339	358	350	0
358	339	358	350	354	0
339	358	350	354	342	0
358	350	354	342	351	0
350	354	342	351	350	0
354	342	351	350	346	0
342	351	350	346	350	0
351	350	346	350	343	0
350	346	350	343	346	0
346	350	343	346	346	0
350	343	346	346	347	0
343	346	346	347	342	0
346	346	347	342	342	0
346	347	342	342	347	0
347	342	342	347	338	0
342	342	347	338	347	0
342	347	338	347	326	0
347	338	347	326	358	0
338	347	326	358	339	0
347	326	358	339	338	0
326	358	339	338	343	0
358	339	338	343	338	0
339	338	343	338	339	0
338	343	338	339	338	0
343	338	339	338	343	0
338	339	338	343	338	0
339	338	343	338	339	0
338	343	338	339	334	0
343	338	339	334	335	0
338	339	334	335	339	0
339	334	335	339	334	0
334	335	339	334	339	0
335	339	334	339	334	0
339	334	339	334	339	0
334	339	334	339	335	0
339	334	339	335	334	0
334	339	335	334	335	0
339	335	334	335	334	0
335	334	335	334	335	0
334	335	334	335	335	0
335	334	335	335	334	0
334	335	335	334	335	0
335	335	334	335	331	0
335	334	335	331	334	0
334	335	331	334	335	0
335	331	334	335	335	0
331	334	335	335	334	0
334	335	335	334	327	0
335	335	334	327	339	0
335	334	327	339	330	0
334	327	339	330	339	0
327	339	330	339	331	0
339	330	339	331	334	0
330	339	331	334	339	0
339	331	334	339	323	0
331	334	339	323	330	0
334	339	323	330	331	0
339	323	330	331	331	0
323	330	331	331	327	0
330	331	331	327	338	0
331	331	327	338	331	0
331	327	338	331	335	0
327	338	331	335	338	0
338	331	335	338	327	0
331	335	338	327	323	0
335	338	327	323	331	0
338	327	323	331	338	0
327	323	331	338	327	0
323	331	338	327	339	0
331	338	327	339	315	0
338	327	339	315	342	0
327	339	315	342	339	0
339	315	342	339	330	0
315	342	339	330	335	0
342	339	330	335	331	0
339	330	335	331	334	0
330	335	331	334	339	0
335	331	334	339	331	0
331	334	339	331	330	0
334	339	331	330	339	0
339	331	330	339	323	0
331	330	339	323	342	0
330	339	323	342	331	0
339	323	342	331	342	0
323	342	331	342	335	0
342	331	342	335	335	0
331	342	335	335	338	0
342	335	335	338	335	0
335	335	338	335	338	0
335	338	335	338	331	0
338	335	338	331	331	0
335	338	331	331	342	0
338	331	331	342	339	0
331	331	342	339	331	0
331	342	339	331	338	0
342	339	331	338	335	0
339	331	338	335	338	0
331	338	335	338	343	0
338	335	338	343	338	0
335	338	343	338	339	0
338	343	338	339	338	0
343	338	339	338	343	0
338	339	338	343	338	0
339	338	343	338	346	0
338	343	338	346	343	0
343	338	346	343	346	0
338	346	343	346	343	0
346	343	346	343	350	0
343	346	343	350	346	0
346	343	350	346	346	0
343	350	346	346	347	0
350	346	346	347	346	0
346	346	347	346	354	0
346	347	346	354	350	0
347	346	354	350	350	0
346	354	350	350	358	0
354	350	350	358	355	0
350	350	358	355	358	0
350	358	355	358	361	0
358	355	358	361	358	0
355	358	361	358	362	0
358	361	358	362	354	0
361	358	362	354	370	0
358	362	354	370	366	0
362	354	370	366	362	0
354	370	366	362	369	0
370	366	362	369	362	0
366	362	369	362	370	0
362	369	362	370	362	0
369	362	370	362	365	0
362	370	362	365	362	0
370	362	365	362	370	0
362	365	362	370	362	0
365	362	370	362	366	0
362	370	362	366	365	0
370	362	366	365	366	0
362	366	365	366	366	0
366	365	366	366	373	0
365	366	366	373	374	0
366	366	373	374	366	0
366	373	374	366	381	0
373	374	366	381	370	0
374	366	381	370	373	0
366	381	370	373	378	0
381	370	373	378	381	0
370	373	378	381	377	0
373	378	381	377	378	0
378	381	377	378	389	0
381	377	378	389	381	0
377	378	389	381	378	0
378	389	381	378	381	0
389	381	378	381	381	0
381	378	381	381	378	0
378	381	381	378	381	0
381	381	378	381	377	0
381	378	381	377	374	0
378	381	377	374	377	0
381	377	374	377	378	0
377	374	377	378	381	0
374	377	378	381	374	0
377	378	381	374	385	0
378	381	374	385	377	0
381	374	385	377	382	0
374	385	377	382	385	0
385	377	382	385	377	0
377	382	385	377	366	0
382	385	377	366	401	0
385	377	366	401	385	1
377	366	401	385	381	0
366	401	385	381	386	0
401	385	381	386	381	0
385	381	386	381	381	0
381	386	381	381	389	0
386	381	381	389	386	0
381	381	389	386	389	0
381	389	386	389	389	0
389	386	389	389	397	0
386	389	389	397	389	0
389	389	397	389	393	0
389	397	389	393	385	0
397	389	393	385	389	0
389	393	385	389	385	0
393	385	389	385	386	0
385	389	385	386	385	0
389	385	386	385	377	0
385	386	385	377	385	0
386	385	377	385	386	0
385	377	385	386	381	0
377	385	386	381	381	0
385	386	381	381	378	0
386	381	381	378	389	0
381	381	378	389	385	0
381	378	389	385	389	0
378	389	385	389	385	0
389	385	389	385	389	0
385	389	385	389	393	0
389	385	389	393	390	0
385	389	393	390	385	0
389	393	390	385	389	0
393	390	385	389	389	0
390	385	389	389	393	0
385	389	389	393	389	0
389	389	393	389	393	0
389	393	389	393	389	0
393	389	393	389	389	0
389	393	389	389	389	0
393	389	389	389	389	0
389	389	389	389	397	0
389	389	389	397	393	0
389	389	397	393	401	0
389	397	393	401	393	0
397	393	401	393	393	0
393	401	393	393	401	0
401	393	393	401	401	0
393	393	401	401	389	0
393	401	401	389	401	0
401	401	389	401	389	0
401	389	401	389	400	0
389	401	389	400	370	0
401	389	400	370	424	0
389	400	370	424	397	1
400	370	424	397	401	0
370	424	397	401	405	0
424	397	401	405	396	0
397	401	405	396	405	0
401	405	396	405	409	0
405	396	405	409	408	0
396	405	409	408	413	0
405	409	408	413	412	0
409	408	413	412	424	0
408	413	412	424	413	0
413	412	424	413	416	0
412	424	413	416	420	0
424	413	416	420	413	0
413	416	420	413	412	0
416	420	413	412	417	0
420	413	412	417	408	0
413	412	417	408	409	0
412	417	408	409	404	0
417	408	409	404	409	0
408	409	404	409	401	0
409	404	409	401	400	0
404	409	401	400	405	0
409	401	400	405	401	0
401	400	405	401	405	0
400	405	401	405	404	0
405	401	405	404	413	0
401	405	404	413	412	0
405	404	413	412	413	0
404	413	412	413	408	0
413	412	413	408	413	0
412	413	408	413	404	0
413	408	413	404	413	0
408	413	404	413	401	0
413	404	413	401	404	0
404	413	401	404	405	0
413	401	404	405	405	0
401	404	405	405	400	0
404	405	405	400	401	0
405	405	400	401	416	0
405	400	401	416	413	0
400	401	416	413	420	0
401	416	413	420	424	0
416	413	420	424	370	0
413	420	424	370	358	0
420	424	370	358	548	1
424	370	358	548	425	1
370	358	548	425	404	0
358	548	425	404	432	0
548	425	404	432	413	1
425	404	432	413	412	0
404	432	413	412	385	0
432	413	412	385	432	0
413	412	385	432	417	1
412	385	432	417	408	0
385	432	417	408	409	0
432	417	408	409	420	0
417	408	409	420	420	0
408	409	420	420	405	0
409	420	420	405	447	0
420	420	405	447	432	1
420	405	447	432	420	0
405	447	432	420	428	0
447	432	420	428	428	0
432	420	428	428	428	0
420	428	428	428	432	0
428	428	428	432	432	0
428	428	432	432	436	0
428	432	432	436	366	0
432	432	436	366	502	0
432	436	366	502	436	1
436	366	502	436	424	0
366	502	436	424	443	0
502	436	424	443	428	1
436	424	443	428	417	0
424	443	428	417	408	0
443	428	417	408	428	0
428	417	408	428	409	0
417	408	428	409	412	0
408	428	409	412	420	0
428	409	412	420	417	0
409	412	420	417	385	0
412	420	417	385	307	0
420	417	385	307	569	1
417	385	307	569	428	1
385	307	569	428	416	0
307	569	428	416	412	0
569	428	416	412	417	0
428	416	412	417	408	0
416	412	417	408	420	0
412	417	408	420	409	0
417	408	420	409	401	0
408	420	409	401	447	0
420	409	401	447	393	1
409	401	447	393	354	0
401	447	393	354	549	1
447	393	354	549	436	1
393	354	549	436	428	0
354	549	436	428	455	0
549	436	428	455	358	0
436	428	455	358	389	0
428	455	358	389	553	1
455	358	389	553	424	1
358	389	553	424	424	0
389	553	424	424	420	0
553	424	424	420	420	0
424	424	420	420	374	0
424	420	420	374	335	0
420	420	374	335	540	1
420	374	335	540	413	1
374	335	540	413	416	0
335	540	413	416	417	0
540	413	416	417	420	0
413	416	417	420	420	0
416	417	420	420	362	0
417	420	420	362	490	0
420	420	362	490	432	1
420	362	490	432	432	0
362	490	432	432	436	0
490	432	432	436	439	0
432	432	436	439	436	0
432	436	439	436	436	0
436	439	436	436	440	0
439	436	436	440	432	0
436	436	440	432	428	0
436	440	432	428	428	0
440	432	428	428	428	0
432	428	428	428	424	0
428	428	428	424	428	0
428	428	424	428	424	0
428	424	428	424	424	0
424	428	424	424	389	0
428	424	424	389	308	0
424	424	389	308	575	1
424	389	308	575	421	1
389	308	575	421	420	0
308	575	421	420	420	0
575	421	420	420	413	0
421	420	420	413	420	0
420	420	413	420	424	0
420	413	420	424	428	0
413	420	424	428	385	0
420	424	428	385	479	0
424	428	385	479	424	1
428	385	479	424	432	0
385	479	424	432	428	0
479	424	432	428	432	0
424	432	428	432	408	0
432	428	432	408	362	0
428	432	408	362	522	1
432	408	362	522	428	1
408	362	522	428	416	0
362	522	428	416	424	0
522	428	416	424	424	0
428	416	424	424	424	0
416	424	424	424	417	0
424	424	424	417	455	0
424	424	417	455	373	1
424	417	455	373	382	0
417	455	373	382	611	1
455	373	382	611	451	1
373	382	611	451	444	0
382	611	451	444	443	0
611	451	444	443	448	0
451	444	443	448	439	0
444	443	448	439	436	0
443	448	439	436	436	0
448	439	436	436	444	0
439	436	436	444	408	0
436	436	444	408	475	0
436	444	408	475	362	1
444	408	475	362	385	0
408	475	362	385	564	1
475	362	385	564	432	1
362	385	564	432	432	0
385	564	432	432	428	0
564	432	432	428	432	0
432	432	428	432	439	0
432	428	432	439	444	0
428	432	439	444	463	0
432	439	444	463	522	0
439	444	463	522	521	0
444	463	522	521	529	0
463	522	521	529	374	0
522	521	529	374	369	0
521	529	374	369	720	1
529	374	369	720	459	1
374	369	720	459	479	0
369	720	459	479	447	1
720	459	479	447	440	0
459	479	447	440	451	0
479	447	440	451	382	1
447	440	451	382	397	0
440	451	382	397	544	1
451	382	397	544	436	1
382	397	544	436	436	0
397	544	436	436	432	0
544	436	436	432	440	0
436	436	432	440	435	0
436	432	440	435	405	0
432	440	435	405	482	0
440	435	405	482	452	1
435	405	482	452	443	0
405	482	452	443	463	0
482	452	443	463	382	0
452	443	463	382	389	0
443	463	382	389	580	1
463	382	389	580	291	1
382	389	580	291	580	0
389	580	291	580	440	1
580	291	580	440	428	0
291	580	440	428	428	0
580	440	428	428	420	0
440	428	428	420	420	0
428	428	420	420	421	0
428	420	420	421	416	0
420	420	421	416	420	0
420	421	416	420	417	0
421	416	420	417	404	0
416	420	417	404	420	0
420	417	404	420	413	0
417	404	420	413	420	0
404	420	413	420	420	0
420	413	420	420	425	0
413	420	420	425	428	0
420	420	425	428	435	0
420	425	428	435	370	0
425	428	435	370	490	0
428	435	370	490	401	1
435	370	490	401	339	0
370	490	401	339	540	1
490	401	339	540	421	1
401	339	540	421	416	0
339	540	421	416	416	0
540	421	416	416	413	0
421	416	416	413	412	0
416	416	413	412	417	0
416	413	412	417	412	0
413	412	417	412	405	0
412	417	412	405	412	0
417	412	405	412	420	0
412	405	412	420	390	0
405	412	420	390	322	0
412	420	390	322	565	1
420	390	322	565	439	1
390	322	565	439	428	0
322	565	439	428	421	0
565	439	428	421	424	0
439	428	421	424	428	0
428	421	424	428	428	0
421	424	428	428	424	0
424	428	428	424	428	0
428	428	424	428	428	0
428	424	428	428	424	0
424	428	428	424	424	0
428	428	424	424	389	0
428	424	424	389	448	0
424	424	389	448	397	1
424	389	448	397	350	0
389	448	397	350	506	1
448	397	350	506	377	1
397	350	506	377	331	0
350	506	377	331	529	1
506	377	331	529	405	1
377	331	529	405	412	0
331	529	405	412	424	0
529	405	412	424	424	0
405	412	424	424	432	0
412	424	424	432	494	0
424	424	432	494	386	0
424	432	494	386	350	0
432	494	386	350	833	1
494	386	350	833	404	1
386	350	833	404	611	0
350	833	404	611	459	1
833	404	611	459	479	0
404	611	459	479	467	1
611	459	479	467	459	0
459	479	467	459	471	0
479	467	459	471	373	1
467	459	471	373	354	0
459	471	373	354	642	1
471	373	354	642	460	1
373	354	642	460	443	0
354	642	460	443	444	0
642	460	443	444	439	0
460	443	444	439	444	0
443	444	439	444	463	0
444	439	444	463	463	0
439	444	463	463	525	0
444	463	463	525	518	0
463	463	525	518	541	0
463	525	518	541	455	0
525	518	541	455	591	0
518	541	455	591	510	1
541	455	591	510	494	0
455	591	510	494	491	0
591	510	494	491	482	0
510	494	491	482	486	0
494	491	482	486	487	0
491	482	486	487	486	0
482	486	487	486	529	0
486	487	486	529	479	0
487	486	529	479	490	0
486	529	479	490	494	0
529	479	490	494	498	0
479	490	494	498	491	0
490	494	498	491	486	0
494	498	491	486	486	0
498	491	486	486	483	0
491	486	486	483	494	0
486	486	483	494	487	0
486	483	494	487	486	0
483	494	487	486	490	0
494	487	486	490	487	0
487	486	490	487	482	0
486	490	487	482	475	0
490	487	482	475	471	0
487	482	475	471	463	0
482	475	471	463	443	0
475	471	463	443	471	0
471	463	443	471	451	1
463	443	471	451	460	0
443	471	451	460	459	0
471	451	460	459	459	0
451	460	459	459	463	0
460	459	459	463	428	0
459	459	463	428	510	0
459	463	428	510	470	1
463	428	510	470	467	0
428	510	470	467	475	0
510	470	467	475	471	0
470	467	475	471	475	0
467	475	471	475	435	0
475	471	475	435	510	0
471	475	435	510	455	1
475	435	510	455	444	0
435	510	455	444	475	0
510	455	444	475	455	0
455	444	475	455	459	0
444	475	455	459	389	0
475	455	459	389	522	0
455	459	389	522	447	1
459	389	522	447	459	0
389	522	447	459	455	0
522	447	459	455	452	0
447	459	455	452	451	0
459	455	452	451	424	0
455	452	451	424	483	0
452	451	424	483	455	1
451	424	483	455	455	0
424	483	455	455	467	0
483	455	455	467	463	0
455	455	467	463	463	0
455	467	463	463	436	0
467	463	463	436	490	0
463	463	436	490	413	1
463	436	490	413	354	0
436	490	413	354	611	1
490	413	354	611	459	1
413	354	611	459	455	0
354	611	459	455	448	0
611	459	455	448	447	0
459	455	448	447	451	0
455	448	447	451	366	0
448	447	451	366	549	0
447	451	366	549	451	1
451	366	549	451	463	0
366	549	451	463	452	0
549	451	463	452	459	0
451	463	452	459	451	0
463	452	459	451	424	0
452	459	451	424	502	0
459	451	424	502	436	1
451	424	502	436	479	0
424	502	436	479	466	0
502	436	479	466	467	0
436	479	466	467	463	0
479	466	467	463	479	0
466	467	463	479	471	0
467	463	479	471	486	0
463	479	471	486	444	0
479	471	486	444	529	0
471	486	444	529	482	1
486	444	529	482	483	0
444	529	482	483	475	0
529	482	483	475	478	0
482	483	475	478	463	0
483	475	478	463	444	0
475	478	463	444	475	0
478	463	444	475	455	1
463	444	475	455	451	0
444	475	455	451	448	0
475	455	451	448	447	0
455	451	448	447	448	0
451	448	447	448	416	0
448	447	448	416	467	0
447	448	416	467	443	1
448	416	467	443	436	0
416	467	443	436	374	0
467	443	436	374	502	0
443	436	374	502	432	1
436	374	502	432	432	0
374	502	432	432	393	0
502	432	432	393	470	0
432	432	393	470	432	1
432	393	470	432	428	0
393	470	432	428	389	0
470	432	428	389	491	0
432	428	389	491	451	1
428	389	491	451	455	0
389	491	451	455	459	0
491	451	455	459	471	0
451	455	459	471	483	0
455	459	471	483	439	0
459	471	483	439	549	0
471	483	439	549	483	1
483	439	549	483	486	0
439	549	483	486	486	0
549	483	486	486	483	0
483	486	486	483	478	0
486	486	483	478	483	0
486	483	478	483	471	0
483	478	483	471	467	0
478	483	471	467	470	0
483	471	467	470	464	0
471	467	470	464	466	0
467	470	464	466	366	0
470	464	466	366	564	0
464	466	366	564	401	1
466	366	564	401	346	0
366	564	401	346	646	1
564	401	346	646	456	1
401	346	646	456	459	0
346	646	456	459	455	0
646	456	459	455	479	0
456	459	455	479	459	0
459	455	479	459	525	0
455	479	459	525	486	1
479	459	525	486	530	0
459	525	486	530	509	0
525	486	530	509	557	0
486	530	509	557	552	0
530	509	557	552	572	0
509	557	552	572	541	0
557	552	572	541	459	0
552	572	541	459	588	0
572	541	459	588	513	1
541	459	588	513	499	0
459	588	513	499	490	0
588	513	499	490	490	0
513	499	490	490	479	0
499	490	490	479	482	0
490	490	479	482	487	0
490	479	482	487	474	0
479	482	487	474	397	0
482	487	474	397	560	0
487	474	397	560	475	1
474	397	560	475	471	0
397	560	475	471	475	0
560	475	471	475	467	0
475	471	475	467	470	0
471	475	467	470	401	0
475	467	470	401	549	0
467	470	401	549	471	1
470	401	549	471	470	0
401	549	471	470	471	0
549	471	470	471	471	0
471	470	471	471	475	0
470	471	471	475	432	0
471	471	475	432	517	0
471	475	432	517	471	1
475	432	517	471	479	0
432	517	471	479	474	0
517	471	479	474	479	0
471	479	474	479	479	0
479	474	479	479	478	0
474	479	479	478	483	0
479	479	478	483	467	0
479	478	483	467	478	0
478	483	467	478	475	0
483	467	478	475	475	0
467	478	475	475	470	0
478	475	475	470	471	0
475	475	470	471	467	0
475	470	471	467	463	0
470	471	467	463	463	0
471	467	463	463	467	0
467	463	463	467	463	0
463	463	467	463	475	0
463	467	463	475	479	0
467	463	475	479	470	0
463	475	479	470	479	0
475	479	470	479	486	0
479	470	479	486	487	0
470	479	486	487	490	0
479	486	487	490	482	0
486	487	490	482	498	0
487	490	482	498	491	0
490	482	498	491	486	0
482	498	491	486	494	0
498	491	486	494	475	0
491	486	494	475	475	0
486	494	475	475	424	0
494	475	475	424	517	0
475	475	424	517	467	1
475	424	517	467	456	0
424	517	467	456	459	0
517	467	456	459	463	0
467	456	459	463	459	0
456	459	463	459	354	0
459	463	459	354	568	0
463	459	354	568	455	1
459	354	568	455	440	0
354	568	455	440	479	0
568	455	440	479	455	1
455	440	479	455	451	0
440	479	455	451	455	0
479	455	451	455	456	0
455	451	455	456	459	0
451	455	456	459	381	0
455	456	459	381	533	0
456	459	381	533	459	1
459	381	533	459	456	0
381	533	459	456	447	0
533	459	456	447	444	0
459	456	447	444	439	0
456	447	444	439	378	0
447	444	439	378	502	0
444	439	378	502	436	1
439	378	502	436	451	0
378	502	436	451	444	0
502	436	451	444	447	0
436	451	444	447	381	0
451	444	447	381	366	0
444	447	381	366	630	1
447	381	366	630	432	1
381	366	630	432	475	0
366	630	432	475	451	0
630	432	475	451	460	0
432	475	451	460	451	0
475	451	460	451	471	0
451	460	451	471	436	0
460	451	471	436	443	0
451	471	436	443	451	0
471	436	443	451	448	0
436	443	451	448	447	0
443	451	448	447	448	0
451	448	447	448	451	0
448	447	448	451	448	0
447	448	451	448	447	0
448	451	448	447	452	0
451	448	447	452	451	0
448	447	452	451	451	0
447	452	451	451	455	0
452	451	451	455	460	0
451	451	455	460	467	0
451	455	460	467	466	0
455	460	467	466	475	0
460	467	466	475	467	0
467	466	475	467	467	0
466	475	467	467	475	0
475	467	467	475	463	0
467	467	475	463	478	0
467	475	463	478	448	0
475	463	478	448	459	0
463	478	448	459	455	0
478	448	459	455	452	0
448	459	455	452	451	0
459	455	452	451	451	0
455	452	451	451	452	0
452	451	451	452	436	0
451	451	452	436	463	0
451	452	436	463	420	0
452	436	463	420	358	0
436	463	420	358	599	1
463	420	358	599	451	1
420	358	599	451	459	0
358	599	451	459	456	0
599	451	459	456	459	0
451	459	456	459	451	0
459	456	459	451	358	0
456	459	451	358	576	0
459	451	358	576	459	1
451	358	576	459	440	0
358	576	459	440	494	0
576	459	440	494	397	1
459	440	494	397	377	0
440	494	397	377	740	1
494	397	377	740	490	1
397	377	740	490	475	0
377	740	490	475	385	0
740	490	475	385	587	0
490	475	385	587	479	1
475	385	587	479	483	0
385	587	479	483	482	0
587	479	483	482	397	0
479	483	482	397	576	0
483	482	397	576	478	1
482	397	576	478	495	0
397	576	478	495	466	0
576	478	495	466	487	0
478	495	466	487	478	0
495	466	487	478	483	0
466	487	478	483	494	0
487	478	483	494	533	0
478	483	494	533	561	0
483	494	533	561	385	1
494	533	561	385	373	0
533	561	385	373	786	1
561	385	373	786	498	1
385	373	786	498	491	0
373	786	498	491	490	0
786	498	491	490	475	0
498	491	490	475	466	0
491	490	475	466	464	0
490	475	466	464	455	0
475	466	464	455	439	0
466	464	455	439	467	0
464	455	439	467	456	1
455	439	467	456	459	0
439	467	456	459	463	0
467	456	459	463	478	0
456	459	463	478	498	0
459	463	478	498	510	0
463	478	498	510	549	0
478	498	510	549	541	0
498	510	549	541	513	0
510	549	541	513	541	0
549	541	513	541	525	1
541	513	541	525	518	0
513	541	525	518	366	0
541	525	518	366	661	0
525	518	366	661	506	1
518	366	661	506	494	0
366	661	506	494	483	0
661	506	494	483	478	0
506	494	483	478	471	0
494	483	478	471	471	0
483	478	471	471	459	0
478	471	471	459	463	0
471	471	459	463	428	0
471	459	463	428	494	0
459	463	428	494	459	1
463	428	494	459	456	0
428	494	459	456	455	0
494	459	456	455	455	0
459	456	455	455	448	0
456	455	455	448	443	0
455	455	448	443	444	0
455	448	443	444	440	0
448	443	444	440	443	0
443	444	440	443	448	0
444	440	443	448	455	0
440	443	448	455	393	0
443	448	455	393	583	0
448	455	393	583	479	1
455	393	583	479	486	0
393	583	479	486	499	0
583	479	486	499	498	0
479	486	499	498	490	0
486	499	498	490	498	0
499	498	490	498	498	0
498	490	498	498	486	0
490	498	498	486	483	0
498	498	486	483	486	0
498	486	483	486	490	0
486	483	486	490	499	0
483	486	490	499	474	0
486	490	499	474	471	0
490	499	474	471	471	0
499	474	471	471	463	0
474	471	471	463	459	0
471	471	463	459	451	0
471	463	459	451	452	0
463	459	451	452	459	0
459	451	452	459	447	0
451	452	459	447	444	0
452	459	447	444	447	0
459	447	444	447	440	0
447	444	447	440	444	0
444	447	440	444	451	0
447	440	444	451	436	0
440	444	451	436	440	0
444	451	436	440	350	0
451	436	440	350	525	0
436	440	350	525	428	1
440	350	525	428	436	0
350	525	428	436	432	0
525	428	436	432	428	0
428	436	432	428	436	0
436	432	428	436	400	0
432	428	436	400	467	0
428	436	400	467	432	1
436	400	467	432	448	0
400	467	432	448	439	0
467	432	448	439	444	0
432	448	439	444	443	0
448	439	444	443	444	0
439	444	443	444	440	0
444	443	444	440	459	0
443	444	440	459	443	0
444	440	459	443	421	0
440	459	443	421	506	0
459	443	421	506	393	1
443	421	506	393	358	0
421	506	393	358	642	1
506	393	358	642	459	1
393	358	642	459	455	0
358	642	459	455	463	0
642	459	455	463	451	0
459	455	463	451	459	0
455	463	451	459	460	0
463	451	459	460	455	0
451	459	460	455	463	0
459	460	455	463	459	0
460	455	463	459	467	0
455	463	459	467	467	0
463	459	467	467	463	0
459	467	467	463	475	0
467	467	463	475	474	0
467	463	475	474	479	0
463	475	474	479	471	0
475	474	479	471	471	0
474	479	471	471	467	0
479	471	471	467	459	0
471	471	467	459	459	0
471	467	459	459	455	0
467	459	459	455	448	0
459	459	455	448	451	0
459	455	448	451	424	0
455	448	451	424	455	0
448	451	424	455	444	1
451	424	455	444	436	0
424	455	444	436	439	0
455	444	436	439	436	0
444	436	439	436	448	0
436	439	436	448	439	0
439	436	448	439	421	0
436	448	439	421	486	0
448	439	421	486	436	1
439	421	486	436	447	0
421	486	436	447	452	0
486	436	447	452	455	0
436	447	452	455	451	0
447	452	455	451	405	0
452	455	451	405	502	0
455	451	405	502	459	1
451	405	502	459	463	0
405	502	459	463	459	0
502	459	463	459	467	0
459	463	459	467	463	0
463	459	467	463	420	0
459	467	463	420	526	0
467	463	420	526	478	1
463	420	526	478	479	0
420	526	478	479	478	0
526	478	479	478	479	0
478	479	478	479	479	0
479	478	479	479	474	0
478	479	479	474	471	0
479	479	474	471	471	0
479	474	471	471	451	0
474	471	471	451	487	0
471	471	451	487	451	1
471	451	487	451	467	0
451	487	451	467	444	0
487	451	467	444	447	0
451	467	444	447	447	0
467	444	447	447	428	0
444	447	447	428	456	0
447	447	428	456	428	1
447	428	456	428	447	0
428	456	428	447	428	0
456	428	447	428	440	0
428	447	428	440	424	0
447	428	440	424	428	0
428	440	424	428	424	0
440	424	428	424	424	0
424	428	424	424	417	0
428	424	424	417	424	0
424	424	417	424	416	0
424	417	424	416	420	0
417	424	416	420	417	0
424	416	420	417	416	0
416	420	417	416	416	0
420	417	416	416	417	0
417	416	416	417	424	0
416	416	417	424	424	0
416	417	424	424	424	0
417	424	424	424	420	0
424	424	424	420	424	0
424	424	420	424	421	0
424	420	424	421	416	0
420	424	421	416	420	0
424	421	416	420	417	0
421	416	420	417	420	0
416	420	417	420	424	0
420	417	420	424	420	0
417	420	424	420	436	0
420	424	420	436	432	0
424	420	436	432	443	0
420	436	432	443	452	0
436	432	443	452	471	0
432	443	452	471	470	0
443	452	471	470	401	0
452	471	470	401	518	0
471	470	401	518	404	1
470	401	518	404	331	0
401	518	404	331	631	1
518	404	331	631	451	1
404	331	631	451	447	0
331	631	451	447	436	0
631	451	447	436	428	0
451	447	436	428	424	0
447	436	428	424	432	0
436	428	424	432	432	1
428	424	432	432	416	0
424	432	432	416	390	0
432	432	416	390	459	0
432	416	390	459	381	1
416	390	459	381	374	0
390	459	381	374	502	1
459	381	374	502	416	1
381	374	502	416	416	0
374	502	416	416	417	0
502	416	416	417	420	0
416	416	417	420	424	0
416	417	420	424	405	0
417	420	424	405	478	0
420	424	405	478	436	1
424	405	478	436	447	0
405	478	436	447	452	0
478	436	447	452	428	0
436	447	452	428	440	0
447	452	428	440	416	0
452	428	440	416	451	0
428	440	416	451	432	1
440	416	451	432	424	0
416	451	432	424	428	0
451	432	424	428	420	0
432	424	428	420	421	0
424	428	420	421	424	0
428	420	421	424	416	0
420	421	424	416	424	0
421	424	416	424	421	0
424	416	424	421	400	0
416	424	421	400	436	0
424	421	400	436	420	1
421	400	436	420	421	0
400	436	420	421	416	0
436	420	421	416	416	0
420	421	416	416	421	0
421	416	416	421	420	0
416	416	421	420	412	0
416	421	420	412	417	0
421	420	412	417	416	0
420	412	417	416	393	0
412	417	416	393	451	0
417	416	393	451	420	1
416	393	451	420	417	0
393	451	420	417	424	0
451	420	417	424	420	0
420	417	424	420	420	0
417	424	420	420	401	0
424	420	420	401	436	0
420	420	401	436	416	1
420	401	436	416	424	0
401	436	416	424	366	0
436	416	424	366	483	0
416	424	366	483	416	1
424	366	483	416	428	0
366	483	416	428	432	0
483	416	428	432	424	0
416	428	432	424	428	0
428	432	424	428	405	0
432	424	428	405	459	0
424	428	405	459	432	1
428	405	459	432	428	0
405	459	432	428	428	0
459	432	428	428	440	0
432	428	428	440	447	0
428	428	440	447	412	0
428	440	447	412	506	0
440	447	412	506	459	1
447	412	506	459	460	0
412	506	459	460	474	0
506	459	460	474	459	1
459	460	474	459	456	0
460	474	459	456	463	0
474	459	456	463	467	0
459	456	463	467	455	0
456	463	467	455	463	0
463	467	455	463	459	0
467	455	463	459	479	0
455	463	459	479	529	0
463	459	479	529	533	0
459	479	529	533	459	0
479	529	533	459	662	0
529	533	459	662	548	1
533	459	662	548	393	0
459	662	548	393	704	0
662	548	393	704	499	1
548	393	704	499	505	0
393	704	499	505	498	0
704	499	505	498	491	0
499	505	498	491	517	0
505	498	491	517	498	1
498	491	517	498	487	0
491	517	498	487	502	0
517	498	487	502	494	1
498	487	502	494	502	0
487	502	494	502	502	0
502	494	502	502	494	0
494	502	502	494	494	0
502	502	494	494	506	0
502	494	494	506	498	0
494	494	506	498	498	0
494	506	498	498	490	0
506	498	498	490	483	0
498	498	490	483	478	0
498	490	483	478	483	0
490	483	478	483	471	0
483	478	483	471	474	0
478	483	471	474	459	0
483	471	474	459	502	0
471	474	459	502	495	1
474	459	502	495	490	0
459	502	495	490	486	0
502	495	490	486	471	0
495	490	486	471	483	0
490	486	471	483	466	0
486	471	483	466	467	0
471	483	466	467	440	0
483	466	467	440	483	0
466	467	440	483	451	1
467	440	483	451	447	0
440	483	451	447	440	0
483	451	447	440	444	0
451	447	440	444	439	0
447	440	444	439	452	0
440	444	439	452	474	0
444	439	452	474	533	0
439	452	474	533	580	0
452	474	533	580	599	0
474	533	580	599	584	0
533	580	599	584	584	0
580	599	584	584	552	0
599	584	584	552	533	0
584	584	552	533	389	0
584	552	533	389	662	0
552	533	389	662	506	1
533	389	662	506	486	0
389	662	506	486	494	0
662	506	486	494	475	0
506	486	494	475	494	0
486	494	475	494	490	0
494	475	494	490	487	0
475	494	490	487	490	0
494	490	487	490	487	0
490	487	490	487	478	0
487	490	487	478	475	0
490	487	478	475	467	0
487	478	475	467	459	0
478	475	467	459	459	0
475	467	459	459	362	0
467	459	459	362	533	0
459	459	362	533	440	1
459	362	533	440	435	0
362	533	440	435	432	0
533	440	435	432	436	0
440	435	432	436	436	0
435	432	436	436	436	0
432	436	436	436	439	0
436	436	436	439	444	0
436	436	439	444	444	0
436	439	444	444	443	0
439	444	444	443	440	0
444	444	443	440	436	0
444	443	440	436	443	0
443	440	436	443	448	0
440	436	443	448	436	0
436	443	448	436	443	0
443	448	436	443	440	0
448	436	443	440	439	0
436	443	440	439	440	0
443	440	439	440	440	0
440	439	440	440	428	0
439	440	440	428	432	0
440	440	428	432	432	0
440	428	432	432	424	0
428	432	432	424	428	0
432	432	424	428	420	0
432	424	428	420	420	0
424	428	420	420	424	0
428	420	420	424	417	0
420	420	424	417	432	0
420	424	417	432	412	0
424	417	432	412	428	0
417	432	412	428	428	0
432	412	428	428	424	0
412	428	428	424	428	0
428	428	424	428	424	0
428	424	428	424	428	0
424	428	424	428	421	0
428	424	428	421	424	0
424	428	421	424	416	0
428	421	424	416	420	0
421	424	416	420	417	0
424	416	420	417	416	0
416	420	417	416	413	0
420	417	416	413	396	0
417	416	413	396	378	0
416	413	396	378	471	1
413	396	378	471	416	1
396	378	471	416	412	0
378	471	416	412	409	0
471	416	412	409	401	0
416	412	409	401	424	0
412	409	401	424	362	1
409	401	424	362	451	0
401	424	362	451	374	1
424	362	451	374	397	0
362	451	374	397	443	1
451	374	397	443	366	1
374	397	443	366	420	0
397	443	366	420	420	1
443	366	420	420	370	1
366	420	420	370	381	0
420	420	370	381	463	1
420	370	381	463	366	1
370	381	463	366	366	0
381	463	366	366	490	1
463	366	366	490	409	1
366	366	490	409	389	0
366	490	409	389	432	0
490	409	389	432	412	0
409	389	432	412	397	0
389	432	412	397	416	0
432	412	397	416	409	0
412	397	416	409	412	0
397	416	409	412	401	0
416	409	412	401	420	0
409	412	401	420	409	0
412	401	420	409	412	0
401	420	409	412	413	0
420	409	412	413	416	0
409	412	413	416	417	0
412	413	416	417	393	0
413	416	417	393	431	0
416	417	393	431	421	0
417	393	431	421	404	0
393	431	421	404	428	0
431	421	404	428	397	0
421	404	428	397	413	0
404	428	397	413	408	0
428	397	413	408	366	0
397	413	408	366	455	0
413	408	366	455	405	1
408	366	455	405	409	0
366	455	405	409	412	0
455	405	409	412	416	0
405	409	412	416	417	0
409	412	416	417	416	0
412	416	417	416	432	0
416	417	416	432	412	0
417	416	432	412	432	0
416	432	412	432	417	0
432	412	432	417	435	0
412	432	417	435	425	1
432	417	435	425	431	0
417	435	425	431	432	0
435	425	431	432	436	0
425	431	432	436	436	0
431	432	436	436	412	0
432	436	436	412	452	0
436	436	412	452	424	1
436	412	452	424	428	0
412	452	424	428	428	0
452	424	428	428	420	0
424	428	428	420	428	0
428	428	420	428	409	0
428	420	428	409	439	0
420	428	409	439	425	1
428	409	439	425	412	0
409	439	425	412	401	0
439	425	412	401	494	0
425	412	401	494	436	1
412	401	494	436	443	0
401	494	436	443	444	0
494	436	443	444	447	0
436	443	444	447	463	0
443	444	447	463	436	0
444	447	463	436	448	0
447	463	436	448	451	0
463	436	448	451	455	0
436	448	451	455	463	0
448	451	455	463	436	0
451	455	463	436	444	0
455	463	436	444	439	0
463	436	444	439	440	0
436	444	439	440	432	0
444	439	440	432	440	0
439	440	432	440	435	0
440	432	440	435	440	0
432	440	435	440	455	0
440	435	440	455	456	0
435	440	455	456	459	0
440	455	456	459	447	0
455	456	459	447	467	0
456	459	447	467	455	0
459	447	467	455	456	0
447	467	455	456	459	0
467	455	456	459	455	0
455	456	459	455	459	0
456	459	455	459	471	0
459	455	459	471	483	0
455	459	471	483	505	0
459	471	483	505	483	0
471	483	505	483	506	0
483	505	483	506	471	0
505	483	506	471	482	0
483	506	471	482	475	0
506	471	482	475	467	0
471	482	475	467	467	0
482	475	467	467	463	0
475	467	467	463	451	0
467	467	463	451	459	0
467	463	451	459	452	0
463	451	459	452	459	0
451	459	452	459	455	0
459	452	459	455	471	0
452	459	455	471	506	0
459	455	471	506	521	0
455	471	506	521	510	0
471	506	521	510	576	0
506	521	510	576	579	0
521	510	576	579	576	0
510	576	579	576	561	0
576	579	576	561	393	0
579	576	561	393	354	0
576	561	393	354	793	1
561	393	354	793	475	1
393	354	793	475	471	0
354	793	475	471	467	0
793	475	471	467	451	0
475	471	467	451	366	0
471	467	451	366	529	0
467	451	366	529	444	1
451	366	529	444	443	0
366	529	444	443	432	0
529	444	443	432	444	0
444	443	432	444	443	0
443	432	444	443	456	0
432	444	443	456	455	0
444	443	456	455	475	0
443	456	455	475	502	0
456	455	475	502	513	0
455	475	502	513	525	0
475	502	513	525	495	0
502	513	525	495	494	0
513	525	495	494	502	0
525	495	494	502	494	0
495	494	502	494	494	0
494	502	494	494	479	0
502	494	494	479	474	0
494	494	479	474	479	0
494	479	474	479	471	0
479	474	479	471	467	0
474	479	471	467	467	0
479	471	467	467	412	0
471	467	467	412	518	0
467	467	412	518	463	1
467	412	518	463	459	0
412	518	463	459	447	0
518	463	459	447	471	0
463	459	447	471	451	0
459	447	471	451	425	0
447	471	451	425	478	0
471	451	425	478	440	1
451	425	478	440	451	0
425	478	440	451	444	0
478	440	451	444	443	0
440	451	444	443	448	0
451	444	443	448	420	0
444	443	448	420	537	0
443	448	420	537	475	1
448	420	537	475	490	0
420	537	475	490	494	0
537	475	490	494	490	1
475	490	494	490	483	0
490	494	490	483	556	0
494	490	483	556	514	0
490	483	556	514	560	0
483	556	514	560	510	0
556	514	560	510	549	0
514	560	510	549	521	0
560	510	549	521	529	0
510	549	521	529	382	0
549	521	529	382	610	0
521	529	382	610	491	1
529	382	610	491	424	0
382	610	491	424	517	0
610	491	424	517	444	1
491	424	517	444	475	0
424	517	444	475	467	0
517	444	475	467	466	0
444	475	467	466	471	0
475	467	466	471	471	0
467	466	471	471	479	0
466	471	471	479	490	0
471	471	479	490	490	0
471	479	490	490	475	0
479	490	490	475	502	0
490	490	475	502	478	0
490	475	502	478	491	0
475	502	478	491	490	0
502	478	491	490	490	0
478	491	490	490	498	0
491	490	490	498	498	0
490	490	498	498	506	0
490	498	498	506	487	0
498	498	506	487	498	0
498	506	487	498	490	0
506	487	498	490	482	0
487	498	490	482	479	0
498	490	482	479	471	0
490	482	479	471	475	0
482	479	471	475	467	0
479	471	475	467	447	0
471	475	467	447	502	0
475	467	447	502	463	1
467	447	502	463	482	0
447	502	463	482	483	0
502	463	482	483	490	0
463	482	483	490	526	0
482	483	490	526	498	0
483	490	526	498	513	0
490	526	498	513	506	0
526	498	513	506	510	0
498	513	506	510	502	0
513	506	510	502	494	0
506	510	502	494	486	0
510	502	494	486	471	0
502	494	486	471	486	0
494	486	471	486	479	1
486	471	486	479	475	0
471	486	479	475	467	0
486	479	475	467	467	0
479	475	467	467	463	0
475	467	467	463	432	0
467	467	463	432	498	0
467	463	432	498	463	1
463	432	498	463	463	0
432	498	463	463	459	0
498	463	463	459	467	0
463	463	459	467	455	0
463	459	467	455	420	0
459	467	455	420	510	0
467	455	420	510	455	1
455	420	510	455	459	0
420	510	455	459	459	0
510	455	459	459	460	0
455	459	459	460	455	0
459	459	460	455	424	0
459	460	455	424	498	0
460	455	424	498	451	1
455	424	498	451	452	0
424	498	451	452	451	0
498	451	452	451	452	0
451	452	451	452	451	0
452	451	452	451	416	0
451	452	451	416	502	0
452	451	416	502	459	1
451	416	502	459	459	0
416	502	459	459	467	0
502	459	459	467	467	0
459	459	467	467	475	0
459	467	467	475	455	0
467	467	475	455	479	0
467	475	455	479	471	1
475	455	479	471	467	0
455	479	471	467	463	0
479	471	467	463	463	0
471	467	463	463	455	0
467	463	463	455	455	0
463	463	455	455	455	0
463	455	455	455	452	0
455	455	455	452	443	0
455	455	452	443	358	0
455	452	443	358	549	0
452	443	358	549	440	1
443	358	549	440	455	0
358	549	440	455	447	0
549	440	455	447	432	0
440	455	447	432	444	0
455	447	432	444	408	0
447	432	444	408	479	0
432	444	408	479	448	1
444	408	479	448	455	0
408	479	448	455	459	0
479	448	455	459	459	0
448	455	459	459	463	0
455	459	459	463	428	0
459	459	463	428	506	0
459	463	428	506	459	1
463	428	506	459	463	0
428	506	459	463	451	0
506	459	463	451	456	0
459	463	451	456	443	0
463	451	456	443	354	0
451	456	443	354	553	0
456	443	354	553	389	1
443	354	553	389	350	0
354	553	389	350	596	1
553	389	350	596	439	1
389	350	596	439	436	0
350	596	439	436	440	0
596	439	436	440	443	0
439	436	440	443	467	0
436	440	443	467	494	0
440	443	467	494	483	0
443	467	494	483	517	0
467	494	483	517	526	0
494	483	517	526	509	0
483	517	526	509	413	0
517	526	509	413	619	0
526	509	413	619	490	1
509	413	619	490	494	0
413	619	490	494	486	0
619	490	494	486	495	0
490	494	486	495	478	0
494	486	495	478	490	0
486	495	478	490	487	0
495	478	490	487	490	0
478	490	487	490	486	0
490	487	490	486	502	0
487	490	486	502	483	0
490	486	502	483	490	0
486	502	483	490	487	0
502	483	490	487	486	0
483	490	487	486	486	0
490	487	486	486	487	0
487	486	486	487	486	0
486	486	487	486	490	0
486	487	486	490	475	0
487	486	490	475	486	0
486	490	475	486	487	0
490	475	486	487	482	0
475	486	487	482	479	0
486	487	482	479	482	0
487	482	479	482	467	0
482	479	482	467	471	0
479	482	467	471	467	0
482	467	471	467	471	0
467	471	467	471	471	0
471	467	471	471	463	0
467	471	471	463	471	0
471	471	463	471	459	0
471	463	471	459	478	0
463	471	459	478	456	0
471	459	478	456	451	0
459	478	456	451	463	0
478	456	451	463	451	0
456	451	463	451	389	0
451	463	451	389	526	0
463	451	389	526	459	1
451	389	526	459	455	0
389	526	459	455	463	0
526	459	455	463	459	0
459	455	463	459	463	0
455	463	459	463	413	0
463	459	463	413	544	0
459	463	413	544	460	1
463	413	544	460	467	0
413	544	460	467	494	0
544	460	467	494	482	1
460	467	494	482	483	0
467	494	482	483	482	0
494	482	483	482	389	0
482	483	482	389	432	0
483	482	389	432	634	1
482	389	432	634	487	1
389	432	634	487	482	0
432	634	487	482	475	0
634	487	482	475	479	0
487	482	475	479	478	0
482	475	479	478	471	0
475	479	478	471	479	0
479	478	471	479	482	0
478	471	479	482	510	0
471	479	482	510	510	0
479	482	510	510	525	0
482	510	510	525	506	0
510	510	525	506	502	0
510	525	506	502	502	0
525	506	502	502	498	0
506	502	502	498	502	0
502	502	498	502	490	0
502	498	502	490	494	0
498	502	490	494	486	0
502	490	494	486	483	0
490	494	486	483	475	0
494	486	483	475	470	0
486	483	475	470	471	0
483	475	470	471	475	0
475	470	471	475	463	0
470	471	475	463	467	0
471	475	463	467	471	0
475	463	467	471	471	0
463	467	471	471	482	0
467	471	471	482	490	0
471	471	482	490	467	0
471	482	490	467	479	0
482	490	467	479	467	0
490	467	479	467	467	0
467	479	467	467	459	0
479	467	467	459	451	0
467	467	459	451	452	0
467	459	451	452	459	0
459	451	452	459	455	0
451	452	459	455	471	0
452	459	455	471	478	0
459	455	471	478	487	0
455	471	478	487	490	0
471	478	487	490	494	0
478	487	490	494	522	0
487	490	494	522	486	0
490	494	522	486	486	0
494	522	486	486	487	0
522	486	486	487	482	0
486	486	487	482	475	0
486	487	482	475	475	0
487	482	475	475	474	0
482	475	475	474	471	0
475	475	474	471	463	0
475	474	471	463	459	0
474	471	463	459	459	0
471	463	459	459	436	0
463	459	459	436	475	0
459	459	436	475	455	1
459	436	475	455	471	0
436	475	455	471	490	0
475	455	471	490	452	0
455	471	490	452	471	0
471	490	452	471	466	0
490	452	471	466	471	0
452	471	466	471	471	0
471	466	471	471	475	0
466	471	471	475	486	0
471	471	475	486	487	0
471	475	486	487	482	0
475	486	487	482	471	0
486	487	482	471	478	0
487	482	471	478	467	0
482	471	478	467	463	0
471	478	467	463	362	0
478	467	463	362	564	0
467	463	362	564	460	1
463	362	564	460	463	0
362	564	460	463	459	0
564	460	463	459	467	0
460	463	459	467	385	0
463	459	467	385	381	0
459	467	385	381	670	1
467	385	381	670	470	1
385	381	670	470	475	0
381	670	470	475	471	0
670	470	475	471	475	0
470	475	471	475	478	0
475	471	475	478	487	0
471	475	478	487	490	0
475	478	487	490	486	0
478	487	490	486	490	0
487	490	486	490	483	0
490	486	490	483	475	0
486	490	483	475	482	0
490	483	475	482	483	0
483	475	482	483	397	0
475	482	483	397	556	0
482	483	397	556	482	1
483	397	556	482	460	0
397	556	482	460	502	0
556	482	460	502	486	1
482	460	502	486	490	0
460	502	486	490	514	0
502	486	490	514	482	0
486	490	514	482	494	0
490	514	482	494	487	0
514	482	494	487	490	0
482	494	487	490	487	0
494	487	490	487	482	0
487	490	487	482	486	0
490	487	482	486	471	0
487	482	486	471	479	0
482	486	471	479	478	0
486	471	479	478	479	0
471	479	478	479	479	0
479	478	479	479	482	0
478	479	479	482	486	0
479	479	482	486	479	0
479	482	486	479	486	0
482	486	479	486	491	0
486	479	486	491	521	0
479	486	491	521	514	0
486	491	521	514	533	0
491	521	514	533	506	0
521	514	533	506	509	0
514	533	506	509	514	0
533	506	509	514	502	0
506	509	514	502	494	0
509	514	502	494	498	0
514	502	494	498	494	0
502	494	498	494	502	0
494	498	494	502	494	0
498	494	502	494	499	0
494	502	494	499	490	0
502	494	499	490	482	0
494	499	490	482	487	0
499	490	482	487	490	0
490	482	487	490	498	0
482	487	490	498	490	0
487	490	498	490	491	0
490	498	490	491	490	0
498	490	491	490	494	0
490	491	490	494	490	0
491	490	494	490	490	0
490	494	490	490	499	0
494	490	490	499	486	0
490	490	499	486	486	0
490	499	486	486	487	0
499	486	486	487	482	0
486	486	487	482	409	0
486	487	482	409	544	0
487	482	409	544	471	1
482	409	544	471	463	0
409	544	471	463	483	0
544	471	463	483	482	0
471	463	483	482	483	0
463	483	482	483	525	0
483	482	483	525	525	0
482	483	525	525	537	0
483	525	525	537	549	0
525	525	537	549	556	0
525	537	549	556	498	0
537	549	556	498	588	0
549	556	498	588	514	1
556	498	588	514	533	0
498	588	514	533	506	0
588	514	533	506	517	0
514	533	506	517	506	1
533	506	517	506	432	0
506	517	506	432	552	0
517	506	432	552	475	1
506	432	552	475	459	0
432	552	475	459	502	0
552	475	459	502	483	1
475	459	502	483	478	0
459	502	483	478	490	0
502	483	478	490	487	0
483	478	490	487	490	0
478	490	487	490	487	0
490	487	490	487	486	0
487	490	487	486	490	0
490	487	486	490	510	0
487	486	490	510	486	0
486	490	510	486	537	0
490	510	486	537	537	0
510	486	537	537	545	0
486	537	537	545	560	0
537	537	545	560	557	0
537	545	560	557	529	0
545	560	557	529	514	0
560	557	529	514	517	0
557	529	514	517	514	0
529	514	517	514	513	0
514	517	514	513	502	0
517	514	513	502	502	0
514	513	502	502	510	0
513	502	502	510	510	0
502	502	510	510	505	0
502	510	510	505	514	0
510	510	505	514	521	0
510	505	514	521	537	0
505	514	521	537	530	0
514	521	537	530	529	0
521	537	530	529	541	0
537	530	529	541	393	0
530	529	541	393	435	0
529	541	393	435	790	1
541	393	435	790	518	1
393	435	790	518	463	0
435	790	518	463	541	0
790	518	463	541	482	1
518	463	541	482	459	0
463	541	482	459	533	0
541	482	459	533	487	1
482	459	533	487	490	0
459	533	487	490	486	0
533	487	490	486	502	0
487	490	486	502	514	0
490	486	502	514	490	0
486	502	514	490	619	0
502	514	490	619	568	1
514	490	619	568	595	0
490	619	568	595	604	0
619	568	595	604	595	0
568	595	604	595	545	0
595	604	595	545	568	0
604	595	545	568	389	0
595	545	568	389	455	0
545	568	389	455	821	1
568	389	455	821	514	1
389	455	821	514	486	0
455	821	514	486	560	0
821	514	486	560	518	1
514	486	560	518	556	0
486	560	518	556	564	0
560	518	556	564	588	0
518	556	564	588	510	0
556	564	588	510	797	0
564	588	510	797	615	1
588	510	797	615	615	0
510	797	615	615	599	0
797	615	615	599	599	0
615	615	599	599	596	0
615	599	599	596	591	0
599	599	596	591	545	0
599	596	591	545	599	0
596	591	545	599	545	0
591	545	599	545	607	0
545	599	545	607	537	0
599	545	607	537	591	0
545	607	537	591	545	1
607	537	591	545	533	0
537	591	545	533	533	0
591	545	533	533	529	0
545	533	533	529	526	0
533	533	529	526	521	0
533	529	526	521	529	0
529	526	521	529	580	0
526	521	529	580	576	0
521	529	580	576	611	0
529	580	576	611	607	0
580	576	611	607	595	0
576	611	607	595	564	0
611	607	595	564	428	0
607	595	564	428	732	0
595	564	428	732	564	1
564	428	732	564	549	0
428	732	564	549	529	0
732	564	549	529	525	0
564	549	529	525	526	0
549	529	525	526	529	0
529	525	526	529	556	0
525	526	529	556	533	0
526	529	556	533	576	0
529	556	533	576	572	0
556	533	576	572	576	0
533	576	572	576	393	0
576	572	576	393	728	0
572	576	393	728	533	1
576	393	728	533	529	0
393	728	533	529	517	0
728	533	529	517	518	0
533	529	517	518	517	0
529	517	518	517	526	0
517	518	517	526	548	0
518	517	526	548	557	0
517	526	548	557	404	0
526	548	557	404	744	0
548	557	404	744	529	1
557	404	744	529	529	0
404	744	529	529	521	0
744	529	529	521	491	0
529	529	521	491	396	0
529	521	491	396	697	1
521	491	396	697	521	1
491	396	697	521	533	0
396	697	521	533	576	0
697	521	533	576	576	0
521	533	576	576	603	0
533	576	576	603	600	0
576	576	603	600	498	0
576	603	600	498	684	0
603	600	498	684	557	1
600	498	684	557	541	0
498	684	557	541	525	0
684	557	541	525	486	0
557	541	525	486	549	0
541	525	486	549	514	1
525	486	549	514	509	0
486	549	514	509	565	0
549	514	509	565	564	0
514	509	565	564	471	0
509	565	564	471	696	0
565	564	471	696	549	1
564	471	696	549	443	0
471	696	549	443	646	0
696	549	443	646	537	1
549	443	646	537	510	0
443	646	537	510	514	0
646	537	510	514	521	0
537	510	514	521	521	0
510	514	521	521	568	0
514	521	521	568	561	0
521	521	568	561	650	0
521	568	561	650	607	1
568	561	650	607	544	0
561	650	607	544	681	0
650	607	544	681	537	1
607	544	681	537	494	0
544	681	537	494	619	0
681	537	494	619	537	1
537	494	619	537	537	0
494	619	537	537	537	0
619	537	537	537	533	0
537	537	537	533	525	0
537	537	533	525	537	0
537	533	525	537	545	0
533	525	537	545	560	0
525	537	545	560	564	0
537	545	560	564	596	0
545	560	564	596	521	0
560	564	596	521	716	0
564	596	521	716	584	1
596	521	716	584	595	0
521	716	584	595	580	0
716	584	595	580	580	0
584	595	580	580	529	0
595	580	580	529	611	0
580	580	529	611	556	1
580	529	611	556	553	0
529	611	556	553	556	0
611	556	553	556	545	0
556	553	556	545	541	0
553	556	545	541	408	0
556	545	541	408	673	0
545	541	408	673	526	1
541	408	673	526	529	0
408	673	526	529	498	0
673	526	529	498	541	0
526	529	498	541	529	1
529	498	541	529	568	0
498	541	529	568	483	0
541	529	568	483	681	0
529	568	483	681	579	1
568	483	681	579	603	0
483	681	579	603	604	0
681	579	603	604	572	0
579	603	604	572	466	0
603	604	572	466	670	0
604	572	466	670	548	1
572	466	670	548	549	0
466	670	548	549	533	0
670	548	549	533	533	0
548	549	533	533	533	0
549	533	533	533	440	0
533	533	533	440	626	0
533	533	440	626	533	1
533	440	626	533	541	0
440	626	533	541	479	0
626	533	541	479	607	0
533	541	479	607	537	1
541	479	607	537	541	0
479	607	537	541	541	0
607	537	541	541	556	0
537	541	541	556	549	0
541	541	556	549	556	0
541	556	549	556	556	0
556	549	556	556	518	0
549	556	556	518	560	0
556	556	518	560	541	1
556	518	560	541	529	0
518	560	541	529	549	0
560	541	529	549	533	1
541	529	549	533	521	0
529	549	533	521	526	0
549	533	521	526	521	0
533	521	526	521	514	0
521	526	521	514	509	0
526	521	514	509	514	0
521	514	509	514	514	0
514	509	514	514	521	0
509	514	514	521	525	0
514	514	521	525	518	0
514	521	525	518	517	0
521	525	518	517	526	0
525	518	517	526	529	0
518	517	526	529	533	0
517	526	529	533	537	0
526	529	533	537	428	0
529	533	537	428	669	0
533	537	428	669	545	1
537	428	669	545	533	0
428	669	545	533	541	0
669	545	533	541	385	0
545	533	541	385	739	0
533	541	385	739	533	1
541	385	739	533	545	0
385	739	533	545	541	0
739	533	545	541	537	0
533	545	541	537	533	0
545	541	537	533	370	0
541	537	533	370	692	0
537	533	370	692	526	1
533	370	692	526	502	0
370	692	526	502	544	0
692	526	502	544	522	1
526	502	544	522	525	0
502	544	522	525	564	0
544	522	525	564	576	0
522	525	564	576	630	0
525	564	576	630	639	0
564	576	630	639	649	0
576	630	639	649	498	0
630	639	649	498	786	0
639	649	498	786	467	1
649	498	786	467	716	0
498	786	467	716	533	1
786	467	716	533	569	0
467	716	533	569	548	1
716	533	569	548	560	0
533	569	548	560	553	0
569	548	560	553	580	0
548	560	553	580	556	0
560	553	580	556	537	0
553	580	556	537	572	0
580	556	537	572	545	1
556	537	572	545	525	0
537	572	545	525	560	0
572	545	525	560	553	1
545	525	560	553	595	0
525	560	553	595	619	0
560	553	595	619	630	0
553	595	619	630	627	0
595	619	630	627	595	0
619	630	627	595	572	0
630	627	595	572	572	0
627	595	572	572	568	0
595	572	572	568	561	0
572	572	568	561	556	0
572	568	561	556	556	0
568	561	556	556	409	0
561	556	556	409	696	0
556	556	409	696	530	1
556	409	696	530	420	0
409	696	530	420	634	0
696	530	420	634	518	1
530	420	634	518	498	0
420	634	518	498	591	0
634	518	498	591	572	1
518	498	591	572	685	0
498	591	572	685	743	0
591	572	685	743	759	0
572	685	743	759	681	0
685	743	759	681	692	0
743	759	681	692	689	0
759	681	692	689	665	0
681	692	689	665	650	0
692	689	665	650	635	0
689	665	650	635	393	0
665	650	635	393	797	0
650	635	393	797	576	1
635	393	797	576	475	0
393	797	576	475	634	0
797	576	475	634	533	1
576	475	634	533	498	0
475	634	533	498	568	0
634	533	498	568	526	1
533	498	568	526	482	0
498	568	526	482	615	0
568	526	482	615	529	1
526	482	615	529	494	0
482	615	529	494	767	0
615	529	494	767	544	1
529	494	767	544	646	0
494	767	544	646	580	1
767	544	646	580	506	0
544	646	580	506	693	0
646	580	506	693	556	1
580	506	693	556	494	0
506	693	556	494	630	0
693	556	494	630	541	1
556	494	630	541	518	0
494	630	541	518	587	0
630	541	518	587	553	1
541	518	587	553	556	0
518	587	553	556	568	0
587	553	556	568	561	0
553	556	568	561	572	0
556	568	561	572	548	0
568	561	572	548	561	0
561	572	548	561	525	0
572	548	561	525	576	0
548	561	525	576	548	1
561	525	576	548	557	0
525	576	548	557	545	0
576	548	557	545	548	0
548	557	545	548	557	0
557	545	548	557	556	0
545	548	557	556	568	0
548	557	556	568	568	0
557	556	568	568	565	0
556	568	568	565	572	0
568	568	565	572	498	0
568	565	572	498	626	0
565	572	498	626	545	1
572	498	626	545	510	0
498	626	545	510	587	0
626	545	510	587	525	1
545	510	587	525	506	0
510	587	525	506	599	0
587	525	506	599	533	1
525	506	599	533	495	0
506	599	533	495	642	0
599	533	495	642	537	1
533	495	642	537	502	0
495	642	537	502	614	0
642	537	502	614	537	1
537	502	614	537	518	0
502	614	537	518	560	0
614	537	518	560	522	1
537	518	560	522	435	0
518	560	522	435	615	0
560	522	435	615	533	1
522	435	615	533	549	0
435	615	533	549	626	0
615	533	549	626	549	1
533	549	626	549	521	0
549	626	549	521	603	0
626	549	521	603	565	1
549	521	603	565	591	0
521	603	565	591	557	0
603	565	591	557	587	0
565	591	557	587	556	0
591	557	587	556	526	0
557	587	556	526	595	0
587	556	526	595	545	1
556	526	595	545	529	0
526	595	545	529	580	0
595	545	529	580	548	1
545	529	580	548	588	0
529	580	548	588	572	0
580	548	588	572	591	0
548	588	572	591	588	0
588	572	591	588	615	0
572	591	588	615	618	0
591	588	615	618	463	0
588	615	618	463	736	0
615	618	463	736	545	1
618	463	736	545	572	0
463	736	545	572	556	0
736	545	572	556	556	0
545	572	556	556	545	0
572	556	556	545	584	0
556	556	545	584	587	0
556	545	584	587	553	0
545	584	587	553	700	0
584	587	553	700	580	1
587	553	700	580	623	0
553	700	580	623	607	0
700	580	623	607	611	0
580	623	607	611	579	0
623	607	611	579	588	0
607	611	579	588	556	0
611	579	588	556	553	0
579	588	556	553	556	0
588	556	553	556	541	0
556	553	556	541	592	0
553	556	541	592	544	0
556	541	592	544	588	0
541	592	544	588	560	0
592	544	588	560	560	0
544	588	560	560	549	0
588	560	560	549	549	0
560	560	549	549	548	0
560	549	549	548	545	0
549	549	548	545	564	0
549	548	545	564	553	0
548	545	564	553	548	0
545	564	553	548	553	0
564	553	548	553	537	0
553	548	553	537	541	0
548	553	537	541	525	0
553	537	541	525	522	0
537	541	525	522	513	0
541	525	522	513	518	0
525	522	513	518	498	0
522	513	518	498	529	0
513	518	498	529	517	0
518	498	529	517	526	0
498	529	517	526	529	0
529	517	526	529	545	0
517	526	529	545	540	0
526	529	545	540	541	0
529	545	540	541	545	0
545	540	541	545	537	0
540	541	545	537	537	0
541	545	537	537	533	0
545	537	537	533	537	0
537	537	533	537	541	0
537	533	537	541	537	0
533	537	541	537	552	0
537	541	537	552	580	0
541	537	552	580	549	0
537	552	580	549	568	0
552	580	549	568	556	0
580	549	568	556	553	0
549	568	556	553	548	0
568	556	553	548	553	0
556	553	548	553	556	0
553	548	553	556	553	0
548	553	556	553	549	0
553	556	553	549	548	0
556	553	549	548	557	0
553	549	548	557	568	0
549	548	557	568	591	0
548	557	568	591	572	0
557	568	591	572	576	0
568	591	572	576	556	0
591	572	576	556	553	0
572	576	556	553	564	0
576	556	553	564	553	0
556	553	564	553	556	0
553	564	553	556	541	0
564	553	556	541	541	0
553	556	541	541	537	0
556	541	541	537	529	0
541	541	537	529	521	0
541	537	529	521	514	0
537	529	521	514	518	0
529	521	514	518	498	0
521	514	518	498	525	0
514	518	498	525	521	1
518	498	525	521	549	0
498	525	521	549	572	0
525	521	549	572	576	0
521	549	572	576	615	0
549	572	576	615	626	0
572	576	615	626	630	0
576	615	626	630	627	0
615	626	630	627	615	0
626	630	627	615	572	0
630	627	615	572	474	0
627	615	572	474	670	0
615	572	474	670	533	1
572	474	670	533	424	0
474	670	533	424	650	0
670	533	424	650	521	1
533	424	650	521	494	0
424	650	521	494	615	0
650	521	494	615	529	1
521	494	615	529	518	0
494	615	529	518	836	0
615	529	518	836	502	1
529	518	836	502	864	0
518	836	502	864	436	1
836	502	864	436	856	0
502	864	436	856	471	1
864	436	856	471	712	0
436	856	471	712	544	1
856	471	712	544	549	0
471	712	544	549	533	0
712	544	549	533	533	0
544	549	533	533	518	0
549	533	533	518	650	0
533	533	518	650	626	1
533	518	650	626	728	0
518	650	626	728	758	0
650	626	728	758	428	0
626	728	758	428	1008	0
728	758	428	1008	389	1
758	428	1008	389	845	0
428	1008	389	845	428	1
1008	389	845	428	704	0
389	845	428	704	541	1
845	428	704	541	537	0
428	704	541	537	537	0
704	541	537	537	572	0
541	537	537	572	572	0
537	537	572	572	599	0
537	572	572	599	517	0
572	572	599	517	425	0
572	599	517	425	1081	1
599	517	425	1081	393	1
517	425	1081	393	965	0
425	1081	393	965	405	1
1081	393	965	405	805	0
393	965	405	805	498	1
965	405	805	498	631	0
405	805	498	631	544	1
805	498	631	544	537	0
498	631	544	537	565	0
631	544	537	565	544	1
544	537	565	544	604	0
537	565	544	604	665	0
565	544	604	665	817	0
544	604	665	817	409	0
604	665	817	409	1124	0
665	817	409	1124	385	1
817	409	1124	385	1024	0
409	1124	385	1024	393	1
1124	385	1024	393	832	0
385	1024	393	832	479	1
1024	393	832	479	650	0
393	832	479	650	537	1
832	479	650	537	541	0
479	650	537	541	560	0
650	537	541	560	626	0
537	541	560	626	666	0
541	560	626	666	758	0
560	626	666	758	759	0
626	666	758	759	413	0
666	758	759	413	1097	0
758	759	413	1097	385	1
759	413	1097	385	938	0
413	1097	385	938	420	1
1097	385	938	420	767	0
385	938	420	767	541	1
938	420	767	541	591	0
420	767	541	591	545	1
767	541	591	545	529	0
541	591	545	529	654	0
591	545	529	654	583	1
545	529	654	583	514	0
529	654	583	514	1062	0
654	583	514	1062	401	1
583	514	1062	401	996	0
514	1062	401	996	412	1
1062	401	996	412	829	0
401	996	412	829	506	1
996	412	829	506	646	0
412	829	506	646	545	1
829	506	646	545	509	0
506	646	545	509	596	0
646	545	509	596	556	1
545	509	596	556	631	0
509	596	556	631	677	0
596	556	631	677	821	0
556	631	677	821	412	0
631	677	821	412	1105	0
677	821	412	1105	397	1
821	412	1105	397	949	0
412	1105	397	949	428	1
1105	397	949	428	767	0
397	949	428	767	556	1
949	428	767	556	565	0
428	767	556	565	548	1
767	556	565	548	553	0
556	565	548	553	572	0
565	548	553	572	568	0
548	553	572	568	646	0
553	572	568	646	723	0
572	568	646	723	814	0
568	646	723	814	782	0
646	723	814	782	747	0
723	814	782	747	700	0
814	782	747	700	642	0
782	747	700	642	619	0
747	700	642	619	588	0
700	642	619	588	579	0
642	619	588	579	580	0
619	588	579	580	576	0
588	579	580	576	576	0
579	580	576	576	494	0
580	576	576	494	654	0
576	576	494	654	564	1
576	494	654	564	521	0
494	654	564	521	607	0
654	564	521	607	549	1
564	521	607	549	514	0
521	607	549	514	587	0
607	549	514	587	568	1
549	514	587	568	654	0
514	587	568	654	728	0
587	568	654	728	735	0
568	654	728	735	432	0
654	728	735	432	973	0
728	735	432	973	432	1
735	432	973	432	824	0
432	973	432	824	537	1
973	432	824	537	627	0
432	824	537	627	560	1
824	537	627	560	525	0
537	627	560	525	600	0
627	560	525	600	576	1
560	525	600	576	642	0
525	600	576	642	595	0
600	576	642	595	708	0
576	642	595	708	521	0
642	595	708	521	934	0
595	708	521	934	436	1
708	521	934	436	950	0
521	934	436	950	447	1
934	436	950	447	802	0
436	950	447	802	556	1
950	447	802	556	626	0
447	802	556	626	569	1
802	556	626	569	536	0
556	626	569	536	596	0
626	569	536	596	560	1
569	536	596	560	572	0
536	596	560	572	580	0
596	560	572	580	584	0
560	572	580	584	591	0
572	580	584	591	634	0
580	584	591	634	603	0
584	591	634	603	615	0
591	634	603	615	619	0
634	603	615	619	607	0
603	615	619	607	595	0
615	619	607	595	592	0
619	607	595	592	591	0
607	595	592	591	584	0
595	592	591	584	576	0
592	591	584	576	575	0
591	584	576	575	452	0
584	576	575	452	669	0
576	575	452	669	541	1
575	452	669	541	451	0
452	669	541	451	615	0
669	541	451	615	521	1
541	451	615	521	495	0
451	615	521	495	603	0
615	521	495	603	537	1
521	495	603	537	579	0
495	603	537	579	397	0
603	537	579	397	841	0
537	579	397	841	517	1
579	397	841	517	685	0
397	841	517	685	580	1
841	517	685	580	475	0
517	685	580	475	727	0
685	580	475	727	568	1
580	475	727	568	561	0
475	727	568	561	556	0
727	568	561	556	556	0
568	561	556	556	534	0
561	556	556	534	645	0
556	556	534	645	569	1
556	534	645	569	610	0
534	645	569	610	650	0
645	569	610	650	592	1
569	610	650	592	525	0
610	650	592	525	689	0
650	592	525	689	572	1
592	525	689	572	459	0
525	689	572	459	696	0
689	572	459	696	553	1
572	459	696	553	471	0
459	696	553	471	611	0
696	553	471	611	537	1
553	471	611	537	513	0
471	611	537	513	646	0
611	537	513	646	603	1
537	513	646	603	642	0
513	646	603	642	712	0
646	603	642	712	693	1
603	642	712	693	447	0
642	712	693	447	860	0
712	693	447	860	456	1
693	447	860	456	747	0
447	860	456	747	583	1
860	456	747	583	576	0
456	747	583	576	572	0
747	583	576	572	592	0
583	576	572	592	583	0
576	572	592	583	627	0
572	592	583	627	622	0
592	583	627	622	537	0
583	627	622	537	701	0
627	622	537	701	568	1
622	537	701	568	614	0
537	701	568	614	604	1
701	568	614	604	607	0
568	614	604	607	611	0
614	604	607	611	657	0
604	607	611	657	521	0
607	611	657	521	720	0
611	657	521	720	580	1
657	521	720	580	588	0
521	720	580	588	576	0
720	580	588	576	568	0
580	588	576	568	564	0
588	576	568	564	576	0
576	568	564	576	587	0
568	564	576	587	642	0
564	576	587	642	673	0
576	587	642	673	677	0
587	642	673	677	499	0
642	673	677	499	828	0
673	677	499	828	514	1
677	499	828	514	681	0
499	828	514	681	568	1
828	514	681	568	502	0
514	681	568	502	615	0
681	568	502	615	541	1
568	502	615	541	552	0
502	615	541	552	576	0
615	541	552	576	619	0
541	552	576	619	681	0
552	576	619	681	704	0
576	619	681	704	743	0
619	681	704	743	436	0
681	704	743	436	1027	0
704	743	436	1027	409	1
743	436	1027	409	891	0
436	1027	409	891	459	1
1027	409	891	459	727	0
409	891	459	727	553	1
891	459	727	553	553	0
459	727	553	553	548	0
727	553	553	548	568	0
553	553	548	568	483	0
553	548	568	483	840	0
548	568	483	840	459	1
568	483	840	459	833	0
483	840	459	833	498	1
840	459	833	498	724	0
459	833	498	724	556	1
833	498	724	556	580	0
498	724	556	580	568	0
724	556	580	568	584	0
556	580	568	584	599	0
580	568	584	599	642	0
568	584	599	642	693	0
584	599	642	693	704	0
599	642	693	704	739	0
642	693	704	739	428	0
693	704	739	428	989	0
704	739	428	989	420	1
739	428	989	420	805	0
428	989	420	805	537	1
989	420	805	537	611	0
420	805	537	611	556	1
805	537	611	556	565	0
537	611	556	565	618	0
611	556	565	618	631	0
556	565	618	631	657	0
565	618	631	657	677	0
618	631	657	677	720	0
631	657	677	720	444	0
657	677	720	444	1054	0
677	720	444	1054	405	1
720	444	1054	405	887	0
444	1054	405	887	448	1
1054	405	887	448	731	0
405	887	448	731	572	1
887	448	731	572	564	0
448	731	572	564	568	0
731	572	564	568	580	0
572	564	568	580	603	0
564	568	580	603	650	0
568	580	603	650	494	0
580	603	650	494	825	0
603	650	494	825	502	1
650	494	825	502	805	0
494	825	502	805	526	1
825	502	805	526	770	0
502	805	526	770	564	1
805	526	770	564	635	0
526	770	564	635	587	1
770	564	635	587	549	0
564	635	587	549	654	0
635	587	549	654	587	1
587	549	654	587	611	0
549	654	587	611	634	0
654	587	611	634	603	0
587	611	634	603	646	0
611	634	603	646	603	0
634	603	646	603	646	0
603	646	603	646	599	0
646	603	646	599	475	0
603	646	599	475	728	0
646	599	475	728	580	1
599	475	728	580	572	0
475	728	580	572	568	0
728	580	572	568	568	0
580	572	568	568	564	0
572	568	568	564	576	0
568	568	564	576	650	0
568	564	576	650	498	0
564	576	650	498	934	0
576	650	498	934	435	1
650	498	934	435	841	0
498	934	435	841	502	1
934	435	841	502	692	0
435	841	502	692	572	1
841	502	692	572	557	0
502	692	572	557	591	0
692	572	557	591	576	1
572	557	591	576	592	0
557	591	576	592	595	0
591	576	592	595	599	0
576	592	595	599	580	0
592	595	599	580	607	0
595	599	580	607	634	0
599	580	607	634	545	0
580	607	634	545	856	0
607	634	545	856	502	1
634	545	856	502	778	0
545	856	502	778	603	1
856	502	778	603	611	0
502	778	603	611	607	0
778	603	611	607	615	0
603	611	607	615	619	0
611	607	615	619	622	0
607	615	619	622	619	0
615	619	622	619	432	0
619	622	619	432	755	0
622	619	432	755	579	1
619	432	755	579	494	0
432	755	579	494	674	0
755	579	494	674	587	1
579	494	674	587	615	0
494	674	587	615	665	0
674	587	615	665	677	0
587	615	665	677	712	0
615	665	677	712	705	0
665	677	712	705	704	0
677	712	705	704	693	0
712	705	704	693	657	0
705	704	693	657	685	0
704	693	657	685	619	0
693	657	685	619	490	0
657	685	619	490	763	0
685	619	490	763	591	1
619	490	763	591	576	0
490	763	591	576	568	0
763	591	576	568	556	0
591	576	568	556	553	0
576	568	556	553	552	0
568	556	553	552	471	0
556	553	552	471	693	0
553	552	471	693	549	1
552	471	693	549	607	0
471	693	549	607	575	0
693	549	607	575	631	0
549	607	575	631	622	0
607	575	631	622	537	0
575	631	622	537	751	0
631	622	537	751	518	1
622	537	751	518	685	0
537	751	518	685	583	1
751	518	685	583	580	0
518	685	583	580	572	0
685	583	580	572	568	0
583	580	572	568	560	0
580	572	568	560	565	0
572	568	560	565	572	0
568	560	565	572	591	0
560	565	572	591	619	0
565	572	591	619	587	0
572	591	619	587	599	0
591	619	587	599	596	0
619	587	599	596	568	0
587	599	596	568	591	0
599	596	568	591	568	0
596	568	591	568	572	0
568	591	568	572	576	0
591	568	572	576	580	0
568	572	576	580	580	0
572	576	580	580	584	0
576	580	580	584	587	0
580	580	584	587	545	0
580	584	587	545	630	0
584	587	545	630	564	1
587	545	630	564	584	0
545	630	564	584	572	0
630	564	584	572	576	0
564	584	572	576	580	0
584	572	576	580	576	0
572	576	580	576	571	0
576	580	576	571	608	0
580	576	571	608	610	0
576	571	608	610	611	0
571	608	610	611	510	0
608	610	611	510	689	0
610	611	510	689	576	1
611	510	689	576	498	0
510	689	576	498	638	0
689	576	498	638	541	1
576	498	638	541	509	0
498	638	541	509	603	0
638	541	509	603	569	1
541	509	603	569	614	0
509	603	569	614	393	0
603	569	614	393	1055	0
569	614	393	1055	397	1
614	393	1055	397	996	0
393	1055	397	996	416	1
1055	397	996	416	872	0
397	996	416	872	494	1
996	416	872	494	689	0
416	872	494	689	568	1
872	494	689	568	525	0
494	689	568	525	669	0
689	568	525	669	557	1
568	525	669	557	529	0
525	669	557	529	716	0
669	557	529	716	568	1
557	529	716	568	467	0
529	716	568	467	794	0
716	568	467	794	552	1
568	467	794	552	385	0
467	794	552	385	860	1
794	552	385	860	592	1
552	385	860	592	509	0
385	860	592	509	658	0
860	592	509	658	572	1
592	509	658	572	595	0
509	658	572	595	604	0
658	572	595	604	645	0
572	595	604	645	448	0
595	604	645	448	883	0
604	645	448	883	471	1
645	448	883	471	782	0
448	883	471	782	556	1
883	471	782	556	588	0
471	782	556	588	580	1
782	556	588	580	622	0
556	588	580	622	619	0
588	580	622	619	650	0
580	622	619	650	665	0
622	619	650	665	557	0
619	650	665	557	860	0
650	665	557	860	416	1
665	557	860	416	887	0
557	860	416	887	483	1
860	416	887	483	723	0
416	887	483	723	580	1
887	483	723	580	584	0
483	723	580	584	583	0
723	580	584	583	623	0
580	584	583	623	623	0
584	583	623	623	572	0
583	623	623	572	696	0
623	623	572	696	591	1
623	572	696	591	604	0
572	696	591	604	607	0
696	591	604	607	642	0
591	604	607	642	494	0
604	607	642	494	821	0
607	642	494	821	502	1
642	494	821	502	731	0
494	821	502	731	576	1
821	502	731	576	553	0
502	731	576	553	642	0
731	576	553	642	583	1
576	553	642	583	611	0
553	642	583	611	634	0
642	583	611	634	639	0
583	611	634	639	661	0
611	634	639	661	654	0
