index	i-2	i-1	i+0	i+1	i+2	Filter	Time
2	770	790	833	871	872	0	2401
3	790	833	871	872	868	0	3272
4	833	871	872	868	860	0	4144
5	871	872	868	860	867	0	5012
6	872	868	860	867	884	0	5872
7	868	860	867	884	891	0	6739
8	860	867	884	891	883	0	7623
9	867	884	891	883	875	0	8514
10	884	891	883	875	856	0	9397
11	891	883	875	856	856	0	10272
12	883	875	856	856	876	0	11128
13	875	856	856	876	899	0	11984
14	856	856	876	899	860	0	12860
15	856	876	899	860	863	0	13759
16	876	899	860	863	860	0	14619
17	899	860	863	860	864	0	15482
18	860	863	860	864	848	0	16342
19	863	860	864	848	845	0	17206
20	860	864	848	845	840	0	18054
21	864	848	845	840	829	0	18899
22	848	845	840	829	463	0	19739
23	845	840	829	463	1206	0	20568
24	840	829	463	1206	794	1	21031
25	829	463	1206	794	778	0	22237
26	463	1206	794	778	526	0	23031
27	1206	794	778	526	1031	0	23809
28	794	778	526	1031	774	1	24335
29	778	526	1031	774	545	0	25366
30	526	1031	774	545	1008	0	26140
31	1031	774	545	1008	743	1	26685
32	774	545	1008	743	770	0	27693
33	545	1008	743	770	771	0	28436
34	1008	743	770	771	805	0	29206
35	743	770	771	805	829	0	29977
36	770	771	805	829	871	0	30782
37	771	805	829	871	868	0	31611
38	805	829	871	868	880	0	32482
39	829	871	868	880	856	0	33350
40	871	868	880	856	856	0	34230
41	868	880	856	856	887	0	35086
42	880	856	856	887	883	0	35942
43	856	856	887	883	879	0	36829
44	856	887	883	879	849	0	37712
45	887	883	879	849	852	0	38591
46	883	879	849	852	860	0	39440
47	879	849	852	860	817	0	40292
48	849	852	860	817	533	0	41152
49	852	860	817	533	1124	0	41969
50	860	817	533	1124	779	1	42502
51	817	533	1124	779	782	0	43626
52	533	1124	779	782	766	0	44405
53	1124	779	782	766	518	0	45187
54	779	782	766	518	1066	0	45953
55	782	766	518	1066	763	1	46471
56	766	518	1066	763	758	0	47537
57	518	1066	763	758	751	0	48300
58	1066	763	758	751	744	0	49058
59	763	758	751	744	766	0	49809
60	758	751	744	766	770	0	50553
61	751	744	766	770	802	0	51319
62	744	766	770	802	556	0	52089
63	766	770	802	556	1152	0	52891
64	770	802	556	1152	848	1	53447
65	802	556	1152	848	537	0	54599
66	556	1152	848	537	1176	0	55447
67	1152	848	537	1176	521	1	55984
68	848	537	1176	521	1070	0	57160
69	537	1176	521	1070	564	1	57681
70	1176	521	1070	564	942	0	58751
71	521	1070	564	942	716	1	59315
72	1070	564	942	716	727	0	60257
73	564	942	716	727	736	0	60973
74	942	716	727	736	751	0	61700
75	716	727	736	751	751	0	62436
76	727	736	751	751	739	0	63187
77	736	751	751	739	759	0	63938
78	751	751	739	759	766	0	64677
79	751	739	759	766	763	0	65436
80	739	759	766	763	767	0	66202
81	759	766	763	767	758	0	66965
82	766	763	767	758	771	0	67732
83	763	767	758	771	770	0	68490
84	767	758	771	770	763	0	69261
85	758	771	770	763	774	0	70031
86	771	770	763	774	778	0	70794
87	770	763	774	778	755	0	71568
88	763	774	778	755	767	0	72346
89	774	778	755	767	762	0	73101
90	778	755	767	762	759	0	73868
91	755	767	762	759	771	0	74630
92	767	762	759	771	743	0	75389
93	762	759	771	743	735	0	76160
94	759	771	743	735	724	0	76903
95	771	743	735	724	724	0	77638
96	743	735	724	724	727	0	78362
97	735	724	724	727	736	0	79086
98	724	724	727	736	751	0	79813
99	724	727	736	751	762	0	80549
100	727	736	751	762	763	0	81300
101	736	751	762	763	763	0	82062
102	751	762	763	763	751	0	82825
103	762	763	763	751	758	0	83588
104	763	763	751	758	759	0	84339
105	763	751	758	759	735	0	85097
106	751	758	759	735	744	0	85856
107	758	759	735	744	747	0	86591
108	759	735	744	747	751	0	87335
109	735	744	747	751	743	0	88082
110	744	747	751	743	735	0	88833
111	747	751	743	735	751	0	89576
112	751	743	735	751	747	0	90311
113	743	735	751	747	747	0	91062
114	735	751	747	747	755	0	91809
115	751	747	747	755	763	0	92556
116	747	747	755	763	770	0	93311
117	747	755	763	770	759	0	94074
118	755	763	770	759	771	0	94844
119	763	770	759	771	455	0	95603
120	770	759	771	455	1093	0	96374
121	759	771	455	1093	755	1	96829
122	771	455	1093	755	451	0	97922
123	455	1093	755	451	1051	0	98677
124	1093	755	451	1051	735	1	99128
125	755	451	1051	735	526	0	100179
126	451	1051	735	526	910	0	100914
127	1051	735	526	910	455	1	101440
128	735	526	910	455	981	0	102350
129	526	910	455	981	712	1	102805
130	910	455	981	712	525	0	103786
131	455	981	712	525	479	0	104498
132	981	712	525	479	1113	1	105023
133	712	525	479	1113	696	1	105502
134	525	479	1113	696	681	0	106615
135	479	1113	696	681	697	0	107311
136	1113	696	681	697	700	0	107992
137	696	681	697	700	693	0	108689
138	681	697	700	693	712	0	109389
139	697	700	693	712	708	0	110082
140	700	693	712	708	712	0	110794
141	693	712	708	712	697	0	111502
142	712	708	712	697	750	0	112214
143	708	712	697	750	518	0	112911
144	712	697	750	518	957	0	113661
145	697	750	518	957	736	1	114179
146	750	518	957	736	723	0	115136
147	518	957	736	723	720	0	115872
148	957	736	723	720	533	0	116595
149	736	723	720	533	463	0	117315
150	723	720	533	463	1164	1	117848
151	720	533	463	1164	712	1	118311
152	533	463	1164	712	704	0	119475
153	463	1164	712	704	700	0	120187
154	1164	712	704	700	716	0	120891
155	712	704	700	716	728	0	121591
156	704	700	716	728	747	0	122307
157	700	716	728	747	751	0	123035
158	716	728	747	751	767	0	123782
159	728	747	751	767	743	0	124533
160	747	751	767	743	743	0	125300
161	751	767	743	743	751	0	126043
162	767	743	743	751	751	0	126786
163	743	743	751	751	770	0	127537
164	743	751	751	770	771	0	128288
165	751	751	770	771	786	0	129058
166	751	770	771	786	447	0	129829
167	770	771	786	447	1133	0	130615
168	771	786	447	1133	747	1	131062
169	786	447	1133	747	739	0	132195
170	447	1133	747	739	739	0	132942
171	1133	747	739	739	755	0	133681
172	747	739	739	755	774	0	134420
173	739	739	755	774	794	0	135175
174	739	755	774	794	798	0	135949
175	755	774	794	798	463	0	136743
176	774	794	798	463	1128	0	137541
177	794	798	463	1128	771	1	138004
178	798	463	1128	771	451	0	139132
179	463	1128	771	451	1055	0	139903
180	1128	771	451	1055	739	1	140354
181	771	451	1055	739	724	0	141409
182	451	1055	739	724	719	0	142148
183	1055	739	724	719	432	0	142872
184	739	724	719	432	1031	0	143591
185	724	719	432	1031	728	1	144023
186	719	432	1031	728	529	0	145054
187	432	1031	728	529	475	0	145782
188	1031	728	529	475	1183	1	146311
189	728	529	475	1183	731	1	146786
190	529	475	1183	731	709	0	147969
191	475	1183	731	709	716	0	148700
192	1183	731	709	716	712	0	149409
193	731	709	716	712	751	0	150125
194	709	716	712	751	727	0	150837
195	716	712	751	727	743	0	151588
196	712	751	727	743	724	0	152315
197	751	727	743	724	728	0	153058
198	727	743	724	728	723	0	153782
199	743	724	728	723	709	0	154510
200	724	728	723	709	704	0	155233
201	728	723	709	704	545	0	155942
202	723	709	704	545	821	0	156646
203	709	704	545	821	451	1	157191
204	704	545	821	451	922	0	158012
205	545	821	451	922	673	1	158463
206	821	451	922	673	506	0	159385
207	451	922	673	506	817	0	160058
208	922	673	506	817	642	1	160564
209	673	506	817	642	654	0	161381
210	506	817	642	654	658	0	162023
211	817	642	654	658	669	0	162677
212	642	654	658	669	673	0	163335
213	654	658	669	673	669	0	164004
214	658	669	673	669	440	0	164677
215	669	673	669	440	895	0	165346
216	673	669	440	895	673	1	165786
217	669	440	895	673	669	0	166681
218	440	895	673	669	666	0	167354
219	895	673	669	666	685	0	168023
220	673	669	666	685	455	0	168689
221	669	666	685	455	941	0	169374
222	666	685	455	941	701	1	169829
223	685	455	941	701	513	0	170770
224	455	941	701	513	884	0	171471
225	941	701	513	884	688	1	171984
226	701	513	884	688	541	0	172868
227	513	884	688	541	448	0	173556
228	884	688	541	448	1136	1	174097
229	688	541	448	1136	704	1	174545
230	541	448	1136	704	708	0	175681
231	448	1136	704	708	705	0	176385
232	1136	704	708	705	723	0	177093
233	704	708	705	723	759	0	177798
234	708	705	723	759	790	0	178521
235	705	723	759	790	518	0	179280
236	723	759	790	518	1128	0	180070
237	759	790	518	1128	521	1	180588
238	790	518	1128	521	1086	0	181716
239	518	1128	521	1086	525	1	182237
240	1128	521	1086	525	335	0	183323
241	521	1086	525	335	763	1	183848
242	1086	525	335	763	758	1	184183
243	525	335	763	758	806	0	184946
244	335	763	758	806	817	0	185704
245	763	758	806	817	443	0	186510
246	758	806	817	443	1211	0	187327
247	806	817	443	1211	630	1	187770
248	817	443	1211	630	1000	0	188981
249	443	1211	630	1000	778	1	189611
250	1211	630	1000	778	451	0	190611
251	630	1000	778	451	1117	0	191389
252	1000	778	451	1117	767	1	191840
253	778	451	1117	767	517	0	192957
254	451	1117	767	517	1016	0	193724
255	1117	767	517	1016	755	1	194241
256	767	517	1016	755	758	0	195257
257	517	1016	755	758	771	0	196012
258	1016	755	758	771	541	0	196770
259	755	758	771	541	1004	0	197541
260	758	771	541	1004	770	1	198082
261	771	541	1004	770	774	0	199086
262	541	1004	770	774	782	0	199856
263	1004	770	774	782	537	0	200630
264	770	774	782	537	514	0	201412
265	774	782	537	514	1253	1	201949
266	782	537	514	1253	766	1	202463
267	537	514	1253	766	576	0	203716
268	514	1253	766	576	954	0	204482
269	1253	766	576	954	762	1	205058
270	766	576	954	762	537	0	206012
271	576	954	762	537	1012	0	206774
272	954	762	537	1012	766	1	207311
273	762	537	1012	766	541	0	208323
274	537	1012	766	541	996	0	209089
275	1012	766	541	996	744	1	209630
276	766	541	996	744	556	0	210626
277	541	996	744	556	934	0	211370
278	996	744	556	934	444	1	211926
279	744	556	934	444	1042	0	212860
280	556	934	444	1042	724	1	213304
281	934	444	1042	724	541	0	214346
282	444	1042	724	541	478	0	215070
283	1042	724	541	478	1172	1	215611
284	724	541	478	1172	517	1	216089
285	541	478	1172	517	918	0	217261
286	478	1172	517	918	713	1	217778
287	1172	517	918	713	556	0	218696
288	517	918	713	556	482	0	219409
289	918	713	556	482	1102	1	219965
290	713	556	482	1102	502	1	220447
291	556	482	1102	502	926	0	221549
292	482	1102	502	926	704	1	222051
293	1102	502	926	704	572	0	222977
294	502	926	704	572	482	0	223681
295	926	704	572	482	1129	1	224253
296	704	572	482	1129	517	1	224735
297	572	482	1129	517	907	0	225864
298	482	1129	517	907	700	1	226381
299	1129	517	907	700	705	0	227288
300	517	907	700	705	716	0	227988
301	907	700	705	716	731	0	228693
302	700	705	716	731	739	0	229409
303	705	716	731	739	747	0	230140
304	716	731	739	747	759	0	230879
305	731	739	747	759	782	0	231626
306	739	747	759	782	786	0	232385
307	747	759	782	786	510	0	233167
308	759	782	786	510	1070	0	233953
309	782	786	510	1070	774	1	234463
310	786	510	1070	774	767	0	235533
311	510	1070	774	767	759	0	236307
312	1070	774	767	759	747	0	237074
313	774	767	759	747	743	0	237833
314	767	759	747	743	763	0	238580
315	759	747	743	763	758	0	239323
316	747	743	763	758	759	0	240086
317	743	763	758	759	747	0	240844
318	763	758	759	747	747	0	241603
319	758	759	747	747	755	0	242350
320	759	747	747	755	747	0	243097
321	747	747	755	747	747	0	243852
322	747	755	747	747	740	0	244599
323	755	747	747	740	731	0	245346
324	747	747	740	731	751	0	246086
325	747	740	731	751	751	0	246817
326	740	731	751	751	755	0	247568
327	731	751	751	755	778	0	248319
328	751	751	755	778	778	0	249074
329	751	755	778	778	767	0	249852
330	755	778	778	767	759	0	250630
331	778	778	767	759	747	0	251397
332	778	767	759	747	747	0	252156
333	767	759	747	747	735	0	252903
334	759	747	747	735	736	0	253650
335	747	747	735	736	743	0	254385
336	747	735	736	743	747	0	255121
337	735	736	743	747	739	0	255864
338	736	743	747	739	743	0	256611
339	743	747	739	743	740	0	257350
340	747	739	743	740	755	0	258093
341	739	743	740	755	751	0	258833
342	743	740	755	751	743	0	259588
343	740	755	751	743	747	0	260339
344	755	751	743	747	755	0	261082
345	751	743	747	755	770	0	261829
346	743	747	755	770	771	0	262584
347	747	755	770	771	750	0	263354
348	755	770	771	750	748	0	264125
349	770	771	750	748	747	0	264875
350	771	750	748	747	739	0	265623
351	750	748	747	739	747	0	266370
352	748	747	739	747	751	0	267109
353	747	739	747	751	774	0	267856
354	739	747	751	774	568	0	268607
355	747	751	774	568	483	0	269381
356	751	774	568	483	1261	1	269949
357	774	568	483	1261	517	1	270432
358	568	483	1261	517	1004	0	271693
359	483	1261	517	1004	724	1	272210
360	1261	517	1004	724	716	0	273214
361	517	1004	724	716	751	0	273938
362	1004	724	716	751	755	0	274654
363	724	716	751	755	797	0	275405
364	716	751	755	797	455	0	276160
365	751	755	797	455	1183	0	276957
366	755	797	455	1183	798	1	277412
367	797	455	1183	798	798	0	278595
368	455	1183	798	798	576	0	279393
369	1183	798	798	576	1007	0	280191
370	798	798	576	1007	763	1	280767
371	798	576	1007	763	767	0	281774
372	576	1007	763	767	789	0	282537
373	1007	763	767	789	475	0	283304
374	763	767	789	475	1175	0	284093
375	767	789	475	1175	778	1	284568
376	789	475	1175	778	479	0	285743
377	475	1175	778	479	1121	0	286521
378	1175	778	479	1121	770	1	287000
379	778	479	1121	770	494	0	288121
380	479	1121	770	494	1136	0	288891
381	1121	770	494	1136	786	1	289385
382	770	494	1136	786	463	0	290521
383	494	1136	786	463	1191	0	291307
384	1136	786	463	1191	813	1	291770
385	786	463	1191	813	841	0	292961
386	463	1191	813	841	829	0	293774
387	1191	813	841	829	439	0	294615
388	813	841	829	439	1222	0	295444
389	841	829	439	1222	798	1	295883
390	829	439	1222	798	793	0	297105
391	439	1222	798	793	798	0	297903
392	1222	798	793	798	794	0	298696
393	798	793	798	794	801	0	299494
394	793	798	794	801	444	0	300288
395	798	794	801	444	1179	0	301089
396	794	801	444	1179	802	1	301533
397	801	444	1179	802	801	0	302712
398	444	1179	802	801	794	0	303514
399	1179	802	801	794	533	0	304315
400	802	801	794	533	1031	0	305109
401	801	794	533	1031	739	1	305642
402	794	533	1031	739	724	0	306673
403	533	1031	739	724	720	0	307412
404	1031	739	724	720	728	0	308136
405	739	724	720	728	751	0	308856
406	724	720	728	751	786	0	309584
407	720	728	751	786	786	0	310335
408	728	751	786	786	533	0	311121
409	751	786	786	533	1066	0	311907
410	786	786	533	1066	770	1	312440
411	786	533	1066	770	541	0	313506
412	533	1066	770	541	1016	0	314276
413	1066	770	541	1016	770	1	314817
414	770	541	1016	770	494	0	315833
415	541	1016	770	494	1121	0	316603
416	1016	770	494	1121	782	1	317097
417	770	494	1121	782	525	0	318218
418	494	1121	782	525	1008	0	319000
419	1121	782	525	1008	763	1	319525
420	782	525	1008	763	747	0	320533
421	525	1008	763	747	751	0	321296
422	1008	763	747	751	751	0	322043
423	763	747	751	751	755	0	322794
424	747	751	751	755	758	0	323545
425	751	751	755	758	779	0	324300
426	751	755	758	779	786	0	325058
427	755	758	779	786	789	0	325837
428	758	779	786	789	487	0	326623
429	779	786	789	487	1152	0	327412
430	786	789	487	1152	793	1	327899
431	789	487	1152	793	530	0	329051
432	487	1152	793	530	1108	0	329844
433	1152	793	530	1108	802	1	330374
434	793	530	1108	802	868	0	331482
435	530	1108	802	868	906	0	332284
436	1108	802	868	906	907	0	333152
437	802	868	906	907	969	0	334058
438	868	906	907	969	1019	0	334965
439	906	907	969	1019	1063	0	335934
440	907	969	1019	1063	556	0	336953
441	969	1019	1063	556	1354	0	338016
442	1019	1063	556	1354	521	1	338572
443	1063	556	1354	521	1343	0	339926
444	556	1354	521	1343	525	1	340447
445	1354	521	1343	525	1245	0	341790
446	521	1343	525	1245	529	1	342315
447	1343	525	1245	529	1218	0	343560
448	525	1245	529	1218	537	1	344089
449	1245	529	1218	537	1249	0	345307
450	529	1218	537	1249	526	1	345844
451	1218	537	1249	526	1256	0	347093
452	537	1249	526	1256	522	1	347619
453	1249	526	1256	522	1276	0	348875
454	526	1256	522	1276	518	1	349397
455	1256	522	1276	518	1210	0	350673
456	522	1276	518	1210	529	1	351191
457	1276	518	1210	529	1214	0	352401
458	518	1210	529	1214	529	1	352930
459	1210	529	1214	529	1187	0	354144
460	529	1214	529	1187	533	1	354673
461	1214	529	1187	533	1241	0	355860
462	529	1187	533	1241	522	1	356393
463	1187	533	1241	522	1272	0	357634
464	533	1241	522	1272	521	1	358156
465	1241	522	1272	521	1253	0	359428
466	522	1272	521	1253	522	1	359949
467	1272	521	1253	522	1272	0	361202
468	521	1253	522	1272	522	1	361724
469	1253	522	1272	522	1280	0	362996
470	522	1272	522	1280	525	1	363518
471	1272	522	1280	525	1257	0	364798
472	522	1280	525	1257	525	1	365323
473	1280	525	1257	525	1265	0	366580
474	525	1257	525	1265	525	1	367105
475	1257	525	1265	525	1265	0	368370
476	525	1265	525	1265	521	1	368895
477	1265	525	1265	521	1198	0	370160
478	525	1265	521	1198	549	1	370681
479	1265	521	1198	549	1125	0	371879
480	521	1198	549	1125	614	1	372428
481	1198	549	1125	614	950	0	373553
482	549	1125	614	950	447	1	374167
483	1125	614	950	447	1121	0	375117
484	614	950	447	1121	716	1	375564
485	950	447	1121	716	770	0	376685
486	447	1121	716	770	771	0	377401
487	1121	716	770	771	474	0	378171
488	716	770	771	474	1105	0	378942
489	770	771	474	1105	763	1	379416
490	771	474	1105	763	774	0	380521
491	474	1105	763	774	771	0	381284
492	1105	763	774	771	790	0	382058
493	763	774	771	790	790	0	382829
494	774	771	790	790	793	0	383619
495	771	790	790	793	782	0	384409
496	790	790	793	782	771	0	385202
497	790	793	782	771	763	0	385984
498	793	782	771	763	774	0	386755
499	782	771	763	774	778	0	387518
500	771	763	774	778	763	0	388292
501	763	774	778	763	770	0	389070
502	774	778	763	770	771	0	389833
503	778	763	770	771	743	0	390603
504	763	770	771	743	762	0	391374
505	770	771	743	762	755	0	392117
506	771	743	762	755	778	0	392879
507	743	762	755	778	779	0	393634
508	762	755	778	779	786	0	394412
509	755	778	779	786	782	0	395191
510	778	779	786	782	794	0	395977
511	779	786	782	794	797	0	396759
512	786	782	794	797	798	0	397553
513	782	794	797	798	798	0	398350
514	794	797	798	798	782	0	399148
515	797	798	798	782	790	0	399946
516	798	798	782	790	805	0	400728
517	798	782	790	805	798	0	401518
518	782	790	805	798	801	0	402323
519	790	805	798	801	778	0	403121
520	805	798	801	778	794	0	403922
521	798	801	778	794	782	0	404700
522	801	778	794	782	778	0	405494
523	778	794	782	778	775	0	406276
524	794	782	778	775	766	0	407054
525	782	778	775	766	782	0	407829
526	778	775	766	782	783	0	408595
527	775	766	782	783	801	0	409377
528	766	782	783	801	825	0	410160
529	782	783	801	825	440	0	410961
530	783	801	825	440	1280	0	411786
531	801	825	440	1280	805	1	412226
532	825	440	1280	805	798	0	413506
533	440	1280	805	798	786	0	414311
534	1280	805	798	786	794	0	415109
535	805	798	786	794	809	0	415895
536	798	786	794	809	455	0	416689
537	786	794	809	455	1242	0	417498
538	794	809	455	1242	801	1	417953
539	809	455	1242	801	813	0	419195
540	455	1242	801	813	837	0	419996
541	1242	801	813	837	447	0	420809
542	801	813	837	447	1308	0	421646
543	813	837	447	1308	832	1	422093
544	837	447	1308	832	829	0	423401
545	447	1308	832	829	467	0	424233
546	1308	832	829	467	1171	0	425062
547	832	829	467	1171	775	1	425529
548	829	467	1171	775	778	0	426700
549	467	1171	775	778	801	0	427475
550	1171	775	778	801	802	0	428253
551	775	778	801	802	514	0	429054
552	778	801	802	514	1144	0	429856
553	801	802	514	1144	805	1	430370
554	802	514	1144	805	841	0	431514
555	514	1144	805	841	474	0	432319
556	1144	805	841	474	1238	0	433160
557	805	841	474	1238	836	1	433634
558	841	474	1238	836	829	0	434872
559	474	1238	836	829	467	0	435708
560	1238	836	829	467	1222	0	436537
561	836	829	467	1222	821	1	437004
562	829	467	1222	821	817	0	438226
563	467	1222	821	817	498	0	439047
564	1222	821	817	498	1175	0	439864
565	821	817	498	1175	817	1	440362
566	817	498	1175	817	876	0	441537
567	498	1175	817	876	910	0	442354
568	1175	817	876	910	934	0	443230
569	817	876	910	934	988	0	444140
570	876	910	934	988	981	0	445074
571	910	934	988	981	992	0	446062
572	934	988	981	992	981	0	447043
573	988	981	992	981	1000	0	448035
574	981	992	981	1000	980	0	449016
575	992	981	1000	980	973	0	450016
576	981	1000	980	973	945	0	450996
577	1000	980	973	945	950	0	451969
578	980	973	945	950	1035	0	452914
579	973	945	950	1035	1066	0	453864
580	945	950	1035	1066	560	0	454899
581	950	1035	1066	560	1479	0	455965
582	1035	1066	560	1479	545	1	456525
583	1066	560	1479	545	1408	0	458004
584	560	1479	545	1408	545	1	458549
585	1479	545	1408	545	1373	0	459957
586	545	1408	545	1373	930	1	460502
587	1408	545	1373	930	1004	0	461875
588	545	1373	930	1004	1004	0	462805
589	1373	930	1004	1004	1094	0	463809
590	930	1004	1004	1094	560	0	464813
591	1004	1004	1094	560	1545	0	465907
592	1004	1094	560	1545	1183	1	466467
593	1094	560	1545	1183	1093	0	468012
594	560	1545	1183	1093	1070	0	469195
595	1545	1183	1093	1070	560	0	470288
596	1183	1093	1070	560	1502	0	471358
597	1093	1070	560	1502	1101	1	471918
598	1070	560	1502	1101	1070	0	473420
599	560	1502	1101	1070	561	0	474521
600	1502	1101	1070	561	1506	0	475591
601	1101	1070	561	1506	1089	1	476152
602	1070	561	1506	1089	1078	0	477658
603	561	1506	1089	1078	560	0	478747
604	1506	1089	1078	560	1502	0	479825
605	1089	1078	560	1502	1121	1	480385
606	1078	560	1502	1121	1187	0	481887
607	560	1502	1121	1187	1101	0	483008
608	1502	1121	1187	1101	1074	0	484195
609	1121	1187	1101	1074	1097	0	485296
610	1187	1101	1074	1097	1156	0	486370
611	1101	1074	1097	1156	564	0	487467
612	1074	1097	1156	564	1525	0	488623
613	1097	1156	564	1525	1128	1	489187
614	1156	564	1525	1128	1129	0	490712
615	564	1525	1128	1129	587	0	491840
616	1525	1128	1129	587	1502	0	492969
617	1128	1129	587	1502	1082	1	493556
618	1129	587	1502	1082	1132	0	495058
619	587	1502	1082	1132	1160	0	496140
620	1502	1082	1132	1160	1229	0	497272
621	1082	1132	1160	1229	1265	0	498432
622	1132	1160	1229	1265	580	0	499661
623	1160	1229	1265	580	1564	0	500926
624	1229	1265	580	1564	1198	1	501506
625	1265	580	1564	1198	1160	0	503070
626	580	1564	1198	1160	580	0	504268
627	1564	1198	1160	580	1529	0	505428
628	1198	1160	580	1529	1159	1	506008
629	1160	580	1529	1159	1109	0	507537
630	580	1529	1159	1109	1113	0	508696
631	1529	1159	1109	1113	580	0	509805
632	1159	1109	1113	580	1521	0	510918
633	1109	1113	580	1521	1183	1	511498
634	1113	580	1521	1183	1094	0	513019
635	580	1521	1183	1094	1120	0	514202
636	1521	1183	1094	1120	588	0	515296
637	1183	1094	1120	588	1556	0	516416
638	1094	1120	588	1556	1121	1	517004
639	1120	588	1556	1121	1027	0	518560
640	588	1556	1121	1027	1035	0	519681
641	1556	1121	1027	1035	1020	0	520708
642	1121	1027	1035	1020	576	0	521743
643	1027	1035	1020	576	1431	0	522763
644	1035	1020	576	1431	1016	1	523339
645	1020	576	1431	1016	1000	0	524770
646	576	1431	1016	1000	1019	0	525786
647	1431	1016	1000	1019	1067	0	526786
648	1016	1000	1019	1067	583	0	527805
649	1000	1019	1067	583	1463	0	528872
650	1019	1067	583	1463	950	1	529455
651	1067	583	1463	950	953	0	530918
652	583	1463	950	953	930	0	531868
653	1463	950	953	930	467	0	532821
654	950	953	930	467	1443	0	533751
655	953	930	467	1443	549	1	534218
656	930	467	1443	549	1335	0	535661
657	467	1443	549	1335	552	1	536210
658	1443	549	1335	552	1253	0	537545
659	549	1335	552	1253	549	1	538097
660	1335	552	1253	549	1299	0	539350
661	552	1253	549	1299	553	1	539899
662	1253	549	1299	553	1327	0	541198
663	549	1299	553	1327	953	1	541751
664	1299	553	1327	953	1066	0	543078
665	553	1327	953	1066	568	0	544031
666	1327	953	1066	568	1533	0	545097
667	953	1066	568	1533	1160	1	545665
668	1066	568	1533	1160	1105	0	547198
669	568	1533	1160	1105	1121	0	548358
670	1533	1160	1105	1121	1175	0	549463
671	1160	1105	1121	1175	1206	0	550584
672	1105	1121	1175	1206	1202	0	551759
673	1121	1175	1206	1202	1160	0	552965
674	1175	1206	1202	1160	572	0	554167
675	1206	1202	1160	572	1529	0	555327
676	1202	1160	572	1529	1101	1	555899
677	1160	572	1529	1101	1125	0	557428
678	572	1529	1101	1125	1183	0	558529
679	1529	1101	1125	1183	1175	0	559654
680	1101	1125	1183	1175	1155	0	560837
681	1125	1183	1175	1155	1144	0	562012
682	1183	1175	1155	1144	592	0	563167
683	1175	1155	1144	592	1556	0	564311
684	1155	1144	592	1556	1202	1	564903
685	1144	592	1556	1202	1160	0	566459
686	592	1556	1202	1160	1125	0	567661
687	1556	1202	1160	1125	579	0	568821
688	1202	1160	1125	579	1533	0	569946
689	1160	1125	579	1533	1183	1	570525
690	1125	579	1533	1183	1125	0	572058
691	579	1533	1183	1125	591	0	573241
692	1533	1183	1125	591	1537	0	574366
693	1183	1125	591	1537	1191	1	574957
694	1125	591	1537	1191	1187	0	576494
695	591	1537	1191	1187	579	0	577685
696	1537	1191	1187	579	1537	0	578872
697	1191	1187	579	1537	1203	1	579451
698	1187	579	1537	1203	1190	0	580988
699	579	1537	1203	1190	580	0	582191
700	1537	1203	1190	580	1560	0	583381
701	1203	1190	580	1560	1234	1	583961
702	1190	580	1560	1234	1156	0	585521
703	580	1560	1234	1156	610	0	586755
704	1560	1234	1156	610	1533	0	587911
705	1234	1156	610	1533	1176	1	588521
706	1156	610	1533	1176	1128	0	590054
707	610	1533	1176	1128	580	0	591230
708	1533	1176	1128	580	1533	0	592358
709	1176	1128	580	1533	1183	1	592938
710	1128	580	1533	1183	1159	0	594471
711	580	1533	1183	1159	588	0	595654
712	1533	1183	1159	588	1439	0	596813
713	1183	1159	588	1439	985	1	597401
714	1159	588	1439	985	1039	0	598840
715	588	1439	985	1039	677	0	599825
716	1439	985	1039	677	1556	0	600864
717	985	1039	677	1556	1222	1	601541
718	1039	677	1556	1222	1183	0	603097
719	677	1556	1222	1183	599	0	604319
720	1556	1222	1183	599	1533	0	605502
721	1222	1183	599	1533	1230	1	606101
722	1183	599	1533	1230	1136	0	607634
723	599	1533	1230	1136	1117	0	608864
724	1533	1230	1136	1117	1222	0	610000
725	1230	1136	1117	1222	1264	0	611117
726	1136	1117	1222	1264	1175	0	612339
727	1117	1222	1264	1175	1179	0	613603
728	1222	1264	1175	1179	1230	0	614778
729	1264	1175	1179	1230	1245	0	615957
730	1175	1179	1230	1245	615	0	617187
731	1179	1230	1245	615	1560	0	618432
732	1230	1245	615	1560	1167	1	619047
733	1245	615	1560	1167	1164	0	620607
734	615	1560	1167	1164	1159	0	621774
735	1560	1167	1164	1159	1199	0	622938
736	1167	1164	1159	1199	1237	0	624097
737	1164	1159	1199	1237	1272	0	625296
738	1159	1199	1237	1272	1242	0	626533
739	1199	1237	1272	1242	474	0	627805
740	1237	1272	1242	474	1592	0	629047
741	1272	1242	474	1592	1214	1	629521
742	1242	474	1592	1214	1171	0	631113
743	474	1592	1214	1171	1156	0	632327
744	1592	1214	1171	1156	1245	0	633498
745	1214	1171	1156	1245	1253	0	634654
746	1171	1156	1245	1253	1206	0	635899
747	1156	1245	1253	1206	1230	0	637152
748	1245	1253	1206	1230	1280	0	638358
749	1253	1206	1230	1280	1245	0	639588
750	1206	1230	1280	1245	1183	0	640868
751	1230	1280	1245	1183	1148	0	642113
752	1280	1245	1183	1148	1120	0	643296
753	1245	1183	1148	1120	1090	0	644444
754	1183	1148	1120	1090	1124	0	645564
755	1148	1120	1090	1124	1125	0	646654
756	1120	1090	1124	1125	1151	0	647778
757	1090	1124	1125	1151	1195	0	648903
758	1124	1125	1151	1195	1171	0	650054
759	1125	1151	1195	1171	1148	0	651249
760	1151	1195	1171	1148	1171	0	652420
761	1195	1171	1148	1171	1226	0	653568
762	1171	1148	1171	1226	1218	0	654739
763	1148	1171	1226	1218	1194	0	655965
764	1171	1226	1218	1194	1284	0	657183
765	1226	1218	1194	1284	1230	0	658377
766	1218	1194	1284	1230	599	0	659661
767	1194	1284	1230	599	1537	0	660891
768	1284	1230	599	1537	1117	1	661490
769	1230	599	1537	1117	1089	0	663027
770	599	1537	1117	1089	588	0	664144
771	1537	1117	1089	588	1447	0	665233
772	1117	1089	588	1447	993	1	665821
773	1089	588	1447	993	1004	0	667268
774	588	1447	993	1004	1011	0	668261
775	1447	993	1004	1011	989	0	669265
776	993	1004	1011	989	1023	0	670276
777	1004	1011	989	1023	1039	0	671265
778	1011	989	1023	1039	587	0	672288
779	989	1023	1039	587	1530	0	673327
780	1023	1039	587	1530	1214	1	673914
781	1039	587	1530	1214	1182	0	675444
782	587	1530	1214	1182	615	0	676658
783	1530	1214	1182	615	1522	0	677840
784	1214	1182	615	1522	1136	1	678455
785	1182	615	1522	1136	1171	0	679977
786	615	1522	1136	1171	584	0	681113
787	1522	1136	1171	584	1556	0	682284
788	1136	1171	584	1556	1241	1	682868
789	1171	584	1556	1241	1175	0	684424
790	584	1556	1241	1175	584	0	685665
791	1556	1241	1175	584	1568	0	686840
792	1241	1175	584	1568	1241	1	687424
793	1175	584	1568	1241	471	0	688992
794	584	1568	1241	471	1584	0	690233
795	1568	1241	471	1584	1272	1	690704
796	1241	471	1584	1272	1195	0	692288
797	471	1584	1272	1195	591	0	693560
798	1584	1272	1195	591	1545	0	694755
799	1272	1195	591	1545	1167	1	695346
800	1195	591	1545	1167	1160	0	696891
801	591	1545	1167	1160	584	0	698058
802	1545	1167	1160	584	1533	0	699218
803	1167	1160	584	1533	1221	1	699802
804	1160	584	1533	1221	1160	0	701335
805	584	1533	1221	1160	638	0	702556
806	1533	1221	1160	638	1580	0	703716
807	1221	1160	638	1580	1233	1	704354
808	1160	638	1580	1233	1230	0	705934
809	638	1580	1233	1230	478	0	707167
810	1580	1233	1230	478	1588	0	708397
811	1233	1230	478	1588	1237	1	708875
812	1230	478	1588	1237	1230	0	710463
813	478	1588	1237	1230	599	0	711700
814	1588	1237	1230	599	1584	0	712930
815	1237	1230	599	1584	1237	1	713529
816	1230	599	1584	1237	1206	0	715113
817	599	1584	1237	1206	588	0	716350
818	1584	1237	1206	588	1580	0	717556
819	1237	1206	588	1580	1249	1	718144
820	1206	588	1580	1249	1198	0	719724
821	588	1580	1249	1198	584	0	720973
822	1580	1249	1198	584	1576	0	722171
823	1249	1198	584	1576	1272	1	722755
824	1198	584	1576	1272	1210	0	724331
825	584	1576	1272	1210	580	0	725603
826	1576	1272	1210	580	1572	0	726813
827	1272	1210	580	1572	1265	1	727393
828	1210	580	1572	1265	1221	0	728965
829	580	1572	1265	1221	584	0	730230
830	1572	1265	1221	584	1556	0	731451
831	1265	1221	584	1556	1273	1	732035
832	1221	584	1556	1273	1175	0	733591
833	584	1556	1273	1175	1163	0	734864
834	1556	1273	1175	1163	1234	0	736039
835	1273	1175	1163	1234	1245	0	737202
836	1175	1163	1234	1245	587	0	738436
837	1163	1234	1245	587	1584	0	739681
838	1234	1245	587	1584	1261	1	740268
839	1245	587	1584	1261	1191	0	741852
840	587	1584	1261	1191	1214	0	743113
841	1584	1261	1191	1214	1280	0	744304
842	1261	1191	1214	1280	1295	0	745518
843	1191	1214	1280	1295	1234	0	746798
844	1214	1280	1295	1234	1261	0	748093
845	1280	1295	1234	1261	591	0	749327
846	1295	1234	1261	591	1576	0	750588
847	1234	1261	591	1576	1206	1	751179
848	1261	591	1576	1206	1257	0	752755
849	591	1576	1206	1257	1233	0	753961
850	1576	1206	1257	1233	1218	0	755218
851	1206	1257	1233	1218	1245	0	756451
852	1257	1233	1218	1245	1273	0	757669
853	1233	1218	1245	1273	1229	0	758914
854	1218	1245	1273	1229	1245	0	760187
855	1245	1273	1229	1245	1242	0	761416
856	1273	1229	1245	1242	587	0	762661
857	1229	1245	1242	587	1557	0	763903
858	1245	1242	587	1557	1175	1	764490
859	1242	587	1557	1175	1175	0	766047
860	587	1557	1175	1175	1194	0	767222
861	1557	1175	1175	1194	1156	0	768397
862	1175	1175	1194	1156	1210	0	769591
863	1175	1194	1156	1210	1241	0	770747
864	1194	1156	1210	1241	1238	0	771957
865	1156	1210	1241	1238	1183	0	773198
866	1210	1241	1238	1183	1148	0	774436
867	1241	1238	1183	1148	1159	0	775619
868	1238	1183	1148	1159	1160	0	776767
869	1183	1148	1159	1160	1140	0	777926
870	1148	1159	1160	1140	599	0	779086
871	1159	1160	1140	599	1541	0	780226
872	1160	1140	599	1541	1113	1	780825
873	1140	599	1541	1113	1109	0	782366
874	599	1541	1113	1109	579	0	783479
875	1541	1113	1109	579	1533	0	784588
876	1113	1109	579	1533	1226	1	785167
877	1109	579	1533	1226	1167	0	786700
878	579	1533	1226	1167	584	0	787926
879	1533	1226	1167	584	1549	0	789093
880	1226	1167	584	1549	1272	1	789677
881	1167	584	1549	1272	1214	0	791226
882	584	1549	1272	1214	592	0	792498
883	1549	1272	1214	592	1579	0	793712
884	1272	1214	592	1579	1304	1	794304
885	1214	592	1579	1304	591	0	795883
886	592	1579	1304	591	1553	0	797187
887	1579	1304	591	1553	1233	1	797778
888	1304	591	1553	1233	1195	0	799331
889	591	1553	1233	1195	587	0	800564
890	1553	1233	1195	587	1545	0	801759
891	1233	1195	587	1545	1280	1	802346
892	1195	587	1545	1280	1226	0	803891
893	587	1545	1280	1226	1241	0	805171
894	1545	1280	1226	1241	1249	0	806397
895	1280	1226	1241	1249	1245	0	807638
896	1226	1241	1249	1245	1234	0	808887
897	1241	1249	1245	1234	1253	0	810132
898	1249	1245	1234	1253	1210	0	811366
899	1245	1234	1253	1210	603	0	812619
900	1234	1253	1210	603	1580	0	813829
901	1253	1210	603	1580	1198	1	814432
902	1210	603	1580	1198	1148	0	816012
903	603	1580	1198	1148	591	0	817210
904	1580	1198	1148	591	1530	0	818358
905	1198	1148	591	1530	1163	1	818949
906	1148	591	1530	1163	1121	0	820479
907	591	1530	1163	1121	587	0	821642
908	1530	1163	1121	587	1545	0	822763
909	1163	1121	587	1545	1222	1	823350
910	1121	587	1545	1222	1136	0	824895
911	587	1545	1222	1136	626	0	826117
912	1545	1222	1136	626	1522	0	827253
913	1222	1136	626	1522	1136	1	827879
914	1136	626	1522	1136	1132	0	829401
915	626	1522	1136	1132	588	0	830537
916	1522	1136	1132	588	1513	0	831669
917	1136	1132	588	1513	1016	1	832257
918	1132	588	1513	1016	1089	0	833770
919	588	1513	1016	1089	1156	0	834786
920	1513	1016	1089	1156	1226	0	835875
921	1016	1089	1156	1226	1253	0	837031
922	1089	1156	1226	1253	1299	0	838257
923	1156	1226	1253	1299	1335	0	839510
924	1226	1253	1299	1335	1288	0	840809
925	1253	1299	1335	1288	1214	0	842144
926	1299	1335	1288	1214	1253	0	843432
927	1335	1288	1214	1253	1198	0	844646
928	1288	1214	1253	1198	1086	0	845899
929	1214	1253	1198	1086	584	0	847097
930	1253	1198	1086	584	1466	0	848183
931	1198	1086	584	1466	1051	1	848767
932	1086	584	1466	1051	1093	0	850233
933	584	1466	1051	1093	1090	0	851284
934	1466	1051	1093	1090	1121	0	852377
935	1051	1093	1090	1121	583	0	853467
936	1093	1090	1121	583	1455	0	854588
937	1090	1121	583	1455	572	1	855171
938	1121	583	1455	572	1401	0	856626
939	583	1455	572	1401	568	1	857198
940	1455	572	1401	568	1280	0	858599
941	572	1401	568	1280	596	1	859167
942	1401	568	1280	596	1175	0	860447
943	568	1280	596	1175	587	1	861043
944	1280	596	1175	587	1141	0	862218
945	596	1175	587	1141	603	1	862805
946	1175	587	1141	603	1085	0	863946
947	587	1141	603	1085	607	1	864549
948	1141	603	1085	607	1051	0	865634
949	603	1085	607	1051	801	1	866241
950	1085	607	1051	801	802	0	867292
951	607	1051	801	802	794	0	868093
952	1051	801	802	794	832	0	868895
953	801	802	794	832	903	0	869689
954	802	794	832	903	529	0	870521
955	794	832	903	529	1389	0	871424
956	832	903	529	1389	989	1	871953
957	903	529	1389	989	976	0	873342
958	529	1389	989	976	1032	0	874331
959	1389	989	976	1032	1105	0	875307
960	989	976	1032	1105	1198	0	876339
961	976	1032	1105	1198	1218	0	877444
962	1032	1105	1198	1218	576	0	878642
963	1105	1198	1218	576	1548	0	879860
964	1198	1218	576	1548	565	1	880436
965	1218	576	1548	565	1525	0	881984
966	576	1548	565	1525	560	1	882549
967	1548	565	1525	560	1506	0	884074
968	565	1525	560	1506	572	1	884634
969	1525	560	1506	572	1463	0	886140
970	560	1506	572	1463	1027	1	886712
971	1506	572	1463	1027	1102	0	888175
972	572	1463	1027	1102	1163	0	889202
973	1463	1027	1102	1163	1175	0	890304
974	1027	1102	1163	1175	580	0	891467
975	1102	1163	1175	580	1537	0	892642
976	1163	1175	580	1537	1253	1	893222
977	1175	580	1537	1253	1194	0	894759
978	580	1537	1253	1194	576	0	896012
979	1537	1253	1194	576	1545	0	897206
980	1253	1194	576	1545	1179	1	897782
981	1194	576	1545	1179	1163	0	899327
982	576	1545	1179	1163	607	0	900506
983	1545	1179	1163	607	1541	0	901669
984	1179	1163	607	1541	1160	1	902276
985	1163	607	1541	1160	1112	0	903817
986	607	1541	1160	1112	1133	0	904977
987	1541	1160	1112	1133	1225	0	906089
988	1160	1112	1133	1225	600	0	907222
989	1112	1133	1225	600	1560	0	908447
990	1133	1225	600	1560	1226	1	909047
991	1225	600	1560	1226	1229	0	910607
992	600	1560	1226	1229	584	0	911833
993	1560	1226	1229	584	1564	0	913062
994	1226	1229	584	1564	1206	1	913646
995	1229	584	1564	1206	1183	0	915210
996	584	1564	1206	1183	588	0	916416
997	1564	1206	1183	588	1548	0	917599
998	1206	1183	588	1548	1144	1	918187
999	1183	588	1548	1144	1117	0	919735
1000	588	1548	1144	1117	1129	0	920879
1001	1548	1144	1117	1129	1194	0	921996
1002	1144	1117	1129	1194	576	0	923125
1003	1117	1129	1194	576	1525	0	924319
1004	1129	1194	576	1525	580	1	924895
1005	1194	576	1525	580	1525	0	926420
1006	576	1525	580	1525	1094	1	927000
1007	1525	580	1525	1094	1077	0	928525
1008	580	1525	1094	1077	1164	0	929619
1009	1525	1094	1077	1164	1191	0	930696
1010	1094	1077	1164	1191	583	0	931860
1011	1077	1164	1191	583	1526	0	933051
1012	1164	1191	583	1526	1190	1	933634
1013	1191	583	1526	1190	1144	0	935160
1014	583	1526	1190	1144	658	0	936350
1015	1526	1190	1144	658	1506	0	937494
1016	1190	1144	658	1506	1093	1	938152
1017	1144	658	1506	1093	1132	0	939658
1018	658	1506	1093	1132	1144	0	940751
1019	1506	1093	1132	1144	1129	0	941883
1020	1093	1132	1144	1129	591	0	943027
1021	1132	1144	1129	591	1537	0	944156
1022	1144	1129	591	1537	1163	1	944747
1023	1129	591	1537	1163	1098	0	946284
1024	591	1537	1163	1098	1120	0	947447
1025	1537	1163	1098	1120	1172	0	948545
1026	1163	1098	1120	1172	583	0	949665
1027	1098	1120	1172	583	1522	0	950837
1028	1120	1172	583	1522	568	1	951420
1029	1172	583	1522	568	1506	0	952942
1030	583	1522	568	1506	575	1	953510
1031	1522	568	1506	575	1479	0	955016
1032	568	1506	575	1479	1043	1	955591
1033	1506	575	1479	1043	1109	0	957070
1034	575	1479	1043	1109	1167	0	958113
1035	1479	1043	1109	1167	1195	0	959222
1036	1043	1109	1167	1195	603	0	960389
1037	1109	1167	1195	603	1572	0	961584
1038	1167	1195	603	1572	1233	1	962187
1039	1195	603	1572	1233	1195	0	963759
1040	603	1572	1233	1195	615	0	964992
1041	1572	1233	1195	615	1540	0	966187
1042	1233	1195	615	1540	1183	1	966802
1043	1195	615	1540	1183	1156	0	968342
1044	615	1540	1183	1156	591	0	969525
1045	1540	1183	1156	591	1537	0	970681
1046	1183	1156	591	1537	1179	1	971272
1047	1156	591	1537	1179	1156	0	972809
1048	591	1537	1179	1156	599	0	973988
1049	1537	1179	1156	599	1529	0	975144
1050	1179	1156	599	1529	1117	1	975743
1051	1156	599	1529	1117	1136	0	977272
1052	599	1529	1117	1136	1214	0	978389
1053	1529	1117	1136	1214	1218	0	979525
1054	1117	1136	1214	1218	1230	0	980739
1055	1136	1214	1218	1230	1214	0	981957
1056	1214	1218	1230	1214	591	0	983187
1057	1218	1230	1214	591	1584	0	984401
1058	1230	1214	591	1584	1171	1	984992
1059	1214	591	1584	1171	1156	0	986576
1060	591	1584	1171	1156	626	0	987747
1061	1584	1171	1156	626	1545	0	988903
1062	1171	1156	626	1545	1097	1	989529
1063	1156	626	1545	1097	1074	0	991074
1064	626	1545	1097	1074	1117	0	992171
1065	1545	1097	1074	1117	1163	0	993245
1066	1097	1074	1117	1163	580	0	994362
1067	1074	1117	1163	580	1521	0	995525
1068	1117	1163	580	1521	588	1	996105
1069	1163	580	1521	588	1525	0	997626
1070	580	1521	588	1525	1109	1	998214
1071	1521	588	1525	1109	1098	0	999739
1072	588	1525	1109	1098	1136	0	1000848
1073	1525	1109	1098	1136	1155	0	1001946
1074	1109	1098	1136	1155	580	0	1003082
1075	1098	1136	1155	580	1545	0	1004237
1076	1136	1155	580	1545	1198	1	1004817
1077	1155	580	1545	1198	1164	0	1006362
1078	580	1545	1198	1164	595	0	1007560
1079	1545	1198	1164	595	1529	0	1008724
1080	1198	1164	595	1529	1136	1	1009319
1081	1164	595	1529	1136	1160	0	1010848
1082	595	1529	1136	1160	607	0	1011984
1083	1529	1136	1160	607	1529	0	1013144
1084	1136	1160	607	1529	1136	1	1013751
1085	1160	607	1529	1136	1094	0	1015280
1086	607	1529	1136	1094	1097	0	1016416
1087	1529	1136	1094	1097	1156	0	1017510
1088	1136	1094	1097	1156	583	0	1018607
1089	1094	1097	1156	583	1549	0	1019763
1090	1097	1156	583	1549	1156	1	1020346
1091	1156	583	1549	1156	1132	0	1021895
1092	583	1549	1156	1132	1132	0	1023051
1093	1549	1156	1132	1132	1066	0	1024183
1094	1156	1132	1132	1066	1028	0	1025315
1095	1132	1132	1066	1028	1101	0	1026381
1096	1132	1066	1028	1101	1151	0	1027409
1097	1066	1028	1101	1151	1179	0	1028510
1098	1028	1101	1151	1179	580	0	1029661
1099	1101	1151	1179	580	1572	0	1030840
1100	1151	1179	580	1572	564	1	1031420
1101	1179	580	1572	564	1549	0	1032992
1102	580	1572	564	1549	572	1	1033556
1103	1572	564	1549	572	1564	0	1035105
1104	564	1549	572	1564	1183	1	1035677
1105	1549	572	1564	1183	1160	0	1037241
1106	572	1564	1183	1160	603	0	1038424
1107	1564	1183	1160	603	1572	0	1039584
1108	1183	1160	603	1572	1179	1	1040187
1109	1160	603	1572	1179	1140	0	1041759
1110	603	1572	1179	1140	650	0	1042938
1111	1572	1179	1140	650	1556	0	1044078
1112	1179	1140	650	1556	1202	1	1044728
1113	1140	650	1556	1202	1160	0	1046284
1114	650	1556	1202	1160	591	0	1047486
1115	1556	1202	1160	591	1580	0	1048646
1116	1202	1160	591	1580	1199	1	1049237
1117	1160	591	1580	1199	1155	0	1050817
1118	591	1580	1199	1155	603	0	1052016
1119	1580	1199	1155	603	1565	0	1053171
1120	1199	1155	603	1565	1182	1	1053774
1121	1155	603	1565	1182	1156	0	1055339
1122	603	1565	1182	1156	630	0	1056521
1123	1565	1182	1156	630	1576	0	1057677
1124	1182	1156	630	1576	1199	1	1058307
1125	1156	630	1576	1199	1163	0	1059883
1126	630	1576	1199	1163	595	0	1061082
1127	1576	1199	1163	595	1572	0	1062245
1128	1199	1163	595	1572	1183	1	1062840
1129	1163	595	1572	1183	1140	0	1064412
1130	595	1572	1183	1140	1168	0	1065595
1131	1572	1183	1140	1168	1218	0	1066735
1132	1183	1140	1168	1218	591	0	1067903
1133	1140	1168	1218	591	1576	0	1069121
1134	1168	1218	591	1576	1179	1	1069712
1135	1218	591	1576	1179	1175	0	1071288
1136	591	1576	1179	1175	1152	0	1072467
1137	1576	1179	1175	1152	1117	0	1073642
1138	1179	1175	1152	1117	1143	0	1074794
1139	1175	1152	1117	1143	1191	0	1075911
1140	1152	1117	1143	1191	580	0	1077054
1141	1117	1143	1191	580	1533	0	1078245
1142	1143	1191	580	1533	564	1	1078825
1143	1191	580	1533	564	1525	0	1080358
1144	580	1533	564	1525	576	1	1080922
1145	1533	564	1525	576	1456	0	1082447
1146	564	1525	576	1456	579	1	1083023
1147	1525	576	1456	579	1448	0	1084479
1148	576	1456	579	1448	1015	1	1085058
1149	1456	579	1448	1015	1028	0	1086506
1150	579	1448	1015	1028	1124	0	1087521
1151	1448	1015	1028	1124	1210	0	1088549
1152	1015	1028	1124	1210	580	0	1089673
1153	1028	1124	1210	580	1541	0	1090883
1154	1124	1210	580	1541	1156	1	1091463
1155	1210	580	1541	1156	1167	0	1093004
1156	580	1541	1156	1167	478	0	1094160
1157	1541	1156	1167	478	1534	0	1095327
1158	1156	1167	478	1534	560	1	1095805
1159	1167	478	1534	560	1498	0	1097339
1160	478	1534	560	1498	1074	1	1097899
1161	1534	560	1498	1074	1058	0	1099397
1162	560	1498	1074	1058	1109	0	1100471
1163	1498	1074	1058	1109	1179	0	1101529
1164	1074	1058	1109	1179	576	0	1102638
1165	1058	1109	1179	576	1518	0	1103817
1166	1109	1179	576	1518	1182	1	1104393
1167	1179	576	1518	1182	1164	0	1105911
1168	576	1518	1182	1164	622	0	1107093
1169	1518	1182	1164	622	1514	0	1108257
1170	1182	1164	622	1514	1128	1	1108879
1171	1164	622	1514	1128	1078	0	1110393
1172	622	1514	1128	1078	1105	0	1111521
1173	1514	1128	1078	1105	1168	0	1112599
1174	1128	1078	1105	1168	583	0	1113704
1175	1078	1105	1168	583	1545	0	1114872
1176	1105	1168	583	1545	591	1	1115455
1177	1168	583	1545	591	1534	0	1117000
1178	583	1545	591	1534	1077	1	1117591
1179	1545	591	1534	1077	1144	0	1119125
1180	591	1534	1077	1144	1136	0	1120202
1181	1534	1077	1144	1136	1129	0	1121346
1182	1077	1144	1136	1129	642	0	1122482
1183	1144	1136	1129	642	1525	0	1123611
1184	1136	1129	642	1525	1121	1	1124253
1185	1129	642	1525	1121	1082	0	1125778
1186	642	1525	1121	1082	1108	0	1126899
1187	1525	1121	1082	1108	1187	0	1127981
1188	1121	1082	1108	1187	592	0	1129089
1189	1082	1108	1187	592	1541	0	1130276
1190	1108	1187	592	1541	575	1	1130868
1191	1187	592	1541	575	1530	0	1132409
1192	592	1541	575	1530	1093	1	1132984
1193	1541	575	1530	1093	1125	0	1134514
1194	575	1530	1093	1125	1179	0	1135607
1195	1530	1093	1125	1179	1155	0	1136732
1196	1093	1125	1179	1155	588	0	1137911
1197	1125	1179	1155	588	1548	0	1139066
1198	1179	1155	588	1548	1160	1	1139654
1199	1155	588	1548	1160	1124	0	1141202
1200	588	1548	1160	1124	1160	0	1142362
1201	1548	1160	1124	1160	1187	0	1143486
1202	1160	1124	1160	1187	579	0	1144646
1203	1124	1160	1187	579	1545	0	1145833
1204	1160	1187	579	1545	572	1	1146412
1205	1187	579	1545	572	1525	0	1147957
1206	579	1545	572	1525	584	1	1148529
1207	1545	572	1525	584	1487	0	1150054
1208	572	1525	584	1487	1085	1	1150638
1209	1525	584	1487	1085	1113	0	1152125
1210	584	1487	1085	1113	1105	0	1153210
1211	1487	1085	1113	1105	1113	0	1154323
1212	1085	1113	1105	1113	1159	0	1155428
1213	1113	1105	1113	1159	1172	0	1156541
1214	1105	1113	1159	1172	587	0	1157700
1215	1113	1159	1172	587	1533	0	1158872
1216	1159	1172	587	1533	568	1	1159459
1217	1172	587	1533	568	1522	0	1160992
1218	587	1533	568	1522	576	1	1161560
1219	1533	568	1522	576	1486	0	1163082
1220	568	1522	576	1486	1066	1	1163658
1221	1522	576	1486	1066	1125	0	1165144
1222	576	1486	1066	1125	1167	0	1166210
1223	1486	1066	1125	1167	1159	0	1167335
1224	1066	1125	1167	1159	596	0	1168502
1225	1125	1167	1159	596	1556	0	1169661
1226	1167	1159	596	1556	1203	1	1170257
1227	1159	596	1556	1203	1147	0	1171813
1228	596	1556	1203	1147	1133	0	1173016
1229	1556	1203	1147	1133	1183	0	1174163
1230	1203	1147	1133	1183	599	0	1175296
1231	1147	1133	1183	599	1541	0	1176479
1232	1133	1183	599	1541	579	1	1177078
1233	1183	599	1541	579	1518	0	1178619
1234	599	1541	579	1518	1078	1	1179198
1235	1541	579	1518	1078	1054	0	1180716
1236	579	1518	1078	1054	1051	0	1181794
1237	1518	1078	1054	1051	1132	0	1182848
1238	1078	1054	1051	1132	1175	0	1183899
1239	1054	1051	1132	1175	1164	0	1185031
1240	1051	1132	1175	1164	618	0	1186206
1241	1132	1175	1164	618	1549	0	1187370
1242	1175	1164	618	1549	1109	1	1187988
1243	1164	618	1549	1109	1074	0	1189537
1244	618	1549	1109	1074	1105	0	1190646
1245	1549	1109	1074	1105	1105	0	1191720
1246	1109	1074	1105	1105	1089	0	1192825
1247	1074	1105	1105	1089	1137	0	1193930
1248	1105	1105	1089	1137	1155	0	1195019
1249	1105	1089	1137	1155	1133	0	1196156
1250	1089	1137	1155	1133	1151	0	1197311
1251	1137	1155	1133	1151	1179	0	1198444
1252	1155	1133	1151	1179	1140	0	1199595
1253	1133	1151	1179	1140	1125	0	1200774
1254	1151	1179	1140	1125	1159	0	1201914
1255	1179	1140	1125	1159	1176	0	1203039
1256	1140	1125	1159	1176	1159	0	1204198
1257	1125	1159	1176	1159	1148	0	1205374
1258	1159	1176	1159	1148	1171	0	1206533
1259	1176	1159	1148	1171	1148	0	1207681
1260	1159	1148	1171	1148	1144	0	1208852
1261	1148	1171	1148	1144	1167	0	1210000
1262	1171	1148	1144	1167	1152	0	1211144
1263	1148	1144	1167	1152	1136	0	1212311
1264	1144	1167	1152	1136	1164	0	1213463
1265	1167	1152	1136	1164	1175	0	1214599
1266	1152	1136	1164	1175	1163	0	1215763
1267	1136	1164	1175	1163	1187	0	1216938
1268	1164	1175	1163	1187	1230	0	1218101
1269	1175	1163	1187	1230	1182	0	1219288
1270	1163	1187	1230	1182	1160	0	1220518
1271	1187	1230	1182	1160	1171	0	1221700
1272	1230	1182	1160	1171	1148	0	1222860
1273	1182	1160	1171	1148	1121	0	1224031
1274	1160	1171	1148	1121	1163	0	1225179
1275	1171	1148	1121	1163	1175	0	1226300
1276	1148	1121	1163	1175	1167	0	1227463
1277	1121	1163	1175	1167	1199	0	1228638
1278	1163	1175	1167	1199	1218	0	1229805
1279	1175	1167	1199	1218	568	0	1231004
1280	1167	1199	1218	568	1584	0	1232222
1281	1199	1218	568	1584	572	1	1232790
1282	1218	568	1584	572	1529	0	1234374
1283	568	1584	572	1529	1066	1	1234946
1284	1584	572	1529	1066	1085	0	1236475
1285	572	1529	1066	1085	1121	0	1237541
1286	1529	1066	1085	1121	1097	0	1238626
1287	1066	1085	1121	1097	1121	0	1239747
1288	1085	1121	1097	1121	1171	0	1240844
1289	1121	1097	1121	1171	572	0	1241965
1290	1097	1121	1171	572	1549	0	1243136
1291	1121	1171	572	1549	1148	1	1243708
1292	1171	572	1549	1148	1151	0	1245257
1293	572	1549	1148	1151	611	0	1246405
1294	1549	1148	1151	611	1537	0	1247556
1295	1148	1151	611	1537	1133	1	1248167
1296	1151	611	1537	1133	1155	0	1249704
1297	611	1537	1133	1155	584	0	1250837
1298	1537	1133	1155	584	1541	0	1251992
1299	1133	1155	584	1541	1179	1	1252576
1300	1155	584	1541	1179	1171	0	1254117
1301	584	1541	1179	1171	599	0	1255296
1302	1541	1179	1171	599	1549	0	1256467
1303	1179	1171	599	1549	1222	1	1257066
1304	1171	599	1549	1222	1198	0	1258615
1305	599	1549	1222	1198	580	0	1259837
1306	1549	1222	1198	580	1556	0	1261035
1307	1222	1198	580	1556	1175	1	1261615
1308	1198	580	1556	1175	1121	0	1263171
1309	580	1556	1175	1121	1128	0	1264346
1310	1556	1175	1121	1128	1172	0	1265467
1311	1175	1121	1128	1172	579	0	1266595
1312	1121	1128	1172	579	1529	0	1267767
1313	1128	1172	579	1529	1152	1	1268346
1314	1172	579	1529	1152	1136	0	1269875
1315	579	1529	1152	1136	639	0	1271027
1316	1529	1152	1136	639	1494	0	1272163
1317	1152	1136	639	1494	1058	1	1272802
1318	1136	639	1494	1058	1047	0	1274296
1319	639	1494	1058	1047	1089	0	1275354
1320	1494	1058	1047	1089	1171	0	1276401
1321	1058	1047	1089	1171	569	0	1277490
1322	1047	1089	1171	569	1548	0	1278661
1323	1089	1171	569	1548	1152	1	1279230
1324	1171	569	1548	1152	1159	0	1280778
1325	569	1548	1152	1159	1133	0	1281930
1326	1548	1152	1159	1133	1124	0	1283089
1327	1152	1159	1133	1124	1191	0	1284222
1328	1159	1133	1124	1191	1191	0	1285346
1329	1133	1124	1191	1191	568	0	1286537
1330	1124	1191	1191	568	1560	0	1287728
1331	1191	1191	568	1560	1179	1	1288296
1332	1191	568	1560	1179	1136	0	1289856
1333	568	1560	1179	1136	1129	0	1291035
1334	1560	1179	1136	1129	1167	0	1292171
1335	1179	1136	1129	1167	587	0	1293300
1336	1136	1129	1167	587	1530	0	1294467
1337	1129	1167	587	1530	1128	1	1295054
1338	1167	587	1530	1128	1117	0	1296584
1339	587	1530	1128	1117	1074	0	1297712
1340	1530	1128	1117	1074	1093	0	1298829
1341	1128	1117	1074	1093	1175	0	1299903
1342	1117	1074	1093	1175	1168	0	1300996
1343	1074	1093	1175	1168	575	0	1302171
1344	1093	1175	1168	575	1533	0	1303339
1345	1175	1168	575	1533	1156	1	1303914
1346	1168	575	1533	1156	1136	0	1305447
1347	575	1533	1156	1136	1109	0	1306603
1348	1533	1156	1136	1109	1136	0	1307739
1349	1156	1136	1109	1136	1214	0	1308848
1350	1136	1109	1136	1214	1214	0	1309984
1351	1109	1136	1214	1214	580	0	1311198
1352	1136	1214	1214	580	1561	0	1312412
1353	1214	1214	580	1561	1171	1	1312992
1354	1214	580	1561	1171	1171	0	1314553
1355	580	1561	1171	1171	1152	0	1315724
1356	1561	1171	1171	1152	1155	0	1316895
1357	1171	1171	1152	1155	596	0	1318047
1358	1171	1152	1155	596	1587	0	1319202
1359	1152	1155	596	1587	1195	1	1319798
1360	1155	596	1587	1195	1167	0	1321385
1361	596	1587	1195	1167	603	0	1322580
1362	1587	1195	1167	603	1592	0	1323747
1363	1195	1167	603	1592	1218	1	1324350
1364	1167	603	1592	1218	1179	0	1325942
1365	603	1592	1218	1179	1194	0	1327160
1366	1592	1218	1179	1194	1257	0	1328339
1367	1218	1179	1194	1257	572	0	1329533
1368	1179	1194	1257	572	1576	0	1330790
1369	1194	1257	572	1576	1194	1	1331362
1370	1257	572	1576	1194	1191	0	1332938
1371	572	1576	1194	1191	591	0	1334132
1372	1576	1194	1191	591	1545	0	1335323
1373	1194	1191	591	1545	1097	1	1335914
1374	1191	591	1545	1097	1082	0	1337459
1375	591	1545	1097	1082	1090	0	1338556
1376	1545	1097	1082	1090	1120	0	1339638
1377	1097	1082	1090	1120	1129	0	1340728
1378	1082	1090	1120	1129	1148	0	1341848
1379	1090	1120	1129	1148	610	0	1342977
1380	1120	1129	1148	610	1541	0	1344125
1381	1129	1148	610	1541	1121	1	1344735
1382	1148	610	1541	1121	1124	0	1346276
1383	610	1541	1121	1124	1105	0	1347397
1384	1541	1121	1124	1105	1121	0	1348521
1385	1121	1124	1105	1121	1179	0	1349626
1386	1124	1105	1121	1179	1132	0	1350747
1387	1105	1121	1179	1132	1117	0	1351926
1388	1121	1179	1132	1117	1148	0	1353058
1389	1179	1132	1117	1148	1152	0	1354175
1390	1132	1117	1148	1152	1132	0	1355323
1391	1117	1148	1152	1132	1144	0	1356475
1392	1148	1152	1132	1144	1156	0	1357607
1393	1152	1132	1144	1156	1151	0	1358751
1394	1132	1144	1156	1151	1144	0	1359907
1395	1144	1156	1151	1144	1160	0	1361058
1396	1156	1151	1144	1160	1132	0	1362202
1397	1151	1144	1160	1132	1129	0	1363362
1398	1144	1160	1132	1129	1175	0	1364494
1399	1160	1132	1129	1175	1186	0	1365623
1400	1132	1129	1175	1186	1168	0	1366798
1401	1129	1175	1186	1168	1175	0	1367984
1402	1175	1186	1168	1175	1198	0	1369152
1403	1186	1168	1175	1198	572	0	1370327
1404	1168	1175	1198	572	1549	0	1371525
1405	1175	1198	572	1549	564	1	1372097
1406	1198	572	1549	564	1537	0	1373646
1407	572	1549	564	1537	1055	1	1374210
1408	1549	564	1537	1055	1109	0	1375747
1409	564	1537	1055	1109	1147	0	1376802
1410	1537	1055	1109	1147	1148	0	1377911
1411	1055	1109	1147	1148	631	0	1379058
1412	1109	1147	1148	631	1575	0	1380206
1413	1147	1148	631	1575	1183	1	1380837
1414	1148	631	1575	1183	1148	0	1382412
1415	631	1575	1183	1148	1168	0	1383595
1416	1575	1183	1148	1168	1210	0	1384743
1417	1183	1148	1168	1210	579	0	1385911
1418	1148	1168	1210	579	1572	0	1387121
1419	1168	1210	579	1572	1191	1	1387700
1420	1210	579	1572	1191	1163	0	1389272
1421	579	1572	1191	1163	642	0	1390463
1422	1572	1191	1163	642	1530	0	1391626
1423	1191	1163	642	1530	1105	1	1392268
1424	1163	642	1530	1105	1097	0	1393798
1425	642	1530	1105	1097	1113	0	1394903
1426	1530	1105	1097	1113	1167	0	1396000
1427	1105	1097	1113	1167	1175	0	1397113
1428	1097	1113	1167	1175	1164	0	1398280
1429	1113	1167	1175	1164	591	0	1399455
1430	1167	1175	1164	591	1568	0	1400619
1431	1175	1164	591	1568	1136	1	1401210
1432	1164	591	1568	1136	1148	0	1402778
1433	591	1568	1136	1148	1164	0	1403914
1434	1568	1136	1148	1164	1148	0	1405062
1435	1136	1148	1164	1148	1136	0	1406226
1436	1148	1164	1148	1136	1175	0	1407374
1437	1164	1148	1136	1175	622	0	1408510
1438	1148	1136	1175	622	1557	0	1409685
1439	1136	1175	622	1557	1175	1	1410307
1440	1175	622	1557	1175	1167	0	1411864
1441	622	1557	1175	1167	1160	0	1413039
1442	1557	1175	1167	1160	1155	0	1414206
1443	1175	1167	1160	1155	611	0	1415366
1444	1167	1160	1155	611	1576	0	1416521
1445	1160	1155	611	1576	1167	1	1417132
1446	1155	611	1576	1167	1179	0	1418708
1447	611	1576	1167	1179	1191	0	1419875
1448	1576	1167	1179	1191	1171	0	1421054
1449	1167	1179	1191	1171	580	0	1422245
1450	1179	1191	1171	580	1592	0	1423416
1451	1191	1171	580	1592	1202	1	1423996
1452	1171	580	1592	1202	1171	0	1425588
1453	580	1592	1202	1171	1156	0	1426790
1454	1592	1202	1171	1156	1218	0	1427961
1455	1202	1171	1156	1218	572	0	1429117
1456	1171	1156	1218	572	1583	0	1430335
1457	1156	1218	572	1583	1164	1	1430907
1458	1218	572	1583	1164	1183	0	1432490
1459	572	1583	1164	1183	1190	0	1433654
1460	1583	1164	1183	1190	1168	0	1434837
1461	1164	1183	1190	1168	521	0	1436027
1462	1183	1190	1168	521	1595	0	1437195
1463	1190	1168	521	1595	1210	1	1437716
1464	1168	521	1595	1210	1179	0	1439311
1465	521	1595	1210	1179	623	0	1440521
1466	1595	1210	1179	623	1584	0	1441700
1467	1210	1179	623	1584	1198	1	1442323
1468	1179	623	1584	1198	1175	0	1443907
1469	623	1584	1198	1175	603	0	1445105
1470	1584	1198	1175	603	1611	0	1446280
1471	1198	1175	603	1611	1253	1	1446883
1472	1175	603	1611	1253	1183	0	1448494
1473	603	1611	1253	1183	1210	0	1449747
1474	1611	1253	1183	1210	1230	0	1450930
1475	1253	1183	1210	1230	579	0	1452140
1476	1183	1210	1230	579	1576	0	1453370
1477	1210	1230	579	1576	1195	1	1453949
1478	1230	579	1576	1195	1183	0	1455525
1479	579	1576	1195	1183	1144	0	1456720
1480	1576	1195	1183	1144	1140	0	1457903
1481	1195	1183	1144	1140	1187	0	1459047
1482	1183	1144	1140	1187	1198	0	1460187
1483	1144	1140	1187	1198	580	0	1461374
1484	1140	1187	1198	580	1583	0	1462572
1485	1187	1198	580	1583	1176	1	1463152
1486	1198	580	1583	1176	1167	0	1464735
1487	580	1583	1176	1167	1190	0	1465911
1488	1583	1176	1167	1190	1218	0	1467078
1489	1176	1167	1190	1218	576	0	1468268
1490	1167	1190	1218	576	1568	0	1469486
1491	1190	1218	576	1568	1168	1	1470062
1492	1218	576	1568	1168	1183	0	1471630
1493	576	1568	1168	1183	1190	0	1472798
1494	1568	1168	1183	1190	1175	0	1473981
1495	1168	1183	1190	1175	596	0	1475171
1496	1183	1190	1175	596	1576	0	1476346
1497	1190	1175	596	1576	1175	1	1476942
1498	1175	596	1576	1175	1147	0	1478518
1499	596	1576	1175	1147	1183	0	1479693
1500	1576	1175	1147	1183	1203	0	1480840
1501	1175	1147	1183	1203	572	0	1482023
1502	1147	1183	1203	572	1564	0	1483226
1503	1183	1203	572	1564	1183	1	1483798
1504	1203	572	1564	1183	1155	0	1485362
1505	572	1564	1183	1155	1164	0	1486545
1506	1564	1183	1155	1164	1206	0	1487700
1507	1183	1155	1164	1206	576	0	1488864
1508	1155	1164	1206	576	1560	0	1490070
1509	1164	1206	576	1560	1183	1	1490646
1510	1206	576	1560	1183	1171	0	1492206
1511	576	1560	1183	1171	1187	0	1493389
1512	1560	1183	1171	1187	1187	0	1494560
1513	1183	1171	1187	1187	572	0	1495747
1514	1171	1187	1187	572	1580	0	1496934
1515	1187	1187	572	1580	1144	1	1497506
1516	1187	572	1580	1144	1163	0	1499086
1517	572	1580	1144	1163	1179	0	1500230
1518	1580	1144	1163	1179	1175	0	1501393
1519	1144	1163	1179	1175	592	0	1502572
1520	1163	1179	1175	592	1579	0	1503747
1521	1179	1175	592	1579	1183	1	1504339
1522	1175	592	1579	1183	1167	0	1505918
1523	592	1579	1183	1167	1230	0	1507101
1524	1579	1183	1167	1230	1253	0	1508268
1525	1183	1167	1230	1253	595	0	1509498
1526	1167	1230	1253	595	1600	0	1510751
1527	1230	1253	595	1600	1217	1	1511346
1528	1253	595	1600	1217	1226	0	1512946
1529	595	1600	1217	1226	580	0	1514163
1530	1600	1217	1226	580	1572	0	1515389
1531	1217	1226	580	1572	1191	1	1515969
1532	1226	580	1572	1191	1194	0	1517541
1533	580	1572	1191	1194	630	0	1518732
1534	1572	1191	1194	630	1584	0	1519926
1535	1191	1194	630	1584	1183	1	1520556
1536	1194	630	1584	1183	1171	0	1522140
1537	630	1584	1183	1171	1171	0	1523323
1538	1584	1183	1171	1171	1214	0	1524494
1539	1183	1171	1171	1214	572	0	1525665
1540	1171	1171	1214	572	1600	0	1526879
1541	1171	1214	572	1600	1171	1	1527451
1542	1214	572	1600	1171	1206	0	1529051
1543	572	1600	1171	1206	1237	0	1530222
1544	1600	1171	1206	1237	1218	0	1531428
1545	1171	1206	1237	1218	646	0	1532665
1546	1206	1237	1218	646	1615	0	1533883
1547	1237	1218	646	1615	1210	1	1534529
1548	1218	646	1615	1210	1171	0	1536144
1549	646	1615	1210	1171	1210	0	1537354
1550	1615	1210	1171	1210	1222	0	1538525
1551	1210	1171	1210	1222	576	0	1539735
1552	1171	1210	1222	576	1568	0	1540957
1553	1210	1222	576	1568	1136	1	1541533
1554	1222	576	1568	1136	1133	0	1543101
1555	576	1568	1136	1133	1116	0	1544237
1556	1568	1136	1133	1116	1168	0	1545370
1557	1136	1133	1116	1168	1198	0	1546486
1558	1133	1116	1168	1198	1206	0	1547654
1559	1116	1168	1198	1206	607	0	1548852
1560	1168	1198	1206	607	1603	0	1550058
1561	1198	1206	607	1603	1211	1	1550665
1562	1206	607	1603	1211	1190	0	1552268
1563	607	1603	1211	1190	1238	0	1553479
1564	1603	1211	1190	1238	1249	0	1554669
1565	1211	1190	1238	1249	576	0	1555907
1566	1190	1238	1249	576	1579	0	1557156
1567	1238	1249	576	1579	1214	1	1557732
1568	1249	576	1579	1214	1234	0	1559311
1569	576	1579	1214	1234	677	0	1560525
1570	1579	1214	1234	677	1564	0	1561759
1571	1214	1234	677	1564	1163	1	1562436
1572	1234	677	1564	1163	1172	0	1564000
1573	677	1564	1163	1172	1167	0	1565163
1574	1564	1163	1172	1167	1214	0	1566335
1575	1163	1172	1167	1214	595	0	1567502
1576	1172	1167	1214	595	1584	0	1568716
1577	1167	1214	595	1584	1152	1	1569311
1578	1214	595	1584	1152	1167	0	1570895
1579	595	1584	1152	1167	1175	0	1572047
1580	1584	1152	1167	1175	1202	0	1573214
1581	1152	1167	1175	1202	1172	0	1574389
1582	1167	1175	1202	1172	1221	0	1575591
1583	1175	1202	1172	1221	615	0	1576763
1584	1202	1172	1221	615	1592	0	1577984
1585	1172	1221	615	1592	1186	1	1578599
1586	1221	615	1592	1186	1195	0	1580191
1587	615	1592	1186	1195	1230	0	1581377
1588	1592	1186	1195	1230	1206	0	1582572
1589	1186	1195	1230	1206	607	0	1583802
1590	1195	1230	1206	607	1587	0	1585008
1591	1230	1206	607	1587	1191	1	1585615
1592	1206	607	1587	1191	1175	0	1587202
1593	607	1587	1191	1175	1179	0	1588393
1594	1587	1191	1175	1179	1191	0	1589568
1595	1191	1175	1179	1191	1222	0	1590747
1596	1175	1179	1191	1222	1221	0	1591938
1597	1179	1191	1222	1221	592	0	1593160
1598	1191	1222	1221	592	1595	0	1594381
1599	1222	1221	592	1595	1183	1	1594973
1600	1221	592	1595	1183	1152	0	1596568
1601	592	1595	1183	1152	1128	0	1597751
1602	1595	1183	1152	1128	1183	0	1598903
1603	1183	1152	1128	1183	1210	0	1600031
1604	1152	1128	1183	1210	1191	0	1601214
1605	1128	1183	1210	1191	1187	0	1602424
1606	1183	1210	1191	1187	1202	0	1603615
1607	1210	1191	1187	1202	1194	0	1604802
1608	1191	1187	1202	1194	1172	0	1606004
1609	1187	1202	1194	1172	1186	0	1607198
1610	1202	1194	1172	1186	1207	0	1608370
1611	1194	1172	1186	1207	1221	0	1609556
1612	1172	1186	1207	1221	1199	0	1610763
1613	1186	1207	1221	1199	1198	0	1611984
1614	1207	1221	1199	1198	1175	0	1613183
1615	1221	1199	1198	1175	1152	0	1614381
1616	1199	1198	1175	1152	1199	0	1615556
1617	1198	1175	1152	1199	1210	0	1616708
1618	1175	1152	1199	1210	1210	0	1617907
1619	1152	1199	1210	1210	1226	0	1619117
1620	1199	1210	1210	1226	1252	0	1620327
1621	1210	1210	1226	1252	588	0	1621553
1622	1210	1226	1252	588	1599	0	1622805
1623	1226	1252	588	1599	564	1	1623393
1624	1252	588	1599	564	1588	0	1624992
1625	588	1599	564	1588	1152	1	1625556
1626	1599	564	1588	1152	1167	0	1627144
1627	564	1588	1152	1167	1214	0	1628296
1628	1588	1152	1167	1214	1206	0	1629463
1629	1152	1167	1214	1206	607	0	1630677
1630	1167	1214	1206	607	1568	0	1631883
1631	1214	1206	607	1568	1191	1	1632490
1632	1206	607	1568	1191	1187	0	1634058
1633	607	1568	1191	1187	1159	0	1635249
1634	1568	1191	1187	1159	1210	0	1636436
1635	1191	1187	1159	1210	596	0	1637595
1636	1187	1159	1210	596	1611	0	1638805
1637	1159	1210	596	1611	1214	1	1639401
1638	1210	596	1611	1214	1198	0	1641012
1639	596	1611	1214	1198	1214	0	1642226
1640	1611	1214	1198	1214	1191	0	1643424
1641	1214	1198	1214	1191	669	0	1644638
1642	1198	1214	1191	669	1591	0	1645829
1643	1214	1191	669	1591	1183	1	1646498
1644	1191	669	1591	1183	1144	0	1648089
1645	669	1591	1183	1144	1148	0	1649272
1646	1591	1183	1144	1148	1168	0	1650416
1647	1183	1144	1148	1168	1186	0	1651564
1648	1144	1148	1168	1186	1148	0	1652732
1649	1148	1168	1186	1148	1183	0	1653918
1650	1168	1186	1148	1183	1195	0	1655066
1651	1186	1148	1183	1195	1159	0	1656249
1652	1148	1183	1195	1159	1183	0	1657444
1653	1183	1195	1159	1183	1171	0	1658603
1654	1195	1159	1183	1171	1160	0	1659786
1655	1159	1183	1171	1160	1179	0	1660957
1656	1183	1171	1160	1179	1229	0	1662117
1657	1171	1160	1179	1229	588	0	1663296
1658	1160	1179	1229	588	1576	0	1664525
1659	1179	1229	588	1576	564	1	1665113
1660	1229	588	1576	564	1556	0	1666689
1661	588	1576	564	1556	1074	1	1667253
1662	1576	564	1556	1074	1094	0	1668809
1663	564	1556	1074	1094	1148	0	1669883
1664	1556	1074	1094	1148	1171	0	1670977
1665	1074	1094	1148	1171	1194	0	1672125
1666	1094	1148	1171	1194	1218	0	1673296
1667	1148	1171	1194	1218	588	0	1674490
1668	1171	1194	1218	588	1618	0	1675708
1669	1194	1218	588	1618	1230	1	1676296
1670	1218	588	1618	1230	1253	0	1677914
1671	588	1618	1230	1253	595	0	1679144
1672	1618	1230	1253	595	1584	0	1680397
1673	1230	1253	595	1584	1132	1	1680992
1674	1253	595	1584	1132	1070	0	1682576
1675	595	1584	1132	1070	1168	0	1683708
1676	1584	1132	1070	1168	1179	0	1684778
1677	1132	1070	1168	1179	1143	0	1685946
1678	1070	1168	1179	1143	1172	0	1687125
1679	1168	1179	1143	1172	1167	0	1688268
1680	1179	1143	1172	1167	1167	0	1689440
1681	1143	1172	1167	1167	1203	0	1690607
1682	1172	1167	1167	1203	1206	0	1691774
1683	1167	1167	1203	1206	1210	0	1692977
1684	1167	1203	1206	1210	1222	0	1694183
1685	1203	1206	1210	1222	1233	0	1695393
1686	1206	1210	1222	1233	1218	0	1696615
1687	1210	1222	1233	1218	1234	0	1697848
1688	1222	1233	1218	1234	1249	0	1699066
1689	1233	1218	1234	1249	583	0	1700300
1690	1218	1234	1249	583	1596	0	1701549
1691	1234	1249	583	1596	568	1	1702132
1692	1249	583	1596	568	1579	0	1703728
1693	583	1596	568	1579	1141	1	1704296
1694	1596	568	1579	1141	1093	0	1705875
1695	568	1579	1141	1093	1121	0	1707016
1696	1579	1141	1093	1121	1214	0	1708109
1697	1141	1093	1121	1214	1221	0	1709230
1698	1093	1121	1214	1221	1172	0	1710444
1699	1121	1214	1221	1172	1175	0	1711665
1700	1214	1221	1172	1175	1198	0	1712837
1701	1221	1172	1175	1198	1226	0	1714012
1702	1172	1175	1198	1226	1167	0	1715210
1703	1175	1198	1226	1167	1171	0	1716436
1704	1198	1226	1167	1171	1261	0	1717603
1705	1226	1167	1171	1261	580	0	1718774
1706	1167	1171	1261	580	1607	0	1720035
1707	1171	1261	580	1607	580	1	1720615
1708	1261	580	1607	580	1610	0	1722222
1709	580	1607	580	1610	1183	1	1722802
1710	1607	580	1610	1183	1152	0	1724412
1711	580	1610	1183	1152	1132	0	1725595
1712	1610	1183	1152	1132	1183	0	1726747
1713	1183	1152	1132	1183	1109	0	1727879
1714	1152	1132	1183	1109	1062	0	1729062
1715	1132	1183	1109	1062	1129	0	1730171
1716	1183	1109	1062	1129	1187	0	1731233
1717	1109	1062	1129	1187	1159	0	1732362
1718	1062	1129	1187	1159	1230	0	1733549
1719	1129	1187	1159	1230	626	0	1734708
1720	1187	1159	1230	626	1603	0	1735938
1721	1159	1230	626	1603	1203	1	1736564
1722	1230	626	1603	1203	1303	0	1738167
1723	626	1603	1203	1303	1238	0	1739370
1724	1603	1203	1303	1238	1210	0	1740673
1725	1203	1303	1238	1210	583	0	1741911
1726	1303	1238	1210	583	1588	0	1743121
1727	1238	1210	583	1588	1155	1	1743704
1728	1210	583	1588	1155	1168	0	1745292
1729	583	1588	1155	1168	1159	0	1746447
1730	1588	1155	1168	1159	1179	0	1747615
1731	1155	1168	1159	1179	1191	0	1748774
1732	1168	1159	1179	1191	1163	0	1749953
1733	1159	1179	1191	1163	1203	0	1751144
1734	1179	1191	1163	1203	1194	0	1752307
1735	1191	1163	1203	1194	1171	0	1753510
1736	1163	1203	1194	1171	1187	0	1754704
1737	1203	1194	1171	1187	1199	0	1755875
1738	1194	1171	1187	1199	1183	0	1757062
1739	1171	1187	1199	1183	1171	0	1758261
1740	1187	1199	1183	1171	1190	0	1759444
1741	1199	1183	1171	1190	1195	0	1760615
1742	1183	1171	1190	1195	1210	0	1761805
1743	1171	1190	1195	1210	1249	0	1763000
1744	1190	1195	1210	1249	1222	0	1764210
1745	1195	1210	1249	1222	1214	0	1765459
1746	1210	1249	1222	1214	1222	0	1766681
1747	1249	1222	1214	1222	1225	0	1767895
1748	1222	1214	1222	1225	1249	0	1769117
1749	1214	1222	1225	1249	1214	0	1770342
1750	1222	1225	1249	1214	1211	0	1771591
1751	1225	1249	1214	1211	1233	0	1772805
1752	1249	1214	1211	1233	1226	0	1774016
1753	1214	1211	1233	1226	1206	0	1775249
1754	1211	1233	1226	1206	1202	0	1776475
1755	1233	1226	1206	1202	1206	0	1777681
1756	1226	1206	1202	1206	1215	0	1778883
1757	1206	1202	1206	1215	1194	0	1780089
1758	1202	1206	1215	1194	1202	0	1781304
1759	1206	1215	1194	1202	1211	0	1782498
1760	1215	1194	1202	1211	1190	0	1783700
1761	1194	1202	1211	1190	1222	0	1784911
1762	1202	1211	1190	1222	1237	0	1786101
1763	1211	1190	1222	1237	1195	0	1787323
1764	1190	1222	1237	1195	1183	0	1788560
1765	1222	1237	1195	1183	1210	0	1789755
1766	1237	1195	1183	1210	1218	0	1790938
1767	1195	1183	1210	1218	1202	0	1792148
1768	1183	1210	1218	1202	1222	0	1793366
1769	1210	1218	1202	1222	1206	0	1794568
1770	1218	1202	1222	1206	1199	0	1795790
1771	1202	1222	1206	1199	1171	0	1796996
