index	i-2	i-1	i+0	i+1	i+2	Filter	Time
2	611	743	751	751	747	0	2105
3	743	751	751	747	759	0	2856
4	751	751	747	759	755	0	3603
5	751	747	759	755	743	0	4362
6	747	759	755	743	743	0	5117
7	759	755	743	743	747	0	5860
8	755	743	743	747	743	0	6603
9	743	743	747	743	751	0	7350
10	743	747	743	751	759	0	8093
11	747	743	751	759	763	0	8844
12	743	751	759	763	786	0	9603
13	751	759	763	786	778	0	10366
14	759	763	786	778	778	0	11152
15	763	786	778	778	778	0	11930
16	786	778	778	778	775	0	12708
17	778	778	778	775	778	0	13486
18	778	778	775	778	774	0	14261
19	778	775	778	774	775	0	15039
20	775	778	774	775	758	0	15813
21	778	774	775	758	755	0	16588
22	774	775	758	755	759	0	17346
23	775	758	755	759	739	0	18101
24	758	755	759	739	740	0	18860
25	755	759	739	740	731	0	19599
26	759	739	740	731	728	0	20339
27	739	740	731	728	731	0	21070
28	740	731	728	731	736	0	21798
29	731	728	731	736	731	0	22529
30	728	731	736	731	743	0	23265
31	731	736	731	743	743	0	23996
32	736	731	743	743	748	0	24739
33	731	743	743	748	778	0	25482
34	743	743	748	778	751	0	26230
35	743	748	778	751	755	0	27008
36	748	778	751	755	758	0	27759
37	778	751	755	758	759	0	28514
38	751	755	758	759	771	0	29272
39	755	758	759	771	758	0	30031
40	758	759	771	758	767	0	30802
41	759	771	758	767	762	0	31560
42	771	758	767	762	767	0	32327
43	758	767	762	767	770	0	33089
44	767	762	767	770	771	0	33856
45	762	767	770	771	778	0	34626
46	767	770	771	778	767	0	35397
47	770	771	778	767	770	0	36175
48	771	778	767	770	759	0	36942
49	778	767	770	759	774	0	37712
50	767	770	759	774	774	0	38471
51	770	759	774	774	763	0	39245
52	759	774	774	763	771	0	40019
53	774	774	763	771	766	0	40782
54	774	763	771	766	763	0	41553
55	763	771	766	763	762	0	42319
56	771	766	763	762	775	0	43082
57	766	763	762	775	766	0	43844
58	763	762	775	766	763	0	44619
59	762	775	766	763	770	0	45385
60	775	766	763	770	771	0	46148
61	766	763	770	771	762	0	46918
62	763	770	771	762	763	0	47689
63	770	771	762	763	763	0	48451
64	771	762	763	763	770	0	49214
65	762	763	763	770	755	0	49977
66	763	763	770	755	763	0	50747
67	763	770	755	763	766	0	51502
68	770	755	763	766	767	0	52265
69	755	763	766	767	774	0	53031
70	763	766	767	774	763	0	53798
71	766	767	774	763	758	0	54572
72	767	774	763	758	767	0	55335
73	774	763	758	767	774	0	56093
74	763	758	767	774	767	0	56860
75	758	767	774	767	770	0	57634
76	767	774	767	770	775	0	58401
77	774	767	770	775	793	0	59171
78	767	770	775	793	779	0	59946
79	770	775	793	779	782	0	60739
80	775	793	779	782	793	0	61518
81	793	779	782	793	779	0	62300
82	779	782	793	779	789	0	63093
83	782	793	779	789	786	0	63872
84	793	779	789	786	783	0	64661
85	779	789	786	783	770	0	65447
86	789	786	783	770	774	0	66230
87	786	783	770	774	763	0	67000
88	783	770	774	763	763	0	67774
89	770	774	763	763	758	0	68537
90	774	763	763	758	763	0	69300
91	763	763	758	763	763	0	70058
92	763	758	763	763	762	0	70821
93	758	763	763	762	767	0	71584
94	763	763	762	767	762	0	72346
95	763	762	767	762	771	0	73113
96	762	767	762	771	763	0	73875
97	767	762	771	763	751	0	74646
98	762	771	763	751	758	0	75409
99	771	763	751	758	763	0	76160
100	763	751	758	763	766	0	76918
101	751	758	763	766	763	0	77681
102	758	763	766	763	786	0	78447
103	763	766	763	786	774	0	79210
104	766	763	786	774	771	0	79996
105	763	786	774	771	778	0	80770
106	786	774	771	778	782	0	81541
107	774	771	778	782	767	0	82319
108	771	778	782	767	766	0	83101
109	778	782	767	766	767	0	83868
110	782	767	766	767	759	0	84634
111	767	766	767	759	762	0	85401
112	766	767	759	762	763	0	86160
113	767	759	762	763	759	0	86922
114	759	762	763	759	754	0	87685
115	762	763	759	754	759	0	88444
116	763	759	754	759	755	0	89198
117	759	754	759	755	770	0	89957
118	754	759	755	770	767	0	90712
119	759	755	770	767	774	0	91482
120	755	770	767	774	775	0	92249
121	770	767	774	775	762	0	93023
122	767	774	775	762	782	0	93798
123	774	775	762	782	759	0	94560
124	775	762	782	759	759	0	95342
125	762	782	759	759	743	0	96101
126	782	759	759	743	739	0	96860
127	759	759	743	739	751	0	97603
128	759	743	739	751	751	0	98342
129	743	739	751	751	744	0	99093
130	739	751	751	744	747	0	99844
131	751	751	744	747	754	0	100588
132	751	744	747	754	759	0	101335
133	744	747	754	759	759	0	102089
134	747	754	759	759	755	0	102848
135	754	759	759	755	770	0	103607
136	759	759	755	770	790	0	104362
137	759	755	770	790	767	0	105132
138	755	770	790	767	766	0	105922
139	770	790	767	766	755	0	106689
140	790	767	766	755	751	0	107455
141	767	766	755	751	739	0	108210
142	766	755	751	739	740	0	108961
143	755	751	739	740	731	0	109700
144	751	739	740	731	747	0	110440
145	739	740	731	747	747	0	111171
146	740	731	747	747	759	0	111918
147	731	747	747	759	774	0	112665
148	747	747	759	774	771	0	113424
149	747	759	774	771	774	0	114198
150	759	774	771	774	782	0	114969
151	774	771	774	782	755	0	115743
152	771	774	782	755	759	0	116525
153	774	782	755	759	751	0	117280
154	782	755	759	751	747	0	118039
155	755	759	751	747	743	0	118790
156	759	751	747	743	739	0	119537
157	751	747	743	739	744	0	120280
158	747	743	739	744	735	0	121019
159	743	739	744	735	743	0	121763
160	739	744	735	743	743	0	122498
161	744	735	743	743	732	0	123241
162	735	743	743	732	739	0	123984
163	743	743	732	739	732	0	124716
164	743	732	739	732	731	0	125455
165	732	739	732	731	732	0	126187
166	739	732	731	732	735	0	126918
167	732	731	732	735	720	0	127650
168	731	732	735	720	735	0	128385
169	732	735	720	735	736	0	129105
170	735	720	735	736	735	0	129840
171	720	735	736	735	740	0	130576
172	735	736	735	740	739	0	131311
173	736	735	740	739	759	0	132051
174	735	740	739	759	552	0	132790
175	740	739	759	552	965	0	133549
176	739	759	552	965	782	1	134101
177	759	552	965	782	786	0	135066
178	552	965	782	786	767	0	135848
179	965	782	786	767	770	0	136634
180	782	786	767	770	767	0	137401
181	786	767	770	767	747	0	138171
182	767	770	767	747	755	0	138938
183	770	767	747	755	747	0	139685
184	767	747	755	747	739	0	140440
185	747	755	747	739	732	0	141187
186	755	747	739	732	731	0	141926
187	747	739	732	731	736	0	142658
188	739	732	731	736	723	0	143389
189	732	731	736	723	716	0	144125
190	731	736	723	716	724	0	144848
191	736	723	716	724	728	0	145564
192	723	716	724	728	708	0	146288
193	716	724	728	708	704	0	147016
194	724	728	708	704	704	0	147724
195	728	708	704	704	740	0	148428
196	708	704	704	740	719	0	149132
197	704	704	740	719	716	0	149872
198	704	740	719	716	720	0	150591
199	740	719	716	720	720	0	151307
200	719	716	720	720	712	0	152027
201	716	720	720	712	704	0	152747
202	720	720	712	704	709	0	153459
203	720	712	704	709	712	0	154163
204	712	704	709	712	712	0	154872
205	704	709	712	712	700	0	155584
206	709	712	712	700	700	0	156296
207	712	712	700	700	716	0	156996
208	712	700	700	716	705	0	157696
209	700	700	716	705	700	0	158412
210	700	716	705	700	704	0	159117
211	716	705	700	704	716	0	159817
212	705	700	704	716	701	0	160521
213	700	704	716	701	708	0	161237
214	704	716	701	708	720	0	161938
215	716	701	708	720	723	0	162646
216	701	708	720	723	709	0	163366
217	708	720	723	709	723	0	164089
218	720	723	709	723	712	0	164798
219	723	709	723	712	705	0	165521
220	709	723	712	705	712	0	166233
221	723	712	705	712	724	0	166938
222	712	705	712	724	715	0	167650
223	705	712	724	715	716	0	168374
224	712	724	715	716	732	0	169089
225	724	715	716	732	728	0	169805
226	715	716	732	728	727	0	170537
227	716	732	728	727	732	0	171265
228	732	728	727	732	727	0	171992
229	728	727	732	727	728	0	172724
230	727	732	727	728	732	0	173451
231	732	727	728	732	739	0	174179
232	727	728	732	739	739	0	174911
233	728	732	739	739	751	0	175650
234	732	739	739	751	747	0	176389
235	739	739	751	747	755	0	177140
236	739	751	747	755	751	0	177887
237	751	747	755	751	747	0	178642
238	747	755	751	747	751	0	179393
239	755	751	747	751	743	0	180140
240	751	747	751	743	732	0	180891
241	747	751	743	732	731	0	181634
242	751	743	732	731	736	0	182366
243	743	732	731	736	731	0	183097
244	732	731	736	731	728	0	183833
245	731	736	731	728	731	0	184564
246	736	731	728	731	736	0	185292
247	731	728	731	736	751	0	186023
248	728	731	736	751	758	0	186759
249	731	736	751	758	755	0	187510
250	736	751	758	755	763	0	188268
251	751	758	755	763	767	0	189023
252	758	755	763	767	774	0	189786
253	755	763	767	774	766	0	190553
254	763	767	774	766	775	0	191327
255	767	774	766	775	766	0	192093
256	774	766	775	766	767	0	192868
257	766	775	766	767	766	0	193634
258	775	766	767	766	763	0	194401
259	766	767	766	763	759	0	195167
260	767	766	763	759	755	0	195930
261	766	763	759	755	762	0	196689
262	763	759	755	762	759	0	197444
263	759	755	762	759	751	0	198206
264	755	762	759	751	759	0	198965
265	762	759	751	759	751	0	199716
266	759	751	759	751	743	0	200475
267	751	759	751	743	735	0	201226
268	759	751	743	735	732	0	201969
269	751	743	735	732	727	0	202704
270	743	735	732	727	744	0	203436
271	735	732	727	744	735	0	204163
272	732	727	744	735	751	0	204907
273	727	744	735	751	755	0	205642
274	744	735	751	755	766	0	206393
275	735	751	755	766	779	0	207148
276	751	755	766	779	786	0	207914
277	755	766	779	786	789	0	208693
278	766	779	786	789	779	0	209479
279	779	786	789	779	778	0	210268
280	786	789	779	778	766	0	211047
281	789	779	778	766	767	0	211825
282	779	778	766	767	763	0	212591
283	778	766	767	763	751	0	213358
284	766	767	763	751	751	0	214121
285	767	763	751	751	747	0	214872
286	763	751	751	747	751	0	215623
287	751	751	747	751	727	0	216370
288	751	747	751	727	732	0	217121
289	747	751	727	732	739	0	217848
290	751	727	732	739	732	0	218580
291	727	732	739	732	727	0	219319
292	732	739	732	727	740	0	220051
293	739	732	727	740	758	0	220778
294	732	727	740	758	755	0	221518
295	727	740	758	755	755	0	222276
296	740	758	755	755	767	0	223031
297	758	755	755	767	774	0	223786
298	755	755	767	774	778	0	224553
299	755	767	774	778	774	0	225327
300	767	774	778	774	794	0	226105
301	774	778	774	794	798	0	226879
302	778	774	794	798	797	0	227673
303	774	794	798	797	798	0	228471
304	794	798	797	798	802	0	229268
305	798	797	798	802	801	0	230066
306	797	798	802	801	786	0	230868
307	798	802	801	786	782	0	231669
308	802	801	786	782	786	0	232455
309	801	786	782	786	775	0	233237
310	786	782	786	775	778	0	234023
311	782	786	775	778	770	0	234798
312	786	775	778	770	775	0	235576
313	775	778	770	775	762	0	236346
314	778	770	775	762	775	0	237121
315	770	775	762	775	770	0	237883
316	775	762	775	770	770	0	238658
317	762	775	770	770	775	0	239428
318	775	770	770	775	766	0	240198
319	770	770	775	766	767	0	240973
320	770	775	766	767	770	0	241739
321	775	766	767	770	767	0	242506
322	766	767	770	767	770	0	243276
323	767	770	767	770	771	0	244043
324	770	767	770	771	770	0	244813
325	767	770	771	770	778	0	245584
326	770	771	770	778	775	0	246354
327	771	770	778	775	778	0	247132
328	770	778	775	778	778	0	247907
329	778	775	778	778	778	0	248685
330	775	778	778	778	778	0	249463
331	778	778	778	778	786	0	250241
332	778	778	778	786	779	0	251019
333	778	778	786	779	782	0	251805
334	778	786	779	782	782	0	252584
335	786	779	782	782	801	0	253366
336	779	782	782	801	786	0	254148
337	782	782	801	786	779	0	254949
338	782	801	786	779	770	0	255735
339	801	786	779	770	755	0	256514
340	786	779	770	755	755	0	257284
341	779	770	755	755	751	0	258039
342	770	755	755	751	759	0	258794
343	755	755	751	759	754	0	259545
344	755	751	759	754	767	0	260304
345	751	759	754	767	782	0	261058
346	759	754	767	782	782	0	261825
347	754	767	782	782	798	0	262607
348	767	782	782	798	805	0	263389
349	782	782	798	805	848	0	264187
350	782	798	805	848	849	0	264992
351	798	805	848	849	723	0	265840
352	805	848	849	723	927	0	266689
353	848	849	723	927	813	1	267412
354	849	723	927	813	809	0	268339
355	723	927	813	809	806	0	269152
356	927	813	809	806	824	0	269961
357	813	809	806	824	716	0	270767
358	809	806	824	716	856	0	271591
359	806	824	716	856	802	0	272307
360	824	716	856	802	782	0	273163
361	716	856	802	782	782	0	273965
362	856	802	782	782	786	0	274747
363	802	782	782	786	782	0	275529
364	782	782	786	782	775	0	276315
365	782	786	782	775	782	0	277097
366	786	782	775	782	786	0	277872
367	782	775	782	786	774	0	278654
368	775	782	786	774	782	0	279440
369	782	786	774	782	782	0	280214
370	786	774	782	782	786	0	280996
371	774	782	782	786	794	0	281778
372	782	782	786	794	751	0	282564
373	782	786	794	751	817	0	283358
374	786	794	751	817	790	0	284109
375	794	751	817	790	786	0	284926
376	751	817	790	786	786	0	285716
377	817	790	786	786	778	0	286502
378	790	786	786	778	782	0	287288
379	786	786	778	782	798	0	288066
380	786	778	782	798	786	0	288848
381	778	782	798	786	786	0	289646
382	782	798	786	786	794	0	290432
383	798	786	786	794	774	0	291218
384	786	786	794	774	782	0	292012
385	786	794	774	782	782	0	292786
386	794	774	782	782	790	0	293568
387	774	782	782	790	786	0	294350
388	782	782	790	786	786	0	295140
389	782	790	786	786	782	0	295926
390	790	786	786	782	782	0	296712
391	786	786	782	782	786	0	297494
392	786	782	782	786	786	0	298276
393	782	782	786	786	724	0	299062
394	782	786	786	724	821	0	299848
395	786	786	724	821	790	0	300572
396	786	724	821	790	786	0	301393
397	724	821	790	786	766	0	302183
398	821	790	786	766	794	0	302969
399	790	786	766	794	775	0	303735
400	786	766	794	775	762	0	304529
401	766	794	775	762	763	0	305304
402	794	775	762	763	759	0	306066
403	775	762	763	759	754	0	306829
404	762	763	759	754	751	0	307588
405	763	759	754	751	767	0	308342
406	759	754	751	767	763	0	309093
407	754	751	767	763	782	0	309860
408	751	767	763	782	797	0	310623
409	767	763	782	797	775	0	311405
410	763	782	797	775	809	0	312202
411	782	797	775	809	794	0	312977
412	797	775	809	794	786	0	313786
413	775	809	794	786	790	0	314580
414	809	794	786	790	786	0	315366
415	794	786	790	786	770	0	316156
416	786	790	786	770	778	0	316942
417	790	786	770	778	775	0	317712
418	786	770	778	775	770	0	318490
419	770	778	775	770	770	0	319265
420	778	775	770	770	775	0	320035
421	775	770	770	775	774	0	320805
422	770	770	775	774	774	0	321580
423	770	775	774	774	779	0	322354
424	775	774	774	779	778	0	323128
425	774	774	779	778	790	0	323907
426	774	779	778	790	793	0	324685
427	779	778	790	793	794	0	325475
428	778	790	793	794	782	0	326268
429	790	793	794	782	802	0	327062
430	793	794	782	802	770	0	327844
431	794	782	802	770	790	0	328646
432	782	802	770	790	775	0	329416
433	802	770	790	775	782	0	330206
434	770	790	775	782	778	0	330981
435	790	775	782	778	778	0	331763
436	775	782	778	778	782	0	332541
437	782	778	778	782	782	0	333319
438	778	778	782	782	771	0	334101
439	778	782	782	771	758	0	334883
440	782	782	771	758	763	0	335654
441	782	771	758	763	708	0	336412
442	771	758	763	708	759	0	337175
443	758	763	708	759	732	0	337883
444	763	708	759	732	719	0	338642
445	708	759	732	719	716	0	339374
446	759	732	719	716	720	0	340093
447	732	719	716	720	716	0	340809
448	719	716	720	716	724	0	341529
449	716	720	716	724	739	0	342245
450	720	716	724	739	763	0	342969
451	716	724	739	763	797	0	343708
452	724	739	763	797	798	0	344471
453	739	763	797	798	798	0	345268
454	763	797	798	798	805	0	346066
455	797	798	798	805	806	0	346864
456	798	798	805	806	797	0	347669
457	798	805	806	797	736	0	348475
458	805	806	797	736	832	0	349272
459	806	797	736	832	794	0	350008
460	797	736	832	794	782	0	350840
461	736	832	794	782	779	0	351634
462	832	794	782	779	778	0	352416
463	794	782	779	778	778	0	353195
464	782	779	778	778	770	0	353973
465	779	778	778	770	775	0	354751
466	778	778	770	775	774	0	355521
467	778	770	775	774	716	0	356296
468	770	775	774	716	805	0	357070
469	775	774	716	805	775	0	357786
470	774	716	805	775	770	0	358591
471	716	805	775	770	763	0	359366
472	805	775	770	763	774	0	360136
473	775	770	763	774	771	0	360899
474	770	763	774	771	793	0	361673
475	763	774	771	793	782	0	362444
476	774	771	793	782	786	0	363237
477	771	793	782	786	783	0	364019
478	793	782	786	783	789	0	364805
479	782	786	783	789	779	0	365588
480	786	783	789	779	782	0	366377
481	783	789	779	782	786	0	367156
482	789	779	782	786	782	0	367938
483	779	782	786	782	786	0	368724
484	782	786	782	786	727	0	369506
485	786	782	786	727	818	0	370292
486	782	786	727	818	809	0	371019
487	786	727	818	809	778	0	371837
488	727	818	809	778	747	0	372646
489	818	809	778	747	806	0	373424
490	809	778	747	806	774	0	374171
491	778	747	806	774	770	0	374977
492	747	806	774	770	771	0	375751
493	806	774	770	771	766	0	376521
494	774	770	771	766	775	0	377292
495	770	771	766	775	770	0	378058
496	771	766	775	770	774	0	378833
497	766	775	770	774	771	0	379603
498	775	770	774	771	763	0	380377
499	770	774	771	763	766	0	381148
500	774	771	763	766	770	0	381911
501	771	763	766	770	763	0	382677
502	763	766	770	763	767	0	383447
503	766	770	763	767	774	0	384210
504	770	763	767	774	759	0	384977
505	763	767	774	759	770	0	385751
506	767	774	759	770	767	0	386510
507	774	759	770	767	762	0	387280
508	759	770	767	762	763	0	388047
509	770	767	762	763	767	0	388809
510	767	762	763	767	782	0	389572
511	762	763	767	782	766	0	390339
512	763	767	782	766	767	0	391121
513	767	782	766	767	770	0	391887
514	782	766	767	770	755	0	392654
515	766	767	770	755	763	0	393424
516	767	770	755	763	754	0	394179
517	770	755	763	754	759	0	394942
518	755	763	754	759	759	0	395696
519	763	754	759	759	763	0	396455
520	754	759	759	763	751	0	397214
521	759	759	763	751	762	0	397977
522	759	763	751	762	755	0	398728
523	763	751	762	755	751	0	399490
524	751	762	755	751	759	0	400245
525	762	755	751	759	755	0	400996
526	755	751	759	755	758	0	401755
527	751	759	755	758	755	0	402510
528	759	755	758	755	759	0	403268
529	755	758	755	759	759	0	404023
530	758	755	759	759	755	0	404782
531	755	759	759	755	755	0	405541
532	759	759	755	755	751	0	406296
533	759	755	755	751	747	0	407051
534	755	755	751	747	743	0	407802
535	755	751	747	743	747	0	408549
536	751	747	743	747	743	0	409292
537	747	743	747	743	755	0	410039
538	743	747	743	755	751	0	410782
539	747	743	755	751	763	0	411537
540	743	755	751	763	754	0	412288
541	755	751	763	754	759	0	413051
542	751	763	754	759	763	0	413805
543	763	754	759	763	720	0	414564
544	754	759	763	720	774	0	415327
545	759	763	720	774	751	0	416047
546	763	720	774	751	747	0	416821
547	720	774	751	747	739	0	417572
548	774	751	747	739	744	0	418319
549	751	747	739	744	743	0	419058
550	747	739	744	743	747	0	419802
551	739	744	743	747	751	0	420545
552	744	743	747	751	766	0	421292
553	743	747	751	766	775	0	422043
554	747	751	766	775	778	0	422809
555	751	766	775	778	766	0	423584
556	766	775	778	766	775	0	424362
557	775	778	766	775	766	0	425128
558	778	766	775	766	775	0	425903
559	766	775	766	775	770	0	426669
560	775	766	775	770	770	0	427444
561	766	775	770	770	759	0	428214
562	775	770	770	759	751	0	428984
563	770	770	759	751	763	0	429743
564	770	759	751	763	755	0	430494
565	759	751	763	755	755	0	431257
566	751	763	755	755	751	0	432012
567	763	755	755	751	754	0	432767
568	755	755	751	754	747	0	433518
569	755	751	754	747	751	0	434272
570	751	754	747	751	759	0	435019
571	754	747	751	759	747	0	435770
572	747	751	759	747	747	0	436529
573	751	759	747	747	751	0	437276
574	759	747	747	751	759	0	438023
575	747	747	751	759	771	0	438774
576	747	751	759	771	754	0	439533
577	751	759	771	754	763	0	440304
578	759	771	754	763	767	0	441058
579	771	754	763	767	758	0	441821
580	754	763	767	758	759	0	442588
581	763	767	758	759	763	0	443346
582	767	758	759	763	755	0	444105
583	758	759	763	755	758	0	444868
584	759	763	755	758	759	0	445623
585	763	755	758	759	759	0	446381
586	755	758	759	759	755	0	447140
587	758	759	759	755	758	0	447899
588	759	759	755	758	759	0	448654
589	759	755	758	759	728	0	449412
590	755	758	759	728	739	0	450171
591	758	759	728	739	732	0	450899
592	759	728	739	732	739	0	451638
593	728	739	732	739	731	0	452370
594	739	732	739	731	732	0	453109
595	732	739	731	732	739	0	453840
596	739	731	732	739	736	0	454572
597	731	732	739	736	743	0	455311
598	732	739	736	743	731	0	456047
599	739	736	743	731	736	0	456790
600	736	743	731	736	739	0	457521
601	743	731	736	739	739	0	458257
602	731	736	739	739	736	0	458996
603	736	739	739	736	739	0	459735
604	739	739	736	739	736	0	460471
605	739	736	739	736	735	0	461210
606	736	739	736	735	735	0	461946
607	739	736	735	735	747	0	462681
608	736	735	735	747	748	0	463416
609	735	735	747	748	735	0	464163
610	735	747	748	735	751	0	464911
611	747	748	735	751	739	0	465646
612	748	735	751	739	739	0	466397
613	735	751	739	739	744	0	467136
614	751	739	739	744	723	0	467875
615	739	739	744	723	740	0	468619
616	739	744	723	740	735	0	469342
617	744	723	740	735	747	0	470082
618	723	740	735	747	747	0	470817
619	740	735	747	747	743	0	471564
620	735	747	747	743	748	0	472311
621	747	747	743	748	735	0	473054
622	747	743	748	735	735	0	473802
623	743	748	735	735	740	0	474537
624	748	735	735	740	731	0	475272
625	735	735	740	731	736	0	476012
626	735	740	731	736	735	0	476743
627	740	731	736	735	720	0	477479
628	731	736	735	720	731	0	478214
629	736	735	720	731	732	0	478934
630	735	720	731	732	712	0	479665
631	720	731	732	712	731	0	480397
632	731	732	712	731	732	0	481109
633	732	712	731	732	724	0	481840
634	712	731	732	724	727	0	482572
635	731	732	724	727	732	0	483296
636	732	724	727	732	724	0	484023
637	724	727	732	724	731	0	484755
638	727	732	724	731	739	0	485479
639	732	724	731	739	724	0	486210
640	724	731	739	724	747	0	486949
641	731	739	724	747	743	0	487673
642	739	724	747	743	736	0	488420
643	724	747	743	736	747	0	489163
644	747	743	736	747	739	0	489899
645	743	736	747	739	751	0	490646
646	736	747	739	751	743	0	491385
647	747	739	751	743	755	0	492136
648	739	751	743	755	751	0	492879
649	751	743	755	751	755	0	493634
650	743	755	751	755	751	0	494385
651	755	751	755	751	763	0	495140
652	751	755	751	763	770	0	495891
653	755	751	763	770	771	0	496654
654	751	763	770	771	770	0	497424
655	763	770	771	770	770	0	498195
656	770	771	770	770	783	0	498965
657	771	770	770	783	782	0	499735
658	770	770	783	782	770	0	500518
659	770	783	782	770	774	0	501300
660	783	782	770	774	782	0	502070
661	782	770	774	782	771	0	502844
662	770	774	782	771	766	0	503626
663	774	782	771	766	783	0	504397
664	782	771	766	783	739	0	505163
665	771	766	783	739	790	0	505946
666	766	783	739	790	774	0	506685
667	783	739	790	774	716	0	507475
668	739	790	774	716	794	0	508249
669	790	774	716	794	774	0	508965
670	774	716	794	774	763	0	509759
671	716	794	774	763	762	0	510533
672	794	774	763	762	767	0	511296
673	774	763	762	767	766	0	512058
674	763	762	767	766	771	0	512825
675	762	767	766	771	770	0	513591
676	767	766	771	770	767	0	514362
677	766	771	770	767	774	0	515132
678	771	770	767	774	774	0	515899
679	770	767	774	774	775	0	516673
680	767	774	774	775	782	0	517447
681	774	774	775	782	778	0	518222
682	774	775	782	778	786	0	519004
683	775	782	778	786	782	0	519782
684	782	778	786	782	778	0	520568
685	778	786	782	778	783	0	521350
686	786	782	778	783	774	0	522128
687	782	778	783	774	782	0	522911
688	778	783	774	782	790	0	523685
689	783	774	782	790	782	0	524467
690	774	782	790	782	782	0	525257
691	782	790	782	782	778	0	526039
692	790	782	782	778	775	0	526821
693	782	782	778	775	778	0	527599
694	782	778	775	778	774	0	528374
695	778	775	778	774	778	0	529152
696	775	778	774	778	782	0	529926
697	778	774	778	782	771	0	530704
698	774	778	782	771	770	0	531486
699	778	782	771	770	782	0	532257
700	782	771	770	782	779	0	533027
701	771	770	782	779	778	0	533809
702	770	782	779	778	786	0	534588
703	782	779	778	786	782	0	535366
704	779	778	786	782	782	0	536152
705	778	786	782	782	782	0	536934
706	786	782	782	782	794	0	537716
707	782	782	782	794	790	0	538498
708	782	782	794	790	797	0	539292
709	782	794	790	797	790	0	540082
710	794	790	797	790	794	0	540879
711	790	797	790	794	786	0	541669
712	797	790	794	786	743	0	542463
713	790	794	786	743	837	0	543249
714	794	786	743	837	778	0	543992
715	786	743	837	778	821	0	544829
716	743	837	778	821	798	0	545607
717	837	778	821	798	790	0	546428
718	778	821	798	790	793	0	547226
719	821	798	790	793	732	0	548016
720	798	790	793	732	809	0	548809
721	790	793	732	809	771	0	549541
722	793	732	809	771	766	0	550350
723	732	809	771	766	786	0	551121
724	809	771	766	786	771	0	551887
725	771	766	786	771	766	0	552673
726	766	786	771	766	767	0	553444
727	786	771	766	767	766	0	554210
728	771	766	767	766	767	0	554977
729	766	767	766	767	762	0	555743
730	767	766	767	762	767	0	556510
731	766	767	762	767	755	0	557272
732	767	762	767	755	759	0	558039
733	762	767	755	759	743	0	558794
734	767	755	759	743	758	0	559553
735	755	759	743	758	728	0	560296
736	759	743	758	728	728	0	561054
737	743	758	728	728	743	0	561782
738	758	728	728	743	728	0	562510
739	728	728	743	728	719	0	563253
740	728	743	728	719	724	0	563981
741	743	728	719	724	724	0	564700
742	728	719	724	724	720	0	565424
743	719	724	724	720	716	0	566148
744	724	724	720	716	708	0	566868
745	724	720	716	708	716	0	567584
746	720	716	708	716	716	0	568292
747	716	708	716	716	716	0	569008
748	708	716	716	716	723	0	569724
749	716	716	716	723	724	0	570440
750	716	716	723	724	732	0	571163
751	716	723	724	732	743	0	571887
752	723	724	732	743	751	0	572619
753	724	732	743	751	743	0	573362
754	732	743	751	743	751	0	574113
755	743	751	743	751	747	0	574856
756	751	743	751	747	743	0	575607
757	743	751	747	743	736	0	576354
758	751	747	743	736	739	0	577097
759	747	743	736	739	732	0	577833
760	743	736	739	732	715	0	578572
761	736	739	732	715	716	0	579304
762	739	732	715	716	709	0	580019
763	732	715	716	709	712	0	580735
764	715	716	709	712	704	0	581444
765	716	709	712	704	708	0	582156
766	709	712	704	708	712	0	582860
767	712	704	708	712	712	0	583568
768	704	708	712	712	704	0	584280
769	708	712	712	704	709	0	584992
770	712	712	704	709	708	0	585696
771	712	704	709	708	712	0	586405
772	704	709	708	712	708	0	587113
773	709	708	712	708	712	0	587825
774	708	712	708	712	716	0	588533
775	712	708	712	716	704	0	589245
776	708	712	716	704	709	0	589961
777	712	716	704	709	712	0	590665
778	716	704	709	712	700	0	591374
779	704	709	712	700	696	0	592086
780	709	712	700	696	693	0	592786
781	712	700	696	693	697	0	593482
782	700	696	693	697	692	0	594175
783	696	693	697	692	693	0	594872
784	693	697	692	693	704	0	595564
785	697	692	693	704	693	0	596257
786	692	693	704	693	720	0	596961
787	693	704	693	720	723	0	597654
788	704	693	720	723	716	0	598374
789	693	720	723	716	720	0	599097
790	720	723	716	720	724	0	599813
791	723	716	720	724	724	0	600533
792	716	720	724	724	715	0	601257
793	720	724	724	715	713	0	601981
794	724	724	715	713	719	0	602696
795	724	715	713	719	709	0	603409
796	715	713	719	709	700	0	604128
797	713	719	709	700	704	0	604837
798	719	709	700	704	701	0	605537
799	709	700	704	701	696	0	606241
800	700	704	701	696	697	0	606942
801	704	701	696	697	684	0	607638
802	701	696	697	684	697	0	608335
803	696	697	684	697	689	0	609019
804	697	684	697	689	692	0	609716
805	684	697	689	692	685	0	610405
806	697	689	692	685	677	0	611097
807	689	692	685	677	677	0	611782
808	692	685	677	677	673	0	612459
809	685	677	677	673	677	0	613136
810	677	677	673	677	674	0	613809
811	677	673	677	674	669	0	614486
812	673	677	674	669	669	0	615160
813	677	674	669	669	665	0	615829
814	674	669	669	665	674	0	616498
815	669	669	665	674	669	0	617163
816	669	665	674	669	692	0	617837
817	665	674	669	692	693	0	618506
818	674	669	692	693	681	0	619198
819	669	692	693	681	696	0	619891
820	692	693	681	696	697	0	620572
821	693	681	696	697	700	0	621268
822	681	696	697	700	697	0	621965
823	696	697	700	697	700	0	622665
824	697	700	697	700	705	0	623362
825	700	697	700	705	696	0	624062
826	697	700	705	696	697	0	624767
827	700	705	696	697	696	0	625463
828	705	696	697	696	704	0	626160
829	696	697	696	704	716	0	626856
830	697	696	704	716	701	0	627560
831	696	704	716	701	692	0	628276
832	704	716	701	692	697	0	628977
833	716	701	692	697	700	0	629669
834	701	692	697	700	689	0	630366
835	692	697	700	689	681	0	631066
836	697	700	689	681	692	0	631755
837	700	689	681	692	689	0	632436
838	689	681	692	689	681	0	633128
839	681	692	689	681	681	0	633817
840	692	689	681	681	685	0	634498
841	689	681	681	685	689	0	635179
842	681	681	685	689	673	0	635864
843	681	685	689	673	677	0	636553
844	685	689	673	677	681	0	637226
845	689	673	677	681	681	0	637903
846	673	677	681	681	673	0	638584
847	677	681	681	673	673	0	639265
848	681	681	673	673	681	0	639938
849	681	673	673	681	677	0	640611
850	673	673	681	677	669	0	641292
851	673	681	677	669	677	0	641969
852	681	677	669	677	677	0	642638
853	677	669	677	677	666	0	643315
854	669	677	677	666	669	0	643992
855	677	677	666	669	669	0	644658
856	677	666	669	669	662	0	645327
857	666	669	669	662	665	0	645996
858	669	669	662	665	661	0	646658
859	669	662	665	661	666	0	647323
860	662	665	661	666	657	0	647984
861	665	661	666	657	658	0	648650
862	661	666	657	658	654	0	649307
863	666	657	658	654	657	0	649965
864	657	658	654	657	662	0	650619
865	658	654	657	662	661	0	651276
866	654	657	662	661	662	0	651938
867	657	662	661	662	669	0	652599
868	662	661	662	669	673	0	653261
869	661	662	669	673	673	0	653930
870	662	669	673	673	673	0	654603
871	669	673	673	673	674	0	655276
872	673	673	673	674	677	0	655949
873	673	673	674	677	677	0	656623
874	673	674	677	677	677	0	657300
875	674	677	677	677	696	0	657977
876	677	677	677	696	685	0	658654
877	677	677	696	685	693	0	659350
878	677	696	685	693	696	0	660035
879	696	685	693	696	697	0	660728
880	685	693	696	697	696	0	661424
881	693	696	697	696	704	0	662121
882	696	697	696	704	712	0	662817
883	697	696	704	712	697	0	663521
884	696	704	712	697	700	0	664233
885	704	712	697	700	712	0	664930
886	712	697	700	712	701	0	665630
887	697	700	712	701	704	0	666342
888	700	712	701	704	708	0	667043
889	712	701	704	708	716	0	667747
890	701	704	708	716	712	0	668455
891	704	708	716	712	724	0	669171
892	708	716	712	724	700	0	669883
893	716	712	724	700	712	0	670607
894	712	724	700	712	705	0	671307
895	724	700	712	705	708	0	672019
896	700	712	705	708	708	0	672724
897	712	705	708	708	708	0	673432
898	705	708	708	708	712	0	674140
899	708	708	708	712	708	0	674848
900	708	708	712	708	709	0	675560
901	708	712	708	709	716	0	676268
902	712	708	709	716	712	0	676977
903	708	709	716	712	708	0	677693
904	709	716	712	708	716	0	678405
905	716	712	708	716	712	0	679113
906	712	708	716	712	708	0	679829
907	708	716	712	708	708	0	680541
908	716	712	708	708	708	0	681249
909	712	708	708	708	705	0	681957
910	708	708	708	705	708	0	682665
911	708	708	705	708	716	0	683370
912	708	705	708	716	712	0	684078
913	705	708	716	712	712	0	684794
914	708	716	712	712	724	0	685506
915	716	712	712	724	727	0	686218
916	712	712	724	727	716	0	686942
917	712	724	727	716	728	0	687669
918	724	727	716	728	716	0	688385
919	727	716	728	716	716	0	689113
920	716	728	716	716	712	0	689829
921	728	716	716	712	712	0	690545
922	716	716	712	712	704	0	691257
923	716	712	712	704	712	0	691969
924	712	712	704	712	712	0	692673
925	712	704	712	712	712	0	693385
926	704	712	712	712	712	0	694097
927	712	712	712	712	716	0	694809
928	712	712	712	716	716	0	695521
929	712	712	716	716	705	0	696237
930	712	716	716	705	719	0	696953
931	716	716	705	719	709	0	697658
932	716	705	719	709	704	0	698377
933	705	719	709	704	704	0	699086
934	719	709	704	704	712	0	699790
935	709	704	704	712	701	0	700494
936	704	704	712	701	700	0	701206
937	704	712	701	700	704	0	701907
938	712	701	700	704	701	0	702607
939	701	700	704	701	700	0	703311
940	700	704	701	700	697	0	704012
941	704	701	700	697	708	0	704712
942	701	700	697	708	712	0	705409
943	700	697	708	712	704	0	706117
944	697	708	712	704	708	0	706829
945	708	712	704	708	712	0	707533
946	712	704	708	712	708	0	708241
947	704	708	712	708	713	0	708953
948	708	712	708	713	712	0	709661
949	712	708	713	712	708	0	710374
950	708	713	712	708	708	0	711086
951	713	712	708	708	708	0	711794
952	712	708	708	708	701	0	712502
953	708	708	708	701	696	0	713210
954	708	708	701	696	693	0	713911
955	708	701	696	693	692	0	714607
956	701	696	693	692	685	0	715300
957	696	693	692	685	697	0	715992
958	693	692	685	697	692	0	716677
959	692	685	697	692	693	0	717374
960	685	697	692	693	696	0	718066
961	697	692	693	696	705	0	718759
962	692	693	696	705	708	0	719455
963	693	696	705	708	704	0	720160
964	696	705	708	704	700	0	720868
965	705	708	704	700	705	0	721572
966	708	704	700	705	696	0	722272
967	704	700	705	696	689	0	722977
968	700	705	696	689	692	0	723673
969	705	696	689	692	697	0	724362
970	696	689	692	697	685	0	725054
971	689	692	697	685	689	0	725751
972	692	697	685	689	692	0	726436
973	697	685	689	692	720	0	727125
974	685	689	692	720	716	0	727817
975	689	692	720	716	728	0	728537
976	692	720	716	728	735	0	729253
977	720	716	728	735	735	0	729981
978	716	728	735	735	747	0	730716
979	728	735	735	747	744	0	731451
980	735	735	747	744	747	0	732198
981	735	747	744	747	739	0	732942
982	747	744	747	739	739	0	733689
983	744	747	739	739	732	0	734428
984	747	739	739	732	724	0	735167
985	739	739	732	724	731	0	735899
986	739	732	724	731	747	0	736623
987	732	724	731	747	728	0	737354
988	724	731	747	728	720	0	738101
989	731	747	728	720	719	0	738829
990	747	728	720	719	716	0	739549
991	728	720	719	716	716	0	740268
992	720	719	716	716	709	0	740984
993	719	716	716	709	716	0	741700
994	716	716	709	716	708	0	742409
995	716	709	716	708	708	0	743125
996	709	716	708	708	704	0	743833
997	716	708	708	704	716	0	744541
998	708	708	704	716	708	0	745245
999	708	704	716	708	701	0	745961
1000	704	716	708	701	704	0	746669
1001	716	708	701	704	716	0	747370
1002	708	701	704	716	716	0	748074
1003	701	704	716	716	700	0	748790
1004	704	716	716	700	716	0	749506
1005	716	716	700	716	708	0	750206
1006	716	700	716	708	712	0	750922
1007	700	716	708	712	697	0	751630
1008	716	708	712	697	700	0	752342
1009	708	712	697	700	701	0	753039
1010	712	697	700	701	700	0	753739
1011	697	700	701	700	704	0	754440
1012	700	701	700	704	697	0	755140
1013	701	700	704	697	704	0	755844
1014	700	704	697	704	701	0	756541
1015	704	697	704	701	696	0	757245
1016	697	704	701	696	712	0	757946
1017	704	701	696	712	716	0	758642
1018	701	696	712	716	728	0	759354
1019	696	712	716	728	727	0	760070
1020	712	716	728	727	743	0	760798
1021	716	728	727	743	744	0	761525
1022	728	727	743	744	739	0	762268
1023	727	743	744	739	739	0	763012
1024	743	744	739	739	743	0	763751
1025	744	739	739	743	748	0	764490
1026	739	739	743	748	758	0	765233
1027	739	743	748	758	743	0	765981
1028	743	748	758	743	751	0	766739
1029	748	758	743	751	748	0	767482
1030	758	743	751	748	743	0	768233
1031	743	751	748	743	743	0	768981
1032	751	748	743	743	743	0	769724
1033	748	743	743	743	739	0	770467
1034	743	743	743	739	736	0	771210
1035	743	743	739	736	735	0	771949
1036	743	739	736	735	736	0	772685
1037	739	736	735	736	727	0	773420
1038	736	735	736	727	736	0	774156
1039	735	736	727	736	735	0	774883
1040	736	727	736	735	732	0	775619
1041	727	736	735	732	727	0	776354
1042	736	735	732	727	732	0	777086
1043	735	732	727	732	727	0	777813
1044	732	727	732	727	724	0	778545
1045	727	732	727	724	724	0	779272
1046	732	727	724	724	716	0	779996
1047	727	724	724	716	704	0	780720
1048	724	724	716	704	700	0	781436
1049	724	716	704	700	697	0	782140
1050	716	704	700	697	693	0	782840
1051	704	700	697	693	712	0	783537
1052	700	697	693	712	684	0	784230
1053	697	693	712	684	693	0	784942
1054	693	712	684	693	700	0	785626
1055	712	684	693	700	705	0	786319
1056	684	693	700	705	700	0	787019
1057	693	700	705	700	712	0	787724
1058	700	705	700	712	708	0	788424
1059	705	700	712	708	712	0	789136
1060	700	712	708	712	720	0	789844
1061	712	708	712	720	716	0	790556
1062	708	712	720	716	716	0	791276
1063	712	720	716	716	704	0	791992
1064	720	716	716	704	709	0	792708
1065	716	716	704	709	712	0	793412
1066	716	704	709	712	704	0	794121
1067	704	709	712	704	693	0	794833
1068	709	712	704	693	692	0	795537
1069	712	704	693	692	689	0	796230
1070	704	693	692	689	669	0	796922
1071	693	692	689	669	704	0	797611
1072	692	689	669	704	681	0	798280
1073	689	669	704	681	685	0	798984
1074	669	704	681	685	693	0	799665
1075	704	681	685	693	704	0	800350
1076	681	685	693	704	712	0	801043
1077	685	693	704	712	712	0	801747
1078	693	704	712	712	736	0	802459
1079	704	712	712	736	727	0	803171
1080	712	712	736	727	732	0	803907
1081	712	736	727	732	735	0	804634
1082	736	727	732	735	739	0	805366
1083	727	732	735	739	732	0	806101
1084	732	735	739	732	739	0	806840
1085	735	739	732	739	732	0	807572
1086	739	732	739	732	731	0	808311
1087	732	739	732	731	732	0	809043
1088	739	732	731	732	727	0	809774
1089	732	731	732	727	740	0	810506
1090	731	732	727	740	739	0	811233
1091	732	727	740	739	728	0	811973
1092	727	740	739	728	735	0	812712
1093	740	739	728	735	724	0	813440
1094	739	728	735	724	720	0	814175
1095	728	735	724	720	723	0	814899
1096	735	724	720	723	716	0	815619
1097	724	720	723	716	712	0	816342
1098	720	723	716	712	716	0	817058
1099	723	716	712	716	712	0	817770
1100	716	712	716	712	705	0	818486
1101	712	716	712	705	708	0	819198
1102	716	712	705	708	700	0	819903
1103	712	705	708	700	701	0	820611
1104	705	708	700	701	700	0	821311
1105	708	700	701	700	697	0	822012
1106	700	701	700	697	700	0	822712
1107	701	700	697	700	700	0	823409
1108	700	697	700	700	701	0	824109
1109	697	700	700	701	708	0	824809
1110	700	700	701	708	712	0	825510
1111	700	701	708	712	704	0	826218
1112	701	708	712	704	720	0	826930
1113	708	712	704	720	716	0	827634
1114	712	704	720	716	712	0	828354
1115	704	720	716	712	708	0	829070
1116	720	716	712	708	716	0	829782
1117	716	712	708	716	708	0	830490
1118	712	708	716	708	705	0	831206
1119	708	716	708	705	704	0	831914
1120	716	708	705	704	712	0	832619
1121	708	705	704	712	700	0	833323
1122	705	704	712	700	705	0	834035
1123	704	712	700	705	708	0	834735
1124	712	700	705	708	712	0	835440
1125	700	705	708	712	708	0	836148
1126	705	708	712	708	708	0	836860
1127	708	712	708	708	712	0	837568
1128	712	708	708	712	708	0	838276
1129	708	708	712	708	709	0	838988
1130	708	712	708	709	704	0	839696
1131	712	708	709	704	700	0	840405
1132	708	709	704	700	697	0	841109
1133	709	704	700	697	692	0	841809
1134	704	700	697	692	697	0	842506
1135	700	697	692	697	693	0	843198
1136	697	692	697	693	692	0	843895
1137	692	697	693	692	697	0	844588
1138	697	693	692	697	696	0	845280
1139	693	692	697	696	701	0	845977
1140	692	697	696	701	700	0	846673
1141	697	696	701	700	700	0	847374
1142	696	701	700	700	701	0	848074
1143	701	700	700	701	692	0	848774
1144	700	700	701	692	693	0	849475
1145	700	701	692	693	689	0	850167
1146	701	692	693	689	692	0	850860
1147	692	693	689	692	685	0	851549
1148	693	689	692	685	685	0	852241
1149	689	692	685	685	685	0	852926
1150	692	685	685	685	685	0	853611
1151	685	685	685	685	680	0	854296
1152	685	685	685	680	678	0	854981
1153	685	685	680	678	677	0	855661
1154	685	680	678	677	680	0	856339
1155	680	678	677	680	674	0	857016
1156	678	677	680	674	669	0	857696
1157	677	680	674	669	673	0	858370
1158	680	674	669	673	685	0	859039
1159	674	669	673	685	673	0	859712
1160	669	673	685	673	681	0	860397
1161	673	685	673	681	677	0	861070
1162	685	673	681	677	673	0	861751
1163	673	681	677	673	677	0	862428
1164	681	677	673	677	666	0	863101
1165	677	673	677	666	677	0	863778
1166	673	677	666	677	677	0	864444
1167	677	666	677	677	669	0	865121
1168	666	677	677	669	685	0	865798
1169	677	677	669	685	681	0	866467
1170	677	669	685	681	681	0	867152
1171	669	685	681	681	688	0	867833
1172	685	681	681	688	685	0	868514
1173	681	681	688	685	685	0	869202
1174	681	688	685	685	681	0	869887
1175	688	685	685	681	689	0	870572
1176	685	685	681	689	681	0	871253
1177	685	681	689	681	673	0	871942
1178	681	689	681	673	681	0	872623
1179	689	681	673	681	673	0	873296
1180	681	673	681	673	685	0	873977
1181	673	681	673	685	684	0	874650
1182	681	673	685	684	685	0	875335
1183	673	685	684	685	689	0	876019
1184	685	684	685	689	689	0	876704
1185	684	685	689	689	692	0	877393
1186	685	689	689	692	685	0	878082
1187	689	689	692	685	681	0	878774
1188	689	692	685	681	697	0	879459
1189	692	685	681	697	696	0	880140
1190	685	681	697	696	689	0	880837
1191	681	697	696	689	696	0	881533
1192	697	696	689	696	689	0	882222
1193	696	689	696	689	700	0	882918
1194	689	696	689	700	689	0	883607
1195	696	689	700	689	697	0	884307
1196	689	700	689	697	684	0	884996
1197	700	689	697	684	685	0	885693
1198	689	697	684	685	689	0	886377
1199	697	684	685	689	677	0	887062
1200	684	685	689	677	673	0	887751
1201	685	689	677	673	681	0	888428
1202	689	677	673	681	673	0	889101
1203	677	673	681	673	673	0	889782
1204	673	681	673	673	677	0	890455
1205	681	673	673	677	674	0	891128
1206	673	673	677	674	673	0	891805
1207	673	677	674	673	681	0	892479
1208	677	674	673	681	677	0	893152
1209	674	673	681	677	685	0	893833
1210	673	681	677	685	680	0	894510
1211	681	677	685	680	681	0	895195
1212	677	685	680	681	689	0	895875
1213	685	680	681	689	689	0	896556
1214	680	681	689	689	685	0	897245
1215	681	689	689	685	688	0	897934
1216	689	689	685	688	693	0	898619
1217	689	685	688	693	693	0	899307
1218	685	688	693	693	692	0	900000
1219	688	693	693	692	693	0	900693
1220	693	693	692	693	692	0	901385
1221	693	692	693	692	681	0	902078
1222	692	693	692	681	693	0	902770
1223	693	692	681	693	689	0	903451
1224	692	681	693	689	681	0	904144
1225	681	693	689	681	673	0	904833
1226	693	689	681	673	681	0	905514
1227	689	681	673	681	669	0	906187
1228	681	673	681	669	673	0	906868
1229	673	681	669	673	669	0	907537
1230	681	669	673	669	666	0	908210
1231	669	673	669	666	665	0	908879
1232	673	669	666	665	665	0	909545
1233	669	666	665	665	662	0	910210
1234	666	665	665	662	661	0	910875
1235	665	665	662	661	658	0	911537
1236	665	662	661	658	665	0	912198
1237	662	661	658	665	654	0	912856
1238	661	658	665	654	658	0	913521
1239	658	665	654	658	653	0	914175
1240	665	654	658	653	650	0	914833
1241	654	658	653	650	646	0	915486
1242	658	653	650	646	650	0	916136
1243	653	650	646	650	642	0	916782
1244	650	646	650	642	646	0	917432
1245	646	650	642	646	642	0	918074
1246	650	642	646	642	642	0	918720
1247	642	646	642	642	642	0	919362
1248	646	642	642	642	646	0	920004
1249	642	642	642	646	638	0	920646
1250	642	642	646	638	646	0	921292
1251	642	646	638	646	646	0	921930
1252	646	638	646	646	650	0	922576
1253	638	646	646	650	638	0	923222
1254	646	646	650	638	638	0	923872
1255	646	650	638	638	642	0	924510
1256	650	638	638	642	634	0	925148
1257	638	638	642	634	634	0	925790
1258	638	642	634	634	635	0	926424
1259	642	634	634	635	630	0	927058
1260	634	634	635	630	634	0	927693
1261	634	635	630	634	627	0	928323
1262	635	630	634	627	626	0	928957
1263	630	634	627	626	627	0	929584
1264	634	627	626	627	630	0	930210
1265	627	626	627	630	630	0	930837
1266	626	627	630	630	631	0	931467
1267	627	630	630	631	626	0	932097
1268	630	630	631	626	630	0	932728
1269	630	631	626	630	627	0	933354
1270	631	626	630	627	626	0	933984
1271	626	630	627	626	623	0	934611
1272	630	627	626	623	622	0	935237
1273	627	626	623	622	623	0	935860
1274	626	623	622	623	619	0	936482
1275	623	622	623	619	618	0	937105
1276	622	623	619	618	619	0	937724
1277	623	619	618	619	623	0	938342
1278	619	618	619	623	618	0	938961
1279	618	619	623	618	619	0	939584
1280	619	623	618	619	619	0	940202
1281	623	618	619	619	618	0	940821
1282	618	619	619	618	619	0	941440
1283	619	619	618	619	615	0	942058
1284	619	618	619	615	619	0	942677
1285	618	619	615	619	443	0	943292
1286	619	615	619	443	463	0	943911
1287	615	619	443	463	487	1	944354
1288	619	443	463	487	642	1	944817
1289	443	463	487	642	653	1	945304
1290	463	487	642	653	642	0	945946
1291	487	642	653	642	631	0	946599
1292	642	653	642	631	626	0	947241
1293	653	642	631	626	623	0	947872
1294	642	631	626	623	622	0	948498
1295	631	626	623	622	623	0	949121
1296	626	623	622	623	615	0	949743
1297	623	622	623	615	614	0	950366
1298	622	623	615	614	615	0	950981
1299	623	615	614	615	623	0	951595
1300	615	614	615	623	614	0	952210
1301	614	615	623	614	611	0	952833
1302	615	623	614	611	619	0	953447
1303	623	614	611	619	615	0	954058
1304	614	611	619	615	611	0	954677
1305	611	619	615	611	615	0	955292
1306	619	615	611	615	618	0	955903
1307	615	611	615	618	611	0	956518
1308	611	615	618	611	615	0	957136
1309	615	618	611	615	619	0	957747
1310	618	611	615	619	614	0	958362
1311	611	615	619	614	615	0	958981
1312	615	619	614	615	623	0	959595
1313	619	614	615	623	618	0	960210
1314	614	615	623	618	611	0	960833
1315	615	623	618	611	607	0	961451
1316	623	618	611	607	615	0	962062
1317	618	611	607	615	615	0	962669
1318	611	607	615	615	607	0	963284
1319	607	615	615	607	607	0	963899
1320	615	615	607	607	615	0	964506
1321	615	607	607	615	611	0	965113
1322	607	607	615	611	610	0	965728
1323	607	615	611	610	611	0	966339
1324	615	611	610	611	615	0	966949
1325	611	610	611	615	607	0	967560
1326	610	611	615	607	611	0	968175
1327	611	615	607	611	615	0	968782
1328	615	607	611	615	611	0	969393
1329	607	611	615	611	614	0	970008
1330	611	615	611	614	619	0	970619
1331	615	611	614	619	619	0	971233
1332	611	614	619	619	611	0	971852
1333	614	619	619	611	618	0	972471
1334	619	619	611	618	619	0	973082
1335	619	611	618	619	615	0	973700
1336	611	618	619	615	607	0	974319
1337	618	619	615	607	611	0	974934
1338	619	615	607	611	607	0	975541
1339	615	607	611	607	603	0	976152
1340	607	611	607	603	607	0	976759
1341	611	607	603	607	603	0	977362
1342	607	603	607	603	599	0	977969
1343	603	607	603	599	599	0	978572
1344	607	603	599	599	600	0	979171
1345	603	599	599	600	603	0	979770
1346	599	599	600	603	599	0	980370
1347	599	600	603	599	599	0	980973
1348	600	603	599	599	603	0	981572
1349	603	599	599	603	596	0	982171
1350	599	599	603	596	599	0	982774
1351	599	603	596	599	599	0	983370
1352	603	596	599	599	595	0	983969
1353	596	599	599	595	600	0	984568
1354	599	599	595	600	603	0	985163
1355	599	595	600	603	591	0	985763
1356	595	600	603	591	592	0	986366
1357	600	603	591	592	591	0	986957
1358	603	591	592	591	599	0	987549
1359	591	592	591	599	592	0	988140
1360	592	591	599	592	595	0	988739
1361	591	599	592	595	595	0	989331
1362	599	592	595	595	592	0	989926
1363	592	595	595	592	591	0	990521
1364	595	595	592	591	596	0	991113
1365	595	592	591	596	591	0	991704
1366	592	591	596	591	580	0	992300
1367	591	596	591	580	591	0	992891
1368	596	591	580	591	584	0	993471
1369	591	580	591	584	591	0	994062
1370	580	591	584	591	576	0	994646
1371	591	584	591	576	588	0	995237
1372	584	591	576	588	583	0	995813
1373	591	576	588	583	576	0	996401
1374	576	588	583	576	584	0	996984
1375	588	583	576	584	584	0	997560
1376	583	576	584	584	587	0	998144
1377	576	584	584	587	580	0	998728
1378	584	584	587	580	580	0	999315
1379	584	587	580	580	583	0	999895
1380	587	580	580	583	584	0	1000475
1381	580	580	583	584	580	0	1001058
1382	580	583	584	580	580	0	1001642
1383	583	584	580	580	583	0	1002222
1384	584	580	580	583	580	0	1002802
1385	580	580	583	580	584	0	1003385
1386	580	583	580	584	583	0	1003965
1387	583	580	584	583	584	0	1004549
1388	580	584	583	584	580	0	1005132
1389	584	583	584	580	579	0	1005716
1390	583	584	580	579	584	0	1006296
1391	584	580	579	584	580	0	1006875
1392	580	579	584	580	584	0	1007459
1393	579	584	580	584	583	0	1008039
1394	584	580	584	583	580	0	1008623
1395	580	584	583	580	576	0	1009206
1396	584	583	580	576	584	0	1009786
1397	583	580	576	584	583	0	1010362
1398	580	576	584	583	584	0	1010946
1399	576	584	583	584	591	0	1011529
1400	584	583	584	591	588	0	1012113
1401	583	584	591	588	583	0	1012704
1402	584	591	588	583	580	0	1013292
1403	591	588	583	580	584	0	1013875
1404	588	583	580	584	587	0	1014455
1405	583	580	584	587	584	0	1015039
1406	580	584	587	584	588	0	1015626
1407	584	587	584	588	576	0	1016210
1408	587	584	588	576	579	0	1016798
1409	584	588	576	579	584	0	1017374
1410	588	576	579	584	576	0	1017953
1411	576	579	584	576	580	0	1018537
1412	579	584	576	580	583	0	1019113
1413	584	576	580	583	580	0	1019693
1414	576	580	583	580	572	0	1020276
1415	580	583	580	572	580	0	1020856
1416	583	580	572	580	587	0	1021428
1417	580	572	580	587	568	0	1022008
1418	572	580	587	568	576	0	1022595
1419	580	587	568	576	580	0	1023163
1420	587	568	576	580	576	0	1023739
1421	568	576	580	576	580	0	1024319
1422	576	580	576	580	579	0	1024895
1423	580	576	580	579	572	0	1025475
1424	576	580	579	572	588	0	1026054
1425	580	579	572	588	580	0	1026626
1426	579	572	588	580	580	0	1027214
1427	572	588	580	580	579	0	1027794
1428	588	580	580	579	576	0	1028374
1429	580	580	579	576	572	0	1028953
1430	580	579	576	572	580	0	1029529
1431	579	576	572	580	576	0	1030101
1432	576	572	580	576	486	0	1030681
1433	572	580	576	486	654	0	1031257
1434	580	576	486	654	420	0	1031743
1435	576	486	654	420	743	0	1032397
1436	486	654	420	743	413	1	1032817
1437	654	420	743	413	755	0	1033560
1438	420	743	413	755	408	1	1033973
1439	743	413	755	408	747	0	1034728
1440	413	755	408	747	409	1	1035136
1441	755	408	747	409	739	0	1035883
1442	408	747	409	739	413	1	1036292
1443	747	409	739	413	735	0	1037031
1444	409	739	413	735	409	1	1037444
1445	739	413	735	409	739	0	1038179
1446	413	735	409	739	416	1	1038588
1447	735	409	739	416	739	0	1039327
1448	409	739	416	739	425	1	1039743
1449	739	416	739	425	712	0	1040482
1450	416	739	425	712	416	1	1040907
1451	739	425	712	416	728	0	1041619
1452	425	712	416	728	420	1	1042035
1453	712	416	728	420	712	0	1042763
1454	416	728	420	712	424	1	1043183
1455	728	420	712	424	700	0	1043895
1456	420	712	424	700	432	1	1044319
1457	712	424	700	432	522	0	1045019
1458	424	700	432	522	665	1	1045451
1459	700	432	522	665	568	0	1045973
1460	432	522	665	568	572	0	1046638
1461	522	665	568	572	561	0	1047206
1462	665	568	572	561	556	0	1047778
1463	568	572	561	556	552	0	1048339
1464	572	561	556	552	553	0	1048895
1465	561	556	552	553	560	0	1049447
1466	556	552	553	560	561	0	1050000
1467	552	553	560	561	560	0	1050560
1468	553	560	561	560	556	0	1051121
1469	560	561	560	556	568	0	1051681
1470	561	560	556	568	569	0	1052237
1471	560	556	568	569	564	0	1052805
1472	556	568	569	564	572	0	1053374
1473	568	569	564	572	576	0	1053938
1474	569	564	572	576	568	0	1054510
1475	564	572	576	568	568	0	1055086
1476	572	576	568	568	576	0	1055654
1477	576	568	568	576	576	0	1056222
1478	568	568	576	576	583	0	1056798
1479	568	576	576	583	580	0	1057374
1480	576	576	583	580	584	0	1057957
1481	576	583	580	584	583	0	1058537
1482	583	580	584	583	592	0	1059121
1483	580	584	583	592	587	0	1059704
1484	584	583	592	587	576	0	1060296
1485	583	592	587	576	588	0	1060883
1486	592	587	576	588	583	0	1061459
1487	587	576	588	583	592	0	1062047
1488	576	588	583	592	591	0	1062630
1489	588	583	592	591	592	0	1063222
1490	583	592	591	592	587	0	1063813
1491	592	591	592	587	596	0	1064405
1492	591	592	587	596	591	0	1064992
1493	592	587	596	591	595	0	1065588
1494	587	596	591	595	607	0	1066179
1495	596	591	595	607	600	0	1066774
1496	591	595	607	600	607	0	1067381
1497	595	607	600	607	607	0	1067981
1498	607	600	607	607	607	0	1068588
1499	600	607	607	607	603	0	1069195
1500	607	607	607	603	607	0	1069802
1501	607	607	603	607	603	0	1070405
1502	607	603	607	603	607	0	1071012
1503	603	607	603	607	607	0	1071615
1504	607	603	607	607	618	0	1072222
1505	603	607	607	618	600	0	1072829
1506	607	607	618	600	603	0	1073447
1507	607	618	600	603	603	0	1074047
1508	618	600	603	603	599	0	1074650
1509	600	603	603	599	595	0	1075253
1510	603	603	599	595	611	0	1075852
1511	603	599	595	611	600	0	1076447
1512	599	595	611	600	599	0	1077058
1513	595	611	600	599	607	0	1077658
1514	611	600	599	607	595	0	1078257
1515	600	599	607	595	599	0	1078864
1516	599	607	595	599	596	0	1079459
1517	607	595	599	596	599	0	1080058
1518	595	599	596	599	591	0	1080654
1519	599	596	599	591	600	0	1081253
1520	596	599	591	600	595	0	1081844
1521	599	591	600	595	599	0	1082444
1522	591	600	595	599	588	0	1083039
1523	600	595	599	588	599	0	1083638
1524	595	599	588	599	595	0	1084226
1525	599	588	599	595	599	0	1084825
1526	588	599	595	599	592	0	1085420
1527	599	595	599	592	599	0	1086019
1528	595	599	592	599	592	0	1086611
1529	599	592	599	592	599	0	1087210
1530	592	599	592	599	595	0	1087802
1531	599	592	599	595	595	0	1088401
1532	592	599	595	595	592	0	1088996
1533	599	595	595	592	595	0	1089591
1534	595	595	592	595	596	0	1090183
1535	595	592	595	596	595	0	1090778
1536	592	595	596	595	599	0	1091374
1537	595	596	595	599	599	0	1091969
1538	596	595	599	599	596	0	1092568
1539	595	599	599	596	599	0	1093167
1540	599	599	596	599	595	0	1093763
1541	599	596	599	595	596	0	1094362
1542	596	599	595	596	591	0	1094957
1543	599	595	596	591	588	0	1095553
1544	595	596	591	588	595	0	1096144
1545	596	591	588	595	587	0	1096732
1546	591	588	595	587	596	0	1097327
1547	588	595	587	596	591	0	1097914
1548	595	587	596	591	595	0	1098510
1549	587	596	591	595	596	0	1099101
1550	596	591	595	596	595	0	1099696
1551	591	595	596	595	595	0	1100292
1552	595	596	595	595	592	0	1100887
1553	596	595	595	592	599	0	1101482
1554	595	595	592	599	603	0	1102074
1555	595	592	599	603	596	0	1102673
1556	592	599	603	596	610	0	1103276
1557	599	603	596	610	615	0	1103872
1558	603	596	610	615	615	0	1104482
1559	596	610	615	615	619	0	1105097
1560	610	615	615	619	622	0	1105712
1561	615	615	619	622	627	0	1106331
1562	615	619	622	627	622	0	1106953
1563	619	622	627	622	627	0	1107580
1564	622	627	622	627	626	0	1108202
1565	627	622	627	626	627	0	1108829
1566	622	627	626	627	622	0	1109455
1567	627	626	627	622	619	0	1110082
1568	626	627	622	619	626	0	1110704
1569	627	622	619	626	619	0	1111323
1570	622	619	626	619	623	0	1111949
1571	619	626	619	623	622	0	1112568
1572	626	619	623	622	623	0	1113191
1573	619	623	622	623	618	0	1113813
1574	623	622	623	618	623	0	1114436
1575	622	623	618	623	627	0	1115054
1576	623	618	623	627	614	0	1115677
1577	618	623	627	614	619	0	1116304
1578	623	627	614	619	623	0	1116918
1579	627	614	619	623	610	0	1117537
1580	614	619	623	610	615	0	1118160
1581	619	623	610	615	615	0	1118770
1582	623	610	615	615	619	0	1119385
1583	610	615	615	619	607	0	1120000
1584	615	615	619	607	626	0	1120619
1585	615	619	607	626	630	0	1121226
1586	619	607	626	630	623	0	1121852
1587	607	626	630	623	634	0	1122482
1588	626	630	623	634	650	0	1123105
1589	630	623	634	650	623	0	1123739
1590	623	634	650	623	630	0	1124389
1591	634	650	623	630	626	0	1125012
1592	650	623	630	626	631	0	1125642
1593	623	630	626	631	622	0	1126268
1594	630	626	631	622	631	0	1126899
1595	626	631	622	631	622	0	1127521
1596	631	622	631	622	631	0	1128152
1597	622	631	622	631	622	0	1128774
1598	631	622	631	622	631	0	1129405
1599	622	631	622	631	634	0	1130027
1600	631	622	631	634	630	0	1130658
1601	622	631	634	630	487	0	1131292
1602	631	634	630	487	758	0	1131922
1603	634	630	487	758	448	1	1132409
1604	630	487	758	448	513	0	1133167
1605	487	758	448	513	425	1	1133615
1606	758	448	513	425	848	0	1134128
1607	448	513	425	848	416	1	1134553
1608	513	425	848	416	915	0	1135401
1609	425	848	416	915	396	1	1135817
1610	848	416	915	396	880	0	1136732
1611	416	915	396	880	416	1	1137128
1612	915	396	880	416	833	0	1138008
1613	396	880	416	833	424	1	1138424
1614	880	416	833	424	770	0	1139257
1615	416	833	424	770	432	1	1139681
1616	833	424	770	432	817	0	1140451
1617	424	770	432	817	428	1	1140883
1618	770	432	817	428	775	0	1141700
1619	432	817	428	775	436	1	1142128
1620	817	428	775	436	770	0	1142903
1621	428	775	436	770	432	1	1143339
1622	775	436	770	432	774	0	1144109
1623	436	770	432	774	440	1	1144541
1624	770	432	774	440	759	0	1145315
1625	432	774	440	759	439	1	1145755
1626	774	440	759	439	751	0	1146514
1627	440	759	439	751	440	1	1146953
1628	759	439	751	440	759	0	1147704
1629	439	751	440	759	439	1	1148144
1630	751	440	759	439	767	0	1148903
1631	440	759	439	767	436	1	1149342
1632	759	439	767	436	778	0	1150109
1633	439	767	436	778	432	1	1150545
1634	767	436	778	432	774	0	1151323
1635	436	778	432	774	420	1	1151755
1636	778	432	774	420	783	0	1152529
1637	432	774	420	783	428	1	1152949
1638	774	420	783	428	762	0	1153732
1639	420	783	428	762	432	1	1154160
1640	783	428	762	432	763	0	1154922
1641	428	762	432	763	432	1	1155354
1642	762	432	763	432	758	0	1156117
1643	432	763	432	758	440	1	1156549
1644	763	432	758	440	774	0	1157307
1645	432	758	440	774	425	1	1157747
1646	758	440	774	425	778	0	1158521
1647	440	774	425	778	428	1	1158946
1648	774	425	778	428	770	0	1159724
1649	425	778	428	770	455	1	1160152
1650	778	428	770	455	728	0	1160922
1651	428	770	455	728	428	1	1161377
1652	770	455	728	428	751	0	1162105
1653	455	728	428	751	455	1	1162533
1654	728	428	751	455	732	0	1163284
1655	428	751	455	732	432	1	1163739
1656	751	455	732	432	755	0	1164471
1657	455	732	432	755	463	1	1164903
1658	732	432	755	463	731	0	1165658
1659	432	755	463	731	448	1	1166121
1660	755	463	731	448	762	0	1166852
1661	463	731	448	762	424	1	1167300
1662	731	448	762	424	790	0	1168062
1663	448	762	424	790	440	1	1168486
1664	762	424	790	440	763	0	1169276
1665	424	790	440	763	439	1	1169716
1666	790	440	763	439	763	0	1170479
1667	440	763	439	763	428	1	1170918
1668	763	439	763	428	770	0	1171681
1669	439	763	428	770	456	1	1172109
1670	763	428	770	456	735	0	1172879
1671	428	770	456	735	444	1	1173335
1672	770	456	735	444	762	0	1174070
1673	456	735	444	762	444	1	1174514
1674	735	444	762	444	735	0	1175276
1675	444	762	444	735	463	1	1175720
1676	762	444	735	463	732	0	1176455
1677	444	735	463	732	443	1	1176918
1678	735	463	732	443	751	0	1177650
1679	463	732	443	751	444	1	1178093
1680	732	443	751	444	759	0	1178844
1681	443	751	444	759	424	1	1179288
1682	751	444	759	424	759	0	1180047
1683	444	759	424	759	435	1	1180471
1684	759	424	759	435	775	0	1181230
1685	424	759	435	775	416	1	1181665
1686	759	435	775	416	778	0	1182440
1687	435	775	416	778	455	1	1182856
1688	775	416	778	455	724	0	1183634
1689	416	778	455	724	440	1	1184089
1690	778	455	724	440	755	0	1184813
1691	455	724	440	755	443	1	1185253
1692	724	440	755	443	782	0	1186008
1693	440	755	443	782	432	1	1186451
1694	755	443	782	432	771	0	1187233
1695	443	782	432	771	447	1	1187665
1696	782	432	771	447	763	0	1188436
1697	432	771	447	763	432	1	1188883
1698	771	447	763	432	778	0	1189646
1699	447	763	432	778	451	1	1190078
1700	763	432	778	451	747	0	1190856
1701	432	778	451	747	440	1	1191307
1702	778	451	747	440	774	0	1192054
1703	451	747	440	774	417	1	1192494
1704	747	440	774	417	794	0	1193268
1705	440	774	417	794	435	1	1193685
1706	774	417	794	435	779	0	1194479
1707	417	794	435	779	424	1	1194914
1708	794	435	779	424	782	0	1195693
1709	435	779	424	782	420	1	1196117
1710	779	424	782	420	790	0	1196899
1711	424	782	420	790	436	1	1197319
1712	782	420	790	436	774	0	1198109
1713	420	790	436	774	428	1	1198545
1714	790	436	774	428	774	0	1199319
1715	436	774	428	774	448	1	1199747
1716	774	428	774	448	751	0	1200521
1717	428	774	448	751	436	1	1200969
1718	774	448	751	436	758	0	1201720
1719	448	751	436	758	440	1	1202156
1720	751	436	758	440	774	0	1202914
1721	436	758	440	774	436	1	1203354
1722	758	440	774	436	755	0	1204128
1723	440	774	436	755	436	1	1204564
1724	774	436	755	436	782	0	1205319
1725	436	755	436	782	432	1	1205755
1726	755	436	782	432	759	0	1206537
1727	436	782	432	759	439	1	1206969
1728	782	432	759	439	782	0	1207728
1729	432	759	439	782	428	1	1208167
1730	759	439	782	428	779	0	1208949
1731	439	782	428	779	435	1	1209377
1732	782	428	779	435	771	0	1210156
1733	428	779	435	771	436	1	1210591
1734	779	435	771	436	778	0	1211362
1735	435	771	436	778	443	1	1211798
1736	771	436	778	443	767	0	1212576
1737	436	778	443	767	420	1	1213019
1738	778	443	767	420	806	0	1213786
1739	443	767	420	806	428	1	1214206
1740	767	420	806	428	782	0	1215012
1741	420	806	428	782	432	1	1215440
1742	806	428	782	432	782	0	1216222
1743	428	782	432	782	428	1	1216654
1744	782	432	782	428	786	0	1217436
1745	432	782	428	786	482	1	1217864
1746	782	428	786	482	740	0	1218650
1747	428	786	482	740	416	1	1219132
1748	786	482	740	416	809	0	1219872
1749	482	740	416	809	413	1	1220288
1750	740	416	809	413	848	0	1221097
1751	416	809	413	848	416	1	1221510
1752	809	413	848	416	837	0	1222358
1753	413	848	416	837	638	1	1222774
1754	848	416	837	638	615	0	1223611
1755	416	837	638	615	451	0	1224249
1756	837	638	615	451	794	0	1224864
1757	638	615	451	794	432	1	1225315
1758	615	451	794	432	852	0	1226109
1759	451	794	432	852	428	1	1226541
1760	794	432	852	428	848	0	1227393
1761	432	852	428	848	635	1	1227821
1762	852	428	848	635	618	0	1228669
1763	428	848	635	618	615	0	1229304
1764	848	635	618	615	615	0	1229922
1765	635	618	615	615	611	0	1230537
1766	618	615	615	611	611	0	1231152
1767	615	615	611	611	618	0	1231763
1768	615	611	611	618	627	0	1232374
1769	611	611	618	627	626	0	1232992
1770	611	618	627	626	634	0	1233619
1771	618	627	626	634	646	0	1234245
1772	627	626	634	646	650	0	1234879
1773	626	634	646	650	662	0	1235525
1774	634	646	650	662	649	0	1236175
1775	646	650	662	649	646	0	1236837
1776	650	662	649	646	635	0	1237486
1777	662	649	646	635	622	0	1238132
1778	649	646	635	622	638	0	1238767
1779	646	635	622	638	631	0	1239389
1780	635	622	638	631	630	0	1240027
1781	622	638	631	630	638	0	1240658
1782	638	631	630	638	642	0	1241288
1783	631	630	638	642	627	0	1241926
1784	630	638	642	627	622	0	1242568
1785	638	642	627	622	619	0	1243195
1786	642	627	622	619	618	0	1243817
1787	627	622	619	618	615	0	1244436
1788	622	619	618	615	619	0	1245054
1789	619	618	615	619	615	0	1245669
1790	618	615	619	615	618	0	1246288
1791	615	619	615	618	611	0	1246903
1792	619	615	618	611	623	0	1247521
1793	615	618	611	623	615	0	1248132
1794	618	611	623	615	607	0	1248755
1795	611	623	615	607	599	0	1249370
1796	623	615	607	599	599	0	1249977
1797	615	607	599	599	607	0	1250576
1798	607	599	599	607	599	0	1251175
1799	599	599	607	599	627	0	1251782
1800	599	607	599	627	630	0	1252381
1801	607	599	627	630	623	0	1253008
1802	599	627	630	623	630	0	1253638
1803	627	630	623	630	638	0	1254261
1804	630	623	630	638	634	0	1254891
1805	623	630	638	634	631	0	1255529
1806	630	638	634	631	634	0	1256163
1807	638	634	631	634	626	0	1256794
1808	634	631	634	626	631	0	1257428
1809	631	634	626	631	626	0	1258054
1810	634	626	631	626	619	0	1258685
1811	626	631	626	619	619	0	1259311
1812	631	626	619	619	611	0	1259930
1813	626	619	619	611	618	0	1260549
1814	619	619	611	618	607	0	1261160
1815	619	611	618	607	599	0	1261778
1816	611	618	607	599	600	0	1262385
1817	618	607	599	600	595	0	1262984
1818	607	599	600	595	591	0	1263584
1819	599	600	595	591	604	0	1264179
1820	600	595	591	604	610	0	1264770
1821	595	591	604	610	604	0	1265374
1822	591	604	610	604	595	0	1265984
1823	604	610	604	595	611	0	1266588
1824	610	604	595	611	611	0	1267183
1825	604	595	611	611	614	0	1267794
1826	595	611	611	614	600	0	1268405
1827	611	611	614	600	607	0	1269019
1828	611	614	600	607	607	0	1269619
1829	614	600	607	607	607	0	1270226
1830	600	607	607	607	591	0	1270833
1831	607	607	607	591	603	0	1271440
1832	607	607	591	603	607	0	1272031
1833	607	591	603	607	599	0	1272634
1834	591	603	607	599	596	0	1273241
1835	603	607	599	596	607	0	1273840
1836	607	599	596	607	607	0	1274436
1837	599	596	607	607	599	0	1275043
1838	596	607	607	599	599	0	1275650
1839	607	607	599	599	603	0	1276249
1840	607	599	599	603	607	0	1276848
1841	599	599	603	607	600	0	1277451
1842	599	603	607	600	599	0	1278058
1843	603	607	600	599	607	0	1278658
1844	607	600	599	607	603	0	1279257
1845	600	599	607	603	595	0	1279864
1846	599	607	603	595	596	0	1280467
1847	607	603	595	596	607	0	1281062
1848	603	595	596	607	603	0	1281658
1849	595	596	607	603	595	0	1282265
1850	596	607	603	595	599	0	1282868
1851	607	603	595	599	603	0	1283463
1852	603	595	599	603	600	0	1284062
1853	595	599	603	600	595	0	1284665
1854	599	603	600	595	599	0	1285265
1855	603	600	595	599	603	0	1285860
1856	600	595	599	603	603	0	1286459
1857	595	599	603	603	592	0	1287062
1858	599	603	603	592	603	0	1287665
1859	603	603	592	603	599	0	1288257
1860	603	592	603	599	611	0	1288860
1861	592	603	599	611	588	0	1289459
1862	603	599	611	588	603	0	1290070
1863	599	611	588	603	607	0	1290658
1864	611	588	603	607	595	0	1291261
1865	588	603	607	595	591	0	1291868
1866	603	607	595	591	604	0	1292463
1867	607	595	591	604	599	0	1293054
1868	595	591	604	599	595	0	1293658
1869	591	604	599	595	592	0	1294257
1870	604	599	595	592	599	0	1294852
1871	599	595	592	599	599	0	1295444
1872	595	592	599	599	603	0	1296043
1873	592	599	599	603	592	0	1296642
1874	599	599	603	592	599	0	1297245
1875	599	603	592	599	595	0	1297837
1876	603	592	599	595	592	0	1298436
1877	592	599	595	592	591	0	1299031
1878	599	595	592	591	588	0	1299623
1879	595	592	591	588	591	0	1300214
1880	592	591	588	591	591	0	1300802
1881	591	588	591	591	588	0	1301393
1882	588	591	591	588	588	0	1301984
1883	591	591	588	588	603	0	1302572
1884	591	588	588	603	599	0	1303160
1885	588	588	603	599	599	0	1303763
1886	588	603	599	599	611	0	1304362
1887	603	599	599	611	630	0	1304961
1888	599	599	611	630	635	0	1305572
1889	599	611	630	635	634	0	1306202
1890	611	630	635	634	638	0	1306837
1891	630	635	634	638	626	0	1307471
1892	635	634	638	626	662	0	1308109
1893	634	638	626	662	642	0	1308735
1894	638	626	662	642	646	0	1309397
1895	626	662	642	646	634	0	1310039
1896	662	642	646	634	650	0	1310685
1897	642	646	634	650	638	0	1311319
1898	646	634	650	638	634	0	1311969
1899	634	650	638	634	650	0	1312607
1900	650	638	634	650	646	0	1313241
1901	638	634	650	646	638	0	1313891
1902	634	650	646	638	642	0	1314537
1903	650	646	638	642	642	0	1315175
1904	646	638	642	642	638	0	1315817
1905	638	642	642	638	638	0	1316459
1906	642	642	638	638	635	0	1317097
1907	642	638	638	635	630	0	1317735
1908	638	638	635	630	626	0	1318370
1909	638	635	630	626	619	0	1319000
1910	635	630	626	619	627	0	1319626
1911	630	626	619	627	626	0	1320245
1912	626	619	627	626	630	0	1320872
1913	619	627	626	630	635	0	1321498
1914	627	626	630	635	634	0	1322128
1915	626	630	635	634	634	0	1322763
1916	630	635	634	634	627	0	1323397
1917	635	634	634	627	626	0	1324031
1918	634	634	627	626	630	0	1324658
1919	634	627	626	630	619	0	1325284
1920	627	626	630	619	623	0	1325914
1921	626	630	619	623	626	0	1326533
1922	630	619	623	626	646	0	1327156
1923	619	623	626	646	630	0	1327782
1924	623	626	646	630	638	0	1328428
1925	626	646	630	638	643	0	1329058
1926	646	630	638	643	638	0	1329696
1927	630	638	643	638	618	0	1330339
1928	638	643	638	618	642	0	1330977
1929	643	638	618	642	635	0	1331595
1930	638	618	642	635	626	0	1332237
1931	618	642	635	626	627	0	1332872
1932	642	635	626	627	630	0	1333498
1933	635	626	627	630	630	0	1334125
1934	626	627	630	630	619	0	1334755
1935	627	630	630	619	626	0	1335385
1936	630	630	619	626	635	0	1336004
1937	630	619	626	635	622	0	1336630
1938	619	626	635	622	619	0	1337265
1939	626	635	622	619	622	0	1337887
1940	635	622	619	622	623	0	1338506
1941	622	619	622	623	623	0	1339128
1942	619	622	623	623	610	0	1339751
1943	622	623	623	610	627	0	1340374
1944	623	623	610	627	622	0	1340984
1945	623	610	627	622	623	0	1341611
1946	610	627	622	623	626	0	1342233
1947	627	622	623	626	627	0	1342856
1948	622	623	626	627	634	0	1343482
1949	623	626	627	634	634	0	1344109
1950	626	627	634	634	639	0	1344743
1951	627	634	634	639	634	0	1345377
1952	634	634	639	634	642	0	1346016
1953	634	639	634	642	646	0	1346650
1954	639	634	642	646	642	0	1347292
1955	634	642	646	642	638	0	1347938
1956	642	646	642	638	630	0	1348580
1957	646	642	638	630	634	0	1349218
1958	642	638	630	634	650	0	1349848
1959	638	630	634	650	646	0	1350482
1960	630	634	650	646	634	0	1351132
1961	634	650	646	634	639	0	1351778
1962	650	646	634	639	634	0	1352412
1963	646	634	639	634	642	0	1353051
1964	634	639	634	642	638	0	1353685
1965	639	634	642	638	634	0	1354327
1966	634	642	638	634	627	0	1354965
1967	642	638	634	627	638	0	1355599
1968	638	634	627	638	634	0	1356226
1969	634	627	638	634	630	0	1356864
1970	627	638	634	630	623	0	1357498
1971	638	634	630	623	630	0	1358128
1972	634	630	623	630	627	0	1358751
1973	630	623	630	627	618	0	1359381
1974	623	630	627	618	619	0	1360008
1975	630	627	618	619	627	0	1360626
1976	627	618	619	627	630	0	1361245
1977	618	619	627	630	615	0	1361872
1978	619	627	630	615	615	0	1362502
1979	627	630	615	615	610	0	1363117
1980	630	615	615	610	615	0	1363732
1981	615	615	610	615	607	0	1364342
1982	615	610	615	607	611	0	1364957
1983	610	615	607	611	615	0	1365564
1984	615	607	611	615	622	0	1366175
1985	607	611	615	622	619	0	1366790
1986	611	615	622	619	630	0	1367412
1987	615	622	619	630	631	0	1368031
1988	622	619	630	631	634	0	1368661
1989	619	630	631	634	627	0	1369292
1990	630	631	634	627	630	0	1369926
1991	631	634	627	630	626	0	1370553
1992	634	627	630	626	619	0	1371183
1993	627	630	626	619	626	0	1371809
1994	630	626	619	626	623	0	1372428
1995	626	619	626	623	623	0	1373054
1996	619	626	623	623	614	0	1373677
1997	626	623	623	614	619	0	1374300
1998	623	623	614	619	615	0	1374914
1999	623	614	619	615	615	0	1375533
2000	614	619	615	615	611	0	1376148
2001	619	615	615	611	618	0	1376763
2002	615	615	611	618	619	0	1377374
2003	615	611	618	619	611	0	1377992
2004	611	618	619	611	615	0	1378611
2005	618	619	611	615	618	0	1379222
2006	619	611	615	618	611	0	1379837
2007	611	615	618	611	611	0	1380455
2008	615	618	611	611	619	0	1381066
2009	618	611	611	619	615	0	1381677
2010	611	611	619	615	607	0	1382296
2011	611	619	615	607	607	0	1382911
2012	619	615	607	607	607	0	1383518
2013	615	607	607	607	607	0	1384125
2014	607	607	607	607	603	0	1384732
2015	607	607	607	603	603	0	1385339
2016	607	607	603	603	618	0	1385942
2017	607	603	603	618	604	0	1386545
2018	603	603	618	604	607	0	1387163
2019	603	618	604	607	618	0	1387767
2020	618	604	607	618	627	0	1388374
2021	604	607	618	627	622	0	1388992
2022	607	618	627	622	623	0	1389619
2023	618	627	622	623	626	0	1390241
2024	627	622	623	626	627	0	1390864
2025	622	623	626	627	618	0	1391490
2026	623	626	627	618	627	0	1392117
2027	626	627	618	627	436	0	1392735
2028	627	618	627	436	832	0	1393362
2029	618	627	436	832	638	1	1393798
2030	627	436	832	638	635	0	1394630
2031	436	832	638	635	638	0	1395268
2032	832	638	635	638	630	0	1395903
2033	638	635	638	630	627	0	1396541
2034	635	638	630	627	642	0	1397171
2035	638	630	627	642	626	0	1397798
2036	630	627	642	626	619	0	1398440
2037	627	642	626	619	634	0	1399066
2038	642	626	619	634	638	0	1399685
2039	626	619	634	638	631	0	1400319
2040	619	634	638	631	626	0	1400957
2041	634	638	631	626	642	0	1401588
2042	638	631	626	642	634	0	1402214
2043	631	626	642	634	635	0	1402856
2044	626	642	634	635	630	0	1403490
2045	642	634	635	630	630	0	1404125
2046	634	635	630	630	631	0	1404755
2047	635	630	630	631	614	0	1405385
2048	630	630	631	614	631	0	1406016
2049	630	631	614	631	626	0	1406630
2050	631	614	631	626	623	0	1407261
2051	614	631	626	623	622	0	1407887
2052	631	626	623	622	638	0	1408510
2053	626	623	622	638	627	0	1409132
2054	623	622	638	627	630	0	1409770
2055	622	638	627	630	642	0	1410397
2056	638	627	630	642	642	0	1411027
2057	627	630	642	642	654	0	1411669
2058	630	642	642	654	658	0	1412311
2059	642	642	654	658	645	0	1412965
2060	642	654	658	645	658	0	1413623
2061	654	658	645	658	646	0	1414268
2062	658	645	658	646	646	0	1414926
2063	645	658	646	646	650	0	1415572
2064	658	646	646	650	642	0	1416218
2065	646	646	650	642	646	0	1416868
2066	646	650	642	646	638	0	1417510
2067	650	642	646	638	650	0	1418156
2068	642	646	638	650	645	0	1418794
2069	646	638	650	645	639	0	1419444
2070	638	650	645	639	642	0	1420089
2071	650	645	639	642	638	0	1420728
2072	645	639	642	638	634	0	1421370
2073	639	642	638	634	630	0	1422008
2074	642	638	634	630	635	0	1422642
2075	638	634	630	635	626	0	1423272
2076	634	630	635	626	627	0	1423907
2077	630	635	626	627	626	0	1424533
2078	635	626	627	626	630	0	1425160
2079	626	627	626	630	646	0	1425786
2080	627	626	630	646	638	0	1426416
2081	626	630	646	638	627	0	1427062
2082	630	646	638	627	630	0	1427700
2083	646	638	627	630	627	0	1428327
2084	638	627	630	627	634	0	1428957
2085	627	630	627	634	626	0	1429584
2086	630	627	634	626	623	0	1430218
2087	627	634	626	623	634	0	1430844
2088	634	626	623	634	631	0	1431467
2089	626	623	634	631	618	0	1432101
2090	623	634	631	618	623	0	1432732
2091	634	631	618	623	630	0	1433350
2092	631	618	623	630	627	0	1433973
2093	618	623	630	627	634	0	1434603
2094	623	630	627	634	638	0	1435230
2095	630	627	634	638	630	0	1435864
2096	627	634	638	630	646	0	1436502
2097	634	638	630	646	642	0	1437132
2098	638	630	646	642	646	0	1437778
2099	630	646	642	646	646	0	1438420
2100	646	642	646	646	642	0	1439066
2101	642	646	646	642	638	0	1439712
2102	646	646	642	638	638	0	1440354
2103	646	642	638	638	638	0	1440992
2104	642	638	638	638	627	0	1441630
2105	638	638	638	627	642	0	1442268
2106	638	638	627	642	646	0	1442895
2107	638	627	642	646	654	0	1443537
2108	627	642	646	654	638	0	1444183
2109	642	646	654	638	642	0	1444837
2110	646	654	638	642	650	0	1445475
2111	654	638	642	650	638	0	1446117
2112	638	642	650	638	646	0	1446767
2113	642	650	638	646	634	0	1447405
2114	650	638	646	634	654	0	1448051
2115	638	646	634	654	661	0	1448685
2116	646	634	654	661	650	0	1449339
2117	634	654	661	650	661	0	1450000
2118	654	661	650	661	658	0	1450650
2119	661	650	661	658	657	0	1451311
2120	650	661	658	657	654	0	1451969
2121	661	658	657	654	666	0	1452626
2122	658	657	654	666	653	0	1453280
2123	657	654	666	653	650	0	1453946
2124	654	666	653	650	646	0	1454599
2125	666	653	650	646	642	0	1455249
2126	653	650	646	642	658	0	1455895
2127	650	646	642	658	645	0	1456537
2128	646	642	658	645	654	0	1457195
2129	642	658	645	654	638	0	1457840
2130	658	645	654	638	658	0	1458494
2131	645	654	638	658	638	0	1459132
2132	654	638	658	638	634	0	1459790
2133	638	658	638	634	646	0	1460428
2134	658	638	634	646	631	0	1461062
2135	638	634	646	631	630	0	1461708
2136	634	646	631	630	630	0	1462339
2137	646	631	630	630	631	0	1462969
2138	631	630	630	631	622	0	1463599
2139	630	630	631	622	627	0	1464230
2140	630	631	622	627	634	0	1464852
2141	631	622	627	634	634	0	1465479
2142	622	627	634	634	630	0	1466113
2143	627	634	634	630	631	0	1466747
2144	634	634	630	631	634	0	1467377
2145	634	630	631	634	638	0	1468008
2146	630	631	634	638	634	0	1468642
2147	631	634	638	634	635	0	1469280
2148	634	638	634	635	638	0	1469914
2149	638	634	635	638	630	0	1470549
2150	634	635	638	630	634	0	1471187
2151	635	638	630	634	631	0	1471817
2152	638	630	634	631	634	0	1472451
2153	630	634	631	634	634	0	1473082
2154	634	631	634	634	627	0	1473716
2155	631	634	634	627	626	0	1474350
2156	634	634	627	626	634	0	1474977
2157	634	627	626	634	627	0	1475603
2158	627	626	634	627	626	0	1476237
2159	626	634	627	626	627	0	1476864
2160	634	627	626	627	634	0	1477490
2161	627	626	627	634	630	0	1478117
2162	626	627	634	630	619	0	1478751
2163	627	634	630	619	634	0	1479381
2164	634	630	619	634	631	0	1480000
2165	630	619	634	631	618	0	1480634
2166	619	634	631	618	623	0	1481265
2167	634	631	618	623	622	0	1481883
2168	631	618	623	622	631	0	1482506
2169	618	623	622	631	634	0	1483128
2170	623	622	631	634	619	0	1483759
2171	622	631	634	619	622	0	1484393
2172	631	634	619	622	631	0	1485012
2173	634	619	622	631	618	0	1485634
2174	619	622	631	618	631	0	1486265
2175	622	631	618	631	622	0	1486883
2176	631	618	631	622	627	0	1487514
2177	618	631	622	627	626	0	1488136
2178	631	622	627	626	619	0	1488763
2179	622	627	626	619	463	0	1489389
2180	627	626	619	463	790	0	1490008
2181	626	619	463	790	634	1	1490471
2182	619	463	790	634	630	0	1491261
2183	463	790	634	630	631	0	1491895
2184	790	634	630	631	622	0	1492525
2185	634	630	631	622	634	0	1493156
2186	630	631	622	634	635	0	1493778
2187	631	622	634	635	630	0	1494412
2188	622	634	635	630	630	0	1495047
2189	634	635	630	630	631	0	1495677
2190	635	630	630	631	630	0	1496307
2191	630	630	631	630	627	0	1496938
2192	630	631	630	627	626	0	1497568
2193	631	630	627	626	630	0	1498195
2194	630	627	626	630	623	0	1498821
2195	627	626	630	623	622	0	1499451
2196	626	630	623	622	627	0	1500074
2197	630	623	622	627	623	0	1500696
2198	623	622	627	623	626	0	1501323
2199	622	627	623	626	626	0	1501946
2200	627	623	626	626	631	0	1502572
2201	623	626	626	631	638	0	1503198
2202	626	626	631	638	622	0	1503829
2203	626	631	638	622	635	0	1504467
2204	631	638	622	635	630	0	1505089
2205	638	622	635	630	630	0	1505724
2206	622	635	630	630	635	0	1506354
2207	635	630	630	635	638	0	1506984
2208	630	630	635	638	642	0	1507619
2209	630	635	638	642	634	0	1508257
2210	635	638	642	634	642	0	1508899
2211	638	642	634	642	638	0	1509533
2212	642	634	642	638	638	0	1510175
2213	634	642	638	638	638	0	1510813
2214	642	638	638	638	643	0	1511451
2215	638	638	638	643	642	0	1512089
2216	638	638	643	642	642	0	1512732
2217	638	643	642	642	634	0	1513374
2218	643	642	642	634	638	0	1514016
2219	642	642	634	638	642	0	1514650
2220	642	634	638	642	642	0	1515288
2221	634	638	642	642	634	0	1515930
2222	638	642	642	634	638	0	1516572
2223	642	642	634	638	646	0	1517206
2224	642	634	638	646	642	0	1517844
2225	634	638	646	642	635	0	1518490
2226	638	646	642	635	642	0	1519132
2227	646	642	635	642	645	0	1519767
2228	642	635	642	645	642	0	1520409
2229	635	642	645	642	639	0	1521054
2230	642	645	642	639	642	0	1521696
2231	645	642	639	642	638	0	1522335
2232	642	639	642	638	642	0	1522977
2233	639	642	638	642	642	0	1523615
2234	642	638	642	642	638	0	1524257
2235	638	642	642	638	642	0	1524899
2236	642	642	638	642	638	0	1525537
2237	642	638	642	638	634	0	1526179
2238	638	642	638	634	638	0	1526817
2239	642	638	634	638	639	0	1527451
2240	638	634	638	639	634	0	1528089
2241	634	638	639	634	634	0	1528728
2242	638	639	634	634	634	0	1529362
2243	639	634	634	634	635	0	1529996
2244	634	634	634	635	638	0	1530630
2245	634	634	635	638	634	0	1531265
2246	634	635	638	634	630	0	1531903
2247	635	638	634	630	635	0	1532537
2248	638	634	630	635	634	0	1533167
2249	634	630	635	634	634	0	1533802
2250	630	635	634	634	634	0	1534436
2251	635	634	634	634	635	0	1535070
2252	634	634	634	635	634	0	1535704
2253	634	634	635	634	630	0	1536339
2254	634	635	634	630	634	0	1536973
2255	635	634	630	634	631	0	1537603
2256	634	630	634	631	634	0	1538237
2257	630	634	631	634	634	0	1538868
2258	634	631	634	634	631	0	1539502
2259	631	634	634	631	630	0	1540136
2260	634	634	631	630	626	0	1540767
2261	634	631	630	626	631	0	1541397
2262	631	630	626	631	626	0	1542023
2263	630	626	631	626	631	0	1542654
2264	626	631	626	631	630	0	1543280
2265	631	626	631	630	630	0	1543911
2266	626	631	630	630	627	0	1544541
2267	631	630	630	627	630	0	1545171
2268	630	630	627	630	630	0	1545798
2269	630	627	630	630	635	0	1546428
2270	627	630	630	635	626	0	1547058
2271	630	630	635	626	630	0	1547693
2272	630	635	626	630	631	0	1548319
2273	635	626	630	631	630	0	1548949
2274	626	630	631	630	627	0	1549580
2275	630	631	630	627	630	0	1550210
2276	631	630	627	630	634	0	1550837
2277	630	627	630	634	627	0	1551467
2278	627	630	634	627	626	0	1552101
2279	630	634	627	626	627	0	1552728
2280	634	627	626	627	626	0	1553354
2281	627	626	627	626	630	0	1553981
2282	626	627	626	630	631	0	1554607
2283	627	626	630	631	622	0	1555237
2284	626	630	631	622	631	0	1555868
2285	630	631	622	631	622	0	1556490
2286	631	622	631	622	623	0	1557121
2287	622	631	622	623	626	0	1557743
2288	631	622	623	626	631	0	1558366
2289	622	623	626	631	634	0	1558992
2290	623	626	631	634	634	0	1559623
2291	626	631	634	634	638	0	1560257
2292	631	634	634	638	638	0	1560891
2293	634	634	638	638	642	0	1561529
2294	634	638	638	642	642	0	1562167
2295	638	638	642	642	650	0	1562809
2296	638	642	642	650	646	0	1563451
2297	642	642	650	646	646	0	1564101
2298	642	650	646	646	646	0	1564747
2299	650	646	646	646	642	0	1565393
2300	646	646	646	642	634	0	1566039
2301	646	646	642	634	638	0	1566681
2302	646	642	634	638	635	0	1567315
2303	642	634	638	635	630	0	1567953
2304	634	638	635	630	634	0	1568588
2305	638	635	630	634	630	0	1569218
2306	635	630	634	630	635	0	1569852
2307	630	634	630	635	626	0	1570482
2308	634	630	635	626	634	0	1571117
2309	630	635	626	634	631	0	1571743
2310	635	626	634	631	634	0	1572377
2311	626	634	631	634	630	0	1573008
2312	634	631	634	630	631	0	1573642
2313	631	634	630	631	630	0	1574272
2314	634	630	631	630	630	0	1574903
2315	630	631	630	630	627	0	1575533
2316	631	630	630	627	626	0	1576163
2317	630	630	627	626	627	0	1576790
2318	630	627	626	627	626	0	1577416
2319	627	626	627	626	631	0	1578043
2320	626	627	626	631	630	0	1578669
2321	627	626	631	630	634	0	1579300
2322	626	631	630	634	631	0	1579930
2323	631	630	634	631	634	0	1580564
2324	630	634	631	634	634	0	1581195
2325	634	631	634	634	634	0	1581829
2326	631	634	634	634	631	0	1582463
2327	634	634	634	631	630	0	1583097
2328	634	634	631	630	634	0	1583728
2329	634	631	630	634	627	0	1584358
2330	631	630	634	627	622	0	1584992
2331	630	634	627	622	627	0	1585619
2332	634	627	622	627	626	0	1586241
2333	627	622	627	626	619	0	1586868
2334	622	627	626	619	619	0	1587494
2335	627	626	619	619	622	0	1588113
2336	626	619	619	622	627	0	1588732
2337	619	619	622	627	630	0	1589354
2338	619	622	627	630	630	0	1589981
2339	622	627	630	630	627	0	1590611
2340	627	630	630	627	630	0	1591241
2341	630	630	627	630	634	0	1591868
2342	630	627	630	634	635	0	1592498
2343	627	630	634	635	638	0	1593132
2344	630	634	635	638	634	0	1593767
2345	634	635	638	634	630	0	1594405
2346	635	638	634	630	635	0	1595039
2347	638	634	630	635	630	0	1595669
2348	634	630	635	630	622	0	1596304
2349	630	635	630	622	627	0	1596934
2350	635	630	622	627	626	0	1597556
2351	630	622	627	626	631	0	1598183
2352	622	627	626	631	630	0	1598809
2353	627	626	631	630	642	0	1599440
2354	626	631	630	642	646	0	1600070
2355	631	630	642	646	646	0	1600712
2356	630	642	646	646	642	0	1601358
2357	642	646	646	642	642	0	1602004
2358	646	646	642	642	658	0	1602646
2359	646	642	642	658	649	0	1603288
2360	642	642	658	649	654	0	1603946
2361	642	658	649	654	646	0	1604595
2362	658	649	654	646	650	0	1605249
2363	649	654	646	650	657	0	1605895
2364	654	646	650	657	646	0	1606545
2365	646	650	657	646	646	0	1607202
2366	650	657	646	646	638	0	1607848
2367	657	646	646	638	635	0	1608494
2368	646	646	638	635	638	0	1609132
2369	646	638	635	638	638	0	1609767
2370	638	635	638	638	634	0	1610405
2371	635	638	638	634	638	0	1611043
2372	638	638	634	638	642	0	1611677
2373	638	634	638	642	631	0	1612315
2374	634	638	642	631	638	0	1612957
2375	638	642	631	638	642	0	1613588
2376	642	631	638	642	638	0	1614226
2377	631	638	642	638	638	0	1614868
2378	638	642	638	638	642	0	1615506
2379	642	638	638	642	626	0	1616144
2380	638	638	642	626	639	0	1616786
2381	638	642	626	639	626	0	1617412
2382	642	626	639	626	630	0	1618051
2383	626	639	626	630	635	0	1618677
2384	639	626	630	635	630	0	1619307
2385	626	630	635	630	623	0	1619942
2386	630	635	630	623	630	0	1620572
2387	635	630	623	630	630	0	1621195
2388	630	623	630	630	627	0	1621825
2389	623	630	630	627	622	0	1622455
2390	630	630	627	622	623	0	1623082
2391	630	627	622	623	622	0	1623704
2392	627	622	623	622	623	0	1624327
2393	622	623	622	623	619	0	1624949
2394	623	622	623	619	622	0	1625572
2395	622	623	619	622	619	0	1626191
2396	623	619	622	619	619	0	1626813
2397	619	622	619	619	618	0	1627432
2398	622	619	619	618	623	0	1628051
2399	619	619	618	623	622	0	1628669
2400	619	618	623	622	611	0	1629292
2401	618	623	622	611	623	0	1629914
2402	623	622	611	623	615	0	1630525
2403	622	611	623	615	618	0	1631148
2404	611	623	615	618	603	0	1631763
2405	623	615	618	603	627	0	1632381
2406	615	618	603	627	607	0	1632984
2407	618	603	627	607	607	0	1633611
2408	603	627	607	607	619	0	1634218
2409	627	607	607	619	607	0	1634825
2410	607	607	619	607	610	0	1635444
2411	607	619	607	610	607	0	1636051
2412	619	607	610	607	607	0	1636661
2413	607	610	607	607	611	0	1637268
2414	610	607	607	611	611	0	1637875
2415	607	607	611	611	603	0	1638486
2416	607	611	611	603	604	0	1639097
2417	611	611	603	604	607	0	1639700
2418	611	603	604	607	603	0	1640304
2419	603	604	607	603	603	0	1640911
2420	604	607	603	603	599	0	1641514
2421	607	603	603	599	603	0	1642117
2422	603	603	599	603	603	0	1642716
2423	603	599	603	603	599	0	1643319
2424	599	603	603	599	607	0	1643922
2425	603	603	599	607	600	0	1644521
2426	603	599	607	600	603	0	1645128
2427	599	607	600	603	603	0	1645728
2428	607	600	603	603	599	0	1646331
2429	600	603	603	599	607	0	1646934
2430	603	603	599	607	607	0	1647533
2431	603	599	607	607	592	0	1648140
2432	599	607	607	592	603	0	1648747
2433	607	607	592	603	603	0	1649339
2434	607	592	603	603	603	0	1649942
2435	592	603	603	603	607	0	1650545
2436	603	603	603	607	603	0	1651148
2437	603	603	607	603	599	0	1651755
2438	603	607	603	599	611	0	1652358
2439	607	603	599	611	599	0	1652957
2440	603	599	611	599	603	0	1653568
2441	599	611	599	603	604	0	1654167
2442	611	599	603	604	607	0	1654770
2443	599	603	604	607	603	0	1655374
2444	603	604	607	603	603	0	1655981
2445	604	607	603	603	611	0	1656584
2446	607	603	603	611	611	0	1657187
2447	603	603	611	611	610	0	1657798
2448	603	611	611	610	607	0	1658409
2449	611	611	610	607	604	0	1659019
2450	611	610	607	604	610	0	1659626
2451	610	607	604	610	596	0	1660230
2452	607	604	610	596	607	0	1660840
2453	604	610	596	607	622	0	1661436
2454	610	596	607	622	654	0	1662043
2455	596	607	622	654	627	0	1662665
2456	607	622	654	627	634	0	1663319
2457	622	654	627	634	638	0	1663946
2458	654	627	634	638	638	0	1664580
2459	627	634	638	638	634	0	1665218
2460	634	638	638	634	627	0	1665856
2461	638	638	634	627	615	0	1666490
2462	638	634	627	615	610	0	1667117
2463	634	627	615	610	611	0	1667732
2464	627	615	610	611	611	0	1668342
2465	615	610	611	611	615	0	1668953
2466	610	611	611	615	611	0	1669564
2467	611	611	615	611	611	0	1670179
2468	611	615	611	611	607	0	1670790
2469	615	611	611	607	607	0	1671401
2470	611	611	607	607	603	0	1672008
2471	611	607	607	603	607	0	1672615
2472	607	607	603	607	611	0	1673218
2473	607	603	607	611	603	0	1673825
2474	603	607	611	603	619	0	1674436
2475	607	611	603	619	622	0	1675039
2476	611	603	619	622	623	0	1675658
2477	603	619	622	623	618	0	1676280
2478	619	622	623	618	623	0	1676903
2479	622	623	618	623	630	0	1677521
2480	623	618	623	630	631	0	1678144
2481	618	623	630	631	630	0	1678774
2482	623	630	631	630	630	0	1679405
2483	630	631	630	630	631	0	1680035
2484	631	630	630	631	626	0	1680665
2485	630	630	631	626	638	0	1681296
2486	630	631	626	638	642	0	1681922
2487	631	626	638	642	635	0	1682560
2488	626	638	642	635	626	0	1683202
2489	638	642	635	626	626	0	1683837
2490	642	635	626	626	635	0	1684463
2491	635	626	626	635	634	0	1685089
2492	626	626	635	634	630	0	1685724
2493	626	635	634	630	638	0	1686358
2494	635	634	630	638	635	0	1686988
2495	634	630	638	635	630	0	1687626
2496	630	638	635	630	630	0	1688261
2497	638	635	630	630	631	0	1688891
2498	635	630	630	631	630	0	1689521
2499	630	630	631	630	627	0	1690152
2500	630	631	630	627	634	0	1690782
2501	631	630	627	634	630	0	1691409
2502	630	627	634	630	631	0	1692043
2503	627	634	630	631	626	0	1692673
2504	634	630	631	626	642	0	1693304
2505	630	631	626	642	626	0	1693930
2506	631	626	642	626	631	0	1694572
2507	626	642	626	631	630	0	1695198
2508	642	626	631	630	630	0	1695829
2509	626	631	630	630	627	0	1696459
2510	631	630	630	627	626	0	1697089
2511	630	630	627	626	619	0	1697716
2512	630	627	626	619	630	0	1698342
2513	627	626	619	630	615	0	1698961
2514	626	619	630	615	619	0	1699591
2515	619	630	615	619	638	0	1700206
2516	630	615	619	638	623	0	1700825
2517	615	619	638	623	642	0	1701463
2518	619	638	623	642	638	0	1702086
2519	638	623	642	638	634	0	1702728
2520	623	642	638	634	646	0	1703366
2521	642	638	634	646	646	0	1704000
2522	638	634	646	646	638	0	1704646
2523	634	646	646	638	646	0	1705292
2524	646	646	638	646	642	0	1705930
2525	646	638	646	642	646	0	1706576
2526	638	646	642	646	638	0	1707218
2527	646	642	646	638	634	0	1707864
2528	642	646	638	634	642	0	1708502
2529	646	638	634	642	638	0	1709136
2530	638	634	642	638	638	0	1709778
2531	634	642	638	638	635	0	1710416
2532	642	638	638	635	642	0	1711054
2533	638	638	635	642	642	0	1711689
2534	638	635	642	642	634	0	1712331
2535	635	642	642	634	634	0	1712973
2536	642	642	634	634	634	0	1713607
2537	642	634	634	634	650	0	1714241
2538	634	634	634	650	638	0	1714875
2539	634	634	650	638	635	0	1715525
2540	634	650	638	635	642	0	1716163
2541	650	638	635	642	634	0	1716798
2542	638	635	642	634	646	0	1717440
2543	635	642	634	646	638	0	1718074
2544	642	634	646	638	642	0	1718720
2545	634	646	638	642	634	0	1719358
2546	646	638	642	634	638	0	1720000
2547	638	642	634	638	639	0	1720634
2548	642	634	638	639	642	0	1721272
2549	634	638	639	642	645	0	1721911
2550	638	639	642	645	650	0	1722553
2551	639	642	645	650	650	0	1723198
2552	642	645	650	650	654	0	1723848
2553	645	650	650	654	653	0	1724498
2554	650	650	654	653	650	0	1725152
2555	650	654	653	650	654	0	1725805
2556	654	653	650	654	650	0	1726455
2557	653	650	654	650	650	0	1727109
2558	650	654	650	650	649	0	1727759
2559	654	650	650	649	646	0	1728409
2560	650	650	649	646	650	0	1729058
2561	650	649	646	650	650	0	1729704
2562	649	646	650	650	654	0	1730354
2563	646	650	650	654	653	0	1731004
2564	650	650	654	653	654	0	1731658
2565	650	654	653	654	658	0	1732311
2566	654	653	654	658	653	0	1732965
2567	653	654	658	653	654	0	1733623
2568	654	658	653	654	658	0	1734276
2569	658	653	654	658	665	0	1734930
2570	653	654	658	665	658	0	1735588
2571	654	658	665	658	665	0	1736253
2572	658	665	658	665	669	0	1736911
2573	665	658	665	669	662	0	1737576
2574	658	665	669	662	661	0	1738245
2575	665	669	662	661	662	0	1738907
2576	669	662	661	662	665	0	1739568
2577	662	661	662	665	673	0	1740230
2578	661	662	665	673	662	0	1740895
2579	662	665	673	662	665	0	1741568
2580	665	673	662	665	669	0	1742230
2581	673	662	665	669	666	0	1742895
2582	662	665	669	666	665	0	1743564
2583	665	669	666	665	669	0	1744230
2584	669	666	665	669	669	0	1744895
2585	666	665	669	669	674	0	1745564
2586	665	669	669	674	673	0	1746233
2587	669	669	674	673	673	0	1746907
2588	669	674	673	673	673	0	1747580
2589	674	673	673	673	673	0	1748253
2590	673	673	673	673	677	0	1748926
2591	673	673	673	677	673	0	1749599
2592	673	673	677	673	674	0	1750276
2593	673	677	673	674	677	0	1750949
2594	677	673	674	677	669	0	1751623
2595	673	674	677	669	677	0	1752300
2596	674	677	669	677	673	0	1752969
2597	677	669	677	673	669	0	1753646
2598	669	677	673	669	673	0	1754319
2599	677	673	669	673	689	0	1754988
2600	673	669	673	689	677	0	1755661
2601	669	673	689	677	677	0	1756350
2602	673	689	677	677	677	0	1757027
2603	689	677	677	677	681	0	1757704
2604	677	677	677	681	685	0	1758381
2605	677	677	681	685	685	0	1759062
2606	677	681	685	685	681	0	1759747
2607	681	685	685	681	677	0	1760432
2608	685	685	681	677	681	0	1761113
2609	685	681	677	681	677	0	1761790
2610	681	677	681	677	681	0	1762471
2611	677	681	677	681	677	0	1763148
2612	681	677	681	677	673	0	1763829
2613	677	681	677	673	673	0	1764506
2614	681	677	673	673	681	0	1765179
2615	677	673	673	681	673	0	1765852
2616	673	673	681	673	673	0	1766533
2617	673	681	673	673	677	0	1767206
2618	681	673	673	677	670	0	1767879
2619	673	673	677	670	669	0	1768556
2620	673	677	670	669	665	0	1769226
2621	677	670	669	665	662	0	1769895
2622	670	669	665	662	673	0	1770560
2623	669	665	662	673	669	0	1771222
2624	665	662	673	669	677	0	1771895
2625	662	673	669	677	673	0	1772564
2626	673	669	677	673	674	0	1773241
2627	669	677	673	674	673	0	1773914
2628	677	673	674	673	677	0	1774588
2629	673	674	673	677	677	0	1775261
2630	674	673	677	677	681	0	1775938
2631	673	677	677	681	681	0	1776615
2632	677	677	681	681	681	0	1777296
2633	677	681	681	681	681	0	1777977
2634	681	681	681	681	677	0	1778658
2635	681	681	681	677	677	0	1779339
2636	681	681	677	677	673	0	1780016
2637	681	677	677	673	669	0	1780693
2638	677	677	673	669	677	0	1781366
2639	677	673	669	677	681	0	1782035
2640	673	669	677	681	669	0	1782712
2641	669	677	681	669	673	0	1783393
2642	677	681	669	673	677	0	1784062
2643	681	669	673	677	689	0	1784735
2644	669	673	677	689	681	0	1785412
2645	673	677	689	681	677	0	1786101
2646	677	689	681	677	677	0	1786782
2647	689	681	677	677	677	0	1787459
2648	681	677	677	677	673	0	1788136
2649	677	677	677	673	666	0	1788813
2650	677	677	673	666	669	0	1789486
2651	677	673	666	669	677	0	1790152
2652	673	666	669	677	669	0	1790821
2653	666	669	677	669	666	0	1791498
2654	669	677	669	666	665	0	1792167
2655	677	669	666	665	669	0	1792833
2656	669	666	665	669	666	0	1793498
2657	666	665	669	666	669	0	1794167
2658	665	669	666	669	661	0	1794833
2659	669	666	669	661	670	0	1795502
2660	666	669	661	670	669	0	1796163
2661	669	661	670	669	661	0	1796833
2662	661	670	669	661	666	0	1797502
2663	670	669	661	666	673	0	1798163
