i-2	i-1	i+0	i+1	i+2	Filter
401	459	1008	467	1019	0
459	1008	467	1019	463	1
1008	467	1019	463	1008	0
467	1019	463	1008	467	1
1019	463	1008	467	1023	0
463	1008	467	1023	463	1
1008	467	1023	463	1024	0
467	1023	463	1024	455	1
1023	463	1024	455	1011	0
463	1024	455	1011	467	1
1024	455	1011	467	1028	0
455	1011	467	1028	463	1
1011	467	1028	463	957	0
467	1028	463	957	463	1
1028	463	957	463	914	0
463	957	463	914	475	1
957	463	914	475	992	0
463	914	475	992	467	1
914	475	992	467	1070	0
475	992	467	1070	463	1
992	467	1070	463	1156	0
467	1070	463	1156	455	1
1070	463	1156	455	1160	0
463	1156	455	1160	459	1
1156	455	1160	459	1113	0
455	1160	459	1113	459	1
1160	459	1113	459	1050	0
459	1113	459	1050	460	1
1113	459	1050	460	1054	0
459	1050	460	1054	459	1
1050	460	1054	459	1066	0
460	1054	459	1066	452	1
1054	459	1066	452	1004	0
459	1066	452	1004	459	1
1066	452	1004	459	980	0
452	1004	459	980	459	1
1004	459	980	459	973	0
459	980	459	973	463	1
980	459	973	463	1059	0
459	973	463	1059	455	1
973	463	1059	455	1089	0
463	1059	455	1089	452	1
1059	455	1089	452	1120	0
455	1089	452	1120	459	1
1089	452	1120	459	1140	0
452	1120	459	1140	452	1
1120	459	1140	452	1070	0
459	1140	452	1070	455	1
1140	452	1070	455	1051	0
452	1070	455	1051	455	1
1070	455	1051	455	1051	0
455	1051	455	1051	451	1
1051	455	1051	451	1035	0
455	1051	451	1035	459	1
1051	451	1035	459	1020	0
451	1035	459	1020	455	1
1035	459	1020	455	965	0
459	1020	455	965	463	1
1020	455	965	463	941	0
455	965	463	941	460	1
965	463	941	460	914	0
463	941	460	914	463	1
941	460	914	463	973	0
460	914	463	973	463	1
914	463	973	463	1000	0
463	973	463	1000	455	1
973	463	1000	455	981	0
463	1000	455	981	463	1
1000	455	981	463	949	0
455	981	463	949	459	1
981	463	949	459	915	0
463	949	459	915	463	1
949	459	915	463	910	0
459	915	463	910	459	1
915	463	910	459	864	0
463	910	459	864	467	1
910	459	864	467	802	0
459	864	467	802	478	1
864	467	802	478	771	0
467	802	478	771	470	1
802	478	771	470	755	0
478	771	470	755	479	1
771	470	755	479	766	0
470	755	479	766	471	1
755	479	766	471	778	0
479	766	471	778	471	1
766	471	778	471	814	0
471	778	471	814	466	1
778	471	814	466	880	0
471	814	466	880	459	1
814	466	880	459	887	0
466	880	459	887	463	1
880	459	887	463	887	0
459	887	463	887	463	1
887	463	887	463	860	0
463	887	463	860	467	1
887	463	860	467	880	0
463	860	467	880	463	1
860	467	880	463	902	0
467	880	463	902	463	1
880	463	902	463	934	0
463	902	463	934	467	1
902	463	934	467	988	0
463	934	467	988	460	1
934	467	988	460	1000	0
467	988	460	1000	463	1
988	460	1000	463	1023	0
460	1000	463	1023	459	1
1000	463	1023	459	1023	0
463	1023	459	1023	460	1
1023	459	1023	460	988	0
459	1023	460	988	471	1
1023	460	988	471	965	0
460	988	471	965	471	1
988	471	965	471	933	0
471	965	471	933	467	1
965	471	933	467	923	0
471	933	467	923	474	1
933	467	923	474	911	0
467	923	474	911	471	1
923	474	911	471	926	0
474	911	471	926	478	1
911	471	926	478	992	0
471	926	478	992	467	1
926	478	992	467	996	0
478	992	467	996	471	1
992	467	996	471	1004	0
467	996	471	1004	467	1
996	471	1004	467	996	0
471	1004	467	996	467	1
1004	467	996	467	988	0
467	996	467	988	471	1
996	467	988	471	985	0
467	988	471	985	463	1
988	471	985	463	969	0
471	985	463	969	470	1
985	463	969	470	981	0
463	969	470	981	467	1
969	470	981	467	992	0
470	981	467	992	463	1
981	467	992	463	969	0
467	992	463	969	471	1
992	463	969	471	1004	0
463	969	471	1004	463	1
969	471	1004	463	1035	0
471	1004	463	1035	467	1
1004	463	1035	467	1066	0
463	1035	467	1066	459	1
1035	467	1066	459	1008	0
467	1066	459	1008	459	1
1066	459	1008	459	942	0
459	1008	459	942	470	1
1008	459	942	470	965	0
459	942	470	965	460	1
942	470	965	460	988	0
470	965	460	988	463	1
965	460	988	463	1039	0
460	988	463	1039	459	1
988	463	1039	459	1035	0
463	1039	459	1035	455	1
1039	459	1035	455	1020	0
459	1035	455	1020	455	1
1035	455	1020	455	1008	0
455	1020	455	1008	455	1
1020	455	1008	455	1008	0
455	1008	455	1008	459	1
1008	455	1008	459	1062	0
455	1008	459	1062	455	1
1008	459	1062	455	1067	0
459	1062	455	1067	455	1
1062	455	1067	455	1078	0
455	1067	455	1078	455	1
1067	455	1078	455	1062	0
455	1078	455	1062	451	1
1078	455	1062	451	1032	0
455	1062	451	1032	455	1
1062	451	1032	455	1015	0
451	1032	455	1015	456	1
1032	455	1015	456	1004	0
455	1015	456	1004	455	1
1015	456	1004	455	1019	0
456	1004	455	1019	456	1
1004	455	1019	456	1015	0
455	1019	456	1015	451	1
1019	456	1015	451	1004	0
456	1015	451	1004	460	1
1015	451	1004	460	1007	0
451	1004	460	1007	452	1
1004	460	1007	452	1004	0
460	1007	452	1004	459	1
1007	452	1004	459	1015	0
452	1004	459	1015	456	1
1004	459	1015	456	1015	0
459	1015	456	1015	455	1
1015	456	1015	455	1059	0
456	1015	455	1059	455	1
1015	455	1059	455	1093	0
455	1059	455	1093	452	1
1059	455	1093	452	1109	0
455	1093	452	1109	451	1
1093	452	1109	451	1039	0
452	1109	451	1039	455	1
1109	451	1039	455	1004	0
451	1039	455	1004	463	1
1039	455	1004	463	1055	0
455	1004	463	1055	455	1
1004	463	1055	455	1101	0
463	1055	455	1101	455	1
1055	455	1101	455	1140	0
455	1101	455	1140	452	1
1101	455	1140	452	1085	0
455	1140	452	1085	459	1
1140	452	1085	459	1117	0
452	1085	459	1117	455	1
1085	459	1117	455	1070	0
459	1117	455	1070	452	1
1117	455	1070	452	1043	0
455	1070	452	1043	459	1
1070	452	1043	459	1043	0
452	1043	459	1043	455	1
1043	459	1043	455	1062	0
459	1043	455	1062	463	1
1043	455	1062	463	1035	0
455	1062	463	1035	455	1
1062	463	1035	455	981	0
463	1035	455	981	471	1
1035	455	981	471	992	0
455	981	471	992	459	1
981	471	992	459	981	0
471	992	459	981	463	1
992	459	981	463	1023	0
459	981	463	1023	459	1
981	463	1023	459	1027	0
463	1023	459	1027	463	1
1023	459	1027	463	1070	0
459	1027	463	1070	460	1
1027	463	1070	460	1132	0
463	1070	460	1132	451	1
1070	460	1132	451	1063	0
460	1132	451	1063	463	1
1132	451	1063	463	1019	0
451	1063	463	1019	459	1
1063	463	1019	459	1004	0
463	1019	459	1004	467	1
1019	459	1004	467	1058	0
459	1004	467	1058	456	1
1004	467	1058	456	1085	0
467	1058	456	1085	459	1
1058	456	1085	459	1074	0
456	1085	459	1074	459	1
1085	459	1074	459	1028	0
459	1074	459	1028	459	1
1074	459	1028	459	1023	0
459	1028	459	1023	463	1
1028	459	1023	463	1039	0
459	1023	463	1039	459	1
1023	463	1039	459	1000	0
463	1039	459	1000	467	1
1039	459	1000	467	1016	0
459	1000	467	1016	459	1
1000	467	1016	459	1031	0
467	1016	459	1031	463	1
1016	459	1031	463	1051	0
459	1031	463	1051	463	1
1031	463	1051	463	1031	0
463	1051	463	1031	463	1
1051	463	1031	463	1050	0
463	1031	463	1050	463	1
1031	463	1050	463	1055	0
463	1050	463	1055	455	1
1050	463	1055	455	1016	0
463	1055	455	1016	463	1
1055	455	1016	463	1015	0
455	1016	463	1015	463	1
1016	463	1015	463	985	0
463	1015	463	985	463	1
1015	463	985	463	996	0
463	985	463	996	463	1
985	463	996	463	1012	0
463	996	463	1012	455	1
996	463	1012	455	980	0
463	1012	455	980	463	1
1012	455	980	463	1012	0
455	980	463	1012	459	1
980	463	1012	459	981	0
463	1012	459	981	459	1
1012	459	981	459	1004	0
459	981	459	1004	459	1
981	459	1004	459	1027	0
459	1004	459	1027	452	1
1004	459	1027	452	1062	0
459	1027	452	1062	455	1
1027	452	1062	455	1129	0
452	1062	455	1129	451	1
1062	455	1129	451	1101	0
455	1129	451	1101	451	1
1129	451	1101	451	1137	0
451	1101	451	1137	447	1
1101	451	1137	447	1093	0
451	1137	447	1093	452	1
1137	447	1093	452	1113	0
447	1093	452	1113	447	1
1093	452	1113	447	1086	0
452	1113	447	1086	443	1
1113	447	1086	443	1035	0
447	1086	443	1035	456	1
1086	443	1035	456	1046	0
443	1035	456	1046	452	1
1035	456	1046	452	1050	0
456	1046	452	1050	452	1
1046	452	1050	452	1070	0
452	1050	452	1070	451	1
1050	452	1070	451	1070	0
452	1070	451	1070	448	1
1070	451	1070	448	1050	0
451	1070	448	1050	451	1
1070	448	1050	451	1109	0
448	1050	451	1109	448	1
1050	451	1109	448	1105	0
451	1109	448	1105	451	1
1109	448	1105	451	1125	0
448	1105	451	1125	447	1
1105	451	1125	447	1109	0
451	1125	447	1109	444	1
1125	447	1109	444	1082	0
447	1109	444	1082	451	1
1109	444	1082	451	1074	0
444	1082	451	1074	443	1
1082	451	1074	443	1051	0
451	1074	443	1051	447	1
1074	443	1051	447	1035	0
443	1051	447	1035	448	1
1051	447	1035	448	1016	0
447	1035	448	1016	443	1
1035	448	1016	443	1008	0
448	1016	443	1008	451	1
1016	443	1008	451	1055	0
443	1008	451	1055	447	1
1008	451	1055	447	1090	0
451	1055	447	1090	443	1
1055	447	1090	443	1047	0
447	1090	443	1047	451	1
1090	443	1047	451	1035	0
443	1047	451	1035	452	1
1047	451	1035	452	1004	0
451	1035	452	1004	455	1
1035	452	1004	455	1039	0
452	1004	455	1039	447	1
1004	455	1039	447	1039	0
455	1039	447	1039	451	1
1039	447	1039	451	1109	0
447	1039	451	1109	444	1
1039	451	1109	444	1113	0
451	1109	444	1113	443	1
1109	444	1113	443	1098	0
444	1113	443	1098	443	1
1113	443	1098	443	1086	0
443	1098	443	1086	447	1
1098	443	1086	447	1125	0
443	1086	447	1125	443	1
1086	447	1125	443	1121	0
447	1125	443	1121	440	1
1125	443	1121	440	389	0
443	1121	440	389	727	1
1121	440	389	727	464	0
440	389	727	464	1151	0
389	727	464	1151	444	1
727	464	1151	444	1163	0
464	1151	444	1163	444	1
1151	444	1163	444	334	0
444	1163	444	334	810	1
1163	444	334	810	447	1
444	334	810	447	1074	0
334	810	447	1074	452	1
810	447	1074	452	1101	0
447	1074	452	1101	447	1
1074	452	1101	447	1113	0
452	1101	447	1113	444	1
1101	447	1113	444	1089	0
447	1113	444	1089	452	1
1113	444	1089	452	1136	0
444	1089	452	1136	447	1
1089	452	1136	447	1101	0
452	1136	447	1101	448	1
1136	447	1101	448	1093	0
447	1101	448	1093	452	1
1101	448	1093	452	1062	0
448	1093	452	1062	447	1
1093	452	1062	447	1059	0
452	1062	447	1059	455	1
1062	447	1059	455	1202	0
447	1059	455	1202	448	1
1059	455	1202	448	338	0
455	1202	448	338	786	1
1202	448	338	786	455	1
448	338	786	455	1129	0
338	786	455	1129	447	1
786	455	1129	447	1121	0
455	1129	447	1121	444	1
1129	447	1121	444	1144	0
447	1121	444	1144	451	1
1121	444	1144	451	1167	0
444	1144	451	1167	444	1
1144	451	1167	444	1136	0
451	1167	444	1136	447	1
1167	444	1136	447	1125	0
444	1136	447	1125	451	1
1136	447	1125	451	1028	0
447	1125	451	1028	455	1
1125	451	1028	455	1035	0
451	1028	455	1035	455	1
1028	455	1035	455	1058	0
455	1035	455	1058	452	1
1035	455	1058	452	1113	0
455	1058	452	1113	447	1
1058	452	1113	447	1097	0
452	1113	447	1097	448	1
1113	447	1097	448	1089	0
447	1097	448	1089	452	1
1097	448	1089	452	1155	0
448	1089	452	1155	448	1
1089	452	1155	448	1105	0
452	1155	448	1105	451	1
1155	448	1105	451	1082	0
448	1105	451	1082	451	1
1105	451	1082	451	1086	0
451	1082	451	1086	447	1
1082	451	1086	447	1094	0
451	1086	447	1094	451	1
1086	447	1094	451	1125	0
447	1094	451	1125	447	1
1094	451	1125	447	1078	0
451	1125	447	1078	451	1
1125	447	1078	451	1074	0
447	1078	451	1074	455	1
1078	451	1074	455	1051	0
451	1074	455	1051	448	1
1074	455	1051	448	1058	0
455	1051	448	1058	455	1
1051	448	1058	455	1074	0
448	1058	455	1074	448	1
1058	455	1074	448	1058	0
455	1074	448	1058	455	1
1074	448	1058	455	1078	0
448	1058	455	1078	451	1
1058	455	1078	451	1047	0
455	1078	451	1047	448	1
1078	451	1047	448	1027	0
451	1047	448	1027	455	1
1047	448	1027	455	1054	0
448	1027	455	1054	448	1
1027	455	1054	448	1054	0
455	1054	448	1054	456	1
1054	448	1054	456	1066	0
448	1054	456	1066	447	1
1054	456	1066	447	1055	0
456	1066	447	1055	451	1
1066	447	1055	451	1047	0
447	1055	451	1047	451	1
1055	451	1047	451	985	0
451	1047	451	985	451	1
1047	451	985	451	949	0
451	985	451	949	456	1
985	451	949	456	961	0
451	949	456	961	455	1
949	456	961	455	1027	0
456	961	455	1027	448	1
961	455	1027	448	1066	0
455	1027	448	1066	451	1
1027	448	1066	451	1101	0
448	1066	451	1101	448	1
1066	451	1101	448	335	0
451	1101	448	335	770	1
1101	448	335	770	455	1
448	335	770	455	1245	0
335	770	455	1245	444	1
770	455	1245	444	1222	0
455	1245	444	1222	443	1
1245	444	1222	443	1230	0
444	1222	443	1230	443	1
1222	443	1230	443	1152	0
443	1230	443	1152	444	1
1230	443	1152	444	1105	0
443	1152	444	1105	443	1
1152	444	1105	443	1059	0
444	1105	443	1059	451	1
1105	443	1059	451	1074	0
443	1059	451	1074	444	1
1059	451	1074	444	1046	0
451	1074	444	1046	448	1
1074	444	1046	448	1043	0
444	1046	448	1043	447	1
1046	448	1043	447	1023	0
448	1043	447	1023	448	1
1043	447	1023	448	1000	0
447	1023	448	1000	451	1
1023	448	1000	451	1051	0
448	1000	451	1051	447	1
1000	451	1051	447	1039	0
451	1051	447	1039	448	1
1051	447	1039	448	1007	0
447	1039	448	1007	452	1
1039	448	1007	452	1015	0
448	1007	452	1015	452	1
1007	452	1015	452	980	0
452	1015	452	980	452	1
1015	452	980	452	996	0
452	980	452	996	455	1
980	452	996	455	1051	0
452	996	455	1051	447	1
996	455	1051	447	1035	0
455	1051	447	1035	448	1
1051	447	1035	448	1046	0
447	1035	448	1046	452	1
1035	448	1046	452	1066	0
448	1046	452	1066	443	1
1046	452	1066	443	1031	0
452	1066	443	1031	452	1
1066	443	1031	452	1043	0
443	1031	452	1043	451	1
1031	452	1043	451	1047	0
452	1043	451	1047	447	1
1043	451	1047	447	1024	0
451	1047	447	1024	451	1
1047	447	1024	451	1039	0
447	1024	451	1039	455	1
1024	451	1039	455	988	0
451	1039	455	988	452	1
1039	455	988	452	930	0
455	988	452	930	459	1
988	452	930	459	1078	0
452	930	459	1078	447	1
930	459	1078	447	1074	0
459	1078	447	1074	451	1
1078	447	1074	451	1195	0
447	1074	451	1195	447	1
1074	451	1195	447	1164	0
451	1195	447	1164	443	1
1195	447	1164	443	1078	0
447	1164	443	1078	456	1
1164	443	1078	456	1116	0
443	1078	456	1116	448	1
1078	456	1116	448	1167	0
456	1116	448	1167	444	1
1116	448	1167	444	1101	0
448	1167	444	1101	451	1
1167	444	1101	451	1144	0
444	1101	451	1144	448	1
1101	451	1144	448	1109	0
451	1144	448	1109	447	1
1144	448	1109	447	1160	0
448	1109	447	1160	447	1
1109	447	1160	447	1167	0
447	1160	447	1167	444	1
1160	447	1167	444	1140	0
447	1167	444	1140	447	1
1167	444	1140	447	1156	0
444	1140	447	1156	444	1
1140	447	1156	444	1136	0
447	1156	444	1136	440	1
1156	444	1136	440	1066	0
444	1136	440	1066	451	1
1136	440	1066	451	1051	0
440	1066	451	1051	447	1
1066	451	1051	447	1012	0
451	1051	447	1012	451	1
1051	447	1012	451	1031	0
447	1012	451	1031	452	1
1012	451	1031	452	1050	0
451	1031	452	1050	452	1
1031	452	1050	452	1003	0
452	1050	452	1003	456	1
1050	452	1003	456	1000	0
452	1003	456	1000	451	1
1003	456	1000	451	930	0
456	1000	451	930	448	1
1000	451	930	448	758	0
451	930	448	758	459	1
930	448	758	459	670	0
448	758	459	670	470	1
758	459	670	470	670	0
459	670	470	670	463	1
670	470	670	463	782	0
470	670	463	782	447	1
670	463	782	447	779	0
463	782	447	779	431	1
782	447	779	431	740	0
447	779	431	740	432	1
779	431	740	432	692	0
431	740	432	692	428	1
740	432	692	428	658	0
432	692	428	658	432	1
692	428	658	432	630	0
428	658	432	630	428	1
658	432	630	428	611	0
432	630	428	611	420	1
630	428	611	420	607	0
428	611	420	607	417	1
611	420	607	417	595	0
420	607	417	595	416	1
607	417	595	416	588	0
417	595	416	588	541	1
595	416	588	541	436	0
416	588	541	436	505	0
588	541	436	505	487	0
541	436	505	487	463	0
436	505	487	463	509	0
505	487	463	509	405	1
487	463	509	405	560	0
463	509	405	560	483	1
509	405	560	483	459	0
405	560	483	459	483	0
560	483	459	483	400	0
483	459	483	400	533	0
459	483	400	533	409	1
483	400	533	409	514	0
400	533	409	514	408	1
533	409	514	408	510	0
409	514	408	510	405	1
514	408	510	405	502	0
408	510	405	502	455	1
510	405	502	455	447	0
405	502	455	447	420	0
502	455	447	420	471	0
455	447	420	471	444	1
447	420	471	444	443	0
420	471	444	443	405	0
471	444	443	405	471	0
444	443	405	471	440	1
443	405	471	440	435	0
405	471	440	435	401	0
471	440	435	401	479	0
440	435	401	479	440	1
435	401	479	440	443	0
401	479	440	443	401	0
479	440	443	401	486	0
440	443	401	486	452	1
443	401	486	452	451	0
401	486	452	451	409	0
486	452	451	409	505	0
452	451	409	505	463	1
451	409	505	463	463	0
409	505	463	463	456	0
505	463	463	456	397	0
463	463	456	397	529	0
463	456	397	529	463	1
456	397	529	463	443	0
397	529	463	443	479	0
529	463	443	479	397	0
463	443	479	397	521	0
443	479	397	521	459	1
479	397	521	459	460	0
397	521	459	460	455	0
521	459	460	455	393	0
459	460	455	393	377	0
460	455	393	377	378	1
455	393	377	378	381	1
393	377	378	381	377	1
377	378	381	377	386	1
378	381	377	386	381	1
381	377	386	381	385	1
377	386	381	385	381	1
386	381	385	381	382	1
381	385	381	382	389	1
385	381	382	389	385	1
381	382	389	385	381	1
382	389	385	381	386	1
389	385	381	386	389	1
385	381	386	389	377	1
381	386	389	377	382	1
386	389	377	382	385	1
389	377	382	385	381	1
377	382	385	381	381	1
382	385	381	381	378	1
385	381	381	378	381	1
381	381	378	381	378	1
381	378	381	378	373	1
378	381	378	373	374	1
381	378	373	374	369	1
378	373	374	369	370	1
373	374	369	370	370	1
374	369	370	370	361	1
369	370	370	361	366	1
370	370	361	366	366	1
370	361	366	366	358	1
361	366	366	358	366	1
366	366	358	366	350	1
366	358	366	350	354	1
358	366	350	354	354	1
366	350	354	354	350	1
350	354	354	350	350	1
354	354	350	350	351	1
354	350	350	351	346	1
350	350	351	346	350	1
350	351	346	350	350	1
351	346	350	350	343	1
346	350	350	343	346	1
350	350	343	346	339	1
350	343	346	339	342	1
343	346	339	342	339	1
346	339	342	339	346	1
339	342	339	346	338	1
342	339	346	338	339	1
339	346	338	339	338	1
346	338	339	338	331	1
338	339	338	331	335	1
339	338	331	335	334	1
338	331	335	334	339	1
331	335	334	339	338	1
335	334	339	338	335	1
334	339	338	335	331	1
339	338	335	331	338	1
338	335	331	338	331	1
335	331	338	331	331	1
331	338	331	331	338	1
338	331	331	338	335	1
331	331	338	335	338	1
331	338	335	338	331	1
338	335	338	331	339	1
335	338	331	339	330	1
338	331	339	330	335	1
331	339	330	335	331	1
339	330	335	331	334	1
330	335	331	334	331	1
335	331	334	331	335	1
331	334	331	335	331	1
334	331	335	331	330	1
331	335	331	330	331	1
335	331	330	331	331	1
331	330	331	331	334	1
330	331	331	334	327	1
331	331	334	327	327	1
331	334	327	327	331	1
334	327	327	331	327	1
327	327	331	327	323	1
327	331	327	323	323	1
331	327	323	323	330	1
327	323	323	330	331	1
323	323	330	331	315	1
323	330	331	315	327	1
330	331	315	327	327	1
331	315	327	327	331	1
315	327	327	331	327	1
327	327	331	327	323	1
327	331	327	323	326	1
331	327	323	326	323	1
327	323	326	323	327	1
323	326	323	327	319	1
326	323	327	319	327	1
323	327	319	327	327	1
327	319	327	327	327	1
319	327	327	327	327	1
327	327	327	327	327	1
327	327	327	327	326	1
327	327	327	326	331	1
327	327	326	331	323	1
327	326	331	323	331	1
326	331	323	331	323	1
331	323	331	323	323	1
323	331	323	323	323	1
331	323	323	323	319	1
323	323	323	319	327	1
323	323	319	327	323	1
323	319	327	323	322	1
319	327	323	322	327	1
327	323	322	327	323	1
323	322	327	323	327	1
322	327	323	327	323	1
327	323	327	323	327	1
323	327	323	327	331	1
327	323	327	331	330	1
323	327	331	330	327	1
327	331	330	327	327	1
331	330	327	327	331	1
330	327	327	331	323	1
327	327	331	323	327	1
327	331	323	327	327	1
331	323	327	327	334	1
323	327	327	334	327	1
327	327	334	327	323	1
327	334	327	323	331	1
334	327	323	331	327	1
327	323	331	327	330	1
323	331	327	330	327	1
331	327	330	327	331	1
327	330	327	331	331	1
330	327	331	331	330	1
327	331	331	330	331	1
331	331	330	331	335	1
331	330	331	335	327	1
330	331	335	327	334	1
331	335	327	334	331	1
335	327	334	331	335	1
327	334	331	335	334	1
334	331	335	334	335	1
331	335	334	335	334	1
335	334	335	334	335	1
334	335	334	335	339	1
335	334	335	339	334	1
334	335	339	334	339	1
335	339	334	339	342	1
339	334	339	342	343	1
334	339	342	343	334	1
339	342	343	334	335	1
342	343	334	335	338	1
343	334	335	338	335	1
334	335	338	335	339	1
335	338	335	339	338	1
338	335	339	338	342	1
335	339	338	342	339	1
339	338	342	339	342	1
338	342	339	342	343	1
342	339	342	343	338	1
339	342	343	338	343	1
342	343	338	343	346	1
343	338	343	346	339	1
338	343	346	339	338	1
343	346	339	338	339	1
346	339	338	339	342	1
339	338	339	342	339	1
338	339	342	339	342	1
339	342	339	342	350	1
342	339	342	350	343	1
339	342	350	343	342	1
342	350	343	342	350	1
350	343	342	350	343	1
343	342	350	343	342	1
342	350	343	342	335	1
350	343	342	335	595	1
343	342	335	595	366	1
342	335	595	366	502	0
335	595	366	502	369	1
595	366	502	369	421	0
366	502	369	421	389	0
502	369	421	389	428	0
369	421	389	428	389	0
421	389	428	389	552	0
389	428	389	552	374	1
428	389	552	374	650	0
389	552	374	650	362	1
552	374	650	362	603	0
374	650	362	603	361	1
650	362	603	361	576	0
362	603	361	576	362	1
603	361	576	362	561	0
361	576	362	561	365	1
576	362	561	365	553	0
362	561	365	553	366	1
561	365	553	366	529	0
365	553	366	529	377	1
553	366	529	377	510	0
366	529	377	510	385	1
529	377	510	385	490	0
377	510	385	490	409	1
510	385	490	409	463	0
385	490	409	463	405	1
490	409	463	405	467	0
409	463	405	467	428	1
463	405	467	428	428	0
405	467	428	428	439	0
467	428	428	439	471	0
428	428	439	471	416	0
428	439	471	416	744	0
439	471	416	744	400	1
471	416	744	400	794	0
416	744	400	794	397	1
744	400	794	397	673	0
400	794	397	673	424	1
794	397	673	424	580	0
397	673	424	580	490	1
673	424	580	490	495	0
424	580	490	495	509	0
580	490	495	509	530	0
490	495	509	530	564	0
495	509	530	564	638	0
509	530	564	638	657	0
530	564	638	657	584	0
564	638	657	584	545	0
638	657	584	545	556	0
657	584	545	556	576	0
584	545	556	576	436	0
545	556	576	436	930	0
556	576	436	930	599	1
576	436	930	599	413	0
436	930	599	413	747	0
930	599	413	747	537	1
599	413	747	537	533	0
413	747	537	533	420	0
747	537	533	420	619	0
537	533	420	619	505	1
533	420	619	505	510	0
420	619	505	510	522	0
619	505	510	522	548	0
505	510	522	548	611	0
510	522	548	611	432	0
522	548	611	432	953	0
548	611	432	953	448	1
611	432	953	448	681	0
432	953	448	681	525	1
953	448	681	525	556	0
448	681	525	556	584	0
681	525	556	584	716	0
525	556	584	716	420	0
556	584	716	420	1004	0
584	716	420	1004	416	1
716	420	1004	416	724	0
420	1004	416	724	537	1
1004	416	724	537	498	0
416	724	537	498	607	0
724	537	498	607	568	1
537	498	607	568	642	0
498	607	568	642	728	0
607	568	642	728	424	0
568	642	728	424	907	0
642	728	424	907	548	1
728	424	907	548	545	0
424	907	548	545	471	0
907	548	545	471	634	0
548	545	471	634	541	1
545	471	634	541	451	0
471	634	541	451	662	0
634	541	451	662	517	1
541	451	662	517	522	0
451	662	517	522	517	0
662	517	522	517	518	0
517	522	517	518	513	0
522	517	518	513	533	0
517	518	513	533	534	0
518	513	533	534	474	0
513	533	534	474	572	0
533	534	474	572	510	1
534	474	572	510	518	0
474	572	510	518	455	0
572	510	518	455	576	0
510	518	455	576	513	1
518	455	576	513	526	0
455	576	513	526	482	0
576	513	526	482	366	0
513	526	482	366	307	1
526	482	366	307	872	1
482	366	307	872	420	1
366	307	872	420	638	0
307	872	420	638	506	1
872	420	638	506	498	0
420	638	506	498	510	0
638	506	498	510	545	0
506	498	510	545	470	0
498	510	545	470	814	0
510	545	470	814	439	1
545	470	814	439	755	0
470	814	439	755	440	1
814	439	755	440	677	0
439	755	440	677	443	1
755	440	677	443	639	0
440	677	443	639	443	1
677	443	639	443	611	0
443	639	443	611	451	1
639	443	611	451	588	0
443	611	451	588	517	1
611	451	588	517	522	0
451	588	517	522	455	0
588	517	522	455	646	0
517	522	455	646	529	1
522	455	646	529	553	0
455	646	529	553	455	0
646	529	553	455	891	0
529	553	455	891	459	1
553	455	891	459	880	0
455	891	459	880	447	1
891	459	880	447	813	0
459	880	447	813	448	1
880	447	813	448	720	0
447	813	448	720	459	1
813	448	720	459	653	0
448	720	459	653	533	1
720	459	653	533	537	0
459	653	533	537	487	0
653	533	537	487	548	0
533	537	487	548	522	1
537	487	548	522	556	0
487	548	522	556	716	0
548	522	556	716	424	0
522	556	716	424	1051	0
556	716	424	1051	432	1
716	424	1051	432	813	0
424	1051	432	813	428	1
1051	432	813	428	720	0
432	813	428	720	440	1
813	428	720	440	669	0
428	720	440	669	451	1
720	440	669	451	627	0
440	669	451	627	502	1
669	451	627	502	568	0
451	627	502	568	533	1
627	502	568	533	541	0
502	568	533	541	451	0
568	533	541	451	619	0
533	541	451	619	529	1
541	451	619	529	479	0
451	619	529	479	599	0
619	529	479	599	537	1
529	479	599	537	486	0
479	599	537	486	592	0
599	537	486	592	536	1
537	486	592	536	537	0
486	592	536	537	541	0
592	536	537	541	467	0
536	537	541	467	669	0
537	541	467	669	580	1
541	467	669	580	592	0
467	669	580	592	432	0
669	580	592	432	778	0
580	592	432	778	494	1
592	432	778	494	681	0
432	778	494	681	502	1
778	494	681	502	611	0
494	681	502	611	533	1
681	502	611	533	533	0
502	611	533	533	541	0
611	533	533	541	463	0
533	533	541	463	700	0
533	541	463	700	553	1
541	463	700	553	552	0
463	700	553	552	440	0
700	553	552	440	731	0
553	552	440	731	557	1
552	440	731	557	436	0
440	731	557	436	684	0
731	557	436	684	553	1
557	436	684	553	556	0
436	684	553	556	549	0
684	553	556	549	424	0
553	556	549	424	650	0
556	549	424	650	479	1
549	424	650	479	587	0
424	650	479	587	529	1
650	479	587	529	537	0
479	587	529	537	467	0
587	529	537	467	642	0
529	537	467	642	452	1
537	467	642	452	661	0
467	642	452	661	448	1
642	452	661	448	669	0
452	661	448	669	440	1
661	448	669	440	680	0
448	669	440	680	432	1
669	440	680	432	681	0
440	680	432	681	432	1
680	432	681	432	681	0
432	681	432	681	428	1
681	432	681	428	650	0
432	681	428	650	459	1
681	428	650	459	607	0
428	650	459	607	490	1
650	459	607	490	592	0
459	607	490	592	459	1
607	490	592	459	638	0
490	592	459	638	451	1
592	459	638	451	677	0
459	638	451	677	436	1
638	451	677	436	697	0
451	677	436	697	428	1
677	436	697	428	669	0
436	697	428	669	428	1
697	428	669	428	634	0
428	669	428	634	479	1
669	428	634	479	576	0
428	634	479	576	498	1
634	479	576	498	381	0
479	576	498	381	732	1
576	498	381	732	439	1
498	381	732	439	623	0
381	732	439	623	521	1
732	439	623	521	533	0
439	623	521	533	467	0
623	521	533	467	833	0
521	533	467	833	490	1
533	467	833	490	884	0
467	833	490	884	447	1
833	490	884	447	852	0
490	884	447	852	455	1
884	447	852	455	783	0
447	852	455	783	466	1
852	455	783	466	763	0
455	783	466	763	475	1
783	466	763	475	696	0
466	763	475	696	498	1
763	475	696	498	627	0
475	696	498	627	545	1
696	498	627	545	583	0
498	627	545	583	654	0
627	545	583	654	444	0
545	583	654	444	381	0
583	654	444	381	451	1
654	444	381	451	868	1
444	381	451	868	432	0
381	451	868	432	926	0
451	868	432	926	471	1
868	432	926	471	731	0
432	926	471	731	545	1
926	471	731	545	611	0
471	731	545	611	560	1
731	545	611	560	549	0
545	611	560	549	451	0
611	560	549	451	658	0
560	549	451	658	552	1
549	451	658	552	561	0
451	658	552	561	463	0
658	552	561	463	684	0
552	561	463	684	452	1
561	463	684	452	685	0
463	684	452	685	435	1
684	452	685	435	685	0
452	685	435	685	444	1
685	435	685	444	669	0
435	685	444	669	467	1
685	444	669	467	619	0
444	669	467	619	529	1
669	467	619	529	529	0
467	619	529	529	440	0
619	529	529	440	599	0
529	529	440	599	514	1
529	440	599	514	513	0
440	599	514	513	440	0
599	514	513	440	622	0
514	513	440	622	557	1
513	440	622	557	455	0
440	622	557	455	821	0
622	557	455	821	459	1
557	455	821	459	779	0
455	821	459	779	447	1
821	459	779	447	751	0
459	779	447	751	428	1
779	447	751	428	712	0
447	751	428	712	432	1
751	428	712	432	665	0
428	712	432	665	444	1
712	432	665	444	622	0
432	665	444	622	471	1
665	444	622	471	561	0
444	622	471	561	505	1
622	471	561	505	510	0
471	561	505	510	440	0
561	505	510	440	630	0
505	510	440	630	518	1
510	440	630	518	556	0
440	630	518	556	529	0
630	518	556	529	533	0
518	556	529	533	483	0
556	529	533	483	587	0
529	533	483	587	452	1
533	483	587	452	618	0
483	587	452	618	436	1
587	452	618	436	627	0
452	618	436	627	428	1
618	436	627	428	622	0
436	627	428	622	424	1
627	428	622	424	607	0
428	622	424	607	432	1
622	424	607	432	584	0
424	607	432	584	471	1
607	432	584	471	533	0
432	584	471	533	506	1
584	471	533	506	521	0
471	533	506	521	432	0
533	506	521	432	728	0
506	521	432	728	443	1
521	432	728	443	673	0
432	728	443	673	440	1
728	443	673	440	685	0
443	673	440	685	428	1
673	440	685	428	704	0
440	685	428	704	413	1
685	428	704	413	704	0
428	704	413	704	408	1
704	413	704	408	674	0
413	704	408	674	412	1
704	408	674	412	642	0
408	674	412	642	424	1
674	412	642	424	603	0
412	642	424	603	424	1
642	424	603	424	580	0
424	603	424	580	436	1
603	424	580	436	560	0
424	580	436	560	436	1
580	436	560	436	560	0
436	560	436	560	440	1
560	436	560	440	560	0
436	560	440	560	440	1
560	440	560	440	553	0
440	560	440	553	455	1
560	440	553	455	525	0
440	553	455	525	452	1
553	455	525	452	529	0
455	525	452	529	439	1
525	452	529	439	553	0
452	529	439	553	428	1
529	439	553	428	588	0
439	553	428	588	420	1
553	428	588	420	607	0
428	588	420	607	416	1
588	420	607	416	630	0
420	607	416	630	405	1
607	416	630	405	627	0
416	630	405	627	412	1
630	405	627	412	611	0
405	627	412	611	416	1
627	412	611	416	592	0
412	611	416	592	428	1
611	416	592	428	587	0
416	592	428	587	432	1
592	428	587	432	599	0
428	587	432	599	436	1
587	432	599	436	623	0
432	599	436	623	428	1
599	436	623	428	630	0
436	623	428	630	440	1
623	428	630	440	630	0
428	630	440	630	432	1
630	440	630	432	642	0
440	630	432	642	428	1
630	432	642	428	669	0
432	642	428	669	421	1
642	428	669	421	677	0
428	669	421	677	416	1
669	421	677	416	677	0
421	677	416	677	413	1
677	416	677	413	665	0
416	677	413	665	416	1
677	413	665	416	638	0
413	665	416	638	432	1
665	416	638	432	615	0
416	638	432	615	432	1
638	432	615	432	619	0
432	615	432	619	435	1
615	432	619	435	619	0
432	619	435	619	432	1
619	435	619	432	619	0
435	619	432	619	439	1
619	432	619	439	603	0
432	619	439	603	444	1
619	439	603	444	599	0
439	603	444	599	440	1
603	444	599	440	588	0
444	599	440	588	466	1
599	440	588	466	545	0
440	588	466	545	467	1
588	466	545	467	545	0
466	545	467	545	471	1
545	467	545	471	564	0
467	545	471	564	463	1
545	471	564	463	591	0
471	564	463	591	452	1
564	463	591	452	615	0
463	591	452	615	447	1
591	452	615	447	630	0
452	615	447	630	448	1
615	447	630	448	692	0
447	630	448	692	432	1
630	448	692	432	740	0
448	692	432	740	416	1
692	432	740	416	759	0
432	740	416	759	412	1
740	416	759	412	736	0
416	759	412	736	420	1
759	412	736	420	689	0
412	736	420	689	424	1
736	420	689	424	665	0
420	689	424	665	428	1
689	424	665	428	673	0
424	665	428	673	428	1
665	428	673	428	673	0
428	673	428	673	432	1
673	428	673	432	685	0
428	673	432	685	436	1
673	432	685	436	657	0
432	685	436	657	448	1
685	436	657	448	630	0
436	657	448	630	452	1
657	448	630	452	642	0
448	630	452	642	463	1
630	452	642	463	696	0
452	642	463	696	448	1
642	463	696	448	723	0
463	696	448	723	436	1
696	448	723	436	724	0
448	723	436	724	432	1
723	436	724	432	704	0
436	724	432	704	432	1
724	432	704	432	689	0
432	704	432	689	436	1
704	432	689	436	669	0
432	689	436	669	436	1
689	436	669	436	646	0
436	669	436	646	474	1
669	436	646	474	592	0
436	646	474	592	513	1
646	474	592	513	374	0
474	592	513	374	774	0
592	513	374	774	440	1
513	374	774	440	724	0
374	774	440	724	447	1
774	440	724	447	720	0
440	724	447	720	447	1
724	447	720	447	677	0
447	720	447	677	456	1
720	447	677	456	646	0
447	677	456	646	467	1
677	456	646	467	618	0
456	646	467	618	537	1
646	467	618	537	545	0
467	618	537	545	463	0
618	537	545	463	638	0
537	545	463	638	549	1
545	463	638	549	572	0
463	638	549	572	455	0
638	549	572	455	778	0
549	572	455	778	541	1
572	455	778	541	708	0
455	778	541	708	592	1
778	541	708	592	614	0
541	708	592	614	448	0
708	592	614	448	782	0
592	614	448	782	471	1
614	448	782	471	708	0
448	782	471	708	479	1
782	471	708	479	661	0
471	708	479	661	556	1
708	479	661	556	565	0
479	661	556	565	451	0
661	556	565	451	720	0
556	565	451	720	564	1
565	451	720	564	572	0
451	720	564	572	455	0
720	564	572	455	712	0
564	572	455	712	448	1
572	455	712	448	708	0
455	712	448	708	568	1
712	448	708	568	572	0
448	708	568	572	448	0
708	568	572	448	700	0
568	572	448	700	564	1
572	448	700	564	572	0
448	700	564	572	572	0
700	564	572	572	576	0
564	572	572	576	545	0
572	572	576	545	358	0
572	576	545	358	825	1
576	545	358	825	443	1
545	358	825	443	701	0
358	825	443	701	521	1
825	443	701	521	389	0
443	701	521	389	782	1
701	521	389	782	420	1
521	389	782	420	674	0
389	782	420	674	470	1
782	420	674	470	588	0
420	674	470	588	517	1
674	470	588	517	526	0
470	588	517	526	544	0
588	517	526	544	456	0
517	526	544	456	918	0
526	544	456	918	463	1
544	456	918	463	821	0
456	918	463	821	459	1
918	463	821	459	736	0
463	821	459	736	463	1
821	459	736	463	716	0
459	736	463	716	463	1
736	463	716	463	762	0
463	716	463	762	448	1
716	463	762	448	817	0
463	762	448	817	436	1
762	448	817	436	809	0
448	817	436	809	420	1
817	436	809	420	751	0
436	809	420	751	440	1
809	420	751	440	696	0
420	751	440	696	452	1
751	440	696	452	673	0
440	696	452	673	444	1
696	452	673	444	673	0
452	673	444	673	443	1
673	444	673	443	666	0
444	673	443	666	455	1
673	443	666	455	642	0
443	666	455	642	545	1
666	455	642	545	556	0
455	642	545	556	455	0
642	545	556	455	771	0
545	556	455	771	494	1
556	455	771	494	739	0
455	771	494	739	487	1
771	494	739	487	778	0
494	739	487	778	463	1
739	487	778	463	782	0
487	778	463	782	447	1
778	463	782	447	783	0
463	782	447	783	443	1
782	447	783	443	759	0
447	783	443	759	443	1
783	443	759	443	724	0
443	759	443	724	428	1
759	443	724	428	697	0
443	724	428	697	455	1
724	428	697	455	630	0
428	697	455	630	526	1
697	455	630	526	416	0
455	630	526	416	443	0
630	526	416	443	393	1
526	416	443	393	724	1
416	443	393	724	436	1
443	393	724	436	700	0
393	724	436	700	440	1
724	436	700	440	592	0
436	700	440	592	474	1
700	440	592	474	514	0
440	592	474	514	490	1
592	474	514	490	487	0
474	514	490	487	451	0
514	490	487	451	521	0
490	487	451	521	483	1
487	451	521	483	482	0
451	521	483	482	459	0
521	483	482	459	518	0
483	482	459	518	502	1
482	459	518	502	478	0
459	518	502	478	623	0
518	502	478	623	537	1
502	478	623	537	549	0
478	623	537	549	439	0
623	537	549	439	650	0
537	549	439	650	448	1
549	439	650	448	634	0
439	650	448	634	455	1
650	448	634	455	623	0
448	634	455	623	447	1
634	455	623	447	630	0
455	623	447	630	436	1
623	447	630	436	638	0
447	630	436	638	428	1
630	436	638	428	635	0
436	638	428	635	424	1
638	428	635	424	634	0
428	635	424	634	424	1
635	424	634	424	627	0
424	634	424	627	428	1
634	424	627	428	622	0
424	627	428	622	432	1
627	428	622	432	634	0
428	622	432	634	428	1
622	432	634	428	650	0
432	634	428	650	428	1
634	428	650	428	646	0
428	650	428	646	436	1
650	428	646	436	634	0
428	646	436	634	444	1
646	436	634	444	626	0
436	634	444	626	448	1
634	444	626	448	638	0
444	626	448	638	447	1
626	448	638	447	631	0
448	638	447	631	447	1
638	447	631	447	642	0
447	631	447	642	444	1
631	447	642	444	657	0
447	642	444	657	428	1
642	444	657	428	681	0
444	657	428	681	424	1
657	428	681	424	677	0
428	681	424	677	424	1
681	424	677	424	662	0
424	677	424	662	424	1
677	424	662	424	638	0
424	662	424	638	432	1
662	424	638	432	615	0
424	638	432	615	444	1
638	432	615	444	591	0
432	615	444	591	432	1
615	444	591	432	591	0
444	591	432	591	432	1
591	432	591	432	596	0
432	591	432	596	431	1
591	432	596	431	596	0
432	596	431	596	455	1
596	431	596	455	568	0
431	596	455	568	467	1
596	455	568	467	553	0
455	568	467	553	505	1
568	467	553	505	518	0
467	553	505	518	432	0
553	505	518	432	704	0
505	518	432	704	444	1
518	432	704	444	692	0
432	704	444	692	421	1
704	444	692	421	677	0
444	692	421	677	424	1
692	421	677	424	653	0
421	677	424	653	436	1
677	424	653	436	619	0
424	653	436	619	440	1
653	436	619	440	599	0
436	619	440	599	432	1
619	440	599	432	587	0
440	599	432	587	440	1
599	432	587	440	572	0
432	587	440	572	459	1
587	440	572	459	549	0
440	572	459	549	463	1
572	459	549	463	560	0
459	549	463	560	444	1
549	463	560	444	595	0
463	560	444	595	440	1
560	444	595	440	611	0
444	595	440	611	435	1
595	440	611	435	623	0
440	611	435	623	424	1
611	435	623	424	623	0
435	623	424	623	428	1
623	424	623	428	630	0
424	623	428	630	424	1
623	428	630	424	638	0
428	630	424	638	420	1
630	424	638	420	662	0
424	638	420	662	416	1
638	420	662	416	654	0
420	662	416	654	420	1
662	416	654	420	642	0
416	654	420	642	428	1
654	420	642	428	634	0
420	642	428	634	432	1
642	428	634	432	654	0
428	634	432	654	432	1
634	432	654	432	654	0
432	654	432	654	435	1
654	432	654	435	639	0
432	654	435	639	439	1
654	435	639	439	631	0
435	639	439	631	439	1
639	439	631	439	631	0
439	631	439	631	451	1
631	439	631	451	638	0
439	631	451	638	444	1
631	451	638	444	665	0
451	638	444	665	436	1
638	444	665	436	673	0
444	665	436	673	432	1
665	436	673	432	677	0
436	673	432	677	432	1
673	432	677	432	669	0
432	677	432	669	428	1
677	432	669	428	654	0
432	669	428	654	424	1
669	428	654	424	630	0
428	654	424	630	428	1
654	424	630	428	611	0
424	630	428	611	432	1
630	428	611	432	607	0
428	611	432	607	436	1
611	432	607	436	615	0
432	607	436	615	432	1
607	436	615	432	618	0
436	615	432	618	432	1
615	432	618	432	635	0
432	618	432	635	424	1
618	432	635	424	649	0
432	635	424	649	413	1
635	424	649	413	657	0
424	649	413	657	401	1
649	413	657	401	662	0
413	657	401	662	408	1
657	401	662	408	677	0
401	662	408	677	409	1
662	408	677	409	677	0
408	677	409	677	405	1
677	409	677	405	673	0
409	677	405	673	408	1
677	405	673	408	666	0
405	673	408	666	412	1
673	408	666	412	654	0
408	666	412	654	405	1
666	412	654	405	642	0
412	654	405	642	424	1
654	405	642	424	614	0
405	642	424	614	432	1
642	424	614	432	607	0
424	614	432	607	440	1
614	432	607	440	630	0
432	607	440	630	452	1
607	440	630	452	801	0
440	630	452	801	428	1
630	452	801	428	864	0
452	801	428	864	420	1
801	428	864	420	825	0
428	864	420	825	413	1
864	420	825	413	758	0
420	825	413	758	421	1
825	413	758	421	735	0
413	758	421	735	416	1
758	421	735	416	705	0
421	735	416	705	416	1
735	416	705	416	677	0
416	705	416	677	413	1
705	416	677	413	665	0
416	677	413	665	409	1
677	413	665	409	661	0
413	665	409	661	405	1
665	409	661	405	661	0
409	661	405	661	405	1
661	405	661	405	654	0
405	661	405	654	412	1
661	405	654	412	630	0
405	654	412	630	424	1
654	412	630	424	615	0
412	630	424	615	432	1
630	424	615	432	650	0
424	615	432	650	428	1
615	432	650	428	693	0
432	650	428	693	431	1
650	428	693	431	751	0
428	693	431	751	417	1
693	431	751	417	766	0
431	751	417	766	409	1
751	417	766	409	739	0
417	766	409	739	417	1
766	409	739	417	731	0
409	739	417	731	412	1
739	417	731	412	716	0
417	731	412	716	409	1
731	412	716	409	693	0
412	716	409	693	416	1
716	409	693	416	661	0
409	693	416	661	425	1
693	416	661	425	634	0
416	661	425	634	432	1
661	425	634	432	618	0
425	634	432	618	436	1
634	432	618	436	603	0
432	618	436	603	444	1
618	436	603	444	607	0
436	603	444	607	440	1
603	444	607	440	626	0
444	607	440	626	440	1
607	440	626	440	630	0
440	626	440	630	436	1
626	440	630	436	622	0
440	630	436	622	432	1
630	436	622	432	611	0
436	622	432	611	436	1
622	432	611	436	611	0
432	611	436	611	424	1
611	436	611	424	615	0
436	611	424	615	424	1
611	424	615	424	615	0
424	615	424	615	416	1
615	424	615	416	623	0
424	615	416	623	416	1
615	416	623	416	619	0
416	623	416	619	412	1
623	416	619	412	607	0
416	619	412	607	420	1
619	412	607	420	588	0
412	607	420	588	424	1
607	420	588	424	572	0
420	588	424	572	432	1
588	424	572	432	572	0
424	572	432	572	428	1
572	432	572	428	607	0
432	572	428	607	432	1
572	428	607	432	634	0
428	607	432	634	432	1
607	432	634	432	665	0
432	634	432	665	413	1
634	432	665	413	653	0
432	665	413	653	421	1
665	413	653	421	630	0
413	653	421	630	420	1
653	421	630	420	619	0
421	630	420	619	416	1
630	420	619	416	615	0
420	619	416	615	413	1
619	416	615	413	599	0
416	615	413	599	412	1
615	413	599	412	584	0
413	599	412	584	416	1
599	412	584	416	576	0
412	584	416	576	413	1
584	416	576	413	575	0
416	576	413	575	417	1
576	413	575	417	580	0
413	575	417	580	412	1
575	417	580	412	591	0
417	580	412	591	413	1
580	412	591	413	607	0
412	591	413	607	405	1
591	413	607	405	618	0
413	607	405	618	405	1
607	405	618	405	626	0
405	618	405	626	397	1
618	405	626	397	631	0
405	626	397	631	389	1
626	397	631	389	607	0
397	631	389	607	404	1
631	389	607	404	584	0
389	607	404	584	413	1
607	404	584	413	568	0
404	584	413	568	416	1
584	413	568	416	584	0
413	568	416	584	412	1
568	416	584	412	599	0
416	584	412	599	413	1
584	412	599	413	603	0
412	599	413	603	412	1
599	413	603	412	615	0
413	603	412	615	413	1
603	412	615	413	622	0
412	615	413	622	405	1
615	413	622	405	618	0
413	622	405	618	413	1
622	405	618	413	622	0
405	618	413	622	409	1
618	413	622	409	650	0
413	622	409	650	404	1
622	409	650	404	650	0
409	650	404	650	409	1
650	404	650	409	669	0
404	650	409	669	401	1
650	409	669	401	661	0
409	669	401	661	401	1
669	401	661	401	666	0
401	661	401	666	408	1
661	401	666	408	681	0
401	666	408	681	412	1
666	408	681	412	693	0
408	681	412	693	401	1
681	412	693	401	689	0
412	693	401	689	408	1
693	401	689	408	662	0
401	689	408	662	408	1
689	408	662	408	642	0
408	662	408	642	413	1
662	408	642	413	642	0
408	642	413	642	420	1
642	413	642	420	724	0
413	642	420	724	408	1
642	420	724	408	848	0
420	724	408	848	405	1
724	408	848	405	813	0
408	848	405	813	405	1
848	405	813	405	778	0
405	813	405	778	409	1
813	405	778	409	797	0
405	778	409	797	409	1
778	409	797	409	809	0
409	797	409	809	409	1
797	409	809	409	798	0
409	809	409	798	400	1
809	409	798	400	747	0
409	798	400	747	425	1
798	400	747	425	688	0
400	747	425	688	424	1
747	425	688	424	670	0
425	688	424	670	432	1
688	424	670	432	677	0
424	670	432	677	428	1
670	432	677	428	727	0
432	677	428	727	424	1
677	428	727	424	771	0
428	727	424	771	420	1
727	424	771	420	767	0
424	771	420	767	412	1
771	420	767	412	739	0
420	767	412	739	432	1
767	412	739	432	701	0
412	739	432	701	435	1
739	432	701	435	681	0
432	701	435	681	436	1
701	435	681	436	662	0
435	681	436	662	451	1
681	436	662	451	634	0
436	662	451	634	467	1
662	451	634	467	607	0
451	634	467	607	541	1
634	467	607	541	553	0
467	607	541	553	439	0
607	541	553	439	821	0
541	553	439	821	471	1
553	439	821	471	743	0
439	821	471	743	494	1
821	471	743	494	720	0
471	743	494	720	483	1
743	494	720	483	743	0
494	720	483	743	463	1
720	483	743	463	739	0
483	743	463	739	459	1
743	463	739	459	705	0
463	739	459	705	459	1
739	459	705	459	673	0
459	705	459	673	494	1
705	459	673	494	634	0
459	673	494	634	561	1
673	494	634	561	362	0
494	634	561	362	875	0
634	561	362	875	436	1
561	362	875	436	782	0
362	875	436	782	471	1
875	436	782	471	751	0
436	782	471	751	467	1
782	471	751	467	720	0
471	751	467	720	463	1
751	467	720	463	688	0
467	720	463	688	463	1
720	463	688	463	662	0
463	688	463	662	548	1
688	463	662	548	553	0
463	662	548	553	486	0
662	548	553	486	697	0
548	553	486	697	580	1
553	486	697	580	634	0
486	697	580	634	482	0
697	580	634	482	989	0
580	634	482	989	482	1
634	482	989	482	899	0
482	989	482	899	479	1
989	482	899	479	778	0
482	899	479	778	482	1
899	479	778	482	740	0
479	778	482	740	467	1
778	482	740	467	727	0
482	740	467	727	459	1
740	467	727	459	716	0
467	727	459	716	452	1
727	459	716	452	692	0
459	716	452	692	483	1
716	452	692	483	642	0
452	692	483	642	556	1
692	483	642	556	568	0
483	642	556	568	452	0
642	556	568	452	844	0
556	568	452	844	479	1
568	452	844	479	852	0
452	844	479	852	439	1
844	479	852	439	806	0
479	852	439	806	463	1
852	439	806	463	735	0
439	806	463	735	584	1
806	463	735	584	595	0
463	735	584	595	471	0
735	584	595	471	763	0
584	595	471	763	607	1
595	471	763	607	618	0
471	763	607	618	448	0
763	607	618	448	860	0
607	618	448	860	502	1
618	448	860	502	778	0
448	860	502	778	572	1
860	502	778	572	354	0
502	778	572	354	988	1
778	572	354	988	421	1
572	354	988	421	805	0
354	988	421	805	451	1
988	421	805	451	732	0
421	805	451	732	447	1
805	451	732	447	693	0
451	732	447	693	486	1
732	447	693	486	650	0
447	693	486	650	568	1
693	486	650	568	599	0
486	650	568	599	440	0
650	568	599	440	802	0
568	599	440	802	622	1
599	440	802	622	677	0
440	802	622	677	475	0
802	622	677	475	883	0
622	677	475	883	459	1
677	475	883	459	798	0
475	883	459	798	448	1
883	459	798	448	727	0
459	798	448	727	459	1
798	448	727	459	674	0
448	727	459	674	455	1
727	459	674	455	634	0
459	674	455	634	463	1
674	455	634	463	599	0
455	634	463	599	471	1
634	463	599	471	576	0
463	599	471	576	517	1
599	471	576	517	522	0
471	576	517	522	533	0
576	517	522	533	564	0
517	522	533	564	455	0
522	533	564	455	783	0
533	564	455	783	498	1
564	455	783	498	719	0
455	783	498	719	502	1
783	498	719	502	432	0
498	719	502	432	405	1
719	502	432	405	887	1
502	432	405	887	432	1
432	405	887	432	708	0
405	887	432	708	459	1
887	432	708	459	615	0
432	708	459	615	471	1
708	459	615	471	580	0
459	615	471	580	509	1
615	471	580	509	568	0
471	580	509	568	475	1
580	509	568	475	677	0
509	568	475	677	436	1
568	475	677	436	724	0
475	677	436	724	424	1
677	436	724	424	724	0
436	724	424	724	420	1
724	424	724	420	716	0
424	724	420	716	420	1
724	420	716	420	689	0
420	716	420	689	432	1
716	420	689	432	649	0
420	689	432	649	444	1
689	432	649	444	650	0
432	649	444	650	443	1
649	444	650	443	666	0
444	650	443	666	447	1
650	443	666	447	708	0
443	666	447	708	436	1
666	447	708	436	747	0
447	708	436	747	428	1
708	436	747	428	720	0
436	747	428	720	436	1
747	428	720	436	704	0
428	720	436	704	440	1
720	436	704	440	708	0
436	704	440	708	436	1
704	440	708	436	693	0
440	708	436	693	428	1
708	436	693	428	673	0
436	693	428	673	436	1
693	428	673	436	677	0
428	673	436	677	435	1
673	436	677	435	705	0
436	677	435	705	428	1
677	435	705	428	704	0
435	705	428	704	432	1
705	428	704	432	692	0
428	704	432	692	432	1
704	432	692	432	674	0
432	692	432	674	435	1
692	432	674	435	666	0
432	674	435	666	435	1
674	435	666	435	674	0
435	666	435	674	435	1
666	435	674	435	705	0
435	674	435	705	428	1
674	435	705	428	720	0
435	705	428	720	420	1
705	428	720	420	708	0
428	720	420	708	424	1
720	420	708	424	693	0
420	708	424	693	424	1
708	424	693	424	677	0
424	693	424	677	432	1
693	424	677	432	646	0
424	677	432	646	439	1
677	432	646	439	646	0
432	646	439	646	440	1
646	439	646	440	650	0
439	646	440	650	428	1
646	440	650	428	673	0
440	650	428	673	428	1
650	428	673	428	689	0
428	673	428	689	424	1
673	428	689	424	681	0
428	689	424	681	428	1
689	424	681	428	665	0
424	681	428	665	436	1
681	428	665	436	650	0
428	665	436	650	439	1
665	436	650	439	646	0
436	650	439	646	440	1
650	439	646	440	630	0
439	646	440	630	440	1
646	440	630	440	619	0
440	630	440	619	455	1
630	440	619	455	607	0
440	619	455	607	451	1
619	455	607	451	623	0
455	607	451	623	447	1
607	451	623	447	642	0
451	623	447	642	440	1
623	447	642	440	650	0
447	642	440	650	432	1
642	440	650	432	654	0
440	650	432	654	435	1
650	432	654	435	631	0
432	654	435	631	439	1
654	435	631	439	611	0
435	631	439	611	436	1
631	439	611	436	615	0
439	611	436	615	440	1
611	436	615	440	638	0
436	615	440	638	443	1
615	440	638	443	677	0
440	638	443	677	432	1
638	443	677	432	693	0
443	677	432	693	428	1
677	432	693	428	681	0
432	693	428	681	428	1
693	428	681	428	685	0
428	681	428	685	431	1
681	428	685	431	685	0
428	685	431	685	432	1
685	431	685	432	677	0
431	685	432	677	428	1
685	432	677	428	666	0
432	677	428	666	432	1
677	428	666	432	638	0
428	666	432	638	435	1
666	432	638	435	639	0
432	638	435	639	432	1
638	435	639	432	626	0
435	639	432	626	436	1
639	432	626	436	626	0
432	626	436	626	440	1
626	436	626	440	619	0
436	626	440	619	439	1
626	440	619	439	623	0
440	619	439	623	440	1
619	439	623	440	638	0
439	623	440	638	428	1
623	440	638	428	653	0
440	638	428	653	425	1
638	428	653	425	657	0
428	653	425	657	428	1
653	425	657	428	646	0
425	657	428	646	424	1
657	428	646	424	631	0
428	646	424	631	428	1
646	424	631	428	610	0
424	631	428	610	448	1
631	428	610	448	595	0
428	610	448	595	440	1
610	448	595	440	634	0
448	595	440	634	455	1
595	440	634	455	759	0
440	634	455	759	436	1
634	455	759	436	778	0
455	759	436	778	428	1
759	436	778	428	771	0
436	778	428	771	428	1
778	428	771	428	786	0
428	771	428	786	428	1
771	428	786	428	778	0
428	786	428	778	424	1
786	428	778	424	755	0
428	778	424	755	412	1
778	424	755	412	712	0
424	755	412	712	428	1
755	412	712	428	689	0
412	712	428	689	424	1
712	428	689	424	697	0
428	689	424	697	424	1
689	424	697	424	692	0
424	697	424	692	413	1
697	424	692	413	685	0
424	692	413	685	424	1
692	413	685	424	657	0
413	685	424	657	428	1
685	424	657	428	650	0
424	657	428	650	440	1
657	428	650	440	642	0
428	650	440	642	459	1
650	440	642	459	638	0
440	642	459	638	463	1
642	459	638	463	662	0
459	638	463	662	455	1
638	463	662	455	693	0
463	662	455	693	447	1
662	455	693	447	712	0
455	693	447	712	440	1
693	447	712	440	712	0
447	712	440	712	440	1
712	440	712	440	712	0
440	712	440	712	435	1
712	440	712	435	701	0
440	712	435	701	432	1
712	435	701	432	673	0
435	701	432	673	432	1
701	432	673	432	657	0
432	673	432	657	440	1
673	432	657	440	642	0
432	657	440	642	436	1
657	440	642	436	622	0
440	642	436	622	452	1
642	436	622	452	618	0
436	622	452	618	456	1
622	452	618	456	607	0
452	618	456	607	439	1
618	456	607	439	631	0
456	607	439	631	455	1
607	439	631	455	642	0
439	631	455	642	459	1
631	455	642	459	689	0
455	642	459	689	436	1
642	459	689	436	696	0
459	689	436	696	440	1
689	436	696	440	693	0
436	696	440	693	447	1
696	440	693	447	696	0
440	693	447	696	436	1
693	447	696	436	701	0
447	696	436	701	428	1
696	436	701	428	692	0
436	701	428	692	428	1
701	428	692	428	677	0
428	692	428	677	444	1
692	428	677	444	673	0
428	677	444	673	444	1
677	444	673	444	681	0
444	673	444	681	455	1
673	444	681	455	708	0
444	681	455	708	451	1
681	455	708	451	802	0
455	708	451	802	440	1
708	451	802	440	840	0
451	802	440	840	432	1
802	440	840	432	825	0
440	840	432	825	428	1
840	432	825	428	778	0
432	825	428	778	436	1
825	428	778	436	735	0
428	778	436	735	440	1
778	436	735	440	693	0
436	735	440	693	459	1
735	440	693	459	653	0
440	693	459	653	460	1
693	459	653	460	657	0
459	653	460	657	455	1
653	460	657	455	701	0
460	657	455	701	440	1
657	455	701	440	704	0
455	701	440	704	439	1
701	440	704	439	720	0
440	704	439	720	440	1
704	439	720	440	720	0
439	720	440	720	436	1
720	440	720	436	712	0
440	720	436	712	443	1
720	436	712	443	724	0
436	712	443	724	436	1
712	443	724	436	716	0
443	724	436	716	428	1
724	436	716	428	696	0
436	716	428	696	452	1
716	428	696	452	646	0
428	696	452	646	482	1
696	452	646	482	603	0
452	646	482	603	533	1
646	482	603	533	541	0
482	603	533	541	444	0
603	533	541	444	673	0
533	541	444	673	463	1
541	444	673	463	681	0
444	673	463	681	451	1
673	463	681	451	701	0
463	681	451	701	439	1
681	451	701	439	708	0
451	701	439	708	428	1
701	439	708	428	689	0
439	708	428	689	432	1
708	428	689	432	665	0
428	689	432	665	436	1
689	432	665	436	654	0
432	665	436	654	444	1
665	436	654	444	630	0
436	654	444	630	447	1
654	444	630	447	623	0
444	630	447	623	459	1
630	447	623	459	627	0
447	623	459	627	463	1
623	459	627	463	645	0
459	627	463	645	452	1
627	463	645	452	665	0
463	645	452	665	436	1
645	452	665	436	665	0
452	665	436	665	448	1
665	436	665	448	642	0
436	665	448	642	447	1
665	448	642	447	642	0
448	642	447	642	444	1
642	447	642	444	638	0
447	642	444	638	448	1
642	444	638	448	634	0
444	638	448	634	447	1
638	448	634	447	607	0
448	634	447	607	436	1
634	447	607	436	607	0
447	607	436	607	440	1
607	436	607	440	591	0
436	607	440	591	452	1
607	440	591	452	743	0
440	591	452	743	439	1
591	452	743	439	872	0
452	743	439	872	424	1
743	439	872	424	907	0
439	872	424	907	412	1
872	424	907	412	903	0
424	907	412	903	412	1
907	412	903	412	876	0
412	903	412	876	416	1
903	412	876	416	825	0
412	876	416	825	416	1
876	416	825	416	763	0
416	825	416	763	413	1
825	416	763	413	735	0
416	763	413	735	412	1
763	413	735	412	744	0
413	735	412	744	412	1
735	412	744	412	763	0
412	744	412	763	408	1
744	412	763	408	720	0
412	763	408	720	420	1
763	408	720	420	709	0
408	720	420	709	412	1
720	420	709	412	735	0
420	709	412	735	417	1
709	412	735	417	704	0
412	735	417	704	412	1
735	417	704	412	693	0
417	704	412	693	416	1
704	412	693	416	681	0
412	693	416	681	417	1
693	416	681	417	681	0
416	681	417	681	420	1
681	417	681	420	669	0
417	681	420	669	428	1
681	420	669	428	677	0
420	669	428	677	428	1
669	428	677	428	689	0
428	677	428	689	432	1
677	428	689	432	720	0
428	689	432	720	432	1
689	432	720	432	731	0
432	720	432	731	432	1
720	432	731	432	712	0
432	731	432	712	432	1
731	432	712	432	720	0
432	712	432	720	432	1
712	432	720	432	708	0
432	720	432	708	420	1
720	432	708	420	704	0
432	708	420	704	424	1
708	420	704	424	681	0
420	704	424	681	432	1
704	424	681	432	654	0
424	681	432	654	436	1
681	432	654	436	630	0
432	654	436	630	440	1
654	436	630	440	626	0
436	630	440	626	436	1
630	440	626	436	638	0
440	626	436	638	432	1
626	436	638	432	662	0
436	638	432	662	428	1
638	432	662	428	657	0
432	662	428	657	432	1
662	428	657	432	666	0
428	657	432	666	428	1
657	432	666	428	665	0
432	666	428	665	428	1
666	428	665	428	650	0
428	665	428	650	436	1
665	428	650	436	614	0
428	650	436	614	436	1
650	436	614	436	611	0
436	614	436	611	440	1
614	436	611	440	611	0
436	611	440	611	431	1
611	440	611	431	623	0
440	611	431	623	436	1
611	431	623	436	634	0
431	623	436	634	436	1
623	436	634	436	642	0
436	634	436	642	440	1
634	436	642	440	653	0
436	642	440	653	436	1
642	440	653	436	662	0
440	653	436	662	443	1
653	436	662	443	681	0
436	662	443	681	444	1
662	443	681	444	712	0
443	681	444	712	436	1
681	444	712	436	712	0
444	712	436	712	432	1
712	436	712	432	743	0
436	712	432	743	420	1
712	432	743	420	724	0
432	743	420	724	428	1
743	420	724	428	704	0
420	724	428	704	432	1
724	428	704	432	708	0
428	704	432	708	420	1
704	432	708	420	720	0
432	708	420	720	416	1
708	420	720	416	709	0
420	720	416	709	424	1
720	416	709	424	696	0
416	709	424	696	424	1
709	424	696	424	693	0
424	696	424	693	428	1
696	424	693	428	677	0
424	693	428	677	436	1
693	428	677	436	657	0
428	677	436	657	436	1
677	436	657	436	642	0
436	657	436	642	436	1
657	436	642	436	627	0
436	642	436	627	435	1
642	436	627	435	627	0
436	627	435	627	436	1
627	435	627	436	622	0
435	627	436	622	432	1
627	436	622	432	619	0
436	622	432	619	436	1
622	432	619	436	610	0
432	619	436	610	444	1
619	436	610	444	603	0
436	610	444	603	448	1
610	444	603	448	610	0
444	603	448	610	444	1
603	448	610	444	669	0
448	610	444	669	444	1
610	444	669	444	731	0
444	669	444	731	428	1
669	444	731	428	763	0
444	731	428	763	416	1
731	428	763	416	755	0
428	763	416	755	417	1
763	416	755	417	743	0
416	755	417	743	416	1
755	417	743	416	724	0
417	743	416	724	416	1
743	416	724	416	705	0
416	724	416	705	420	1
724	416	705	420	688	0
416	705	420	688	421	1
705	420	688	421	669	0
420	688	421	669	428	1
688	421	669	428	661	0
421	669	428	661	428	1
669	428	661	428	650	0
428	661	428	650	432	1
661	428	650	432	642	0
428	650	432	642	436	1
650	432	642	436	634	0
432	642	436	634	448	1
642	436	634	448	618	0
436	634	448	618	444	1
634	448	618	444	630	0
448	618	444	630	459	1
618	444	630	459	627	0
444	630	459	627	455	1
630	459	627	455	646	0
459	627	455	646	451	1
627	455	646	451	650	0
455	646	451	650	444	1
646	451	650	444	665	0
451	650	444	665	436	1
650	444	665	436	661	0
444	665	436	661	428	1
665	436	661	428	662	0
436	661	428	662	424	1
661	428	662	424	646	0
428	662	424	646	428	1
662	424	646	428	626	0
424	646	428	626	440	1
646	428	626	440	603	0
428	626	440	603	456	1
626	440	603	456	572	0
440	603	456	572	466	1
603	456	572	466	596	0
456	572	466	596	471	1
572	466	596	471	661	0
466	596	471	661	448	1
596	471	661	448	747	0
471	661	448	747	432	1
661	448	747	432	786	0
448	747	432	786	428	1
747	432	786	428	747	0
432	786	428	747	416	1
786	428	747	416	716	0
428	747	416	716	432	1
747	416	716	432	661	0
416	716	432	661	440	1
716	432	661	440	650	0
432	661	440	650	443	1
661	440	650	443	662	0
440	650	443	662	436	1
650	443	662	436	653	0
443	662	436	653	440	1
662	436	653	440	681	0
436	653	440	681	436	1
653	440	681	436	716	0
440	681	436	716	432	1
681	436	716	432	727	0
436	716	432	727	424	1
716	432	727	424	732	0
432	727	424	732	428	1
727	424	732	428	731	0
424	732	428	731	425	1
732	428	731	425	723	0
428	731	425	723	436	1
731	425	723	436	728	0
425	723	436	728	432	1
723	436	728	432	743	0
436	728	432	743	428	1
728	432	743	428	735	0
432	743	428	735	432	1
743	428	735	432	708	0
428	735	432	708	432	1
735	432	708	432	712	0
432	708	432	712	424	1
708	432	712	424	720	0
432	712	424	720	420	1
712	424	720	420	701	0
424	720	420	701	416	1
720	420	701	416	673	0
420	701	416	673	432	1
701	416	673	432	650	0
416	673	432	650	440	1
673	432	650	440	646	0
432	650	440	646	435	1
650	440	646	435	654	0
440	646	435	654	432	1
646	435	654	432	658	0
435	654	432	658	432	1
654	432	658	432	657	0
432	658	432	657	436	1
658	432	657	436	665	0
432	657	436	665	432	1
657	436	665	432	666	0
436	665	432	666	432	1
665	432	666	432	653	0
432	666	432	653	444	1
666	432	653	444	634	0
432	653	444	634	448	1
653	444	634	448	630	0
444	634	448	630	455	1
634	448	630	455	642	0
448	630	455	642	448	1
630	455	642	448	669	0
455	642	448	669	436	1
642	448	669	436	684	0
448	669	436	684	436	1
669	436	684	436	685	0
436	684	436	685	436	1
684	436	685	436	654	0
436	685	436	654	439	1
685	436	654	439	646	0
436	654	439	646	440	1
654	439	646	440	630	0
439	646	440	630	440	1
646	440	630	440	622	0
440	630	440	622	436	1
630	440	622	436	615	0
440	622	436	615	436	1
622	436	615	436	599	0
436	615	436	599	448	1
615	436	599	448	587	0
436	599	448	587	440	1
599	448	587	440	603	0
448	587	440	603	444	1
587	440	603	444	642	0
440	603	444	642	439	1
603	444	642	439	658	0
444	642	439	658	432	1
642	439	658	432	665	0
439	658	432	665	424	1
658	432	665	424	673	0
432	665	424	673	417	1
665	424	673	417	673	0
424	673	417	673	416	1
673	417	673	416	658	0
417	673	416	658	408	1
673	416	658	408	658	0
416	658	408	658	416	1
658	408	658	416	631	0
408	658	416	631	416	1
658	416	631	416	623	0
416	631	416	623	416	1
631	416	623	416	642	0
416	623	416	642	416	1
623	416	642	416	701	0
416	642	416	701	412	1
642	416	701	412	751	0
416	701	412	751	405	1
701	412	751	405	723	0
412	751	405	723	417	1
751	405	723	417	716	0
405	723	417	716	420	1
723	417	716	420	704	0
417	716	420	704	420	1
716	420	704	420	713	0
420	704	420	713	424	1
704	420	713	424	716	0
420	713	424	716	420	1
713	424	716	420	731	0
424	716	420	731	421	1
716	420	731	421	735	0
420	731	421	735	420	1
731	421	735	420	716	0
421	735	420	716	428	1
735	420	716	428	697	0
420	716	428	697	424	1
716	428	697	424	716	0
428	697	424	716	424	1
697	424	716	424	716	0
424	716	424	716	420	1
716	424	716	420	724	0
424	716	420	724	420	1
716	420	724	420	724	0
420	724	420	724	416	1
724	420	724	416	739	0
420	724	416	739	417	1
724	416	739	417	747	0
416	739	417	747	408	1
739	417	747	408	716	0
417	747	408	716	421	1
747	408	716	421	692	0
408	716	421	692	428	1
716	421	692	428	693	0
421	692	428	693	428	1
692	428	693	428	692	0
428	693	428	692	432	1
693	428	692	432	697	0
428	692	432	697	432	1
692	432	697	432	689	0
432	697	432	689	439	1
697	432	689	439	685	0
432	689	439	685	440	1
689	439	685	440	692	0
439	685	440	692	436	1
685	440	692	436	677	0
440	692	436	677	436	1
692	436	677	436	661	0
436	677	436	661	428	1
677	436	661	428	646	0
436	661	428	646	428	1
661	428	646	428	654	0
428	646	428	654	424	1
646	428	654	424	673	0
428	654	424	673	421	1
654	424	673	421	681	0
424	673	421	681	416	1
673	421	681	416	677	0
421	681	416	677	420	1
681	416	677	420	685	0
416	677	420	685	420	1
677	420	685	420	693	0
420	685	420	693	416	1
685	420	693	416	685	0
420	693	416	685	416	1
693	416	685	416	685	0
416	685	416	685	416	1
685	416	685	416	685	0
416	685	416	685	424	1
685	416	685	424	677	0
416	685	424	677	428	1
685	424	677	428	697	0
424	677	428	697	428	1
677	428	697	428	732	0
428	697	428	732	424	1
697	428	732	424	766	0
428	732	424	766	420	1
732	424	766	420	763	0
424	766	420	763	416	1
766	420	763	416	728	0
420	763	416	728	420	1
763	416	728	420	681	0
416	728	420	681	420	1
728	420	681	420	650	0
420	681	420	650	432	1
681	420	650	432	615	0
420	650	432	615	444	1
650	432	615	444	591	0
432	615	444	591	444	1
615	444	591	444	587	0
444	591	444	587	444	1
591	444	587	444	595	0
444	587	444	595	444	1
587	444	595	444	599	0
444	595	444	599	439	1
595	444	599	439	611	0
444	599	439	611	436	1
599	439	611	436	627	0
439	611	436	627	428	1
611	436	627	428	626	0
436	627	428	626	420	1
627	428	626	420	631	0
428	626	420	631	420	1
626	420	631	420	622	0
420	631	420	622	417	1
631	420	622	417	619	0
420	622	417	619	416	1
622	417	619	416	619	0
417	619	416	619	404	1
619	416	619	404	615	0
416	619	404	615	409	1
619	404	615	409	603	0
404	615	409	603	400	1
615	409	603	400	592	0
409	603	400	592	408	1
603	400	592	408	584	0
400	592	408	584	416	1
592	408	584	416	584	0
408	584	416	584	413	1
584	416	584	413	614	0
416	584	413	614	417	1
584	413	614	417	661	0
413	614	417	661	409	1
614	417	661	409	692	0
417	661	409	692	401	1
661	409	692	401	708	0
409	692	401	708	397	1
692	401	708	397	704	0
401	708	397	704	393	1
708	397	704	393	674	0
397	704	393	674	400	1
704	393	674	400	658	0
393	674	400	658	393	1
674	400	658	393	658	0
400	658	393	658	396	1
658	393	658	396	654	0
393	658	396	654	389	1
658	396	654	389	654	0
396	654	389	654	397	1
654	389	654	397	657	0
389	654	397	657	393	1
654	397	657	393	654	0
397	657	393	654	397	1
657	393	654	397	654	0
393	654	397	654	393	1
654	397	654	393	649	0
397	654	393	649	397	1
654	393	649	397	662	0
393	649	397	662	397	1
649	397	662	397	661	0
397	662	397	661	397	1
662	397	661	397	677	0
397	661	397	677	393	1
661	397	677	393	654	0
397	677	393	654	401	1
677	393	654	401	646	0
393	654	401	646	400	1
654	401	646	400	646	0
401	646	400	646	397	1
646	400	646	397	646	0
400	646	397	646	401	1
646	397	646	401	630	0
397	646	401	630	405	1
646	401	630	405	642	0
401	630	405	642	401	1
630	405	642	401	638	0
405	642	401	638	404	1
642	401	638	404	639	0
401	638	404	639	408	1
638	404	639	408	630	0
404	639	408	630	409	1
639	408	630	409	630	0
408	630	409	630	405	1
630	409	630	405	634	0
409	630	405	634	405	1
630	405	634	405	665	0
405	634	405	665	405	1
634	405	665	405	681	0
405	665	405	681	401	1
665	405	681	401	692	0
405	681	401	692	397	1
681	401	692	397	697	0
401	692	397	697	393	1
692	397	697	393	677	0
397	697	393	677	401	1
697	393	677	401	673	0
393	677	401	673	400	1
677	401	673	400	674	0
401	673	400	674	400	1
673	400	674	400	685	0
400	674	400	685	401	1
674	400	685	401	669	0
400	685	401	669	405	1
685	401	669	405	673	0
401	669	405	673	413	1
669	405	673	413	684	0
405	673	413	684	397	1
673	413	684	397	716	0
413	684	397	716	405	1
684	397	716	405	735	0
397	716	405	735	401	1
716	405	735	401	739	0
405	735	401	739	405	1
735	401	739	405	743	0
401	739	405	743	397	1
739	405	743	397	311	0
405	743	397	311	436	1
743	397	311	436	868	1
397	311	436	868	397	1
311	436	868	397	688	0
436	868	397	688	417	1
868	397	688	417	634	0
397	688	417	634	428	1
688	417	634	428	623	0
417	634	428	623	432	1
634	428	623	432	653	0
428	623	432	653	428	1
623	432	653	428	666	0
432	653	428	666	432	1
653	428	666	432	712	0
428	666	432	712	431	1
666	432	712	431	775	0
432	712	431	775	428	1
712	431	775	428	809	0
431	775	428	809	417	1
775	428	809	417	750	0
428	809	417	750	432	1
809	417	750	432	712	0
417	750	432	712	432	1
750	432	712	432	759	0
432	712	432	759	424	1
712	432	759	424	786	0
432	759	424	786	424	1
759	424	786	424	802	0
424	786	424	802	416	1
786	424	802	416	740	0
424	802	416	740	428	1
802	416	740	428	716	0
416	740	428	716	428	1
740	428	716	428	739	0
428	716	428	739	424	1
716	428	739	424	782	0
428	739	424	782	420	1
739	424	782	420	763	0
424	782	420	763	428	1
782	420	763	428	774	0
420	763	428	774	432	1
763	428	774	432	747	0
428	774	432	747	436	1
774	432	747	436	704	0
432	747	436	704	444	1
747	436	704	444	685	0
436	704	444	685	443	1
704	444	685	443	724	0
444	685	443	724	440	1
685	443	724	440	696	0
443	724	440	696	440	1
724	440	696	440	724	0
440	696	440	724	435	1
696	440	724	435	790	0
440	724	435	790	432	1
724	435	790	432	802	0
435	790	432	802	428	1
790	432	802	428	798	0
432	802	428	798	428	1
802	428	798	428	801	0
428	798	428	801	444	1
798	428	801	444	751	0
428	801	444	751	443	1
801	444	751	443	732	0
444	751	443	732	455	1
751	443	732	455	716	0
443	732	455	716	475	1
732	455	716	475	653	0
455	716	475	653	553	1
716	475	653	553	385	0
475	653	553	385	914	0
653	553	385	914	432	1
553	385	914	432	845	0
385	914	432	845	443	1
914	432	845	443	841	0
432	845	443	841	439	1
845	443	841	439	825	0
443	841	439	825	440	1
841	439	825	440	755	0
439	825	440	755	440	1
825	440	755	440	716	0
440	755	440	716	451	1
755	440	716	451	681	0
440	716	451	681	463	1
716	451	681	463	642	0
451	681	463	642	502	1
681	463	642	502	607	0
463	642	502	607	525	1
642	502	607	525	378	0
502	607	525	378	867	1
607	525	378	867	436	1
525	378	867	436	778	0
378	867	436	778	448	1
867	436	778	448	727	0
436	778	448	727	440	1
778	448	727	440	704	0
448	727	440	704	452	1
727	440	704	452	665	0
440	704	452	665	490	1
704	452	665	490	615	0
452	665	490	615	553	1
665	490	615	553	591	0
490	615	553	591	444	0
615	553	591	444	829	0
553	591	444	829	451	1
591	444	829	451	766	0
444	829	451	766	456	1
829	451	766	456	731	0
451	766	456	731	448	1
766	456	731	448	727	0
456	731	448	727	448	1
731	448	727	448	688	0
448	727	448	688	495	1
727	448	688	495	618	0
448	688	495	618	545	1
688	495	618	545	549	0
495	618	545	549	447	0
618	545	549	447	732	0
545	549	447	732	486	1
549	447	732	486	739	0
447	732	486	739	471	1
732	486	739	471	759	0
486	739	471	759	459	1
739	471	759	459	732	0
471	759	459	732	455	1
759	459	732	455	716	0
459	732	455	716	451	1
732	455	716	451	689	0
455	716	451	689	455	1
716	451	689	455	669	0
451	689	455	669	460	1
689	455	669	460	661	0
455	669	460	661	463	1
669	460	661	463	720	0
460	661	463	720	455	1
661	463	720	455	864	0
463	720	455	864	436	1
720	455	864	436	879	0
455	864	436	879	424	1
864	436	879	424	934	0
436	879	424	934	416	1
879	424	934	416	919	0
424	934	416	919	416	1
934	416	919	416	856	0
416	919	416	856	420	1
919	416	856	420	814	0
416	856	420	814	420	1
856	420	814	420	747	0
420	814	420	747	443	1
814	420	747	443	728	0
420	747	443	728	448	1
747	443	728	448	770	0
443	728	448	770	440	1
728	448	770	440	879	0
448	770	440	879	432	1
770	440	879	432	860	0
440	879	432	860	420	1
879	432	860	420	798	0
432	860	420	798	428	1
860	420	798	428	751	0
420	798	428	751	439	1
798	428	751	439	693	0
428	751	439	693	451	1
751	439	693	451	681	0
439	693	451	681	456	1
693	451	681	456	731	0
451	681	456	731	448	1
681	456	731	448	778	0
456	731	448	778	436	1
731	448	778	436	786	0
448	778	436	786	428	1
778	436	786	428	754	0
436	786	428	754	425	1
786	428	754	425	727	0
428	754	425	727	440	1
754	425	727	440	731	0
425	727	440	731	444	1
727	440	731	444	798	0
440	731	444	798	435	1
731	444	798	435	802	0
444	798	435	802	440	1
798	435	802	440	867	0
435	802	440	867	436	1
802	440	867	436	934	0
440	867	436	934	436	1
867	436	934	436	969	0
436	934	436	969	432	1
934	436	969	432	918	0
436	969	432	918	436	1
969	432	918	436	902	0
432	918	436	902	432	1
918	436	902	432	888	0
436	902	432	888	431	1
902	432	888	431	856	0
432	888	431	856	436	1
888	431	856	436	845	0
431	856	436	845	439	1
856	436	845	439	841	0
436	845	439	841	432	1
845	439	841	432	797	0
439	841	432	797	448	1
841	432	797	448	762	0
432	797	448	762	444	1
797	448	762	444	747	0
448	762	444	747	448	1
762	444	747	448	727	0
444	747	448	727	463	1
747	448	727	463	724	0
448	727	463	724	463	1
727	463	724	463	735	0
463	724	463	735	452	1
724	463	735	452	743	0
463	735	452	743	455	1
735	452	743	455	716	0
452	743	455	716	455	1
743	455	716	455	709	0
455	716	455	709	447	1
716	455	709	447	708	0
455	709	447	708	436	1
709	447	708	436	704	0
447	708	436	704	448	1
708	436	704	448	677	0
436	704	448	677	459	1
704	448	677	459	658	0
448	677	459	658	451	1
677	459	658	451	669	0
459	658	451	669	448	1
658	451	669	448	700	0
451	669	448	700	448	1
669	448	700	448	723	0
448	700	448	723	448	1
700	448	723	448	735	0
448	723	448	735	452	1
723	448	735	452	751	0
448	735	452	751	447	1
735	452	751	447	743	0
452	751	447	743	455	1
751	447	743	455	755	0
447	743	455	755	456	1
743	455	755	456	786	0
455	755	456	786	447	1
755	456	786	447	767	0
456	786	447	767	439	1
786	447	767	439	743	0
447	767	439	743	452	1
767	439	743	452	727	0
439	743	452	727	456	1
743	452	727	456	719	0
452	727	456	719	452	1
727	456	719	452	704	0
456	719	452	704	455	1
719	452	704	455	701	0
452	704	455	701	459	1
704	455	701	459	716	0
455	701	459	716	455	1
701	459	716	455	739	0
459	716	455	739	448	1
716	455	739	448	778	0
455	739	448	778	444	1
739	448	778	444	751	0
448	778	444	751	447	1
778	444	751	447	712	0
444	751	447	712	452	1
751	447	712	452	723	0
447	712	452	723	452	1
712	452	723	452	735	0
452	723	452	735	448	1
723	452	735	448	739	0
452	735	448	739	447	1
735	448	739	447	732	0
448	739	447	732	459	1
739	447	732	459	743	0
447	732	459	743	455	1
732	459	743	455	736	0
459	743	455	736	459	1
743	455	736	459	724	0
455	736	459	724	459	1
736	459	724	459	708	0
459	724	459	708	467	1
724	459	708	467	700	0
459	708	467	700	456	1
708	467	700	456	704	0
467	700	456	704	451	1
700	456	704	451	681	0
456	704	451	681	471	1
704	451	681	471	654	0
451	681	471	654	455	1
681	471	654	455	658	0
471	654	455	658	455	1
654	455	658	455	646	0
455	658	455	646	478	1
658	455	646	478	615	0
455	646	478	615	514	1
646	478	615	514	397	0
478	615	514	397	778	1
615	514	397	778	436	1
514	397	778	436	673	0
397	778	436	673	463	1
778	436	673	463	650	0
436	673	463	650	466	1
673	463	650	466	674	0
463	650	466	674	447	1
650	466	674	447	704	0
466	674	447	704	436	1
674	447	704	436	693	0
447	704	436	693	432	1
704	436	693	432	688	0
436	693	432	688	421	1
693	432	688	421	677	0
432	688	421	677	428	1
688	421	677	428	657	0
421	677	428	657	428	1
677	428	657	428	662	0
428	657	428	662	420	1
657	428	662	420	677	0
428	662	420	677	428	1
662	420	677	428	689	0
420	677	428	689	424	1
677	428	689	424	720	0
428	689	424	720	432	1
689	424	720	432	739	0
424	720	432	739	436	1
720	432	739	436	747	0
432	739	436	747	436	1
739	436	747	436	770	0
436	747	436	770	440	1
747	436	770	440	755	0
436	770	440	755	439	1
770	440	755	439	728	0
440	755	439	728	447	1
755	439	728	447	697	0
439	728	447	697	459	1
728	447	697	459	685	0
447	697	459	685	459	1
697	459	685	459	716	0
459	685	459	716	447	1
685	459	716	447	720	0
459	716	447	720	456	1
716	447	720	456	735	0
447	720	456	735	444	1
720	456	735	444	731	0
456	735	444	731	448	1
735	444	731	448	731	0
444	731	448	731	451	1
731	448	731	451	728	0
448	731	451	728	448	1
731	451	728	448	735	0
451	728	448	735	432	1
728	448	735	432	766	0
448	735	432	766	428	1
735	432	766	428	744	0
432	766	428	744	420	1
766	428	744	420	716	0
428	744	420	716	436	1
744	420	716	436	680	0
420	716	436	680	440	1
716	436	680	440	685	0
436	680	440	685	436	1
680	440	685	436	704	0
440	685	436	704	432	1
685	436	704	432	716	0
436	704	432	716	428	1
704	432	716	428	712	0
432	716	428	712	432	1
716	428	712	432	689	0
428	712	432	689	439	1
712	432	689	439	681	0
432	689	439	681	432	1
689	439	681	432	673	0
439	681	432	673	444	1
681	432	673	444	654	0
432	673	444	654	467	1
673	444	654	467	622	0
444	654	467	622	514	1
654	467	622	514	436	0
467	622	514	436	404	1
622	514	436	404	845	1
514	436	404	845	431	1
436	404	845	431	670	0
404	845	431	670	467	1
845	431	670	467	638	0
431	670	467	638	474	1
670	467	638	474	650	0
467	638	474	650	456	1
638	474	650	456	688	0
474	650	456	688	440	1
650	456	688	440	712	0
456	688	440	712	428	1
688	440	712	428	732	0
440	712	428	732	420	1
712	428	732	420	716	0
428	732	420	716	428	1
732	420	716	428	681	0
420	716	428	681	439	1
716	428	681	439	642	0
428	681	439	642	460	1
681	439	642	460	610	0
439	642	460	610	487	1
642	460	610	487	611	0
460	610	487	611	587	1
610	487	611	587	743	0
487	611	587	743	432	0
611	587	743	432	1090	0
