i-2	i-1	i+0	i+1	i+2	Filter
82	712	401	933	615	1
712	401	933	615	413	0
401	933	615	413	790	0
933	615	413	790	626	1
615	413	790	626	416	0
413	790	626	416	767	0
790	626	416	767	587	1
626	416	767	587	592	0
416	767	587	592	405	0
767	587	592	405	879	0
587	592	405	879	700	1
592	405	879	700	424	0
405	879	700	424	934	0
879	700	424	934	646	1
700	424	934	646	417	0
424	934	646	417	844	0
934	646	417	844	607	1
646	417	844	607	580	0
417	844	607	580	404	0
844	607	580	404	736	0
607	580	404	736	560	1
580	404	736	560	568	0
404	736	560	568	409	0
736	560	568	409	727	0
560	568	409	727	568	1
568	409	727	568	545	0
409	727	568	545	584	0
727	568	545	584	416	0
568	545	584	416	728	0
545	584	416	728	560	1
584	416	728	560	572	0
416	728	560	572	405	0
728	560	572	405	735	0
560	572	405	735	560	1
572	405	735	560	565	0
405	735	560	565	564	0
735	560	565	564	564	0
560	565	564	564	576	0
565	564	564	576	588	0
564	564	576	588	603	0
564	576	588	603	618	0
576	588	603	618	673	0
588	603	618	673	705	0
603	618	673	705	782	0
618	673	705	782	879	0
673	705	782	879	778	0
705	782	879	778	432	0
782	879	778	432	1066	0
879	778	432	1066	748	1
778	432	1066	748	389	0
432	1066	748	389	1062	0
1066	748	389	1062	724	1
748	389	1062	724	408	0
389	1062	724	408	922	0
1062	724	408	922	600	1
724	408	922	600	408	0
408	922	600	408	845	0
922	600	408	845	661	1
600	408	845	661	630	0
408	845	661	630	681	0
845	661	630	681	740	0
661	630	681	740	793	0
630	681	740	793	736	0
681	740	793	736	404	0
740	793	736	404	1012	0
793	736	404	1012	782	1
736	404	1012	782	716	0
404	1012	782	716	405	0
1012	782	716	405	922	0
782	716	405	922	658	1
716	405	922	658	420	0
405	922	658	420	848	0
922	658	420	848	638	1
658	420	848	638	607	0
420	848	638	607	428	0
848	638	607	428	833	0
638	607	428	833	626	1
607	428	833	626	607	0
428	833	626	607	405	0
833	626	607	405	829	0
626	607	405	829	619	1
607	405	829	619	591	0
405	829	619	591	412	0
829	619	591	412	856	0
619	591	412	856	744	1
591	412	856	744	416	0
412	856	744	416	1016	0
856	744	416	1016	723	1
744	416	1016	723	409	0
416	1016	723	409	941	0
1016	723	409	941	685	1
723	409	941	685	638	0
409	941	685	638	623	0
941	685	638	623	615	0
685	638	623	615	642	0
638	623	615	642	401	0
623	615	642	401	930	0
615	642	401	930	712	1
642	401	930	712	665	0
401	930	712	665	646	0
930	712	665	646	638	0
712	665	646	638	623	0
665	646	638	623	416	0
646	638	623	416	918	0
638	623	416	918	833	1
623	416	918	833	412	0
416	918	833	412	487	0
918	833	412	487	595	1
833	412	487	595	642	0
412	487	595	642	416	0
487	595	642	416	818	0
595	642	416	818	591	1
642	416	818	591	580	0
416	818	591	580	576	0
818	591	580	576	572	0
591	580	576	572	579	0
580	576	572	579	576	0
576	572	579	576	405	0
572	579	576	405	790	0
579	576	405	790	638	1
576	405	790	638	560	0
405	790	638	560	389	0
790	638	560	389	779	0
638	560	389	779	575	1
560	389	779	575	565	0
389	779	575	565	412	0
779	575	565	412	739	0
575	565	412	739	569	1
565	412	739	569	556	0
412	739	569	556	572	0
739	569	556	572	587	0
569	556	572	587	600	0
556	572	587	600	599	0
572	587	600	599	619	0
587	600	599	619	649	0
600	599	619	649	654	0
599	619	649	654	665	0
619	649	654	665	658	0
649	654	665	658	623	0
654	665	658	623	614	0
665	658	623	614	611	0
658	623	614	611	405	0
623	614	611	405	805	0
614	611	405	805	604	1
611	405	805	604	587	0
405	805	604	587	592	0
805	604	587	592	595	0
604	587	592	595	583	0
587	592	595	583	596	0
592	595	583	596	599	0
595	583	596	599	627	0
583	596	599	627	634	0
596	599	627	634	618	0
599	627	634	618	405	0
627	634	618	405	821	0
634	618	405	821	619	1
618	405	821	619	420	0
405	821	619	420	759	0
821	619	420	759	580	1
619	420	759	580	579	0
420	759	580	579	413	0
759	580	579	413	743	0
580	579	413	743	584	1
579	413	743	584	575	0
413	743	584	575	409	0
743	584	575	409	790	0
584	575	409	790	622	1
575	409	790	622	413	0
409	790	622	413	829	0
790	622	413	829	630	1
622	413	829	630	584	0
413	829	630	584	412	0
829	630	584	412	751	0
630	584	412	751	576	1
584	412	751	576	556	0
412	751	576	556	561	0
751	576	556	561	587	0
576	556	561	587	580	0
556	561	587	580	603	0
561	587	580	603	413	0
587	580	603	413	832	0
580	603	413	832	600	1
603	413	832	600	583	0
413	832	600	583	420	0
832	600	583	420	755	0
600	583	420	755	572	1
583	420	755	572	572	0
420	755	572	572	401	0
755	572	572	401	763	0
572	572	401	763	572	1
572	401	763	572	568	0
401	763	572	568	397	0
763	572	568	397	747	0
572	568	397	747	572	1
568	397	747	572	564	0
397	747	572	564	560	0
747	572	564	560	405	0
572	564	560	405	700	0
564	560	405	700	553	1
560	405	700	553	572	0
405	700	553	572	583	0
700	553	572	583	600	0
553	572	583	600	650	0
572	583	600	650	626	0
583	600	650	626	623	0
600	650	626	623	400	0
650	626	623	400	802	0
626	623	400	802	599	1
623	400	802	599	588	0
400	802	599	588	435	0
802	599	588	435	763	0
599	588	435	763	599	1
588	435	763	599	576	0
435	763	599	576	592	0
763	599	576	592	435	0
599	576	592	435	775	0
576	592	435	775	615	1
592	435	775	615	595	0
435	775	615	595	603	0
775	615	595	603	611	0
615	595	603	611	599	0
595	603	611	599	619	0
603	611	599	619	657	0
611	599	619	657	701	0
599	619	657	701	922	0
619	657	701	922	412	0
657	701	922	412	475	0
701	922	412	475	669	1
922	412	475	669	744	0
412	475	669	744	739	0
475	669	744	739	393	0
669	744	739	393	1093	0
744	739	393	1093	740	1
739	393	1093	740	408	0
393	1093	740	408	1039	0
1093	740	408	1039	685	1
740	408	1039	685	626	0
408	1039	685	626	401	0
1039	685	626	401	852	0
685	626	401	852	631	1
626	401	852	631	428	0
401	852	631	428	766	0
852	631	428	766	599	1
631	428	766	599	600	0
428	766	599	600	404	0
766	599	600	404	1129	0
599	600	404	1129	739	1
600	404	1129	739	412	0
404	1129	739	412	1051	0
1129	739	412	1051	712	1
739	412	1051	712	412	0
412	1051	712	412	674	0
1051	712	412	674	902	1
712	412	674	902	705	0
412	674	902	705	396	0
674	902	705	396	810	0
902	705	396	810	583	1
705	396	810	583	557	0
396	810	583	557	408	0
810	583	557	408	732	0
583	557	408	732	568	1
557	408	732	568	553	0
408	732	568	553	560	0
732	568	553	560	401	0
568	553	560	401	731	0
553	560	401	731	572	1
560	401	731	572	580	0
401	731	572	580	584	0
731	572	580	584	603	0
572	580	584	603	603	0
580	584	603	603	607	0
584	603	603	607	626	0
603	603	607	626	393	0
603	607	626	393	880	0
607	626	393	880	634	1
626	393	880	634	611	0
393	880	634	611	615	0
880	634	611	615	595	0
634	611	615	595	615	0
611	615	595	615	615	0
615	595	615	615	618	0
595	615	615	618	619	0
615	615	618	619	591	0
615	618	619	591	401	0
618	619	591	401	806	0
619	591	401	806	603	1
591	401	806	603	599	0
401	806	603	599	408	0
806	603	599	408	895	0
603	599	408	895	701	1
599	408	895	701	646	0
408	895	701	646	397	0
895	701	646	397	945	0
701	646	397	945	681	1
646	397	945	681	623	0
397	945	681	623	420	0
945	681	623	420	825	0
681	623	420	825	634	1
623	420	825	634	424	0
420	825	634	424	755	0
825	634	424	755	580	1
634	424	755	580	587	0
424	755	580	587	572	0
755	580	587	572	584	0
580	587	572	584	584	0
587	572	584	584	587	0
572	584	584	587	428	0
584	584	587	428	743	0
584	587	428	743	533	1
587	428	743	533	623	0
428	743	533	623	412	0
743	533	623	412	794	0
533	623	412	794	607	1
623	412	794	607	588	0
412	794	607	588	599	0
794	607	588	599	588	0
607	588	599	588	575	0
588	599	588	575	607	0
599	588	575	607	405	0
588	575	607	405	926	0
575	607	405	926	778	1
607	405	926	778	759	0
405	926	778	759	774	0
926	778	759	774	740	0
778	759	774	740	723	0
759	774	740	723	736	0
774	740	723	736	716	0
740	723	736	716	401	0
723	736	716	401	1062	0
736	716	401	1062	685	1
716	401	1062	685	404	0
401	1062	685	404	829	0
1062	685	404	829	619	1
685	404	829	619	556	0
404	829	619	556	424	0
829	619	556	424	747	0
619	556	424	747	576	1
556	424	747	576	565	0
424	747	576	565	408	0
747	576	565	408	735	0
576	565	408	735	565	1
565	408	735	565	579	0
408	735	565	579	584	0
735	565	579	584	428	0
565	579	584	428	778	0
579	584	428	778	584	1
584	428	778	584	588	0
428	778	584	588	408	0
778	584	588	408	817	0
584	588	408	817	619	1
588	408	817	619	599	0
408	817	619	599	405	0
817	619	599	405	860	0
619	599	405	860	653	1
599	405	860	653	611	0
405	860	653	611	393	0
860	653	611	393	845	0
653	611	393	845	618	1
611	393	845	618	592	0
393	845	618	592	603	0
845	618	592	603	584	0
618	592	603	584	564	0
592	603	584	564	580	0
603	584	564	580	400	0
584	564	580	400	779	0
564	580	400	779	583	1
580	400	779	583	568	0
400	779	583	568	405	0
779	583	568	405	759	0
583	568	405	759	576	1
568	405	759	576	575	0
405	759	576	575	576	0
759	576	575	576	393	0
576	575	576	393	798	0
575	576	393	798	654	1
576	393	798	654	630	0
393	798	654	630	401	0
798	654	630	401	965	0
654	630	401	965	801	1
630	401	965	801	424	0
401	965	801	424	479	0
965	801	424	479	642	1
801	424	479	642	735	0
424	479	642	735	428	0
479	642	735	428	1055	0
642	735	428	1055	735	1
735	428	1055	735	405	0
428	1055	735	405	1062	0
1055	735	405	1062	701	1
735	405	1062	701	404	0
405	1062	701	404	891	0
1062	701	404	891	677	1
701	404	891	677	428	0
404	891	677	428	829	0
891	677	428	829	619	1
677	428	829	619	580	0
428	829	619	580	404	0
829	619	580	404	806	0
619	580	404	806	626	1
580	404	806	626	588	0
404	806	626	588	599	0
806	626	588	599	599	0
626	588	599	599	596	0
588	599	599	596	622	0
599	599	596	622	631	0
599	596	622	631	630	0
596	622	631	630	622	0
622	631	630	622	631	0
631	630	622	631	412	0
630	622	631	412	852	0
622	631	412	852	654	1
631	412	852	654	607	0
412	852	654	607	409	0
852	654	607	409	817	0
654	607	409	817	607	1
607	409	817	607	580	0
409	817	607	580	393	0
817	607	580	393	747	0
607	580	393	747	568	1
580	393	747	568	568	0
393	747	568	568	397	0
747	568	568	397	755	0
568	568	397	755	575	1
568	397	755	575	569	0
397	755	575	569	579	0
755	575	569	579	592	0
575	569	579	592	583	0
569	579	592	583	607	0
579	592	583	607	646	0
592	583	607	646	654	0
583	607	646	654	681	0
607	646	654	681	689	0
646	654	681	689	669	0
654	681	689	669	405	0
681	689	669	405	891	0
689	669	405	891	634	1
669	405	891	634	611	0
405	891	634	611	611	0
891	634	611	611	622	0
634	611	611	622	627	0
611	611	622	627	614	0
611	622	627	614	627	0
622	627	614	627	623	0
627	614	627	623	618	0
614	627	623	618	428	0
627	623	618	428	771	0
623	618	428	771	595	1
618	428	771	595	568	0
428	771	595	568	564	0
771	595	568	564	576	0
595	568	564	576	572	0
568	564	576	572	572	0
564	576	572	572	405	0
576	572	572	405	731	0
572	572	405	731	561	1
572	405	731	561	560	0
405	731	561	560	556	0
731	561	560	556	561	0
561	560	556	561	560	0
560	556	561	560	552	0
556	561	560	552	413	0
561	560	552	413	704	0
560	552	413	704	553	1
552	413	704	553	544	0
413	704	553	544	549	0
704	553	544	549	545	0
553	544	549	545	545	0
544	549	545	545	556	0
549	545	545	556	560	0
545	545	556	560	561	0
545	556	560	561	556	0
556	560	561	556	560	0
560	561	556	560	401	0
561	556	560	401	728	0
556	560	401	728	560	1
560	401	728	560	560	0
401	728	560	560	425	0
728	560	560	425	708	0
560	560	425	708	560	1
560	425	708	560	545	0
425	708	560	545	560	0
708	560	545	560	560	0
560	545	560	560	553	0
545	560	560	553	549	0
560	560	553	549	544	0
560	553	549	544	553	0
553	549	544	553	548	0
549	544	553	548	549	0
544	553	548	549	553	0
553	548	549	553	548	0
548	549	553	548	405	0
549	553	548	405	731	0
553	548	405	731	569	1
548	405	731	569	544	0
405	731	569	544	541	0
731	569	544	541	545	0
569	544	541	545	537	0
544	541	545	537	537	0
541	545	537	537	541	0
545	537	537	541	400	0
537	537	541	400	678	0
537	541	400	678	544	1
541	400	678	544	529	0
400	678	544	529	530	0
678	544	529	530	397	0
544	529	530	397	661	0
529	530	397	661	525	1
530	397	661	525	545	0
397	661	525	545	510	0
661	525	545	510	401	0
525	545	510	401	645	0
545	510	401	645	522	1
510	401	645	522	510	0
401	645	522	510	404	0
645	522	510	404	646	0
522	510	404	646	510	1
510	404	646	510	525	0
404	646	510	525	393	0
646	510	525	393	650	0
510	525	393	650	514	1
525	393	650	514	400	0
393	650	514	400	658	0
650	514	400	658	510	1
514	400	658	510	533	0
400	658	510	533	529	0
658	510	533	529	389	0
510	533	529	389	685	0
533	529	389	685	545	1
529	389	685	545	533	0
389	685	545	533	397	0
685	545	533	397	696	0
545	533	397	696	545	1
533	397	696	545	533	0
397	696	545	533	537	0
696	545	533	537	405	0
545	533	537	405	688	0
533	537	405	688	549	1
537	405	688	549	525	0
405	688	549	525	401	0
688	549	525	401	689	0
549	525	401	689	548	1
525	401	689	548	541	0
401	689	548	541	541	0
689	548	541	541	553	0
548	541	541	553	537	0
541	541	553	537	540	0
541	553	537	540	401	0
553	537	540	401	689	0
537	540	401	689	533	1
540	401	689	533	416	0
401	689	533	416	635	0
689	533	416	635	521	1
533	416	635	521	541	0
416	635	521	541	397	0
635	521	541	397	681	0
521	541	397	681	533	1
541	397	681	533	400	0
397	681	533	400	678	0
681	533	400	678	521	1
533	400	678	521	541	0
400	678	521	541	373	0
678	521	541	373	677	0
521	541	373	677	510	1
541	373	677	510	541	0
373	677	510	541	385	0
677	510	541	385	681	0
510	541	385	681	525	1
541	385	681	525	405	0
385	681	525	405	681	0
681	525	405	681	541	1
525	405	681	541	401	0
405	681	541	401	688	0
681	541	401	688	533	1
541	401	688	533	545	0
401	688	533	545	393	0
688	533	545	393	673	0
533	545	393	673	541	1
545	393	673	541	522	0
393	673	541	522	389	0
673	541	522	389	677	0
541	522	389	677	525	1
522	389	677	525	436	0
389	677	525	436	661	0
677	525	436	661	526	1
525	436	661	526	463	0
436	661	526	463	595	0
661	526	463	595	541	1
526	463	595	541	552	0
463	595	541	552	557	0
595	541	552	557	416	0
541	552	557	416	724	0
552	557	416	724	537	1
557	416	724	537	541	0
416	724	537	541	556	0
724	537	541	556	553	0
537	541	556	553	556	0
541	556	553	556	560	0
556	553	556	560	409	0
553	556	560	409	794	0
556	560	409	794	599	1
560	409	794	599	576	0
409	794	599	576	416	0
794	599	576	416	844	0
599	576	416	844	607	1
576	416	844	607	401	0
416	844	607	401	767	0
844	607	401	767	587	1
607	401	767	587	409	0
401	767	587	409	751	0
767	587	409	751	591	1
587	409	751	591	421	0
409	751	591	421	712	0
751	591	421	712	568	1
591	421	712	568	572	0
421	712	568	572	556	0
712	568	572	556	560	0
568	572	556	560	557	0
572	556	560	557	397	0
556	560	557	397	786	0
560	557	397	786	630	1
557	397	786	630	588	0
397	786	630	588	400	0
786	630	588	400	786	0
630	588	400	786	611	1
588	400	786	611	580	0
400	786	611	580	409	0
786	611	580	409	832	0
611	580	409	832	673	1
580	409	832	673	592	0
409	832	673	592	397	0
832	673	592	397	790	0
673	592	397	790	591	1
592	397	790	591	428	0
397	790	591	428	720	0
790	591	428	720	560	1
591	428	720	560	432	0
428	720	560	432	712	0
720	560	432	712	564	1
560	432	712	564	569	0
432	712	564	569	591	0
712	564	569	591	595	0
564	569	591	595	584	0
569	591	595	584	607	0
591	595	584	607	599	0
595	584	607	599	424	0
584	607	599	424	743	0
607	599	424	743	569	1
599	424	743	569	587	0
424	743	569	587	405	0
743	569	587	405	801	0
569	587	405	801	705	1
587	405	801	705	455	0
405	801	705	455	899	0
801	705	455	899	673	1
705	455	899	673	447	0
455	899	673	447	903	0
899	673	447	903	642	1
673	447	903	642	588	0
447	903	642	588	603	0
903	642	588	603	642	0
642	588	603	642	930	0
588	603	642	930	766	0
603	642	930	766	413	0
642	930	766	413	502	0
930	766	413	502	618	1
766	413	502	618	751	0
413	502	618	751	759	0
502	618	751	759	401	0
618	751	759	401	486	0
751	759	401	486	650	1
759	401	486	650	755	0
401	486	650	755	759	0
486	650	755	759	408	0
650	755	759	408	494	0
755	759	408	494	627	1
759	408	494	627	747	0
408	494	627	747	755	0
494	627	747	755	397	0
627	747	755	397	482	0
747	755	397	482	662	1
755	397	482	662	751	0
397	482	662	751	766	0
482	662	751	766	763	0
662	751	766	763	755	0
751	766	763	755	762	0
766	763	755	762	409	0
763	755	762	409	478	0
755	762	409	478	666	1
762	409	478	666	751	0
409	478	666	751	755	0
478	666	751	755	766	0
666	751	755	766	775	0
751	755	766	775	754	0
755	766	775	754	767	0
766	775	754	767	401	0
775	754	767	401	486	0
754	767	401	486	642	1
767	401	486	642	755	0
401	486	642	755	759	0
486	642	755	759	758	0
642	755	759	758	759	0
755	759	758	759	759	0
759	758	759	759	416	0
758	759	759	416	1090	0
759	759	416	1090	747	1
759	416	1090	747	728	0
416	1090	747	728	708	0
1090	747	728	708	704	0
747	728	708	704	693	0
728	708	704	693	684	0
708	704	693	684	724	0
704	693	684	724	413	0
693	684	724	413	1050	0
684	724	413	1050	697	1
724	413	1050	697	397	0
413	1050	697	397	883	0
1050	697	397	883	611	1
697	397	883	611	408	0
397	883	611	408	767	0
883	611	408	767	568	1
611	408	767	568	416	0
408	767	568	416	747	0
767	568	416	747	568	1
568	416	747	568	421	0
416	747	568	421	720	0
747	568	421	720	544	1
568	421	720	544	421	0
421	720	544	421	704	0
720	544	421	704	545	1
544	421	704	545	416	0
421	704	545	416	724	0
704	545	416	724	556	1
545	416	724	556	560	0
416	724	556	560	413	0
724	556	560	413	708	0
556	560	413	708	545	1
560	413	708	545	412	0
413	708	545	412	708	0
708	545	412	708	545	1
545	412	708	545	568	0
412	708	545	568	568	0
708	545	568	568	557	0
545	568	568	557	572	0
568	568	557	572	424	0
568	557	572	424	731	0
557	572	424	731	576	1
572	424	731	576	440	0
424	731	576	440	712	0
731	576	440	712	556	1
576	440	712	556	576	0
440	712	556	576	561	0
712	556	576	561	572	0
556	576	561	572	579	0
576	561	572	579	584	0
561	572	579	584	405	0
572	579	584	405	782	0
579	584	405	782	591	1
584	405	782	591	409	0
405	782	591	409	755	0
782	591	409	755	556	1
591	409	755	556	572	0
409	755	556	572	572	0
755	556	572	572	580	0
556	572	572	580	576	0
572	572	580	576	408	0
572	580	576	408	774	0
580	576	408	774	604	1
576	408	774	604	579	0
408	774	604	579	467	0
774	604	579	467	670	0
604	579	467	670	572	0
579	467	670	572	556	0
467	670	572	556	568	0
670	572	556	568	576	0
572	556	568	576	451	0
556	568	576	451	712	0
568	576	451	712	576	1
576	451	712	576	444	0
451	712	576	444	696	0
712	576	444	696	565	1
576	444	696	565	544	0
444	696	565	544	401	0
696	565	544	401	697	0
565	544	401	697	533	1
544	401	697	533	540	0
401	697	533	540	401	0
697	533	540	401	716	0
533	540	401	716	549	1
540	401	716	549	408	0
401	716	549	408	712	0
716	549	408	712	549	1
549	408	712	549	413	0
408	712	549	413	696	0
712	549	413	696	541	1
549	413	696	541	545	0
413	696	541	545	397	0
696	541	545	397	708	0
541	545	397	708	537	1
545	397	708	537	544	0
397	708	537	544	393	0
708	537	544	393	681	0
537	544	393	681	522	1
544	393	681	522	533	0
393	681	522	533	401	0
681	522	533	401	649	0
522	533	401	649	530	1
533	401	649	530	517	0
401	649	530	517	397	0
649	530	517	397	638	0
530	517	397	638	498	1
517	397	638	498	518	0
397	638	498	518	385	0
638	498	518	385	622	0
498	518	385	622	495	1
518	385	622	495	502	0
385	622	495	502	377	0
622	495	502	377	591	0
495	502	377	591	487	1
502	377	591	487	486	0
377	591	487	486	385	0
591	487	486	385	565	0
487	486	385	565	486	1
486	385	565	486	471	0
385	565	486	471	401	0
565	486	471	401	548	0
486	471	401	548	455	1
471	401	548	455	475	0
401	548	455	475	393	0
548	455	475	393	537	0
455	475	393	537	448	1
475	393	537	448	463	0
393	537	448	463	408	0
537	448	463	408	510	0
448	463	408	510	451	1
463	408	510	451	456	0
408	510	451	456	400	0
510	451	456	400	510	0
451	456	400	510	440	1
456	400	510	440	459	0
400	510	440	459	405	0
510	440	459	405	505	0
440	459	405	505	444	1
459	405	505	444	451	0
405	505	444	451	440	0
505	444	451	440	420	0
444	451	440	420	483	0
451	440	420	483	443	1
440	420	483	443	401	0
420	483	443	401	506	0
483	443	401	506	444	1
443	401	506	444	396	0
401	506	444	396	506	0
506	444	396	506	440	1
444	396	506	440	401	0
396	506	440	401	498	0
506	440	401	498	447	1
440	401	498	447	452	0
401	498	447	452	404	0
498	447	452	404	350	0
447	452	404	350	584	1
452	404	350	584	389	1
404	350	584	389	514	0
350	584	389	514	443	1
584	389	514	443	390	0
389	514	443	390	513	0
514	443	390	513	444	1
443	390	513	444	451	0
390	513	444	451	381	0
513	444	451	381	526	0
444	451	381	526	436	1
451	381	526	436	455	0
381	526	436	455	439	0
526	436	455	439	401	0
436	455	439	401	502	0
455	439	401	502	440	1
439	401	502	440	455	0
401	502	440	455	444	0
502	440	455	444	447	0
440	455	444	447	405	0
455	444	447	405	494	0
444	447	405	494	447	1
447	405	494	447	397	0
405	494	447	397	502	0
494	447	397	502	444	1
447	397	502	444	385	0
397	502	444	385	514	0
502	444	385	514	443	1
444	385	514	443	386	0
385	514	443	386	517	0
514	443	386	517	448	1
443	386	517	448	393	0
386	517	448	393	505	0
517	448	393	505	444	1
448	393	505	444	451	0
393	505	444	451	378	0
505	444	451	378	521	0
444	451	378	521	440	1
451	378	521	440	393	0
378	521	440	393	513	0
521	440	393	513	432	1
440	393	513	432	409	0
393	513	432	409	502	0
513	432	409	502	459	1
432	409	502	459	377	0
409	502	459	377	518	0
502	459	377	518	436	1
459	377	518	436	397	0
377	518	436	397	502	0
518	436	397	502	443	1
436	397	502	443	413	0
397	502	443	413	478	0
502	443	413	478	444	1
443	413	478	444	439	0
413	478	444	439	382	0
478	444	439	382	513	0
444	439	382	513	428	1
439	382	513	428	456	0
382	513	428	456	373	0
513	428	456	373	510	0
428	456	373	510	432	1
456	373	510	432	447	0
373	510	432	447	397	0
510	432	447	397	494	0
432	447	397	494	440	1
447	397	494	440	448	0
397	494	440	448	396	0
494	440	448	396	495	0
440	448	396	495	439	1
448	396	495	439	444	0
396	495	439	444	385	0
495	439	444	385	514	0
439	444	385	514	439	1
444	385	514	439	456	0
385	514	439	456	443	0
514	439	456	443	378	0
439	456	443	378	521	0
456	443	378	521	444	1
443	378	521	444	455	0
378	521	444	455	440	0
521	444	455	440	385	0
444	455	440	385	529	0
455	440	385	529	436	1
440	385	529	436	455	0
385	529	436	455	451	0
529	436	455	451	370	0
436	455	451	370	541	0
455	451	370	541	436	1
451	370	541	436	451	0
370	541	436	451	385	0
541	436	451	385	522	0
436	451	385	522	439	1
451	385	522	439	456	0
385	522	439	456	381	0
522	439	456	381	533	0
439	456	381	533	440	1
456	381	533	440	451	0
381	533	440	451	389	0
533	440	451	389	533	0
440	451	389	533	448	1
451	389	533	448	455	0
389	533	448	455	467	0
533	448	455	467	459	0
448	455	467	459	409	0
455	467	459	409	517	0
467	459	409	517	459	1
459	409	517	459	463	0
409	517	459	463	467	0
517	459	463	467	381	0
459	463	467	381	576	0
463	467	381	576	471	1
467	381	576	471	479	0
381	576	471	479	490	0
576	471	479	490	370	0
471	479	490	370	607	0
479	490	370	607	482	1
490	370	607	482	487	0
370	607	482	487	486	0
607	482	487	486	374	0
482	487	486	374	599	0
487	486	374	599	443	1
486	374	599	443	537	0
374	599	443	537	491	0
599	443	537	491	498	0
443	537	491	498	381	0
537	491	498	381	650	0
491	498	381	650	502	1
498	381	650	502	506	0
381	650	502	506	509	0
650	502	506	509	385	0
502	506	509	385	635	0
506	509	385	635	502	1
509	385	635	502	505	0
385	635	502	505	514	0
635	502	505	514	370	0
502	505	514	370	673	0
505	514	370	673	529	1
514	370	673	529	521	0
370	673	529	521	522	0
673	529	521	522	533	0
529	521	522	533	381	0
521	522	533	381	724	0
522	533	381	724	553	1
533	381	724	553	521	0
381	724	553	521	377	0
724	553	521	377	701	0
553	521	377	701	541	1
521	377	701	541	513	0
377	701	541	513	537	0
701	541	513	537	549	0
541	513	537	549	389	0
513	537	549	389	681	0
537	549	389	681	517	1
549	389	681	517	530	0
389	681	517	530	521	0
681	517	530	521	529	0
517	530	521	529	370	0
530	521	529	370	727	0
521	529	370	727	553	1
529	370	727	553	521	0
370	727	553	521	382	0
727	553	521	382	681	0
553	521	382	681	525	1
521	382	681	525	514	0
382	681	525	514	525	0
681	525	514	525	517	0
525	514	525	517	374	0
514	525	517	374	654	0
525	517	374	654	521	1
517	374	654	521	517	0
374	654	521	517	518	0
654	521	517	518	381	0
521	517	518	381	662	0
517	518	381	662	525	1
518	381	662	525	518	0
381	662	525	518	517	0
662	525	518	517	378	0
525	518	517	378	634	0
518	517	378	634	502	1
517	378	634	502	506	0
378	634	502	506	509	0
634	502	506	509	510	0
502	506	509	510	377	0
506	509	510	377	654	0
509	510	377	654	514	1
510	377	654	514	513	0
377	654	514	513	518	0
654	514	513	518	381	0
514	513	518	381	666	0
513	518	381	666	439	1
518	381	666	439	603	0
381	666	439	603	514	1
666	439	603	514	370	0
439	603	514	370	638	0
603	514	370	638	506	1
514	370	638	506	505	0
370	638	506	505	514	0
638	506	505	514	374	0
506	505	514	374	669	0
505	514	374	669	428	1
514	374	669	428	630	0
374	669	428	630	522	1
669	428	630	522	529	0
428	630	522	529	389	0
630	522	529	389	704	0
522	529	389	704	545	1
529	389	704	545	533	0
389	704	545	533	529	0
704	545	533	529	459	0
545	533	529	459	596	0
533	529	459	596	537	0
529	459	596	537	541	0
459	596	537	541	544	0
596	537	541	544	541	0
537	541	544	541	537	0
541	544	541	537	537	0
544	541	537	537	533	0
541	537	537	533	525	0
537	537	533	525	522	0
537	533	525	522	389	0
533	525	522	389	650	0
525	522	389	650	509	1
522	389	650	509	514	0
389	650	509	514	506	0
650	509	514	506	381	0
509	514	506	381	638	0
514	506	381	638	502	1
506	381	638	502	506	0
381	638	502	506	424	0
638	502	506	424	277	0
502	506	424	277	330	1
506	424	277	330	440	1
424	277	330	440	568	1
277	330	440	568	498	1
330	440	568	498	502	0
440	568	498	502	510	0
568	498	502	510	517	0
498	502	510	517	514	0
502	510	517	514	510	0
510	517	514	510	513	0
517	514	510	513	522	0
514	510	513	522	525	0
510	513	522	525	533	0
513	522	525	533	533	0
522	525	533	533	553	0
525	533	533	553	540	0
533	533	553	540	541	0
533	553	540	541	533	0
553	540	541	533	541	0
540	541	533	541	529	0
541	533	541	529	530	0
533	541	529	530	529	0
541	529	530	529	525	0
529	530	529	525	533	0
530	529	525	533	525	0
529	525	533	525	530	0
525	533	525	530	389	0
533	525	530	389	669	0
525	530	389	669	525	1
530	389	669	525	526	0
389	669	525	526	517	0
669	525	526	517	393	0
525	526	517	393	646	0
526	517	393	646	514	1
517	393	646	514	525	0
393	646	514	525	525	0
646	514	525	525	389	0
514	525	525	389	662	0
525	525	389	662	525	1
525	389	662	525	521	0
389	662	525	521	526	0
662	525	521	526	393	0
525	521	526	393	712	0
521	526	393	712	548	1
526	393	712	548	534	0
393	712	548	534	544	0
712	548	534	544	553	0
548	534	544	553	556	0
534	544	553	556	545	0
544	553	556	545	564	0
553	556	545	564	561	0
556	545	564	561	552	0
545	564	561	552	564	0
564	561	552	564	557	0
561	552	564	557	552	0
552	564	557	552	397	0
564	557	552	397	689	0
557	552	397	689	552	1
552	397	689	552	537	0
397	689	552	537	541	0
689	552	537	541	389	0
552	537	541	389	693	0
537	541	389	693	541	1
541	389	693	541	529	0
389	693	541	529	510	0
693	541	529	510	408	0
541	529	510	408	685	0
529	510	408	685	541	1
510	408	685	541	529	0
408	685	541	529	545	0
685	541	529	545	552	0
541	529	545	552	568	0
529	545	552	568	580	0
545	552	568	580	599	0
552	568	580	599	627	0
568	580	599	627	416	0
580	599	627	416	891	0
599	627	416	891	599	1
627	416	891	599	576	0
416	891	599	576	561	0
891	599	576	561	568	0
599	576	561	568	580	0
576	561	568	580	583	0
561	568	580	583	584	0
568	580	583	584	591	0
580	583	584	591	600	0
583	584	591	600	607	0
584	591	600	607	587	0
591	600	607	587	603	0
600	607	587	603	603	0
607	587	603	603	615	0
587	603	603	615	592	0
603	603	615	592	607	0
603	615	592	607	603	0
615	592	607	603	607	0
592	607	603	607	576	0
607	603	607	576	498	0
603	607	576	498	712	0
607	576	498	712	576	1
576	498	712	576	575	0
498	712	576	575	603	0
712	576	575	603	592	0
576	575	603	592	587	0
575	603	592	587	592	0
603	592	587	592	599	0
592	587	592	599	611	0
587	592	599	611	611	0
592	599	611	611	607	0
599	611	611	607	611	0
611	611	607	611	587	0
611	607	611	587	568	0
607	611	587	568	565	0
611	587	568	565	579	0
587	568	565	579	397	0
568	565	579	397	767	0
565	579	397	767	576	1
579	397	767	576	471	0
397	767	576	471	692	0
767	576	471	692	560	1
576	471	692	560	588	0
471	692	560	588	588	0
692	560	588	588	420	0
560	588	588	420	762	0
588	588	420	762	561	1
588	420	762	561	556	0
420	762	561	556	405	0
762	561	556	405	720	0
561	556	405	720	548	1
556	405	720	548	557	0
405	720	548	557	560	0
720	548	557	560	401	0
548	557	560	401	864	0
557	560	401	864	735	1
560	401	864	735	685	0
401	864	735	685	401	0
864	735	685	401	887	0
735	685	401	887	619	1
685	401	887	619	416	0
401	887	619	416	731	0
887	619	416	731	572	1
619	416	731	572	549	0
416	731	572	549	560	0
731	572	549	560	393	0
572	549	560	393	743	0
549	560	393	743	561	1
560	393	743	561	552	0
393	743	561	552	553	0
743	561	552	553	545	0
561	552	553	545	548	0
552	553	545	548	557	0
553	545	548	557	568	0
545	548	557	568	564	0
548	557	568	564	576	0
557	568	564	576	572	0
568	564	576	572	568	0
564	576	572	568	572	0
576	572	568	572	580	0
572	568	572	580	576	0
568	572	580	576	572	0
572	580	576	572	544	0
580	576	572	544	561	0
576	572	544	561	537	0
572	544	561	537	552	0
544	561	537	552	549	0
561	537	552	549	552	0
537	552	549	552	561	0
552	549	552	561	400	0
549	552	561	400	697	0
552	561	400	697	545	1
561	400	697	545	544	0
400	697	545	544	541	0
697	545	544	541	409	0
545	544	541	409	677	0
544	541	409	677	537	1
541	409	677	537	541	0
409	677	537	541	560	0
677	537	541	560	397	0
537	541	560	397	712	0
541	560	397	712	552	1
560	397	712	552	541	0
397	712	552	541	537	0
712	552	541	537	385	0
552	541	537	385	709	0
541	537	385	709	548	1
537	385	709	548	541	0
385	709	548	541	549	0
709	548	541	549	393	0
548	541	549	393	743	0
541	549	393	743	568	1
549	393	743	568	560	0
393	743	568	560	557	0
743	568	560	557	416	0
568	560	557	416	689	0
560	557	416	689	548	1
557	416	689	548	545	0
416	689	548	545	545	0
689	548	545	545	412	0
548	545	545	412	670	0
545	545	412	670	533	1
545	412	670	533	548	0
412	670	533	548	541	0
670	533	548	541	409	0
533	548	541	409	696	0
548	541	409	696	545	1
541	409	696	545	549	0
409	696	545	549	552	0
696	545	549	552	549	0
545	549	552	549	548	0
549	552	549	548	553	0
552	549	548	553	549	0
549	548	553	549	564	0
548	553	549	564	568	0
553	549	564	568	556	0
549	564	568	556	561	0
564	568	556	561	576	0
568	556	561	576	568	0
556	561	576	568	579	0
561	576	568	579	549	0
576	568	579	549	560	0
568	579	549	560	565	0
579	549	560	565	560	0
549	560	565	560	397	0
560	565	560	397	731	0
565	560	397	731	545	1
560	397	731	545	541	0
397	731	545	541	541	0
731	545	541	541	529	0
545	541	541	529	436	0
541	541	529	436	677	0
541	529	436	677	548	1
529	436	677	548	393	0
436	677	548	393	697	0
677	548	393	697	541	1
548	393	697	541	525	0
393	697	541	525	401	0
697	541	525	401	646	0
541	525	401	646	521	1
525	401	646	521	525	0
401	646	521	525	522	0
646	521	525	522	397	0
521	525	522	397	677	0
525	522	397	677	537	1
522	397	677	537	544	0
397	677	537	544	541	0
677	537	544	541	553	0
537	544	541	553	548	0
544	541	553	548	569	0
541	553	548	569	400	0
553	548	569	400	720	0
548	569	400	720	557	1
569	400	720	557	548	0
400	720	557	548	549	0
720	557	548	549	556	0
557	548	549	556	549	0
548	549	556	549	564	0
549	556	549	564	557	0
556	549	564	557	568	0
549	564	557	568	579	0
564	557	568	579	572	0
557	568	579	572	588	0
568	579	572	588	595	0
579	572	588	595	607	0
572	588	595	607	615	0
588	595	607	615	603	0
595	607	615	603	596	0
607	615	603	596	583	0
615	603	596	583	576	0
603	596	583	576	576	0
596	583	576	576	580	0
583	576	576	580	416	0
576	576	580	416	743	0
576	580	416	743	576	1
580	416	743	576	572	0
416	743	576	572	568	0
743	576	572	568	568	0
576	572	568	568	592	0
572	568	568	592	599	0
568	568	592	599	432	0
568	592	599	432	770	0
592	599	432	770	584	1
599	432	770	584	587	0
432	770	584	587	592	0
770	584	587	592	603	0
584	587	592	603	615	0
587	592	603	615	626	0
592	603	615	626	611	0
603	615	626	611	627	0
615	626	611	627	642	0
626	611	627	642	428	0
611	627	642	428	844	0
627	642	428	844	615	1
642	428	844	615	576	0
428	844	615	576	564	0
844	615	576	564	576	0
615	576	564	576	580	0
576	564	576	580	579	0
564	576	580	579	405	0
576	580	579	405	802	0
580	579	405	802	587	1
579	405	802	587	572	0
405	802	587	572	397	0
802	587	572	397	743	0
587	572	397	743	560	1
572	397	743	560	557	0
397	743	560	557	576	0
743	560	557	576	583	0
560	557	576	583	607	0
557	576	583	607	631	0
576	583	607	631	626	0
583	607	631	626	627	0
607	631	626	627	642	0
631	626	627	642	653	0
626	627	642	653	607	0
627	642	653	607	600	0
642	653	607	600	607	0
653	607	600	607	622	0
607	600	607	622	603	0
600	607	622	603	615	0
607	622	603	615	409	0
622	603	615	409	863	0
603	615	409	863	615	1
615	409	863	615	417	0
409	863	615	417	778	0
863	615	417	778	576	1
615	417	778	576	572	0
417	778	576	572	564	0
778	576	572	564	572	0
576	572	564	572	580	0
572	564	572	580	587	0
564	572	580	587	615	0
572	580	587	615	409	0
580	587	615	409	922	0
587	615	409	922	669	1
615	409	922	669	412	0
409	922	669	412	818	0
922	669	412	818	583	1
669	412	818	583	584	0
412	818	583	584	424	0
818	583	584	424	755	0
583	584	424	755	580	1
584	424	755	580	568	0
424	755	580	568	611	0
755	580	568	611	607	0
580	568	611	607	626	0
568	611	607	626	432	0
611	607	626	432	864	0
607	626	432	864	615	1
626	432	864	615	603	0
432	864	615	603	416	0
864	615	603	416	763	0
615	603	416	763	568	1
603	416	763	568	556	0
416	763	568	556	397	0
763	568	556	397	735	0
568	556	397	735	553	1
556	397	735	553	564	0
397	735	553	564	584	0
735	553	564	584	412	0
553	564	584	412	743	0
564	584	412	743	588	1
584	412	743	588	568	0
412	743	588	568	572	0
743	588	568	572	409	0
588	568	572	409	751	0
568	572	409	751	579	1
572	409	751	579	561	0
409	751	579	561	579	0
751	579	561	579	429	0
579	561	579	429	739	0
561	579	429	739	564	1
579	429	739	564	576	0
429	739	564	576	584	0
739	564	576	584	583	0
564	576	584	583	409	0
576	584	583	409	766	0
584	583	409	766	584	1
583	409	766	584	591	0
409	766	584	591	584	0
766	584	591	584	588	0
584	591	584	588	587	0
591	584	588	587	592	0
584	588	587	592	412	0
588	587	592	412	778	0
587	592	412	778	607	1
592	412	778	607	588	0
412	778	607	588	587	0
778	607	588	587	580	0
607	588	587	580	588	0
588	587	580	588	603	0
587	580	588	603	404	0
580	588	603	404	790	0
588	603	404	790	592	1
603	404	790	592	580	0
404	790	592	580	583	0
790	592	580	583	580	0
592	580	583	580	588	0
580	583	580	588	603	0
583	580	588	603	599	0
580	588	603	599	595	0
588	603	599	595	596	0
603	599	595	596	603	0
599	595	596	603	595	0
595	596	603	595	595	0
596	603	595	595	600	0
603	595	595	600	599	0
595	595	600	599	428	0
595	600	599	428	762	0
600	599	428	762	588	1
599	428	762	588	580	0
428	762	588	580	576	0
762	588	580	576	575	0
588	580	576	575	576	0
580	576	575	576	576	0
576	575	576	576	576	0
575	576	576	576	397	0
576	576	576	397	790	0
576	576	397	790	595	1
576	397	790	595	564	0
397	790	595	564	565	0
790	595	564	565	548	0
595	564	565	548	580	0
564	565	548	580	564	0
565	548	580	564	580	0
548	580	564	580	568	0
580	564	580	568	591	0
564	580	568	591	619	0
580	568	591	619	611	0
568	591	619	611	619	0
591	619	611	619	634	0
619	611	619	634	665	0
611	619	634	665	642	0
619	634	665	642	600	0
634	665	642	600	610	0
665	642	600	610	608	0
642	600	610	608	614	0
600	610	608	614	615	0
610	608	614	615	397	0
608	614	615	397	821	0
614	615	397	821	623	1
615	397	821	623	420	0
397	821	623	420	774	0
821	623	420	774	588	1
623	420	774	588	579	0
420	774	588	579	405	0
774	588	579	405	771	0
588	579	405	771	599	1
579	405	771	599	595	0
405	771	599	595	389	0
771	599	595	389	813	0
599	595	389	813	635	1
595	389	813	635	420	0
389	813	635	420	817	0
813	635	420	817	658	1
635	420	817	658	420	0
420	817	658	420	864	0
817	658	420	864	665	1
658	420	864	665	420	0
420	864	665	420	833	0
864	665	420	833	622	1
665	420	833	622	421	0
420	833	622	421	805	0
833	622	421	805	588	1
622	421	805	588	583	0
421	805	588	583	405	0
805	588	583	405	732	0
588	583	405	732	560	1
583	405	732	560	549	0
405	732	560	549	428	0
732	560	549	428	731	0
560	549	428	731	588	1
549	428	731	588	591	0
428	731	588	591	619	0
731	588	591	619	653	0
588	591	619	653	642	0
591	619	653	642	650	0
619	653	642	650	393	0
653	642	650	393	907	0
642	650	393	907	642	1
650	393	907	642	622	0
393	907	642	622	619	0
907	642	622	619	599	0
642	622	619	599	611	0
622	619	599	611	607	0
619	599	611	607	615	0
599	611	607	615	619	0
611	607	615	619	630	0
607	615	619	630	654	0
615	619	630	654	401	0
619	630	654	401	914	0
630	654	401	914	630	1
654	401	914	630	631	0
401	914	630	631	396	0
914	630	631	396	822	0
630	631	396	822	614	1
631	396	822	614	596	0
396	822	614	596	591	0
822	614	596	591	615	0
614	596	591	615	657	0
596	591	615	657	697	0
591	615	657	697	724	0
615	657	697	724	797	0
657	697	724	797	424	0
697	724	797	424	491	0
724	797	424	491	720	1
797	424	491	720	758	0
424	491	720	758	759	0
491	720	758	759	747	0
720	758	759	747	739	0
758	759	747	739	724	0
759	747	739	724	728	0
747	739	724	728	724	0
739	724	728	724	723	0
724	728	724	723	724	0
728	724	723	724	728	0
724	723	724	728	731	0
723	724	728	731	743	0
724	728	731	743	720	0
728	731	743	720	409	0
731	743	720	409	1066	0
743	720	409	1066	708	1
720	409	1066	708	409	0
409	1066	708	409	821	0
1066	708	409	821	583	1
708	409	821	583	588	0
409	821	583	588	420	0
821	583	588	420	782	0
583	588	420	782	607	1
588	420	782	607	611	0
420	782	607	611	623	0
782	607	611	623	626	0
607	611	623	626	646	0
611	623	626	646	716	0
623	626	646	716	794	0
626	646	716	794	875	0
646	716	794	875	825	0
716	794	875	825	409	0
794	875	825	409	455	0
875	825	409	455	669	1
825	409	455	669	736	0
409	455	669	736	435	0
455	669	736	435	1039	0
669	736	435	1039	677	1
736	435	1039	677	623	0
435	1039	677	623	599	0
1039	677	623	599	619	0
677	623	599	619	634	0
623	599	619	634	650	0
599	619	634	650	634	0
619	634	650	634	650	0
634	650	634	650	696	0
650	634	650	696	748	0
634	650	696	748	797	0
650	696	748	797	860	0
696	748	797	860	809	0
748	797	860	809	771	0
797	860	809	771	766	0
860	809	771	766	751	0
809	771	766	751	744	0
771	766	751	744	743	0
766	751	744	743	735	0
751	744	743	735	736	0
744	743	735	736	739	0
743	735	736	739	728	0
735	736	739	728	727	0
736	739	728	727	739	0
739	728	727	739	409	0
728	727	739	409	1066	0
727	739	409	1066	701	1
739	409	1066	701	404	0
409	1066	701	404	786	0
1066	701	404	786	568	1
701	404	786	568	557	0
404	786	568	557	564	0
786	568	557	564	572	0
568	557	564	572	584	0
557	564	572	584	428	0
564	572	584	428	786	0
572	584	428	786	622	1
584	428	786	622	413	0
428	786	622	413	809	0
786	622	413	809	599	1
622	413	809	599	595	0
413	809	599	595	607	0
809	599	595	607	588	0
599	595	607	588	599	0
595	607	588	599	603	0
607	588	599	603	615	0
588	599	603	615	417	0
599	603	615	417	821	0
603	615	417	821	614	1
615	417	821	614	592	0
417	821	614	592	587	0
821	614	592	587	576	0
614	592	587	576	572	0
592	587	576	572	584	0
587	576	572	584	587	0
576	572	584	587	600	0
572	584	587	600	614	0
584	587	600	614	611	0
587	600	614	611	409	0
600	614	611	409	840	0
614	611	409	840	615	1
611	409	840	615	595	0
409	840	615	595	417	0
840	615	595	417	755	0
615	595	417	755	583	1
595	417	755	583	572	0
417	755	583	572	580	0
755	583	572	580	588	0
583	572	580	588	591	0
572	580	588	591	447	0
580	588	591	447	759	0
588	591	447	759	603	1
591	447	759	603	584	0
447	759	603	584	595	0
759	603	584	595	600	0
603	584	595	600	603	0
584	595	600	603	603	0
595	600	603	603	603	0
600	603	603	603	622	0
603	603	603	622	650	0
603	603	622	650	421	0
603	622	650	421	871	0
622	650	421	871	607	1
650	421	871	607	405	0
421	871	607	405	782	0
871	607	405	782	572	1
607	405	782	572	412	0
405	782	572	412	740	0
782	572	412	740	568	1
572	412	740	568	564	0
412	740	568	564	393	0
740	568	564	393	801	0
568	564	393	801	654	1
564	393	801	654	607	0
393	801	654	607	611	0
801	654	607	611	603	0
654	607	611	603	595	0
607	611	603	595	588	0
611	603	595	588	409	0
603	595	588	409	762	0
595	588	409	762	596	1
588	409	762	596	572	0
409	762	596	572	564	0
762	596	572	564	416	0
596	572	564	416	724	0
572	564	416	724	568	1
564	416	724	568	556	0
416	724	568	556	405	0
724	568	556	405	712	0
568	556	405	712	549	1
556	405	712	549	541	0
405	712	549	541	396	0
712	549	541	396	716	0
549	541	396	716	549	1
541	396	716	549	545	0
396	716	549	545	401	0
716	549	545	401	700	0
549	545	401	700	545	1
545	401	700	545	548	0
401	700	545	548	401	0
700	545	548	401	697	0
545	548	401	697	544	1
548	401	697	544	541	0
401	697	544	541	397	0
697	544	541	397	693	0
544	541	397	693	533	1
541	397	693	533	548	0
397	693	533	548	397	0
693	533	548	397	709	0
533	548	397	709	552	1
548	397	709	552	416	0
397	709	552	416	701	0
709	552	416	701	556	1
552	416	701	556	560	0
416	701	556	560	397	0
701	556	560	397	751	0
556	560	397	751	592	1
560	397	751	592	572	0
397	751	592	572	568	0
751	592	572	568	401	0
592	572	568	401	762	0
572	568	401	762	572	1
568	401	762	572	561	0
401	762	572	561	435	0
762	572	561	435	728	0
572	561	435	728	568	1
561	435	728	568	564	0
435	728	568	564	568	0
728	568	564	568	401	0
568	564	568	401	743	0
564	568	401	743	568	1
568	401	743	568	565	0
401	743	568	565	552	0
743	568	565	552	564	0
568	565	552	564	580	0
565	552	564	580	568	0
552	564	580	568	568	0
564	580	568	568	584	0
580	568	568	584	568	0
568	568	584	568	584	0
568	584	568	584	587	0
584	568	584	587	600	0
568	584	587	600	599	0
584	587	600	599	404	0
587	600	599	404	779	0
600	599	404	779	572	1
599	404	779	572	548	0
404	779	572	548	557	0
779	572	548	557	412	0
572	548	557	412	712	0
548	557	412	712	553	1
557	412	712	553	548	0
412	712	553	548	409	0
712	553	548	409	700	0
553	548	409	700	553	1
548	409	700	553	548	0
409	700	553	548	545	0
700	553	548	545	588	0
553	548	545	588	583	0
548	545	588	583	584	0
545	588	583	584	564	0
588	583	584	564	576	0
583	584	564	576	436	0
584	564	576	436	786	0
564	576	436	786	630	1
576	436	786	630	596	0
436	786	630	596	583	0
786	630	596	583	584	0
630	596	583	584	607	0
596	583	584	607	588	0
583	584	607	588	571	0
584	607	588	571	588	0
607	588	571	588	595	0
588	571	588	595	600	0
571	588	595	600	439	0
588	595	600	439	747	0
595	600	439	747	572	1
600	439	747	572	557	0
439	747	572	557	404	0
747	572	557	404	712	0
572	557	404	712	541	1
557	404	712	541	541	0
404	712	541	541	397	0
712	541	541	397	689	0
541	541	397	689	548	1
541	397	689	548	549	0
397	689	548	549	572	0
689	548	549	572	413	0
548	549	572	413	786	0
549	572	413	786	599	1
572	413	786	599	580	0
413	786	599	580	431	0
786	599	580	431	779	0
599	580	431	779	611	1
580	431	779	611	575	0
431	779	611	575	604	0
779	611	575	604	614	0
611	575	604	614	631	0
575	604	614	631	642	0
604	614	631	642	638	0
614	631	642	638	626	0
631	642	638	626	611	0
642	638	626	611	623	0
638	626	611	623	389	0
626	611	623	389	860	0
611	623	389	860	618	1
623	389	860	618	580	0
389	860	618	580	428	0
860	618	580	428	763	0
618	580	428	763	576	1
580	428	763	576	576	0
428	763	576	576	572	0
763	576	576	572	424	0
576	576	572	424	743	0
576	572	424	743	580	1
572	424	743	580	568	0
424	743	580	568	397	0
743	580	568	397	731	0
580	568	397	731	560	1
568	397	731	560	549	0
397	731	560	549	568	0
731	560	549	568	599	0
560	549	568	599	635	0
549	568	599	635	684	0
568	599	635	684	689	0
599	635	684	689	724	0
635	684	689	724	794	0
684	689	724	794	829	0
689	724	794	829	848	0
724	794	829	848	774	0
794	829	848	774	767	0
829	848	774	767	751	0
848	774	767	751	404	0
774	767	751	404	1070	0
767	751	404	1070	673	1
751	404	1070	673	401	0
404	1070	673	401	763	0
1070	673	401	763	549	1
673	401	763	549	552	0
401	763	549	552	397	0
763	549	552	397	704	0
549	552	397	704	541	1
552	397	704	541	541	0
397	704	541	541	401	0
704	541	541	401	700	0
541	541	401	700	549	1
541	401	700	549	556	0
401	700	549	556	397	0
700	549	556	397	743	0
549	556	397	743	576	1
556	397	743	576	584	0
397	743	576	584	401	0
743	576	584	401	797	0
576	584	401	797	615	1
584	401	797	615	591	0
401	797	615	591	409	0
797	615	591	409	813	0
615	591	409	813	596	1
591	409	813	596	575	0
409	813	596	575	584	0
813	596	575	584	580	0
596	575	584	580	576	0
575	584	580	576	568	0
584	580	576	568	412	0
580	576	568	412	771	0
576	568	412	771	607	1
568	412	771	607	587	0
412	771	607	587	397	0
771	607	587	397	837	0
607	587	397	837	634	1
587	397	837	634	428	0
397	837	634	428	805	0
837	634	428	805	611	1
634	428	805	611	592	0
428	805	611	592	416	0
805	611	592	416	879	0
611	592	416	879	744	1
592	416	879	744	751	0
416	879	744	751	400	0
879	744	751	400	506	0
744	751	400	506	685	1
751	400	506	685	732	0
400	506	685	732	778	0
506	685	732	778	404	0
685	732	778	404	1117	0
732	778	404	1117	747	1
778	404	1117	747	413	0
404	1117	747	413	1109	0
1117	747	413	1109	743	1
747	413	1109	743	405	0
413	1109	743	405	1101	0
1109	743	405	1101	735	1
743	405	1101	735	413	0
405	1101	735	413	1050	0
1101	735	413	1050	693	1
735	413	1050	693	408	0
413	1050	693	408	895	0
1050	693	408	895	716	1
693	408	895	716	420	0
408	895	716	420	1016	0
895	716	420	1016	755	1
716	420	1016	755	716	0
420	1016	755	716	759	0
1016	755	716	759	805	0
755	716	759	805	821	0
716	759	805	821	767	0
759	805	821	767	762	0
805	821	767	762	751	0
821	767	762	751	767	0
767	762	751	767	762	0
762	751	767	762	751	0
751	767	762	751	763	0
767	762	751	763	409	0
762	751	763	409	1112	0
751	763	409	1112	755	1
763	409	1112	755	409	0
409	1112	755	409	1050	0
1112	755	409	1050	658	1
755	409	1050	658	599	0
409	1050	658	599	584	0
1050	658	599	584	603	0
658	599	584	603	595	0
599	584	603	595	615	0
584	603	595	615	611	0
603	595	615	611	611	0
595	615	611	611	689	0
615	611	611	689	988	0
611	611	689	988	817	0
611	689	988	817	409	0
689	988	817	409	482	0
988	817	409	482	697	1
817	409	482	697	782	0
409	482	697	782	412	0
482	697	782	412	479	0
697	782	412	479	669	1
782	412	479	669	759	0
412	479	669	759	432	0
479	669	759	432	1097	0
669	759	432	1097	677	1
759	432	1097	677	619	0
432	1097	677	619	603	0
1097	677	619	603	591	0
677	619	603	591	603	0
619	603	591	603	405	0
603	591	603	405	767	0
591	603	405	767	579	1
603	405	767	579	421	0
405	767	579	421	813	0
767	579	421	813	611	1
579	421	813	611	591	0
421	813	611	591	416	0
813	611	591	416	790	0
611	591	416	790	584	1
591	416	790	584	572	0
416	790	584	572	405	0
790	584	572	405	751	0
584	572	405	751	564	1
572	405	751	564	568	0
405	751	564	568	408	0
751	564	568	408	736	0
564	568	408	736	572	1
568	408	736	572	420	0
408	736	572	420	767	0
736	572	420	767	603	1
572	420	767	603	587	0
420	767	603	587	421	0
767	603	587	421	754	0
603	587	421	754	588	1
587	421	754	588	580	0
421	754	588	580	576	0
754	588	580	576	579	0
588	580	576	579	432	0
580	576	579	432	755	0
576	579	432	755	599	1
579	432	755	599	588	0
432	755	599	588	591	0
755	599	588	591	584	0
599	588	591	584	436	0
588	591	584	436	716	0
591	584	436	716	568	1
584	436	716	568	572	0
436	716	568	572	568	0
716	568	572	568	572	0
568	572	568	572	568	0
572	568	572	568	576	0
568	572	568	576	580	0
572	568	576	580	443	0
568	576	580	443	708	0
576	580	443	708	576	1
580	443	708	576	572	0
443	708	576	572	572	0
708	576	572	572	576	0
576	572	572	576	572	0
572	572	576	572	580	0
572	576	572	580	580	0
576	572	580	580	393	0
572	580	580	393	790	0
580	580	393	790	583	1
580	393	790	583	420	0
393	790	583	420	732	0
790	583	420	732	556	1
583	420	732	556	428	0
420	732	556	428	728	0
732	556	428	728	584	1
556	428	728	584	435	0
428	728	584	435	740	0
728	584	435	740	572	1
584	435	740	572	436	0
435	740	572	436	731	0
740	572	436	731	584	1
572	436	731	584	587	0
436	731	584	587	592	0
731	584	587	592	599	0
584	587	592	599	595	0
587	592	599	595	596	0
592	599	595	596	599	0
599	595	596	599	599	0
595	596	599	599	603	0
596	599	599	603	595	0
599	599	603	595	401	0
599	603	595	401	767	0
603	595	401	767	580	1
595	401	767	580	428	0
401	767	580	428	731	0
767	580	428	731	576	1
580	428	731	576	424	0
428	731	576	424	708	0
731	576	424	708	557	1
576	424	708	557	560	0
424	708	557	560	560	0
708	557	560	560	553	0
557	560	560	553	552	0
560	560	553	552	572	0
560	553	552	572	409	0
553	552	572	409	770	0
552	572	409	770	611	1
572	409	770	611	588	0
409	770	611	588	591	0
770	611	588	591	576	0
611	588	591	576	576	0
588	591	576	576	572	0
591	576	576	572	405	0
576	576	572	405	782	0
576	572	405	782	591	1
572	405	782	591	595	0
405	782	591	595	596	0
782	591	595	596	595	0
591	595	596	595	595	0
595	596	595	595	588	0
596	595	595	588	595	0
595	595	588	595	600	0
595	588	595	600	595	0
588	595	600	595	412	0
595	600	595	412	782	0
600	595	412	782	596	1
595	412	782	596	424	0
412	782	596	424	751	0
782	596	424	751	584	1
596	424	751	584	431	0
424	751	584	431	740	0
751	584	431	740	607	1
584	431	740	607	599	0
431	740	607	599	623	0
740	607	599	623	634	0
607	599	623	634	634	0
599	623	634	634	401	0
623	634	634	401	976	0
634	634	401	976	681	1
634	401	976	681	397	0
401	976	681	397	884	0
976	681	397	884	614	1
681	397	884	614	413	0
397	884	614	413	790	0
884	614	413	790	603	1
614	413	790	603	428	0
413	790	603	428	778	0
790	603	428	778	623	1
603	428	778	623	607	0
428	778	623	607	393	0
778	623	607	393	875	0
623	607	393	875	611	1
607	393	875	611	424	0
393	875	611	424	782	0
875	611	424	782	599	1
611	424	782	599	596	0
424	782	599	596	618	0
782	599	596	618	654	0
599	596	618	654	440	0
596	618	654	440	945	0
618	654	440	945	635	1
654	440	945	635	420	0
440	945	635	420	782	0
945	635	420	782	603	1
635	420	782	603	576	0
420	782	603	576	603	0
782	603	576	603	615	0
603	576	603	615	615	0
576	603	615	615	618	0
603	615	615	618	631	0
615	615	618	631	614	0
615	618	631	614	596	0
618	631	614	596	412	0
631	614	596	412	790	0
614	596	412	790	607	1
596	412	790	607	424	0
412	790	607	424	771	0
790	607	424	771	603	1
607	424	771	603	579	0
424	771	603	579	592	0
771	603	579	592	607	0
603	579	592	607	455	0
579	592	607	455	786	0
592	607	455	786	646	1
607	455	786	646	627	0
455	786	646	627	638	0
786	646	627	638	393	0
646	627	638	393	899	0
627	638	393	899	634	1
638	393	899	634	416	0
393	899	634	416	809	0
899	634	416	809	631	1
634	416	809	631	420	0
416	809	631	420	805	0
809	631	420	805	654	1
631	420	805	654	428	0
420	805	654	428	841	0
805	654	428	841	661	1
654	428	841	661	630	0
428	841	661	630	646	0
841	661	630	646	685	0
661	630	646	685	720	0
630	646	685	720	743	0
646	685	720	743	401	0
685	720	743	401	1090	0
720	743	401	1090	762	1
743	401	1090	762	759	0
401	1090	762	759	735	0
1090	762	759	735	736	0
762	759	735	736	727	0
759	735	736	727	732	0
735	736	727	732	735	0
736	727	732	735	732	0
727	732	735	732	735	0
732	735	732	735	736	0
735	732	735	736	739	0
732	735	736	739	724	0
735	736	739	724	735	0
736	739	724	735	728	0
739	724	735	728	727	0
724	735	728	727	724	0
735	728	727	724	708	0
728	727	724	708	708	0
727	724	708	708	705	0
724	708	708	705	404	0
708	708	705	404	993	0
708	705	404	993	618	1
705	404	993	618	568	0
404	993	618	568	568	0
993	618	568	568	572	1
618	568	568	572	580	1
568	568	572	580	393	1
568	572	580	393	883	1
572	580	393	883	444	0
580	393	883	444	300	0
393	883	444	300	754	1
883	444	300	754	720	1
444	300	754	720	705	0
300	754	720	705	727	0
754	720	705	727	740	0
720	705	727	740	743	0
705	727	740	743	712	0
727	740	743	712	412	0
740	743	712	412	845	0
743	712	412	845	575	1
712	412	845	575	432	0
412	845	575	432	755	0
845	575	432	755	576	1
575	432	755	576	440	0
432	755	576	440	720	0
755	576	440	720	568	1
576	440	720	568	580	0
440	720	568	580	583	0
720	568	580	583	592	0
568	580	583	592	599	0
580	583	592	599	626	0
583	592	599	626	397	0
592	599	626	397	953	0
599	626	397	953	678	1
626	397	953	678	408	0
397	953	678	408	856	0
953	678	408	856	623	1
678	408	856	623	408	0
408	856	623	408	802	0
856	623	408	802	595	1
623	408	802	595	440	0
408	802	595	440	778	0
802	595	440	778	580	1
595	440	778	580	432	0
440	778	580	432	747	0
778	580	432	747	583	1
580	432	747	583	596	0
432	747	583	596	401	0
747	583	596	401	984	0
583	596	401	984	833	1
596	401	984	833	856	0
401	984	833	856	790	0
984	833	856	790	778	0
833	856	790	778	778	0
856	790	778	778	405	0
790	778	778	405	474	0
778	778	405	474	677	1
778	405	474	677	759	0
405	474	677	759	405	0
474	677	759	405	1117	0
677	759	405	1117	751	1
759	405	1117	751	408	0
405	1117	751	408	1074	0
1117	751	408	1074	732	1
751	408	1074	732	719	0
408	1074	732	719	712	0
1074	732	719	712	720	0
732	719	712	720	724	0
719	712	720	724	732	0
712	720	724	732	727	0
720	724	732	727	724	0
724	732	727	724	432	0
732	727	724	432	1031	0
727	724	432	1031	735	1
724	432	1031	735	405	0
432	1031	735	405	1039	0
1031	735	405	1039	642	1
735	405	1039	642	409	0
405	1039	642	409	778	0
1039	642	409	778	568	1
642	409	778	568	432	0
409	778	568	432	716	0
778	568	432	716	556	1
568	432	716	556	588	0
432	716	556	588	618	0
716	556	588	618	677	0
556	588	618	677	767	0
588	618	677	767	397	0
618	677	767	397	486	0
677	767	397	486	701	1
767	397	486	701	758	0
397	486	701	758	755	0
486	701	758	755	701	0
701	758	755	701	661	0
758	755	701	661	642	0
755	701	661	642	646	0
701	661	642	646	646	0
661	642	646	646	634	0
642	646	646	634	623	0
646	646	634	623	436	0
646	634	623	436	431	0
634	623	436	431	487	1
623	436	431	487	510	1
436	431	487	510	591	0
431	487	510	591	584	1
487	510	591	584	412	0
510	591	584	412	806	0
591	584	412	806	607	1
584	412	806	607	439	0
412	806	607	439	775	0
806	607	439	775	591	1
607	439	775	591	588	0
439	775	591	588	599	0
775	591	588	599	634	0
591	588	599	634	739	0
588	599	634	739	961	0
599	634	739	961	806	0
634	739	961	806	778	0
739	961	806	778	755	0
961	806	778	755	770	0
806	778	755	770	767	0
778	755	770	767	766	0
755	770	767	766	763	0
770	767	766	763	759	0
767	766	763	759	412	0
766	763	759	412	1094	0
763	759	412	1094	743	1
759	412	1094	743	731	0
412	1094	743	731	728	0
1094	743	731	728	728	0
743	731	728	728	719	0
731	728	728	719	728	0
728	728	719	728	736	0
728	719	728	736	735	0
719	728	736	735	412	0
728	736	735	412	1074	0
736	735	412	1074	740	1
735	412	1074	740	408	0
412	1074	740	408	1062	0
1074	740	408	1062	677	1
740	408	1062	677	413	0
408	1062	677	413	836	0
1062	677	413	836	631	1
677	413	836	631	416	0
413	836	631	416	895	0
836	631	416	895	782	1
631	416	895	782	417	0
416	895	782	417	498	0
895	782	417	498	646	1
782	417	498	646	735	0
417	498	646	735	416	0
498	646	735	416	1090	0
646	735	416	1090	727	1
735	416	1090	727	736	0
416	1090	727	736	735	0
1090	727	736	735	732	0
727	736	735	732	739	0
736	735	732	739	732	0
735	732	739	732	727	0
732	739	732	727	736	0
739	732	727	736	731	0
732	727	736	731	728	0
727	736	731	728	712	0
736	731	728	712	716	0
731	728	712	716	653	0
728	712	716	653	639	0
712	716	653	639	630	0
716	653	639	630	622	0
653	639	630	622	413	0
639	630	622	413	821	0
630	622	413	821	615	1
622	413	821	615	611	0
413	821	615	611	424	0
821	615	611	424	809	0
615	611	424	809	607	1
611	424	809	607	432	0
424	809	607	432	751	0
809	607	432	751	568	1
607	432	751	568	409	0
432	751	568	409	754	0
751	568	409	754	569	1
568	409	754	569	420	0
409	754	569	420	747	0
754	569	420	747	580	1
569	420	747	580	408	0
420	747	580	408	794	0
747	580	408	794	603	1
580	408	794	603	576	0
408	794	603	576	409	0
794	603	576	409	805	0
603	576	409	805	599	1
576	409	805	599	580	0
409	805	599	580	405	0
805	599	580	405	825	0
599	580	405	825	599	1
580	405	825	599	572	0
405	825	599	572	580	0
825	599	572	580	447	0
599	572	580	447	697	0
572	580	447	697	575	1
580	447	697	575	580	0
447	697	575	580	405	0
697	575	580	405	790	0
575	580	405	790	595	1
580	405	790	595	580	0
405	790	595	580	580	0
790	595	580	580	587	0
595	580	580	587	595	0
580	580	587	595	592	0
580	587	595	592	412	0
587	595	592	412	751	0
595	592	412	751	580	1
592	412	751	580	584	0
412	751	580	584	576	0
751	580	584	576	572	0
580	584	576	572	564	0
584	576	572	564	560	0
576	572	564	560	553	0
572	564	560	553	564	0
564	560	553	564	568	0
560	553	564	568	580	0
553	564	568	580	404	0
564	568	580	404	763	0
568	580	404	763	580	1
580	404	763	580	568	0
404	763	580	568	572	0
763	580	568	572	572	0
580	568	572	572	568	0
568	572	572	568	572	0
572	572	568	572	591	0
572	568	572	591	393	0
568	572	591	393	814	0
572	591	393	814	599	1
591	393	814	599	611	0
393	814	599	611	428	0
814	599	611	428	786	0
599	611	428	786	603	1
611	428	786	603	587	0
428	786	603	587	596	0
786	603	587	596	599	0
603	587	596	599	619	0
587	596	599	619	634	0
596	599	619	634	638	0
599	619	634	638	669	0
619	634	638	669	685	0
634	638	669	685	677	0
638	669	685	677	673	0
669	685	677	673	673	0
685	677	673	673	631	0
677	673	673	631	412	0
673	673	631	412	845	0
673	631	412	845	618	1
631	412	845	618	599	0
412	845	618	599	611	0
845	618	599	611	611	0
618	599	611	611	615	0
599	611	611	615	611	0
611	611	615	611	424	0
611	615	611	424	813	0
615	611	424	813	615	1
611	424	813	615	595	0
424	813	615	595	413	0
813	615	595	413	790	0
615	595	413	790	595	1
595	413	790	595	588	0
413	790	595	588	587	0
790	595	588	587	595	0
595	588	587	595	588	0
588	587	595	588	580	0
587	595	588	580	432	0
595	588	580	432	747	0
588	580	432	747	587	1
580	432	747	587	584	0
432	747	587	584	401	0
747	587	584	401	790	0
587	584	401	790	614	1
584	401	790	614	596	0
401	790	614	596	622	0
790	614	596	622	650	0
614	596	622	650	654	0
596	622	650	654	681	0
622	650	654	681	397	0
650	654	681	397	953	0
654	681	397	953	646	1
681	397	953	646	408	0
397	953	646	408	837	0
953	646	408	837	615	1
646	408	837	615	583	0
408	837	615	583	607	0
837	615	583	607	607	0
615	583	607	607	627	0
583	607	607	627	704	0
607	607	627	704	401	0
607	627	704	401	584	0
627	704	401	584	770	1
704	401	584	770	809	0
401	584	770	809	802	0
584	770	809	802	401	0
770	809	802	401	498	0
809	802	401	498	712	1
802	401	498	712	798	0
401	498	712	798	778	0
498	712	798	778	404	0
712	798	778	404	483	0
798	778	404	483	700	1
778	404	483	700	763	0
404	483	700	763	759	0
483	700	763	759	404	0
700	763	759	404	1121	0
763	759	404	1121	751	1
759	404	1121	751	735	0
404	1121	751	735	747	0
1121	751	735	747	740	0
751	735	747	740	735	0
735	747	740	735	747	0
747	740	735	747	401	0
740	735	747	401	1136	0
735	747	401	1136	751	1
747	401	1136	751	409	0
401	1136	751	409	1113	0
1136	751	409	1113	758	1
751	409	1113	758	417	0
409	1113	758	417	1070	0
1113	758	417	1070	735	1
758	417	1070	735	736	0
417	1070	735	736	719	0
1070	735	736	719	740	0
735	736	719	740	747	0
736	719	740	747	412	0
719	740	747	412	1090	0
740	747	412	1090	755	1
747	412	1090	755	762	0
412	1090	755	762	767	0
1090	755	762	767	778	0
755	762	767	778	790	0
762	767	778	790	416	0
767	778	790	416	514	0
778	790	416	514	650	1
790	416	514	650	782	0
416	514	650	782	801	0
514	650	782	801	393	0
650	782	801	393	479	0
782	801	393	479	689	1
801	393	479	689	754	0
393	479	689	754	755	0
479	689	754	755	401	0
689	754	755	401	1125	0
754	755	401	1125	747	1
755	401	1125	747	755	0
401	1125	747	755	412	0
1125	747	755	412	1093	0
747	755	412	1093	747	1
755	412	1093	747	744	0
412	1093	747	744	727	0
1093	747	744	727	736	0
747	744	727	736	766	0
744	727	736	766	759	0
727	736	766	759	767	0
736	766	759	767	774	0
766	759	767	774	782	0
759	767	774	782	778	0
767	774	782	778	416	0
774	782	778	416	483	0
782	778	416	483	685	1
778	416	483	685	762	0
416	483	685	762	783	0
483	685	762	783	770	0
685	762	783	770	774	0
762	783	770	774	763	0
783	770	774	763	755	0
770	774	763	755	751	0
774	763	755	751	762	0
763	755	751	762	755	0
755	751	762	755	755	0
751	762	755	755	759	0
762	755	755	759	759	0
755	755	759	759	766	0
755	759	759	766	767	0
759	759	766	767	404	0
759	766	767	404	1129	0
766	767	404	1129	755	1
767	404	1129	755	751	0
404	1129	755	751	755	0
1129	755	751	755	747	0
755	751	755	747	735	0
751	755	747	735	743	0
755	747	735	743	743	0
747	735	743	743	747	0
735	743	743	747	740	0
743	743	747	740	751	0
743	747	740	751	743	0
747	740	751	743	739	0
740	751	743	739	728	0
751	743	739	728	692	0
743	739	728	692	631	0
739	728	692	631	424	0
728	692	631	424	766	0
692	631	424	766	576	1
631	424	766	576	572	0
424	766	576	572	409	0
766	576	572	409	739	0
576	572	409	739	564	1
572	409	739	564	568	0
409	739	564	568	409	0
739	564	568	409	735	0
564	568	409	735	569	1
568	409	735	569	424	0
409	735	569	424	751	0
735	569	424	751	576	1
569	424	751	576	575	0
424	751	576	575	580	0
751	576	575	580	580	0
576	575	580	580	584	0
575	580	580	584	599	0
580	580	584	599	424	0
580	584	599	424	794	0
584	599	424	794	603	1
599	424	794	603	580	0
424	794	603	580	603	0
794	603	580	603	587	0
603	580	603	587	596	0
580	603	587	596	591	0
603	587	596	591	591	0
587	596	591	591	592	0
596	591	591	592	603	0
591	591	592	603	603	0
591	592	603	603	420	0
592	603	603	420	782	0
603	603	420	782	592	1
603	420	782	592	584	0
420	782	592	584	400	0
782	592	584	400	763	0
592	584	400	763	572	1
584	400	763	572	564	0
400	763	572	564	401	0
763	572	564	401	763	0
572	564	401	763	568	1
564	401	763	568	583	0
401	763	568	583	600	0
763	568	583	600	607	0
568	583	600	607	607	0
583	600	607	607	408	0
600	607	607	408	825	0
607	607	408	825	611	1
607	408	825	611	591	0
408	825	611	591	580	0
825	611	591	580	580	0
611	591	580	580	576	0
591	580	580	576	576	0
580	580	576	576	400	0
580	576	576	400	759	0
576	576	400	759	596	1
576	400	759	596	424	0
400	759	596	424	755	0
759	596	424	755	603	1
596	424	755	603	428	0
424	755	603	428	747	0
755	603	428	747	587	1
603	428	747	587	584	0
428	747	587	584	584	0
747	587	584	584	575	0
587	584	584	575	584	0
584	584	575	584	432	0
584	575	584	432	747	0
575	584	432	747	580	1
584	432	747	580	584	0
432	747	580	584	560	0
747	580	584	560	580	0
580	584	560	580	435	0
584	560	580	435	829	0
560	580	435	829	704	1
580	435	829	704	417	0
435	829	704	417	926	0
829	704	417	926	634	1
704	417	926	634	607	0
417	926	634	607	603	0
926	634	607	603	607	0
634	607	603	607	607	0
607	603	607	607	428	0
603	607	607	428	778	0
607	607	428	778	596	1
607	428	778	596	416	0
428	778	596	416	774	0
778	596	416	774	580	1
596	416	774	580	576	0
416	774	580	576	405	0
774	580	576	405	762	0
580	576	405	762	580	1
576	405	762	580	568	0
405	762	580	568	401	0
762	580	568	401	759	0
580	568	401	759	572	1
568	401	759	572	564	0
401	759	572	564	409	0
759	572	564	409	766	0
572	564	409	766	607	1
564	409	766	607	595	0
409	766	607	595	588	0
766	607	595	588	591	0
607	595	588	591	592	0
595	588	591	592	412	0
588	591	592	412	817	0
591	592	412	817	623	1
592	412	817	623	607	0
412	817	623	607	611	0
817	623	607	611	615	0
623	607	611	615	618	0
607	611	615	618	603	0
611	615	618	603	592	0
615	618	603	592	424	0
618	603	592	424	767	0
603	592	424	767	603	1
592	424	767	603	432	0
424	767	603	432	786	0
767	603	432	786	603	1
603	432	786	603	424	0
432	786	603	424	774	0
786	603	424	774	611	1
603	424	774	611	432	0
424	774	611	432	798	0
774	611	432	798	630	1
611	432	798	630	436	0
432	798	630	436	747	0
798	630	436	747	576	1
630	436	747	576	591	0
436	747	576	591	607	0
747	576	591	607	658	0
576	591	607	658	735	0
591	607	658	735	759	0
607	658	735	759	829	0
658	735	759	829	782	0
735	759	829	782	428	0
759	829	782	428	1074	0
829	782	428	1074	681	1
782	428	1074	681	416	0
428	1074	681	416	825	0
1074	681	416	825	591	1
681	416	825	591	576	0
416	825	591	576	405	0
825	591	576	405	786	0
591	576	405	786	615	1
576	405	786	615	439	0
405	786	615	439	763	0
786	615	439	763	595	1
615	439	763	595	444	0
439	763	595	444	774	0
763	595	444	774	615	1
595	444	774	615	599	0
444	774	615	599	603	0
774	615	599	603	619	0
615	599	603	619	459	0
599	603	619	459	864	0
603	619	459	864	646	1
619	459	864	646	444	0
459	864	646	444	902	0
864	646	444	902	666	1
646	444	902	666	428	0
444	902	666	428	840	0
902	666	428	840	677	1
666	428	840	677	452	0
428	840	677	452	840	0
840	677	452	840	677	1
677	452	840	677	642	0
452	840	677	642	646	0
840	677	642	646	642	0
677	642	646	642	638	0
642	646	642	638	634	0
646	642	638	634	607	0
642	638	634	607	623	0
638	634	607	623	642	0
634	607	623	642	642	0
607	623	642	642	650	0
623	642	642	650	700	0
642	642	650	700	953	0
642	650	700	953	783	0
650	700	953	783	751	0
700	953	783	751	412	0
953	783	751	412	1082	0
783	751	412	1082	735	1
751	412	1082	735	432	0
412	1082	735	432	996	0
1082	735	432	996	720	1
735	432	996	720	704	0
432	996	720	704	708	0
996	720	704	708	716	0
720	704	708	716	736	0
704	708	716	736	770	0
708	716	736	770	736	0
716	736	770	736	743	0
736	770	736	743	416	0
770	736	743	416	1109	0
736	743	416	1109	654	1
743	416	1109	654	432	0
416	1109	654	432	829	0
1109	654	432	829	634	1
654	432	829	634	583	0
432	829	634	583	588	0
829	634	583	588	599	0
634	583	588	599	405	0
583	588	599	405	848	0
588	599	405	848	662	1
599	405	848	662	451	0
405	848	662	451	790	0
848	662	451	790	603	1
662	451	790	603	603	0
451	790	603	603	619	0
790	603	603	619	408	0
603	603	619	408	860	0
603	619	408	860	611	1
619	408	860	611	599	0
408	860	611	599	417	0
860	611	599	417	813	0
611	599	417	813	615	1
599	417	813	615	603	0
417	813	615	603	611	0
813	615	603	611	630	0
615	603	611	630	607	0
603	611	630	607	619	0
611	630	607	619	626	0
630	607	619	626	697	0
607	619	626	697	408	0
619	626	697	408	1121	0
626	697	408	1121	875	1
697	408	1121	875	786	0
408	1121	875	786	759	0
1121	875	786	759	747	0
875	786	759	747	736	0
786	759	747	736	743	0
759	747	736	743	420	0
747	736	743	420	1051	0
736	743	420	1051	653	1
743	420	1051	653	592	0
420	1051	653	592	576	0
1051	653	592	576	607	0
653	592	576	607	607	0
592	576	607	607	646	0
576	607	607	646	708	0
607	607	646	708	755	0
607	646	708	755	751	0
646	708	755	751	424	0
708	755	751	424	1089	0
755	751	424	1089	798	1
751	424	1089	798	412	0
424	1089	798	412	961	0
1089	798	412	961	603	1
798	412	961	603	413	0
412	961	603	413	774	0
961	603	413	774	572	1
603	413	774	572	576	0
413	774	572	576	420	0
774	572	576	420	887	0
572	576	420	887	436	1
576	420	887	436	993	0
420	887	436	993	708	1
887	436	993	708	700	0
436	993	708	700	689	0
993	708	700	689	657	0
708	700	689	657	413	0
700	689	657	413	953	0
689	657	413	953	743	1
657	413	953	743	417	0
413	953	743	417	996	0
953	743	417	996	665	1
743	417	996	665	603	0
417	996	665	603	596	0
996	665	603	596	642	0
665	603	596	642	665	0
603	596	642	665	401	0
596	642	665	401	910	0
642	665	401	910	631	1
665	401	910	631	599	0
401	910	631	599	634	0
910	631	599	634	623	0
631	599	634	623	614	0
599	634	623	614	635	0
634	623	614	635	661	0
623	614	635	661	677	0
614	635	661	677	673	0
635	661	677	673	401	0
661	677	673	401	953	0
677	673	401	953	654	1
673	401	953	654	638	0
401	953	654	638	658	0
953	654	638	658	634	0
654	638	658	634	646	0
638	658	634	646	416	0
658	634	646	416	938	0
634	646	416	938	677	1
646	416	938	677	654	0
416	938	677	654	401	0
938	677	654	401	953	0
677	654	401	953	657	1
654	401	953	657	646	0
401	953	657	646	677	0
953	657	646	677	767	0
657	646	677	767	895	0
646	677	767	895	774	0
677	767	895	774	759	0
767	895	774	759	767	0
895	774	759	767	762	0
774	759	767	762	413	0
759	767	762	413	1140	0
767	762	413	1140	766	1
762	413	1140	766	751	0
413	1140	766	751	751	0
1140	766	751	751	747	0
766	751	751	747	740	0
751	751	747	740	716	0
751	747	740	716	739	0
747	740	716	739	716	0
740	716	739	716	724	0
716	739	716	724	416	0
739	716	724	416	1050	0
716	724	416	1050	829	1
724	416	1050	829	771	0
416	1050	829	771	766	0
1050	829	771	766	771	0
829	771	766	771	770	0
771	766	771	770	763	0
766	771	770	763	751	0
771	770	763	751	758	0
770	763	751	758	771	0
763	751	758	771	416	0
751	758	771	416	1129	0
758	771	416	1129	770	1
771	416	1129	770	767	0
416	1129	770	767	770	0
1129	770	767	770	759	0
770	767	770	759	762	0
767	770	759	762	775	0
770	759	762	775	770	0
759	762	775	770	782	0
762	775	770	782	417	0
775	770	782	417	490	0
770	782	417	490	689	1
782	417	490	689	793	0
417	490	689	793	794	0
490	689	793	794	782	0
689	793	794	782	778	0
793	794	782	778	775	0
794	782	778	775	412	0
782	778	775	412	1125	0
778	775	412	1125	762	1
775	412	1125	762	740	0
412	1125	762	740	716	0
1125	762	740	716	739	0
762	740	716	739	747	0
740	716	739	747	405	0
716	739	747	405	1132	0
739	747	405	1132	755	1
747	405	1132	755	759	0
405	1132	755	759	747	0
1132	755	759	747	743	0
755	759	747	743	416	0
759	747	743	416	992	0
747	743	416	992	619	1
743	416	992	619	416	0
416	992	619	416	833	0
992	619	416	833	615	1
619	416	833	615	611	0
416	833	615	611	630	0
833	615	611	630	650	0
615	611	630	650	681	0
611	630	650	681	759	0
630	650	681	759	852	0
650	681	759	852	895	0
681	759	852	895	794	0
