index	i-2	i-1	i+0	i+1	i+2	Filter	Time
2	677	463	1097	759	743	0	2284
3	463	1097	759	743	739	0	3043
4	1097	759	743	739	743	0	3786
5	759	743	739	743	740	0	4525
6	743	739	743	740	510	0	5268
7	739	743	740	510	972	0	6008
8	743	740	510	972	732	1	6518
9	740	510	972	732	739	0	7490
10	510	972	732	739	592	0	8222
11	972	732	739	592	879	0	8961
12	732	739	592	879	607	1	9553
13	739	592	879	607	872	0	10432
14	592	879	607	872	428	1	11039
15	879	607	872	428	1042	0	11911
16	607	872	428	1042	728	1	12339
17	872	428	1042	728	728	0	13381
18	428	1042	728	728	723	0	14109
19	1042	728	728	723	736	0	14837
20	728	728	723	736	471	0	15560
21	728	723	736	471	1031	0	16296
22	723	736	471	1031	751	1	16767
23	736	471	1031	751	758	0	17798
24	471	1031	751	758	767	0	18549
25	1031	751	758	767	770	0	19307
26	751	758	767	770	790	0	20074
27	758	767	770	790	794	0	20844
28	767	770	790	794	798	0	21634
29	770	790	794	798	498	0	22428
30	790	794	798	498	1109	0	23226
31	794	798	498	1109	778	1	23724
32	798	498	1109	778	786	0	24833
33	498	1109	778	786	782	0	25611
34	1109	778	786	782	794	0	26397
35	778	786	782	794	463	0	27179
36	786	782	794	463	1148	0	27973
37	782	794	463	1148	801	1	28436
38	794	463	1148	801	802	0	29584
39	463	1148	801	802	794	0	30385
40	1148	801	802	794	801	0	31187
41	801	802	794	801	798	0	31981
42	802	794	801	798	790	0	32782
43	794	801	798	790	478	0	33580
44	801	798	790	478	1113	0	34370
45	798	790	478	1113	782	1	34848
46	790	478	1113	782	778	0	35961
47	478	1113	782	778	786	0	36743
48	1113	782	778	786	798	0	37521
49	782	778	786	798	521	0	38307
50	778	786	798	521	1086	0	39105
51	786	798	521	1086	778	1	39626
52	798	521	1086	778	782	0	40712
53	521	1086	778	782	779	0	41490
54	1086	778	782	779	770	0	42272
55	778	782	779	770	494	0	43051
56	782	779	770	494	1066	0	43821
57	779	770	494	1066	779	1	44315
58	770	494	1066	779	789	0	45381
59	494	1066	779	789	798	0	46160
60	1066	779	789	798	809	0	46949
61	779	789	798	809	475	0	47747
62	789	798	809	475	1164	0	48556
63	798	809	475	1164	797	1	49031
64	809	475	1164	797	802	0	50195
65	475	1164	797	802	805	0	50992
66	1164	797	802	805	794	0	51794
67	797	802	805	794	798	0	52599
68	802	805	794	798	801	0	53393
69	805	794	798	801	436	0	54191
70	794	798	801	436	1167	0	54992
71	798	801	436	1167	786	1	55428
72	801	436	1167	786	790	0	56595
73	436	1167	786	790	778	0	57381
74	1167	786	790	778	783	0	58171
75	786	790	778	783	789	0	58949
76	790	778	783	789	646	0	59732
77	778	783	789	646	926	0	60521
78	783	789	646	926	779	1	61167
79	789	646	926	779	778	0	62093
80	646	926	779	778	560	0	62872
81	926	779	778	560	969	0	63650
82	779	778	560	969	763	1	64210
83	778	560	969	763	766	0	65179
84	560	969	763	766	763	0	65942
85	969	763	766	763	762	0	66708
86	763	766	763	762	491	0	67471
87	766	763	762	491	1046	0	68233
88	763	762	491	1046	751	1	68724
89	762	491	1046	751	755	0	69770
90	491	1046	751	755	755	0	70521
91	1046	751	755	755	763	0	71276
92	751	755	755	763	467	0	72031
93	755	755	763	467	1074	0	72794
94	755	763	467	1074	770	1	73261
95	763	467	1074	770	778	0	74335
96	467	1074	770	778	786	0	75105
97	1074	770	778	786	798	0	75883
98	770	778	786	798	444	0	76669
99	778	786	798	444	1151	0	77467
100	786	798	444	1151	786	1	77911
101	798	444	1151	786	794	0	79062
102	444	1151	786	794	794	0	79848
103	1151	786	794	794	778	0	80642
104	786	794	794	778	786	0	81436
105	794	794	778	786	436	0	82214
106	794	778	786	436	1140	0	83000
107	778	786	436	1140	766	1	83436
108	786	436	1140	766	771	0	84576
109	436	1140	766	771	770	0	85342
110	1140	766	771	770	778	0	86113
111	766	771	770	778	783	0	86883
112	771	770	778	783	786	0	87661
113	770	778	783	786	801	0	88444
114	778	783	786	801	798	0	89230
115	783	786	801	798	439	0	90031
116	786	801	798	439	1164	0	90829
117	801	798	439	1164	778	1	91268
118	798	439	1164	778	763	0	92432
119	439	1164	778	763	755	0	93210
120	1164	778	763	755	758	0	93973
121	778	763	755	758	755	0	94728
122	763	755	758	755	494	0	95486
123	755	758	755	494	1028	0	96241
124	758	755	494	1028	751	1	96735
125	755	494	1028	751	758	0	97763
126	494	1028	751	758	759	0	98514
127	1028	751	758	759	782	0	99272
128	751	758	759	782	459	0	100031
129	758	759	782	459	1148	0	100813
130	759	782	459	1148	798	1	101272
131	782	459	1148	798	798	0	102420
132	459	1148	798	798	797	0	103218
133	1148	798	798	797	821	0	104016
134	798	798	797	821	825	0	104813
135	798	797	821	825	833	0	105634
136	797	821	825	833	836	0	106459
137	821	825	833	836	837	0	107292
138	825	833	836	837	837	0	108128
139	833	836	837	837	836	0	108965
140	836	837	837	836	440	0	109802
141	837	837	836	440	1190	0	110638
142	837	836	440	1190	802	1	111078
143	836	440	1190	802	786	0	112268
144	440	1190	802	786	778	0	113070
145	1190	802	786	778	790	0	113856
146	802	786	778	790	790	0	114634
147	786	778	790	790	444	0	115424
148	778	790	790	444	1132	0	116214
149	790	790	444	1132	786	1	116658
150	790	444	1132	786	782	0	117790
151	444	1132	786	782	790	0	118576
152	1132	786	782	790	801	0	119358
153	786	782	790	801	506	0	120148
154	782	790	801	506	1105	0	120949
155	790	801	506	1105	790	1	121455
156	801	506	1105	790	806	0	122560
157	506	1105	790	806	797	0	123350
158	1105	790	806	797	806	0	124156
159	790	806	797	806	467	0	124953
160	806	797	806	467	1183	0	125759
161	797	806	467	1183	805	1	126226
162	806	467	1183	805	809	0	127409
163	467	1183	805	809	810	0	128214
164	1183	805	809	810	790	0	129023
165	805	809	810	790	766	0	129833
166	809	810	790	766	529	0	130623
167	810	790	766	529	981	0	131389
168	790	766	529	981	759	1	131918
169	766	529	981	759	754	0	132899
170	529	981	759	754	755	0	133658
171	981	759	754	755	763	0	134412
172	759	754	755	763	506	0	135167
173	754	755	763	506	1011	0	135930
174	755	763	506	1011	744	1	136436
175	763	506	1011	744	739	0	137447
176	506	1011	744	739	739	0	138191
177	1011	744	739	739	740	0	138930
178	744	739	739	740	478	0	139669
179	739	739	740	478	977	0	140409
180	739	740	478	977	724	1	140887
181	740	478	977	724	727	0	141864
182	478	977	724	727	720	0	142588
183	977	724	727	720	732	0	143315
184	724	727	720	732	505	0	144035
185	727	720	732	505	981	0	144767
186	720	732	505	981	416	1	145272
187	732	505	981	416	1059	0	146253
188	505	981	416	1059	735	1	146669
189	981	416	1059	735	735	0	147728
190	416	1059	735	735	740	0	148463
191	1059	735	735	740	743	0	149198
192	735	735	740	743	751	0	149938
193	735	740	743	751	747	0	150681
194	740	743	751	747	459	0	151432
195	743	751	747	459	1051	0	152179
196	751	747	459	1051	751	1	152638
197	747	459	1051	751	751	0	153689
198	459	1051	751	751	755	0	154440
199	1051	751	751	755	758	0	155191
200	751	751	755	758	432	0	155946
201	751	755	758	432	1109	0	156704
202	755	758	432	1109	755	1	157136
203	758	432	1109	755	759	0	158245
204	432	1109	755	759	755	0	159000
205	1109	755	759	755	758	0	159759
206	755	759	755	758	751	0	160514
207	759	755	758	751	763	0	161272
208	755	758	751	763	529	0	162023
209	758	751	763	529	1016	0	162786
210	751	763	529	1016	762	1	163315
211	763	529	1016	762	771	0	164331
212	529	1016	762	771	603	0	165093
213	1016	762	771	603	945	0	165864
214	762	771	603	945	786	1	166467
215	771	603	945	786	798	0	167412
216	603	945	786	798	498	0	168198
217	945	786	798	498	1136	0	168996
218	786	798	498	1136	814	1	169494
219	798	498	1136	814	817	0	170630
220	498	1136	814	817	821	0	171444
221	1136	814	817	821	428	0	172261
222	814	817	821	428	1214	0	173082
223	817	821	428	1214	797	1	173510
224	821	428	1214	797	790	0	174724
225	428	1214	797	790	786	0	175521
226	1214	797	790	786	440	0	176311
227	797	790	786	440	1132	0	177097
228	790	786	440	1132	751	1	177537
229	786	440	1132	751	759	0	178669
230	440	1132	751	759	759	0	179420
231	1132	751	759	759	758	0	180179
232	751	759	759	758	767	0	180938
233	759	759	758	767	767	0	181696
234	759	758	767	767	474	0	182463
235	758	767	767	474	1070	0	183230
236	767	767	474	1070	755	1	183704
237	767	474	1070	755	759	0	184774
238	474	1070	755	759	763	0	185529
239	1070	755	759	763	766	0	186288
240	755	759	763	766	471	0	187051
241	759	763	766	471	1062	0	187817
242	763	766	471	1062	751	1	188288
243	766	471	1062	751	755	0	189350
244	471	1062	751	755	755	0	190101
245	1062	751	755	755	763	0	190856
246	751	755	755	763	513	0	191611
247	755	755	763	513	1043	0	192374
248	755	763	513	1043	755	1	192887
249	763	513	1043	755	759	0	193930
250	513	1043	755	759	758	0	194685
251	1043	755	759	758	759	0	195444
252	755	759	758	759	506	0	196202
253	759	758	759	506	1023	0	196961
254	758	759	506	1023	767	1	197467
255	759	506	1023	767	762	0	198490
256	506	1023	767	762	767	0	199257
257	1023	767	762	767	763	0	200019
258	767	762	767	763	505	0	200786
259	762	767	763	505	989	0	201549
260	767	763	505	989	727	1	202054
261	763	505	989	727	732	0	203043
262	505	989	727	732	716	0	203770
263	989	727	732	716	720	0	204502
264	727	732	716	720	615	0	205218
265	732	716	720	615	824	0	205938
266	716	720	615	824	709	1	206553
267	720	615	824	709	712	0	207377
268	615	824	709	712	712	0	208086
269	824	709	712	712	723	0	208798
270	709	712	712	723	724	0	209510
271	712	712	723	724	728	0	210233
272	712	723	724	728	735	0	210957
273	723	724	728	735	642	0	211685
274	724	728	735	642	817	0	212420
275	728	735	642	817	720	1	213062
276	735	642	817	720	724	0	213879
277	642	817	720	724	720	0	214599
278	817	720	724	720	712	0	215323
279	720	724	720	712	584	0	216043
280	724	720	712	584	867	0	216755
281	720	712	584	867	720	1	217339
282	712	584	867	720	728	0	218206
283	584	867	720	728	572	0	218926
284	867	720	728	572	910	0	219654
285	720	728	572	910	739	1	220226
286	728	572	910	739	751	0	221136
287	572	910	739	751	526	0	221875
288	910	739	751	526	988	0	222626
289	739	751	526	988	751	1	223152
290	751	526	988	751	759	0	224140
291	526	988	751	759	618	0	224891
292	988	751	759	618	903	0	225650
293	751	759	618	903	755	1	226268
294	759	618	903	755	778	0	227171
295	618	903	755	778	463	0	227926
296	903	755	778	463	1105	0	228704
297	755	778	463	1105	775	1	229167
298	778	463	1105	775	770	0	230272
299	463	1105	775	770	767	0	231047
300	1105	775	770	767	459	0	231817
301	775	770	767	459	1070	0	232584
302	770	767	459	1070	751	1	233043
303	767	459	1070	751	755	0	234113
304	459	1070	751	755	762	0	234864
305	1070	751	755	762	775	0	235619
306	751	755	762	775	529	0	236381
307	755	762	775	529	1058	0	237156
308	762	775	529	1058	778	1	237685
309	775	529	1058	778	798	0	238743
310	529	1058	778	798	802	0	239521
311	1058	778	798	802	813	0	240319
312	778	798	802	813	813	0	241121
313	798	802	813	813	829	0	241934
314	802	813	813	829	836	0	242747
315	813	813	829	836	487	0	243576
316	813	829	836	487	338	0	244412
317	829	836	487	338	837	1	244899
318	836	487	338	837	774	1	245237
319	487	338	837	774	786	0	246074
320	338	837	774	786	790	0	246848
321	837	774	786	790	806	0	247634
322	774	786	790	806	797	0	248424
323	786	790	806	797	790	0	249230
324	790	806	797	790	782	0	250027
325	806	797	790	782	775	0	250817
326	797	790	782	775	758	0	251599
327	790	782	775	758	763	0	252374
328	782	775	758	763	766	0	253132
329	775	758	763	766	775	0	253895
330	758	763	766	775	790	0	254661
331	763	766	775	790	463	0	255436
332	766	775	790	463	1128	0	256226
333	775	790	463	1128	786	1	256689
334	790	463	1128	786	790	0	257817
335	463	1128	786	790	447	0	258603
336	1128	786	790	447	1137	0	259393
337	786	790	447	1137	782	1	259840
338	790	447	1137	782	782	0	260977
339	447	1137	782	782	591	0	261759
340	1137	782	782	591	981	0	262541
341	782	782	591	981	778	1	263132
342	782	591	981	778	770	0	264113
343	591	981	778	770	783	0	264891
344	981	778	770	783	797	0	265661
345	778	770	783	797	459	0	266444
346	770	783	797	459	1144	0	267241
347	783	797	459	1144	786	1	267700
348	797	459	1144	786	782	0	268844
349	459	1144	786	782	771	0	269630
350	1144	786	782	771	763	0	270412
351	786	782	771	763	719	0	271183
352	782	771	763	719	806	0	271946
353	771	763	719	806	751	1	272665
354	763	719	806	751	739	0	273471
355	719	806	751	739	743	0	274222
356	806	751	739	743	751	0	274961
357	751	739	743	751	405	0	275704
358	739	743	751	405	1097	0	276455
359	743	751	405	1097	732	1	276860
360	751	405	1097	732	720	0	277957
361	405	1097	732	720	704	0	278689
362	1097	732	720	704	708	0	279409
363	732	720	704	708	572	0	280113
364	720	704	708	572	829	0	280821
365	704	708	572	829	681	1	281393
366	708	572	829	681	681	0	282222
367	572	829	681	681	681	0	282903
368	829	681	681	681	681	0	283584
369	681	681	681	681	673	0	284265
370	681	681	681	673	677	0	284946
371	681	681	673	677	611	0	285619
372	681	673	677	611	770	0	286296
373	673	677	611	770	693	1	286907
374	677	611	770	693	704	0	287677
375	611	770	693	704	716	0	288370
376	770	693	704	716	731	0	289074
377	693	704	716	731	514	0	289790
378	704	716	731	514	969	0	290521
379	716	731	514	969	731	1	291035
380	731	514	969	731	747	0	292004
381	514	969	731	747	619	0	292735
382	969	731	747	619	868	0	293482
383	731	747	619	868	743	1	294101
384	747	619	868	743	755	0	294969
385	619	868	743	755	514	0	295712
386	868	743	755	514	996	0	296467
387	743	755	514	996	751	1	296981
388	755	514	996	751	758	0	297977
389	514	996	751	758	623	0	298728
390	996	751	758	623	910	0	299486
391	751	758	623	910	751	1	300109
392	758	623	910	751	759	0	301019
393	623	910	751	759	487	0	301770
394	910	751	759	487	1058	0	302529
395	751	759	487	1058	755	1	303016
396	759	487	1058	755	759	0	304074
397	487	1058	755	759	758	0	304829
398	1058	755	759	758	763	0	305588
399	755	759	758	763	444	0	306346
400	759	758	763	444	1101	0	307109
401	758	763	444	1101	762	1	307553
402	763	444	1101	762	767	0	308654
403	444	1101	762	767	766	0	309416
404	1101	762	767	766	779	0	310183
405	762	767	766	779	786	0	310949
406	767	766	779	786	486	0	311728
407	766	779	786	486	1144	0	312514
408	779	786	486	1144	817	1	313000
409	786	486	1144	817	821	0	314144
410	486	1144	817	821	821	0	314961
411	1144	817	821	821	428	0	315782
412	817	821	821	428	1218	0	316603
413	821	821	428	1218	790	1	317031
414	821	428	1218	790	790	0	318249
415	428	1218	790	790	794	0	319039
416	1218	790	790	794	439	0	319829
417	790	790	794	439	1136	0	320623
418	790	794	439	1136	767	1	321062
419	794	439	1136	767	778	0	322198
420	439	1136	767	778	763	0	322965
421	1136	767	778	763	770	0	323743
422	767	778	763	770	775	0	324506
423	778	763	770	775	786	0	325276
424	763	770	775	786	424	0	326051
425	770	775	786	424	1167	0	326837
426	775	786	424	1167	782	1	327261
427	786	424	1167	782	790	0	328428
428	424	1167	782	790	798	0	329210
429	1167	782	790	798	797	0	330000
430	782	790	798	797	806	0	330798
431	790	798	797	806	498	0	331595
432	798	797	806	498	346	0	332401
433	797	806	498	346	802	1	332899
434	806	498	346	802	774	1	333245
435	498	346	802	774	802	0	334047
436	346	802	774	802	817	0	334821
437	802	774	802	817	821	0	335623
438	774	802	817	821	435	0	336440
439	802	817	821	435	1226	0	337261
440	817	821	435	1226	837	1	337696
441	821	435	1226	837	825	0	338922
442	435	1226	837	825	513	0	339759
443	1226	837	825	513	409	0	340584
444	837	825	513	409	712	1	341097
445	825	513	409	712	759	1	341506
446	513	409	712	759	762	0	342218
447	409	712	759	762	751	0	342977
448	712	759	762	751	751	0	343739
449	759	762	751	751	755	0	344490
450	762	751	751	755	755	0	345241
451	751	751	755	755	646	0	345996
452	751	755	755	646	868	0	346751
453	755	755	646	868	754	1	347397
454	755	646	868	754	751	0	348265
455	646	868	754	751	751	0	349019
456	868	754	751	751	759	0	349770
457	754	751	751	759	483	0	350521
458	751	751	759	483	1050	0	351280
459	751	759	483	1050	763	1	351763
460	759	483	1050	763	782	0	352813
461	483	1050	763	782	790	0	353576
462	1050	763	782	790	794	0	354358
463	763	782	790	794	463	0	355148
464	782	790	794	463	1163	0	355942
465	790	794	463	1163	790	1	356405
466	794	463	1163	790	782	0	357568
467	463	1163	790	782	798	0	358358
468	1163	790	782	798	794	0	359140
469	790	782	798	794	797	0	359938
470	782	798	794	797	417	0	360732
471	798	794	797	417	1210	0	361529
472	794	797	417	1210	793	1	361946
473	797	417	1210	793	775	0	363156
474	417	1210	793	775	770	0	363949
475	1210	793	775	770	440	0	364724
476	793	775	770	440	1124	0	365494
477	775	770	440	1124	782	1	365934
478	770	440	1124	782	802	0	367058
479	440	1124	782	802	809	0	367840
480	1124	782	802	809	814	0	368642
481	782	802	809	814	828	0	369451
482	802	809	814	828	841	0	370265
483	809	814	828	841	844	0	371093
484	814	828	841	844	860	0	371934
485	828	841	844	860	428	0	372778
486	841	844	860	428	1273	0	373638
487	844	860	428	1273	832	1	374066
488	860	428	1273	832	432	0	375339
489	428	1273	832	432	1218	0	376171
490	1273	832	432	1218	786	1	376603
491	832	432	1218	786	494	0	377821
492	432	1218	786	494	1086	0	378607
493	1218	786	494	1086	762	1	379101
494	786	494	1086	762	771	0	380187
495	494	1086	762	771	770	0	380949
496	1086	762	771	770	778	0	381720
497	762	771	770	778	786	0	382490
498	771	770	778	786	783	0	383268
499	770	778	786	783	431	0	384054
500	778	786	783	431	1133	0	384837
501	786	783	431	1133	762	1	385268
502	783	431	1133	762	767	0	386401
503	431	1133	762	767	763	0	387163
504	1133	762	767	763	455	0	387930
505	762	767	763	455	1097	0	388693
506	767	763	455	1097	774	1	389148
507	763	455	1097	774	786	0	390245
508	455	1097	774	786	794	0	391019
509	1097	774	786	794	806	0	391805
510	774	786	794	806	813	0	392599
511	786	794	806	813	424	0	393405
512	794	806	813	424	475	0	394218
513	806	813	424	475	751	1	394642
514	813	424	475	751	774	1	395117
515	424	475	751	774	794	0	395868
516	475	751	774	794	797	0	396642
517	751	774	794	797	518	0	397436
518	774	794	797	518	1093	0	398233
519	794	797	518	1093	806	1	398751
520	797	518	1093	806	805	0	399844
521	518	1093	806	805	810	0	400650
522	1093	806	805	810	813	0	401455
523	806	805	810	813	436	0	402265
524	805	810	813	436	1210	0	403078
525	810	813	436	1210	805	1	403514
526	813	436	1210	805	813	0	404724
527	436	1210	805	813	818	0	405529
528	1210	805	813	818	525	0	406342
529	805	813	818	525	1117	0	407160
530	813	818	525	1117	813	1	407685
531	818	525	1117	813	817	0	408802
532	525	1117	813	817	521	0	409615
533	1117	813	817	521	1070	0	410432
534	813	817	521	1070	872	1	410953
535	817	521	1070	872	840	0	412023
536	521	1070	872	840	825	0	412895
537	1070	872	840	825	417	0	413735
538	872	840	825	417	1229	0	414560
539	840	825	417	1229	790	1	414977
540	825	417	1229	790	424	0	416206
541	417	1229	790	424	1152	0	416996
542	1229	790	424	1152	774	1	417420
543	790	424	1152	774	763	0	418572
544	424	1152	774	763	743	0	419346
545	1152	774	763	743	736	0	420109
546	774	763	743	736	727	0	420852
547	763	743	736	727	724	0	421588
548	743	736	727	724	739	0	422315
549	736	727	724	739	747	0	423039
550	727	724	739	747	514	0	423778
551	724	739	747	514	1004	0	424525
552	739	747	514	1004	759	1	425039
553	747	514	1004	759	766	0	426043
554	514	1004	759	766	774	0	426802
555	1004	759	766	774	779	0	427568
556	759	766	774	779	790	0	428342
557	766	774	779	790	797	0	429121
558	774	779	790	797	424	0	429911
559	779	790	797	424	1179	0	430708
560	790	797	424	1179	806	1	431132
561	797	424	1179	806	801	0	432311
562	424	1179	806	801	806	0	433117
563	1179	806	801	806	568	0	433918
564	806	801	806	568	1050	0	434724
565	801	806	568	1050	790	1	435292
566	806	568	1050	790	802	0	436342
567	568	1050	790	802	798	0	437132
568	1050	790	802	798	813	0	437934
569	790	802	798	813	416	0	438732
570	802	798	813	416	1226	0	439545
571	798	813	416	1226	813	1	439961
572	813	416	1226	813	553	0	441187
573	416	1226	813	553	1085	0	442000
574	1226	813	553	1085	798	1	442553
575	813	553	1085	798	805	0	443638
576	553	1085	798	805	790	0	444436
577	1085	798	805	790	778	0	445241
578	798	805	790	778	771	0	446031
579	805	790	778	771	770	0	446809
580	790	778	771	770	475	0	447580
581	778	771	770	475	1078	0	448350
582	771	770	475	1078	758	1	448825
583	770	475	1078	758	763	0	449903
584	475	1078	758	763	767	0	450661
585	1078	758	763	767	770	0	451424
586	758	763	767	770	448	0	452191
587	763	767	770	448	1128	0	452961
588	767	770	448	1128	778	1	453409
589	770	448	1128	778	790	0	454537
590	448	1128	778	790	794	0	455315
591	1128	778	790	794	794	0	456105
592	778	790	794	794	793	0	456899
593	790	794	794	793	802	0	457693
594	794	794	793	802	801	0	458486
595	794	793	802	801	802	0	459288
596	793	802	801	802	813	0	460089
597	802	801	802	813	825	0	460891
598	801	802	813	825	444	0	461704
599	802	813	825	444	1206	0	462529
600	813	825	444	1206	802	1	462973
601	825	444	1206	802	793	0	464179
602	444	1206	802	793	779	0	464981
603	1206	802	793	779	466	0	465774
604	802	793	779	466	1090	0	466553
605	793	779	466	1090	766	1	467019
606	779	466	1090	766	759	0	468109
607	466	1090	766	759	755	0	468875
608	1090	766	759	755	759	0	469634
609	766	759	755	759	494	0	470389
610	759	755	759	494	1031	0	471148
611	755	759	494	1031	759	1	471642
612	759	494	1031	759	766	0	472673
613	494	1031	759	766	775	0	473432
614	1031	759	766	775	782	0	474198
615	759	766	775	782	436	0	474973
616	766	775	782	436	1183	0	475755
617	775	782	436	1183	797	1	476191
618	782	436	1183	797	813	0	477374
619	436	1183	797	813	821	0	478171
620	1183	797	813	821	829	0	478984
621	797	813	821	829	833	0	479805
622	813	821	829	833	416	0	480634
623	821	829	833	416	1253	0	481467
624	829	833	416	1253	810	1	481883
625	833	416	1253	810	809	0	483136
626	416	1253	810	809	801	0	483946
627	1253	810	809	801	495	0	484755
628	810	809	801	495	1112	0	485556
629	809	801	495	1112	794	1	486051
630	801	495	1112	794	802	0	487163
631	495	1112	794	802	801	0	487957
632	1112	794	802	801	821	0	488759
633	794	802	801	821	424	0	489560
634	802	801	821	424	1238	0	490381
635	801	821	424	1238	825	1	490805
636	821	424	1238	825	813	0	492043
637	424	1238	825	813	467	0	492868
638	1238	825	813	467	1136	0	493681
639	825	813	467	1136	444	1	494148
640	813	467	1136	444	1101	0	495284
641	467	1136	444	1101	751	1	495728
642	1136	444	1101	751	490	0	496829
643	444	1101	751	490	1016	0	497580
644	1101	751	490	1016	587	1	498070
645	751	490	1016	587	903	0	499086
646	490	1016	587	903	735	1	499673
647	1016	587	903	735	743	0	500576
648	587	903	735	743	744	0	501311
649	903	735	743	744	751	0	502054
650	735	743	744	751	498	0	502798
651	743	744	751	498	1035	0	503549
652	744	751	498	1035	755	1	504047
653	751	498	1035	755	770	0	505082
654	498	1035	755	770	751	0	505837
655	1035	755	770	751	731	0	506607
656	755	770	751	731	487	0	507358
657	770	751	731	487	949	0	508089
658	751	731	487	949	705	1	508576
659	731	487	949	705	704	0	509525
660	487	949	705	704	692	0	510230
661	949	705	704	692	701	0	510934
662	705	704	692	701	657	0	511626
663	704	692	701	657	522	0	512327
664	692	701	657	522	860	1	512984
665	701	657	522	860	723	0	513506
666	657	522	860	723	709	0	514366
667	522	860	723	709	704	0	515089
668	860	723	709	704	599	0	515798
669	723	709	704	599	810	0	516502
670	709	704	599	810	696	1	517101
671	704	599	810	696	716	0	517911
672	599	810	696	716	716	0	518607
673	810	696	716	716	731	0	519323
674	696	716	716	731	518	0	520039
675	716	716	731	518	965	0	520770
676	716	731	518	965	739	1	521288
677	731	518	965	739	743	0	522253
678	518	965	739	743	611	0	522992
679	965	739	743	611	899	0	523735
680	739	743	611	899	743	1	524346
681	743	611	899	743	751	0	525245
682	611	899	743	751	537	0	525988
683	899	743	751	537	992	0	526739
684	743	751	537	992	755	1	527276
685	751	537	992	755	767	0	528268
686	537	992	755	767	630	0	529023
687	992	755	767	630	946	0	529790
688	755	767	630	946	786	1	530420
689	767	630	946	786	797	0	531366
690	630	946	786	797	502	0	532152
691	946	786	797	502	1098	0	532949
692	786	797	502	1098	774	1	533451
693	797	502	1098	774	774	0	534549
694	502	1098	774	774	771	0	535323
695	1098	774	774	771	762	0	536097
696	774	774	771	762	759	0	536868
697	774	771	762	759	755	0	537630
698	771	762	759	755	693	0	538389
699	762	759	755	693	852	0	539144
700	759	755	693	852	770	1	539837
701	755	693	852	770	774	0	540689
702	693	852	770	774	467	0	541459
703	852	770	774	467	1117	0	542233
704	770	774	467	1117	778	1	542700
705	774	467	1117	778	782	0	543817
706	467	1117	778	782	440	0	544595
707	1117	778	782	440	420	0	545377
708	778	782	440	420	736	1	545817
709	782	440	420	736	759	1	546237
710	440	420	736	759	774	0	546973
711	420	736	759	774	541	0	547732
712	736	759	774	541	1000	0	548506
713	759	774	541	1000	755	1	549047
714	774	541	1000	755	766	0	550047
715	541	1000	755	766	767	0	550802
716	1000	755	766	767	774	0	551568
717	755	766	767	774	514	0	552335
718	766	767	774	514	1042	0	553109
719	767	774	514	1042	759	1	553623
720	774	514	1042	759	767	0	554665
721	514	1042	759	767	762	0	555424
722	1042	759	767	762	759	0	556191
723	759	767	762	759	451	0	556953
724	767	762	759	451	1090	0	557712
725	762	759	451	1090	763	1	558163
726	759	451	1090	763	766	0	559253
727	451	1090	763	766	767	0	560016
728	1090	763	766	767	755	0	560782
729	763	766	767	755	513	0	561549
730	766	767	755	513	1020	0	562304
731	767	755	513	1020	766	1	562817
732	755	513	1020	766	759	0	563837
733	513	1020	766	759	759	0	564603
734	1020	766	759	759	770	0	565362
735	766	759	759	770	479	0	566121
736	759	759	770	479	1085	0	566891
737	759	770	479	1085	775	1	567370
738	770	479	1085	775	778	0	568455
739	479	1085	775	778	786	0	569230
740	1085	775	778	786	801	0	570008
741	775	778	786	801	471	0	570794
742	778	786	801	471	1132	0	571595
743	786	801	471	1132	802	1	572066
744	801	471	1132	802	805	0	573198
745	471	1132	802	805	794	0	574000
746	1132	802	805	794	778	0	574805
747	802	805	794	778	611	0	575599
748	805	794	778	611	903	0	576377
749	794	778	611	903	732	1	576988
750	778	611	903	732	727	0	577891
751	611	903	732	727	716	0	578623
752	903	732	727	716	728	0	579350
753	732	727	716	728	552	0	580066
754	727	716	728	552	899	0	580794
755	716	728	552	899	716	1	581346
756	728	552	899	716	724	0	582245
757	552	899	716	724	731	0	582961
758	899	716	724	731	728	0	583685
759	716	724	731	728	556	0	584416
760	724	731	728	556	899	0	585144
761	731	728	556	899	720	1	585700
762	728	556	899	720	728	0	586599
763	556	899	720	728	720	0	587319
764	899	720	728	720	719	0	588047
765	720	728	720	719	557	0	588767
766	728	720	719	557	891	0	589486
767	720	719	557	891	716	1	590043
768	719	557	891	716	720	0	590934
769	557	891	716	720	719	0	591650
770	891	716	720	719	720	0	592370
771	716	720	719	720	514	0	593089
772	720	719	720	514	938	0	593809
773	719	720	514	938	731	1	594323
774	720	514	938	731	736	0	595261
775	514	938	731	736	739	0	595992
776	938	731	736	739	755	0	596728
777	731	736	739	755	770	0	597467
778	736	739	755	770	775	0	598222
779	739	755	770	775	774	0	598992
780	755	770	775	774	443	0	599767
781	770	775	774	443	1125	0	600541
782	775	774	443	1125	763	1	600984
783	774	443	1125	763	751	0	602109
784	443	1125	763	751	747	0	602872
785	1125	763	751	747	755	0	603623
786	763	751	747	755	747	0	604370
787	751	747	755	747	509	0	605125
788	747	755	747	509	1016	0	605872
789	755	747	509	1016	766	1	606381
790	747	509	1016	766	767	0	607397
791	509	1016	766	767	564	0	608163
792	1016	766	767	564	996	0	608930
793	766	767	564	996	786	1	609494
794	767	564	996	786	782	0	610490
795	564	996	786	782	600	0	611276
796	996	786	782	600	980	0	612058
797	786	782	600	980	790	1	612658
798	782	600	980	790	790	0	613638
799	600	980	790	790	545	0	614428
800	980	790	790	545	1077	0	615218
801	790	790	545	1077	810	1	615763
802	790	545	1077	810	829	0	616840
803	545	1077	810	829	840	0	617650
804	1077	810	829	840	848	0	618479
805	810	829	840	848	444	0	619319
806	829	840	848	444	1210	0	620167
807	840	848	444	1210	798	1	620611
808	848	444	1210	798	793	0	621821
809	444	1210	798	793	786	0	622619
810	1210	798	793	786	475	0	623412
811	798	793	786	475	1097	0	624198
812	793	786	475	1097	767	1	624673
813	786	475	1097	767	774	0	625770
814	475	1097	767	774	767	0	626537
815	1097	767	774	767	762	0	627311
816	767	774	767	762	460	0	628078
817	774	767	762	460	1054	0	628840
818	767	762	460	1054	755	1	629300
819	762	460	1054	755	759	0	630354
820	460	1054	755	759	408	0	631109
821	1054	755	759	408	1125	0	631868
822	755	759	408	1125	755	1	632276
823	759	408	1125	755	762	0	633401
824	408	1125	755	762	666	0	634156
825	1125	755	762	666	910	0	634918
826	755	762	666	910	794	1	635584
827	762	666	910	794	794	0	636494
828	666	910	794	794	607	0	637288
829	910	794	794	607	992	0	638082
830	794	794	607	992	801	1	638689
831	794	607	992	801	798	0	639681
832	607	992	801	798	724	0	640482
833	992	801	798	724	895	0	641280
834	801	798	724	895	801	1	642004
835	798	724	895	801	806	0	642899
836	724	895	801	806	525	0	643700
837	895	801	806	525	1070	0	644506
838	801	806	525	1070	774	1	645031
839	806	525	1070	774	771	0	646101
840	525	1070	774	771	766	0	646875
841	1070	774	771	766	790	0	647646
842	774	771	766	790	514	0	648412
843	771	766	790	514	1101	0	649202
844	766	790	514	1101	794	1	649716
845	790	514	1101	794	809	0	650817
846	514	1101	794	809	833	0	651611
847	1101	794	809	833	829	0	652420
848	794	809	833	829	436	0	653253
849	809	833	829	436	1221	0	654082
850	833	829	436	1221	814	1	654518
851	829	436	1221	814	793	0	655739
852	436	1221	814	793	786	0	656553
853	1221	814	793	786	545	0	657346
854	814	793	786	545	996	0	658132
855	793	786	545	996	739	1	658677
856	786	545	996	739	748	0	659673
857	545	996	739	748	747	0	660412
858	996	739	748	747	747	0	661160
859	739	748	747	747	525	0	661907
860	748	747	747	525	992	0	662654
861	747	747	525	992	755	1	663179
862	747	525	992	755	763	0	664171
863	525	992	755	763	766	0	664926
864	992	755	763	766	778	0	665689
865	755	763	766	778	783	0	666455
866	763	766	778	783	688	0	667233
867	766	778	783	688	884	0	668016
868	778	783	688	884	789	1	668704
869	783	688	884	789	802	0	669588
870	688	884	789	802	467	0	670377
871	884	789	802	467	1163	0	671179
872	789	802	467	1163	790	1	671646
873	802	467	1163	790	798	0	672809
874	467	1163	790	798	782	0	673599
875	1163	790	798	782	467	0	674397
876	790	798	782	467	1058	0	675179
877	798	782	467	1058	743	1	675646
878	782	467	1058	743	732	0	676704
879	467	1058	743	732	712	0	677447
880	1058	743	732	712	716	0	678179
881	743	732	712	716	471	0	678891
882	732	712	716	471	926	0	679607
883	712	716	471	926	704	1	680078
884	716	471	926	704	701	0	681004
885	471	926	704	701	595	0	681708
886	926	704	701	595	836	0	682409
887	704	701	595	836	728	1	683004
888	701	595	836	728	755	0	683840
889	595	836	728	755	467	0	684568
890	836	728	755	467	1085	0	685323
891	728	755	467	1085	794	1	685790
892	755	467	1085	794	810	0	686875
893	467	1085	794	810	813	0	687669
894	1085	794	810	813	712	0	688479
895	794	810	813	712	533	0	689292
896	810	813	712	533	560	1	690004
897	813	712	533	560	708	1	690537
898	712	533	560	708	821	0	691097
899	533	560	708	821	463	0	691805
900	560	708	821	463	339	0	692626
901	708	821	463	339	872	1	693089
902	821	463	339	872	801	1	693428
903	463	339	872	801	825	0	694300
904	339	872	801	825	821	0	695101
905	872	801	825	821	817	0	695926
906	801	825	821	817	825	0	696747
907	825	821	817	825	833	0	697564
908	821	817	825	833	665	0	698389
909	817	825	833	665	1020	0	699222
910	825	833	665	1020	817	1	699887
911	833	665	1020	817	817	0	700907
912	665	1020	817	817	751	0	701724
913	1020	817	817	751	891	0	702541
914	817	817	751	891	794	1	703292
915	817	751	891	794	774	0	704183
916	751	891	794	774	479	0	704977
917	891	794	774	479	1038	0	705751
918	794	774	479	1038	740	1	706230
919	774	479	1038	740	743	0	707268
920	479	1038	740	743	743	0	708008
921	1038	740	743	743	763	0	708751
922	740	743	743	763	451	0	709494
923	743	743	763	451	1132	0	710257
924	743	763	451	1132	794	1	710708
925	763	451	1132	794	810	0	711840
926	451	1132	794	810	821	0	712634
927	1132	794	810	821	817	0	713444
928	794	810	821	817	825	0	714265
929	810	821	817	825	836	0	715082
930	821	817	825	836	436	0	715907
931	817	825	836	436	1233	0	716743
932	825	836	436	1233	810	1	717179
933	836	436	1233	810	813	0	718412
934	436	1233	810	813	802	0	719222
935	1233	810	813	802	813	0	720035
936	810	813	802	813	825	0	720837
937	813	802	813	825	424	0	721650
938	802	813	825	424	1206	0	722475
939	813	825	424	1206	802	1	722899
940	825	424	1206	802	801	0	724105
941	424	1206	802	801	794	0	724907
942	1206	802	801	794	798	0	725708
943	802	801	794	798	817	0	726502
944	801	794	798	817	817	0	727300
945	794	798	817	817	490	0	728117
946	798	817	817	490	1090	0	728934
947	817	817	490	1090	762	1	729424
948	817	490	1090	762	747	0	730514
949	490	1090	762	747	417	0	731276
950	1090	762	747	417	1019	0	732023
951	762	747	417	1019	716	1	732440
952	747	417	1019	716	712	0	733459
953	417	1019	716	712	708	0	734175
954	1019	716	712	708	712	0	734887
955	716	712	708	712	467	0	735595
956	712	708	712	467	615	0	736307
957	708	712	467	615	1090	1	736774
958	712	467	615	1090	719	1	737389
959	467	615	1090	719	728	0	738479
960	615	1090	719	728	728	0	739198
961	1090	719	728	728	735	0	739926
962	719	728	728	735	506	0	740654
963	728	728	735	506	1000	0	741389
964	728	735	506	1000	743	1	741895
965	735	506	1000	743	751	0	742895
966	506	1000	743	751	759	0	743638
967	1000	743	751	759	774	0	744389
968	743	751	759	774	732	0	745148
969	751	759	774	732	848	0	745922
970	759	774	732	848	817	1	746654
971	774	732	848	817	821	0	747502
972	732	848	817	821	444	0	748319
973	848	817	821	444	1175	0	749140
974	817	821	444	1175	797	1	749584
975	821	444	1175	797	790	0	750759
976	444	1175	797	790	794	0	751556
977	1175	797	790	794	416	0	752346
978	797	790	794	416	1179	0	753140
979	790	794	416	1179	763	1	753556
980	794	416	1179	763	743	0	754735
981	416	1179	763	743	732	0	755498
982	1179	763	743	732	474	0	756241
983	763	743	732	474	965	0	756973
984	743	732	474	965	705	1	757447
985	732	474	965	705	708	0	758412
986	474	965	705	708	506	0	759117
987	965	705	708	506	926	0	759825
988	705	708	506	926	720	1	760331
989	708	506	926	720	731	0	761257
990	506	926	720	731	506	0	761977
991	926	720	731	506	996	0	762708
992	720	731	506	996	751	1	763214
993	731	506	996	751	778	0	764210
994	506	996	751	778	502	0	764961
995	996	751	778	502	1101	0	765739
996	751	778	502	1101	810	1	766241
997	778	502	1101	810	817	0	767342
998	502	1101	810	817	829	0	768152
999	1101	810	817	829	432	0	768969
1000	810	817	829	432	1221	0	769798
1001	817	829	432	1221	817	1	770230
1002	829	432	1221	817	514	0	771451
1003	432	1221	817	514	1117	0	772268
1004	1221	817	514	1117	794	1	772782
1005	817	514	1117	794	821	0	773899
1006	514	1117	794	821	821	0	774693
1007	1117	794	821	821	638	0	775514
1008	794	821	821	638	1019	0	776335
1009	821	821	638	1019	825	1	776973
1010	821	638	1019	825	837	0	777992
1011	638	1019	825	837	552	0	778817
1012	1019	825	837	552	1078	0	779654
1013	825	837	552	1078	790	1	780206
1014	837	552	1078	790	798	0	781284
1015	552	1078	790	798	805	0	782074
1016	1078	790	798	805	802	0	782872
1017	790	798	805	802	420	0	783677
1018	798	805	802	420	1167	0	784479
1019	805	802	420	1167	774	1	784899
1020	802	420	1167	774	779	0	786066
1021	420	1167	774	779	770	0	786840
1022	1167	774	779	770	774	0	787619
1023	774	779	770	774	794	0	788389
1024	779	770	774	794	452	0	789163
1025	770	774	794	452	1151	0	789957
1026	774	794	452	1151	794	1	790409
1027	794	452	1151	794	809	0	791560
1028	452	1151	794	809	821	0	792354
1029	1151	794	809	821	825	0	793163
1030	794	809	821	825	755	0	793984
1031	809	821	825	755	926	0	794809
1032	821	825	755	926	833	1	795564
1033	825	755	926	833	825	0	796490
1034	755	926	833	825	572	0	797323
1035	926	833	825	572	1054	0	798148
1036	833	825	572	1054	782	1	798720
1037	825	572	1054	782	775	0	799774
1038	572	1054	782	775	774	0	800556
1039	1054	782	775	774	763	0	801331
1040	782	775	774	763	490	0	802105
1041	775	774	763	490	1047	0	802868
1042	774	763	490	1047	751	1	803358
1043	763	490	1047	751	743	0	804405
1044	490	1047	751	743	735	0	805156
1045	1047	751	743	735	712	0	805899
1046	751	743	735	712	716	0	806634
1047	743	735	712	716	724	0	807346
1048	735	712	716	724	533	0	808062
1049	712	716	724	533	934	0	808786
1050	716	724	533	934	739	1	809319
1051	724	533	934	739	747	0	810253
1052	533	934	739	747	743	0	810992
1053	934	739	747	743	751	0	811739
1054	739	747	743	751	491	0	812482
1055	747	743	751	491	1023	0	813233
1056	743	751	491	1023	747	1	813724
1057	751	491	1023	747	763	0	814747
1058	491	1023	747	763	751	0	815494
1059	1023	747	763	751	751	0	816257
1060	747	763	751	751	762	0	817008
1061	763	751	751	762	755	0	817759
1062	751	751	762	755	459	0	818521
1063	751	762	755	459	1035	0	819276
1064	762	755	459	1035	744	1	819735
1065	755	459	1035	744	743	0	820770
1066	459	1035	744	743	751	0	821514
1067	1035	744	743	751	762	0	822257
1068	744	743	751	762	456	0	823008
1069	743	751	762	456	1089	0	823770
1070	751	762	456	1089	755	1	824226
1071	762	456	1089	755	770	0	825315
1072	456	1089	755	770	417	0	826070
1073	1089	755	770	417	1136	0	826840
1074	755	770	417	1136	774	1	827257
1075	770	417	1136	774	428	0	828393
1076	417	1136	774	428	1121	0	829167
1077	1136	774	428	1121	751	1	829595
1078	774	428	1121	751	759	0	830716
1079	428	1121	751	759	762	0	831467
1080	1121	751	759	762	771	0	832226
1081	751	759	762	771	774	0	832988
1082	759	762	771	774	782	0	833759
1083	762	771	774	782	502	0	834533
1084	771	774	782	502	1086	0	835315
1085	774	782	502	1086	782	1	835817
1086	782	502	1086	782	786	0	836903
1087	502	1086	782	786	782	0	837685
1088	1086	782	786	782	782	0	838471
1089	782	786	782	782	778	0	839253
1090	786	782	782	778	491	0	840035
1091	782	782	778	491	1050	0	840813
1092	782	778	491	1050	759	1	841304
1093	778	491	1050	759	739	0	842354
1094	491	1050	759	739	739	0	843113
1095	1050	759	739	739	744	0	843852
1096	759	739	739	744	432	0	844591
1097	739	739	744	432	1085	0	845335
1098	739	744	432	1085	759	1	845767
1099	744	432	1085	759	763	0	846852
1100	432	1085	759	763	770	0	847611
1101	1085	759	763	770	782	0	848374
1102	759	763	770	782	549	0	849144
1103	763	770	782	549	1054	0	849926
1104	770	782	549	1054	798	1	850475
1105	782	549	1054	798	801	0	851529
1106	549	1054	798	801	814	0	852327
1107	1054	798	801	814	817	0	853128
1108	798	801	814	817	832	0	853942
1109	801	814	817	832	845	0	854759
1110	814	817	832	845	432	0	855591
1111	817	832	845	432	1264	0	856436
1112	832	845	432	1264	845	1	856868
1113	845	432	1264	845	541	0	858132
1114	432	1264	845	541	1140	0	858977
1115	1264	845	541	1140	809	1	859518
1116	845	541	1140	809	825	0	860658
1117	541	1140	809	825	840	0	861467
1118	1140	809	825	840	475	0	862292
1119	809	825	840	475	1195	0	863132
1120	825	840	475	1195	428	1	863607
1121	840	475	1195	428	1221	0	864802
1122	475	1195	428	1221	798	1	865230
1123	1195	428	1221	798	802	0	866451
1124	428	1221	798	802	809	0	867249
1125	1221	798	802	809	805	0	868051
1126	798	802	809	805	790	0	868860
1127	802	809	805	790	634	0	869665
1128	809	805	790	634	876	0	870455
1129	805	790	634	876	728	1	871089
1130	790	634	876	728	727	0	871965
1131	634	876	728	727	728	0	872693
1132	876	728	727	728	712	0	873420
1133	728	727	728	712	681	0	874148
1134	727	728	712	681	747	0	874860
1135	728	712	681	747	708	1	875541
1136	712	681	747	708	716	0	876288
1137	681	747	708	716	720	0	876996
1138	747	708	716	720	720	0	877712
1139	708	716	720	720	720	0	878432
1140	716	720	720	720	727	0	879152
1141	720	720	720	727	490	0	879872
1142	720	720	727	490	954	0	880599
1143	720	727	490	954	716	1	881089
1144	727	490	954	716	720	0	882043
1145	490	954	716	720	712	0	882759
1146	954	716	720	712	708	0	883479
1147	716	720	712	708	603	0	884191
1148	720	712	708	603	833	0	884899
1149	712	708	603	833	704	1	885502
1150	708	603	833	704	708	0	886335
1151	603	833	704	708	716	0	887039
1152	833	704	708	716	724	0	887747
1153	704	708	716	724	502	0	888463
1154	708	716	724	502	953	0	889187
1155	716	724	502	953	732	1	889689
1156	724	502	953	732	747	0	890642
1157	502	953	732	747	568	0	891374
1158	953	732	747	568	930	0	892121
1159	732	747	568	930	762	1	892689
1160	747	568	930	762	771	0	893619
1161	568	930	762	771	502	0	894381
1162	930	762	771	502	1042	0	895152
1163	762	771	502	1042	779	1	895654
1164	771	502	1042	779	778	0	896696
1165	502	1042	779	778	798	0	897475
1166	1042	779	778	798	805	0	898253
1167	779	778	798	805	436	0	899051
1168	778	798	805	436	1167	0	899856
1169	798	805	436	1167	798	1	900292
1170	805	436	1167	798	634	0	901459
1171	436	1167	798	634	907	0	902257
1172	1167	798	634	907	758	1	902891
1173	798	634	907	758	779	0	903798
1174	634	907	758	779	463	0	904556
1175	907	758	779	463	1097	0	905335
1176	758	779	463	1097	778	1	905798
1177	779	463	1097	778	790	0	906895
1178	463	1097	778	790	778	0	907673
1179	1097	778	790	778	452	0	908463
1180	778	790	778	452	1132	0	909241
1181	790	778	452	1132	778	1	909693
1182	778	452	1132	778	782	0	910825
1183	452	1132	778	782	778	0	911603
1184	1132	778	782	778	775	0	912385
1185	778	782	778	775	782	0	913163
1186	782	778	775	782	778	0	913938
1187	778	775	782	778	763	0	914720
1188	775	782	778	763	755	0	915498
1189	782	778	763	755	428	0	916261
1190	778	763	755	428	1074	0	917016
1191	763	755	428	1074	747	1	917444
1192	755	428	1074	747	754	0	918518
1193	428	1074	747	754	444	0	919265
1194	1074	747	754	444	1090	0	920019
1195	747	754	444	1090	770	1	920463
1196	754	444	1090	770	774	0	921553
1197	444	1090	770	774	479	0	922323
1198	1090	770	774	479	1093	0	923097
1199	770	774	479	1093	782	1	923576
1200	774	479	1093	782	782	0	924669
1201	479	1093	782	782	786	0	925451
1202	1093	782	782	786	790	0	926233
1203	782	782	786	790	479	0	927019
1204	782	786	790	479	1082	0	927809
1205	786	790	479	1082	762	1	928288
1206	790	479	1082	762	767	0	929370
1207	479	1082	762	767	766	0	930132
1208	1082	762	767	766	775	0	930899
1209	762	767	766	775	451	0	931665
1210	767	766	775	451	1121	0	932440
1211	766	775	451	1121	782	1	932891
1212	775	451	1121	782	782	0	934012
1213	451	1121	782	782	790	0	934794
1214	1121	782	782	790	805	0	935576
1215	782	782	790	805	529	0	936366
1216	782	790	805	529	1113	0	937171
1217	790	805	529	1113	817	1	937700
1218	805	529	1113	817	825	0	938813
1219	529	1113	817	825	837	0	939630
1220	1113	817	825	837	836	0	940455
1221	817	825	837	836	452	0	941292
1222	825	837	836	452	1260	0	942128
1223	837	836	452	1260	841	1	942580
1224	836	452	1260	841	817	0	943840
1225	452	1260	841	817	806	0	944681
1226	1260	841	817	806	552	0	945498
1227	841	817	806	552	1035	0	946304
1228	817	806	552	1035	755	1	946856
1229	806	552	1035	755	766	0	947891
1230	552	1035	755	766	748	0	948646
1231	1035	755	766	748	731	0	949412
1232	755	766	748	731	537	0	950160
1233	766	748	731	537	911	0	950891
1234	748	731	537	911	712	1	951428
1235	731	537	911	712	708	0	952339
1236	537	911	712	708	700	0	953051
1237	911	712	708	700	716	0	953759
1238	712	708	700	716	700	0	954459
1239	708	700	716	700	713	0	955175
1240	700	716	700	713	708	0	955875
1241	716	700	713	708	720	0	956588
1242	700	713	708	720	712	0	957296
1243	713	708	720	712	708	0	958016
1244	708	720	712	708	716	0	958728
1245	720	712	708	716	720	0	959436
1246	712	708	716	720	467	0	960152
1247	708	716	720	467	976	0	960872
1248	716	720	467	976	724	1	961339
1249	720	467	976	724	731	0	962315
1250	467	976	724	731	452	0	963039
1251	976	724	731	452	1015	0	963770
1252	724	731	452	1015	744	1	964222
1253	731	452	1015	744	751	0	965237
1254	452	1015	744	751	486	0	965981
1255	1015	744	751	486	1012	0	966732
1256	744	751	486	1012	751	1	967218
1257	751	486	1012	751	747	0	968230
1258	486	1012	751	747	673	0	968981
1259	1012	751	747	673	821	0	969728
1260	751	747	673	821	747	1	970401
1261	747	673	821	747	751	0	971222
1262	673	821	747	751	455	0	971969
1263	821	747	751	455	1058	0	972720
1264	747	751	455	1058	744	1	973175
1265	751	455	1058	744	751	0	974233
1266	455	1058	744	751	747	0	974977
1267	1058	744	751	747	743	0	975728
1268	744	751	747	743	673	0	976475
1269	751	747	743	673	821	0	977218
1270	747	743	673	821	747	1	977891
1271	743	673	821	747	751	0	978712
1272	673	821	747	751	424	0	979459
1273	821	747	751	424	1125	0	980210
1274	747	751	424	1125	770	1	980634
1275	751	424	1125	770	428	0	981759
1276	424	1125	770	428	1125	0	982529
1277	1125	770	428	1125	770	1	982957
1278	770	428	1125	770	786	0	984082
1279	428	1125	770	786	529	0	984852
1280	1125	770	786	529	1059	0	985638
1281	770	786	529	1059	793	1	986167
1282	786	529	1059	793	802	0	987226
1283	529	1059	793	802	805	0	988019
1284	1059	793	802	805	716	0	988821
1285	793	802	805	716	915	0	989626
1286	802	805	716	915	809	1	990342
1287	805	716	915	809	813	0	991257
1288	716	915	809	813	440	0	992066
1289	915	809	813	440	1191	0	992879
1290	809	813	440	1191	797	1	993319
1291	813	440	1191	797	794	0	994510
1292	440	1191	797	794	794	0	995307
1293	1191	797	794	794	409	0	996101
1294	797	794	794	409	1167	0	996895
1295	794	794	409	1167	770	1	997304
1296	794	409	1167	770	771	0	998471
1297	409	1167	770	771	774	0	999241
1298	1167	770	771	774	770	0	1000012
1299	770	771	774	770	541	0	1000786
1300	771	774	770	541	996	0	1001556
1301	774	770	541	996	755	1	1002097
1302	770	541	996	755	767	0	1003093
1303	541	996	755	767	774	0	1003848
1304	996	755	767	774	802	0	1004615
1305	755	767	774	802	474	0	1005389
1306	767	774	802	474	1144	0	1006191
1307	774	802	474	1144	810	1	1006665
1308	802	474	1144	810	825	0	1007809
1309	474	1144	810	825	817	0	1008619
1310	1144	810	825	817	825	0	1009444
1311	810	825	817	825	470	0	1010261
1312	825	817	825	470	1234	0	1011086
1313	817	825	470	1234	817	1	1011556
1314	825	470	1234	817	833	0	1012790
1315	470	1234	817	833	852	0	1013607
1316	1234	817	833	852	864	0	1014440
1317	817	833	852	864	840	0	1015292
1318	833	852	864	840	821	0	1016156
1319	852	864	840	821	829	0	1016996
1320	864	840	821	829	844	0	1017817
1321	840	821	829	844	814	0	1018646
1322	821	829	844	814	805	0	1019490
1323	829	844	814	805	829	0	1020304
1324	844	814	805	829	844	0	1021109
1325	814	805	829	844	825	0	1021938
1326	805	829	844	825	825	0	1022782
1327	829	844	825	825	428	0	1023607
1328	844	825	825	428	1187	0	1024432
1329	825	825	428	1187	758	1	1024860
1330	825	428	1187	758	740	0	1026047
1331	428	1187	758	740	739	0	1026805
1332	1187	758	740	739	724	0	1027545
1333	758	740	739	724	724	0	1028284
1334	740	739	724	724	490	0	1029008
1335	739	724	724	490	973	0	1029732
1336	724	724	490	973	731	1	1030222
1337	724	490	973	731	743	0	1031195
1338	490	973	731	743	526	0	1031926
1339	973	731	743	526	1011	0	1032669
1340	731	743	526	1011	763	1	1033195
1341	743	526	1011	763	782	0	1034206
1342	526	1011	763	782	541	0	1034969
1343	1011	763	782	541	1078	0	1035751
1344	763	782	541	1078	790	1	1036292
1345	782	541	1078	790	809	0	1037370
1346	541	1078	790	809	833	0	1038160
1347	1078	790	809	833	832	0	1038969
1348	790	809	833	832	467	0	1039802
1349	809	833	832	467	1191	0	1040634
1350	833	832	467	1191	825	1	1041101
1351	832	467	1191	825	467	0	1042292
1352	467	1191	825	467	1155	0	1043117
1353	1191	825	467	1155	806	1	1043584
1354	825	467	1155	806	502	0	1044739
1355	467	1155	806	502	1097	0	1045545
1356	1155	806	502	1097	794	1	1046047
1357	806	502	1097	794	794	0	1047144
1358	502	1097	794	794	782	0	1047938
1359	1097	794	794	782	790	0	1048732
1360	794	794	782	790	789	0	1049514
1361	794	782	790	789	790	0	1050304
1362	782	790	789	790	568	0	1051093
1363	790	789	790	568	1012	0	1051883
1364	789	790	568	1012	767	1	1052451
1365	790	568	1012	767	778	0	1053463
1366	568	1012	767	778	673	0	1054230
1367	1012	767	778	673	918	0	1055008
1368	767	778	673	918	810	1	1055681
1369	778	673	918	810	813	0	1056599
1370	673	918	810	813	474	0	1057409
1371	918	810	813	474	1168	0	1058222
1372	810	813	474	1168	825	1	1058696
1373	813	474	1168	825	490	0	1059864
1374	474	1168	825	490	1195	0	1060689
1375	1168	825	490	1195	836	1	1061179
1376	825	490	1195	836	486	0	1062374
1377	490	1195	836	486	1199	0	1063210
1378	1195	836	486	1199	840	1	1063696
1379	836	486	1199	840	518	0	1064895
1380	486	1199	840	518	1156	0	1065735
1381	1199	840	518	1156	828	1	1066253
1382	840	518	1156	828	837	0	1067409
1383	518	1156	828	837	848	0	1068237
1384	1156	828	837	848	852	0	1069074
1385	828	837	848	852	860	0	1069922
1386	837	848	852	860	864	0	1070774
1387	848	852	860	864	455	0	1071634
1388	852	860	864	455	1249	0	1072498
1389	860	864	455	1249	837	1	1072953
1390	864	455	1249	837	521	0	1074202
1391	455	1249	837	521	1082	0	1075039
1392	1249	837	521	1082	879	1	1075560
1393	837	521	1082	879	845	0	1076642
1394	521	1082	879	845	829	0	1077521
1395	1082	879	845	829	494	0	1078366
1396	879	845	829	494	1007	0	1079195
1397	845	829	494	1007	814	1	1079689
1398	829	494	1007	814	439	0	1080696
1399	494	1007	814	439	1137	0	1081510
1400	1007	814	439	1137	762	1	1081949
1401	814	439	1137	762	771	0	1083086
1402	439	1137	762	771	766	0	1083848
1403	1137	762	771	766	771	0	1084619
1404	762	771	766	771	595	0	1085385
1405	771	766	771	595	992	0	1086156
1406	766	771	595	992	767	1	1086751
1407	771	595	992	767	758	0	1087743
1408	595	992	767	758	751	0	1088510
1409	992	767	758	751	748	0	1089268
1410	767	758	751	748	521	0	1090019
1411	758	751	748	521	961	0	1090767
1412	751	748	521	961	728	1	1091288
1413	748	521	961	728	731	0	1092249
1414	521	961	728	731	720	0	1092977
1415	961	728	731	720	716	0	1093708
1416	728	731	720	716	716	0	1094428
1417	731	720	716	716	724	0	1095144
1418	720	716	716	724	720	0	1095860
1419	716	716	724	720	719	0	1096584
1420	716	724	720	719	526	0	1097304
1421	724	720	719	526	918	0	1098023
1422	720	719	526	918	716	1	1098549
1423	719	526	918	716	716	0	1099467
1424	526	918	716	716	716	0	1100183
1425	918	716	716	716	700	0	1100899
1426	716	716	716	700	619	0	1101615
1427	716	716	700	619	774	0	1102315
1428	716	700	619	774	677	1	1102934
1429	700	619	774	677	673	0	1103708
1430	619	774	677	673	670	0	1104385
1431	774	677	673	670	669	0	1105058
1432	677	673	670	669	673	0	1105728
1433	673	670	669	673	685	0	1106397
1434	670	669	673	685	564	0	1107070
1435	669	673	685	564	794	0	1107755
1436	673	685	564	794	673	1	1108319
1437	685	564	794	673	661	0	1109113
1438	564	794	673	661	685	0	1109786
1439	794	673	661	685	670	0	1110447
1440	673	661	685	670	614	0	1111132
1441	661	685	670	614	712	0	1111802
1442	685	670	614	712	654	1	1112416
1443	670	614	712	654	642	0	1113128
1444	614	712	654	642	634	0	1113782
1445	712	654	642	634	631	0	1114424
1446	654	642	634	631	622	0	1115058
1447	642	634	631	622	619	0	1115689
1448	634	631	622	619	619	0	1116311
1449	631	622	619	619	618	0	1116930
1450	622	619	619	618	619	0	1117549
1451	619	619	618	619	623	0	1118167
1452	619	618	619	623	618	0	1118786
1453	618	619	623	618	623	0	1119409
1454	619	623	618	623	622	0	1120027
1455	623	618	623	622	627	0	1120650
1456	618	623	622	627	630	0	1121272
1457	623	622	627	630	631	0	1121899
1458	622	627	630	631	638	0	1122529
1459	627	630	631	638	638	0	1123160
1460	630	631	638	638	646	0	1123798
1461	631	638	638	646	650	0	1124436
1462	638	638	646	650	657	0	1125082
1463	638	646	650	657	662	0	1125732
1464	646	650	657	662	673	0	1126389
1465	650	657	662	673	681	0	1127051
1466	657	662	673	681	688	0	1127724
1467	662	673	681	688	514	0	1128405
1468	673	681	688	514	883	0	1129093
1469	681	688	514	883	701	1	1129607
1470	688	514	883	701	708	0	1130490
1471	514	883	701	708	700	0	1131191
1472	883	701	708	700	701	0	1131899
1473	701	708	700	701	704	0	1132599
1474	708	700	701	704	712	0	1133300
1475	700	701	704	712	537	0	1134004
1476	701	704	712	537	891	0	1134716
1477	704	712	537	891	716	1	1135253
1478	712	537	891	716	731	0	1136144
1479	537	891	716	731	740	0	1136860
1480	891	716	731	740	747	0	1137591
1481	716	731	740	747	747	0	1138331
1482	731	740	747	747	766	0	1139078
1483	740	747	747	766	498	0	1139825
1484	747	747	766	498	1012	0	1140591
1485	747	766	498	1012	739	1	1141089
1486	766	498	1012	739	728	0	1142101
1487	498	1012	739	728	724	0	1142840
1488	1012	739	728	724	716	0	1143568
1489	739	728	724	716	716	0	1144292
1490	728	724	716	716	720	0	1145008
1491	724	716	716	720	716	0	1145724
1492	716	716	720	716	712	0	1146444
1493	716	720	716	712	607	0	1147160
1494	720	716	712	607	840	0	1147872
1495	716	712	607	840	712	1	1148479
1496	712	607	840	712	716	0	1149319
1497	607	840	712	716	716	0	1150031
1498	840	712	716	716	728	0	1150747
1499	712	716	716	728	720	0	1151463
1500	716	716	728	720	731	0	1152191
1501	716	728	720	731	732	0	1152911
1502	728	720	731	732	731	0	1153642
1503	720	731	732	731	724	0	1154374
1504	731	732	731	724	720	0	1155105
1505	732	731	724	720	502	0	1155829
1506	731	724	720	502	926	0	1156549
1507	724	720	502	926	704	1	1157051
1508	720	502	926	704	685	0	1157977
1509	502	926	704	685	685	0	1158681
1510	926	704	685	685	692	0	1159366
1511	704	685	685	692	689	0	1160051
1512	685	685	692	689	693	0	1160743
1513	685	692	689	693	704	0	1161432
1514	692	689	693	704	708	0	1162125
1515	689	693	704	708	716	0	1162829
1516	693	704	708	716	712	0	1163537
1517	704	708	716	712	482	0	1164253
1518	708	716	712	482	911	0	1164965
1519	716	712	482	911	759	1	1165447
1520	712	482	911	759	735	0	1166358
1521	482	911	759	735	483	0	1167117
1522	911	759	735	483	895	0	1167852
1523	759	735	483	895	751	1	1168335
1524	735	483	895	751	743	0	1169230
1525	483	895	751	743	513	0	1169981
1526	895	751	743	513	973	0	1170724
1527	751	743	513	973	747	1	1171237
1528	743	513	973	747	759	0	1172210
1529	513	973	747	759	603	0	1172957
1530	973	747	759	603	934	0	1173716
1531	747	759	603	934	766	1	1174319
1532	759	603	934	766	786	0	1175253
1533	603	934	766	786	541	0	1176019
1534	934	766	786	541	1063	0	1176805
1535	766	786	541	1063	797	1	1177346
1536	786	541	1063	797	794	0	1178409
1537	541	1063	797	794	623	0	1179206
1538	1063	797	794	623	996	0	1180000
1539	797	794	623	996	793	1	1180623
1540	794	623	996	793	798	0	1181619
1541	623	996	793	798	595	0	1182412
1542	996	793	798	595	1008	0	1183210
1543	793	798	595	1008	794	1	1183805
1544	798	595	1008	794	798	0	1184813
1545	595	1008	794	798	642	0	1185607
1546	1008	794	798	642	953	0	1186405
1547	794	798	642	953	802	1	1187047
1548	798	642	953	802	805	0	1188000
1549	642	953	802	805	576	0	1188802
1550	953	802	805	576	1039	0	1189607
1551	802	805	576	1039	805	1	1190183
1552	805	576	1039	805	810	0	1191222
1553	576	1039	805	810	805	0	1192027
1554	1039	805	810	805	813	0	1192837
1555	805	810	805	813	471	0	1193642
1556	810	805	813	471	1163	0	1194455
1557	805	813	471	1163	814	1	1194926
1558	813	471	1163	814	498	0	1196089
1559	471	1163	814	498	646	0	1196903
1560	1163	814	498	646	976	1	1197401
1561	814	498	646	976	440	1	1198047
1562	498	646	976	440	1191	0	1199023
1563	646	976	440	1191	793	1	1199463
1564	976	440	1191	793	786	0	1200654
1565	440	1191	793	786	794	0	1201447
1566	1191	793	786	794	806	0	1202233
1567	793	786	794	806	607	0	1203027
1568	786	794	806	607	1004	0	1203833
1569	794	806	607	1004	797	1	1204440
1570	806	607	1004	797	813	0	1205444
1571	607	1004	797	813	798	0	1206241
1572	1004	797	813	798	806	0	1207054
1573	797	813	798	806	517	0	1207852
1574	813	798	806	517	1109	0	1208658
1575	798	806	517	1109	794	1	1209175
1576	806	517	1109	794	797	0	1210284
1577	517	1109	794	797	794	0	1211078
1578	1109	794	797	794	436	0	1211875
1579	794	797	794	436	1128	0	1212669
1580	797	794	436	1128	771	1	1213105
1581	794	436	1128	771	759	0	1214233
1582	436	1128	771	759	751	0	1215004
1583	1128	771	759	751	751	0	1215763
1584	771	759	751	751	751	0	1216514
1585	759	751	751	751	747	0	1217265
1586	751	751	751	747	751	0	1218016
1587	751	751	747	751	758	0	1218763
1588	751	747	751	758	767	0	1219514
1589	747	751	758	767	467	0	1220272
1590	751	758	767	467	1050	0	1221039
1591	758	767	467	1050	763	1	1221506
1592	767	467	1050	763	763	0	1222556
1593	467	1050	763	763	755	0	1223319
1594	1050	763	763	755	754	0	1224082
1595	763	763	755	754	498	0	1224837
1596	763	755	754	498	1012	0	1225591
1597	755	754	498	1012	494	1	1226089
1598	754	498	1012	494	954	0	1227101
1599	498	1012	494	954	459	1	1227595
1600	1012	494	954	459	1097	0	1228549
1601	494	954	459	1097	770	1	1229008
1602	954	459	1097	770	775	0	1230105
1603	459	1097	770	775	770	0	1230875
1604	1097	770	775	770	778	0	1231650
1605	770	775	770	778	460	0	1232420
1606	775	770	778	460	1132	0	1233198
1607	770	778	460	1132	794	1	1233658
1608	778	460	1132	794	793	0	1234790
1609	460	1132	794	793	798	0	1235584
1610	1132	794	793	798	802	0	1236377
1611	794	793	798	802	428	0	1237175
1612	793	798	802	428	1167	0	1237977
1613	798	802	428	1167	794	1	1238405
1614	802	428	1167	794	794	0	1239572
1615	428	1167	794	794	786	0	1240366
1616	1167	794	794	786	466	0	1241160
1617	794	794	786	466	1129	0	1241946
1618	794	786	466	1129	794	1	1242412
1619	786	466	1129	794	797	0	1243541
1620	466	1129	794	797	794	0	1244335
1621	1129	794	797	794	798	0	1245132
1622	794	797	794	798	797	0	1245926
1623	797	794	798	797	798	0	1246724
1624	794	798	797	798	794	0	1247521
1625	798	797	798	794	794	0	1248319
1626	797	798	794	794	797	0	1249113
1627	798	794	794	797	802	0	1249907
1628	794	794	797	802	541	0	1250704
1629	794	797	802	541	1085	0	1251506
1630	797	802	541	1085	806	1	1252047
1631	802	541	1085	806	813	0	1253132
1632	541	1085	806	813	611	0	1253938
1633	1085	806	813	611	1023	0	1254751
1634	806	813	611	1023	806	1	1255362
1635	813	611	1023	806	809	0	1256385
1636	611	1023	806	809	556	0	1257191
1637	1023	806	809	556	1067	0	1258000
1638	806	809	556	1067	805	1	1258556
1639	809	556	1067	805	805	0	1259623
1640	556	1067	805	805	600	0	1260428
1641	1067	805	805	600	1004	0	1261233
1642	805	805	600	1004	797	1	1261833
1643	805	600	1004	797	798	0	1262837
1644	600	1004	797	798	622	0	1263634
1645	1004	797	798	622	981	0	1264432
1646	797	798	622	981	794	1	1265054
1647	798	622	981	794	794	0	1266035
1648	622	981	794	794	708	0	1266829
1649	981	794	794	708	906	0	1267623
1650	794	794	708	906	806	1	1268331
1651	794	708	906	806	813	0	1269237
1652	708	906	806	813	576	0	1270043
1653	906	806	813	576	1074	0	1270856
1654	806	813	576	1074	817	1	1271432
1655	813	576	1074	817	829	0	1272506
1656	576	1074	817	829	829	0	1273323
1657	1074	817	829	829	801	0	1274152
1658	817	829	829	801	486	0	1274981
1659	829	829	801	486	1090	0	1275782
1660	829	801	486	1090	763	1	1276268
1661	801	486	1090	763	747	0	1277358
1662	486	1090	763	747	751	0	1278121
1663	1090	763	747	751	747	0	1278868
1664	763	747	751	747	739	0	1279619
1665	747	751	747	739	747	0	1280366
1666	751	747	739	747	553	0	1281105
1667	747	739	747	553	926	0	1281852
1668	739	747	553	926	739	1	1282405
1669	747	553	926	739	751	0	1283331
1670	553	926	739	751	743	0	1284070
1671	926	739	751	743	743	0	1284821
1672	739	751	743	743	557	0	1285564
1673	751	743	743	557	953	0	1286307
1674	743	743	557	953	747	1	1286864
1675	743	557	953	747	751	0	1287817
1676	557	953	747	751	759	0	1288564
1677	953	747	751	759	759	0	1289315
1678	747	751	759	759	564	0	1290074
1679	751	759	759	564	942	0	1290833
1680	759	759	564	942	758	1	1291397
1681	759	564	942	758	763	0	1292339
1682	564	942	758	763	545	0	1293097
1683	942	758	763	545	976	0	1293860
1684	758	763	545	976	763	1	1294405
1685	763	545	976	763	759	0	1295381
1686	545	976	763	759	533	0	1296144
1687	976	763	759	533	996	0	1296903
1688	763	759	533	996	766	1	1297436
1689	759	533	996	766	775	0	1298432
1690	533	996	766	775	517	0	1299198
1691	996	766	775	517	1047	0	1299973
1692	766	775	517	1047	790	1	1300490
1693	775	517	1047	790	790	0	1301537
1694	517	1047	790	790	603	0	1302327
1695	1047	790	790	603	1012	0	1303117
1696	790	790	603	1012	813	1	1303720
1697	790	603	1012	813	825	0	1304732
1698	603	1012	813	825	544	0	1305545
1699	1012	813	825	544	1137	0	1306370
1700	813	825	544	1137	828	1	1306914
1701	825	544	1137	828	639	0	1308051
1702	544	1137	828	639	1011	0	1308879
1703	1137	828	639	1011	825	1	1309518
1704	828	639	1011	825	837	0	1310529
1705	639	1011	825	837	832	0	1311354
1706	1011	825	837	832	849	0	1312191
1707	825	837	832	849	432	0	1313023
1708	837	832	849	432	1249	0	1313872
1709	832	849	432	1249	832	1	1314304
1710	849	432	1249	832	459	0	1315553
1711	432	1249	832	459	1172	0	1316385
1712	1249	832	459	1172	805	1	1316844
1713	832	459	1172	805	805	0	1318016
1714	459	1172	805	805	802	0	1318821
1715	1172	805	805	802	805	0	1319626
1716	805	805	802	805	802	0	1320428
1717	805	802	805	802	813	0	1321233
1718	802	805	802	813	825	0	1322035
1719	805	802	813	825	833	0	1322848
1720	802	813	825	833	486	0	1323673
1721	813	825	833	486	1199	0	1324506
1722	825	833	486	1199	832	1	1324992
1723	833	486	1199	832	841	0	1326191
1724	486	1199	832	841	840	0	1327023
1725	1199	832	841	840	475	0	1327864
1726	832	841	840	475	1218	0	1328704
1727	841	840	475	1218	817	1	1329179
1728	840	475	1218	817	868	0	1330397
1729	475	1218	817	868	844	0	1331214
1730	1218	817	868	844	844	0	1332082
1731	817	868	844	844	642	0	1332926
1732	868	844	844	642	1051	0	1333770
1733	844	844	642	1051	841	1	1334412
1734	844	642	1051	841	852	0	1335463
1735	642	1051	841	852	634	0	1336304
1736	1051	841	852	634	1089	0	1337156
1737	841	852	634	1089	837	1	1337790
1738	852	634	1089	837	840	0	1338879
1739	634	1089	837	840	837	0	1339716
1740	1089	837	840	837	837	0	1340556
1741	837	840	837	837	848	0	1341393
1742	840	837	837	848	852	0	1342230
1743	837	837	848	852	502	0	1343078
1744	837	848	852	502	875	0	1343930
1745	848	852	502	875	1020	1	1344432
1746	852	502	875	1020	844	0	1345307
1747	502	875	1020	844	825	0	1346327
1748	875	1020	844	825	833	0	1347171
1749	1020	844	825	833	455	0	1347996
1750	844	825	833	455	1179	0	1348829
1751	825	833	455	1179	813	1	1349284
1752	833	455	1179	813	817	0	1350463
1753	455	1179	813	817	798	0	1351276
1754	1179	813	817	798	805	0	1352093
1755	813	817	798	805	537	0	1352891
1756	817	798	805	537	1082	0	1353696
1757	798	805	537	1082	790	1	1354233
1758	805	537	1082	790	802	0	1355315
1759	537	1082	790	802	739	0	1356105
1760	1082	790	802	739	864	0	1356907
1761	790	802	739	864	790	1	1357646
1762	802	739	864	790	813	0	1358510
1763	739	864	790	813	478	0	1359300
1764	864	790	813	478	1121	0	1360113
1765	790	813	478	1121	790	1	1360591
1766	813	478	1121	790	798	0	1361712
1767	478	1121	790	798	789	0	1362502
1768	1121	790	798	789	794	0	1363300
1769	790	798	789	794	463	0	1364089
1770	798	789	794	463	1172	0	1364883
1771	789	794	463	1172	805	1	1365346
1772	794	463	1172	805	813	0	1366518
1773	463	1172	805	813	821	0	1367323
1774	1172	805	813	821	841	0	1368136
1775	805	813	821	841	840	0	1368957
1776	813	821	841	840	841	0	1369798
1777	821	841	840	841	463	0	1370638
1778	841	840	841	463	1221	0	1371479
1779	840	841	463	1221	841	1	1371942
1780	841	463	1221	841	451	0	1373163
1781	463	1221	841	451	1238	0	1374004
1782	1221	841	451	1238	840	1	1374455
1783	841	451	1238	840	451	0	1375693
1784	451	1238	840	451	1226	0	1376533
1785	1238	840	451	1226	821	1	1376984
1786	840	451	1226	821	483	0	1378210
1787	451	1226	821	483	1159	0	1379031
1788	1226	821	483	1159	802	1	1379514
1789	821	483	1159	802	506	0	1380673
1790	483	1159	802	506	1035	0	1381475
1791	1159	802	506	1035	867	0	1381981
1792	802	506	1035	867	868	0	1383016
1793	506	1035	867	868	887	0	1383883
1794	1035	867	868	887	895	0	1384751
1795	867	868	887	895	907	0	1385638
1796	868	887	895	907	906	0	1386533
1797	887	895	907	906	930	0	1387440
1798	895	907	906	930	942	0	1388346
1799	907	906	930	942	945	0	1389276
1800	906	930	942	945	942	0	1390218
1801	930	942	945	942	926	0	1391163
1802	942	945	942	926	915	0	1392105
1803	945	942	926	915	910	0	1393031
1804	942	926	915	910	899	0	1393946
1805	926	915	910	899	879	0	1394856
1806	915	910	899	879	872	0	1395755
1807	910	899	879	872	871	0	1396634
1808	899	879	872	871	467	0	1397506
1809	879	872	871	467	1261	0	1398377
1810	872	871	467	1261	856	1	1398844
1811	871	467	1261	856	623	0	1400105
1812	467	1261	856	623	1093	0	1400961
1813	1261	856	623	1093	841	1	1401584
1814	856	623	1093	841	836	0	1402677
1815	623	1093	841	836	837	0	1403518
1816	1093	841	836	837	848	0	1404354
1817	841	836	837	848	420	0	1405191
1818	836	837	848	420	1245	0	1406039
1819	837	848	420	1245	829	1	1406459
1820	848	420	1245	829	844	0	1407704
1821	420	1245	829	844	856	0	1408533
1822	1245	829	844	856	565	0	1409377
1823	829	844	856	565	1163	0	1410233
1824	844	856	565	1163	868	1	1410798
1825	856	565	1163	868	867	0	1411961
1826	565	1163	868	867	857	0	1412829
1827	1163	868	867	857	859	0	1413696
1828	868	867	857	859	421	0	1414553
1829	867	857	859	421	1323	0	1415412
1830	857	859	421	1323	836	1	1415833
1831	859	421	1323	836	829	0	1417156
1832	421	1323	836	829	821	0	1417992
1833	1323	836	829	821	529	0	1418821
1834	836	829	821	529	1109	0	1419642
1835	829	821	529	1109	798	1	1420171
1836	821	529	1109	798	813	0	1421280
1837	529	1109	798	813	786	0	1422078
1838	1109	798	813	786	790	0	1422891
1839	798	813	786	790	475	0	1423677
1840	813	786	790	475	1109	0	1424467
1841	786	790	475	1109	774	1	1424942
1842	790	475	1109	774	774	0	1426051
1843	475	1109	774	774	767	0	1426825
1844	1109	774	774	767	766	0	1427599
1845	774	774	767	766	475	0	1428366
1846	774	767	766	475	1101	0	1429132
1847	767	766	475	1101	782	1	1429607
1848	766	475	1101	782	794	0	1430708
1849	475	1101	782	794	790	0	1431490
1850	1101	782	794	790	794	0	1432284
1851	782	794	790	794	412	0	1433074
1852	794	790	794	412	1179	0	1433868
1853	790	794	412	1179	802	1	1434280
1854	794	412	1179	802	813	0	1435459
1855	412	1179	802	813	809	0	1436261
1856	1179	802	813	809	436	0	1437074
1857	802	813	809	436	1218	0	1437883
1858	813	809	436	1218	825	1	1438319
1859	809	436	1218	825	486	0	1439537
1860	436	1218	825	486	1156	0	1440362
1861	1218	825	486	1156	801	1	1440848
1862	825	486	1156	801	666	0	1442004
1863	486	1156	801	666	941	0	1442805
1864	1156	801	666	941	786	1	1443471
1865	801	666	941	786	802	0	1444412
1866	666	941	786	802	451	0	1445198
1867	941	786	802	451	1199	0	1446000
1868	786	802	451	1199	829	1	1446451
1869	802	451	1199	829	486	0	1447650
1870	451	1199	829	486	1198	0	1448479
1871	1199	829	486	1198	841	1	1448965
1872	829	486	1198	841	471	0	1450163
1873	486	1198	841	471	1202	0	1451004
1874	1198	841	471	1202	829	1	1451475
1875	841	471	1202	829	490	0	1452677
1876	471	1202	829	490	1171	0	1453506
1877	1202	829	490	1171	825	1	1453996
1878	829	490	1171	825	592	0	1455167
1879	490	1171	825	592	1081	0	1455992
1880	1171	825	592	1081	837	1	1456584
1881	825	592	1081	837	848	0	1457665
1882	592	1081	837	848	852	0	1458502
1883	1081	837	848	852	491	0	1459350
1884	837	848	852	491	1221	0	1460202
1885	848	852	491	1221	845	1	1460693
1886	852	491	1221	845	521	0	1461914
1887	491	1221	845	521	1171	0	1462759
1888	1221	845	521	1171	841	1	1463280
1889	845	521	1171	841	844	0	1464451
1890	521	1171	841	844	841	0	1465292
1891	1171	841	844	841	443	0	1466136
1892	841	844	841	443	1257	0	1466977
1893	844	841	443	1257	852	1	1467420
1894	841	443	1257	852	856	0	1468677
1895	443	1257	852	856	864	0	1469529
1896	1257	852	856	864	424	0	1470385
1897	852	856	864	424	1296	0	1471249
1898	856	864	424	1296	864	1	1471673
1899	864	424	1296	864	867	0	1472969
1900	424	1296	864	867	880	0	1473833
1901	1296	864	867	880	486	0	1474700
1902	864	867	880	486	1280	0	1475580
1903	867	880	486	1280	864	1	1476066
1904	880	486	1280	864	860	0	1477346
1905	486	1280	864	860	860	0	1478210
1906	1280	864	860	860	471	0	1479070
1907	864	860	860	471	1249	0	1479930
1908	860	860	471	1249	844	1	1480401
1909	860	471	1249	844	860	0	1481650
1910	471	1249	844	860	848	0	1482494
1911	1249	844	860	848	849	0	1483354
1912	844	860	848	849	860	0	1484202
1913	860	848	849	860	447	0	1485051
1914	848	849	860	447	1265	0	1485911
1915	849	860	447	1265	852	1	1486358
1916	860	447	1265	852	864	0	1487623
1917	447	1265	852	864	859	0	1488475
1918	1265	852	864	859	541	0	1489339
1919	852	864	859	541	1148	0	1490198
1920	864	859	541	1148	829	1	1490739
1921	859	541	1148	829	809	0	1491887
1922	541	1148	829	809	810	0	1492716
1923	1148	829	809	810	809	0	1493525
1924	829	809	810	809	490	0	1494335
1925	809	810	809	490	1098	0	1495144
1926	810	809	490	1098	793	1	1495634
1927	809	490	1098	793	790	0	1496732
1928	490	1098	793	790	790	0	1497525
1929	1098	793	790	790	802	0	1498315
1930	793	790	790	802	451	0	1499105
1931	790	790	802	451	1152	0	1499907
1932	790	802	451	1152	797	1	1500358
1933	802	451	1152	797	814	0	1501510
1934	451	1152	797	814	805	0	1502307
1935	1152	797	814	805	821	0	1503121
1936	797	814	805	821	841	0	1503926
1937	814	805	821	841	428	0	1504747
1938	805	821	841	428	1264	0	1505588
1939	821	841	428	1264	837	1	1506016
1940	841	428	1264	837	498	0	1507280
1941	428	1264	837	498	1155	0	1508117
1942	1264	837	498	1155	821	1	1508615
1943	837	498	1155	821	833	0	1509770
1944	498	1155	821	833	852	0	1510591
1945	1155	821	833	852	849	0	1511424
1946	821	833	852	849	852	0	1512276
1947	833	852	849	852	871	0	1513125
1948	852	849	852	871	413	0	1513977
1949	849	852	871	413	1330	0	1514848
1950	852	871	413	1330	860	1	1515261
1951	871	413	1330	860	530	0	1516591
1952	413	1330	860	530	1101	0	1517451
1953	1330	860	530	1101	902	0	1517981
1954	860	530	1101	902	895	0	1519082
1955	530	1101	902	895	891	0	1519984
1956	1101	902	895	891	907	0	1520879
1957	902	895	891	907	907	0	1521770
1958	895	891	907	907	906	0	1522677
1959	891	907	907	906	899	0	1523584
1960	907	907	906	899	899	0	1524490
1961	907	906	899	899	891	0	1525389
1962	906	899	899	891	899	0	1526288
1963	899	899	891	899	895	0	1527179
1964	899	891	899	895	895	0	1528078
1965	891	899	895	895	899	0	1528973
1966	899	895	895	899	894	0	1529868
1967	895	895	899	894	892	0	1530767
1968	895	899	894	892	875	0	1531661
1969	899	894	892	875	876	0	1532553
1970	894	892	875	876	871	0	1533428
1971	892	875	876	871	883	0	1534304
1972	875	876	871	883	428	0	1535175
1973	876	871	883	428	1331	0	1536058
1974	871	883	428	1331	899	1	1536486
1975	883	428	1331	899	440	0	1537817
1976	428	1331	899	440	1346	0	1538716
1977	1331	899	440	1346	899	1	1539156
1978	899	440	1346	899	455	0	1540502
1979	440	1346	899	455	1319	0	1541401
1980	1346	899	455	1319	899	1	1541856
1981	899	455	1319	899	482	0	1543175
1982	455	1319	899	482	1304	0	1544074
1983	1319	899	482	1304	879	1	1544556
1984	899	482	1304	879	603	0	1545860
1985	482	1304	879	603	1117	0	1546739
1986	1304	879	603	1117	845	1	1547342
1987	879	603	1117	845	836	0	1548459
1988	603	1117	845	836	837	0	1549304
1989	1117	845	836	837	828	0	1550140
1990	845	836	837	828	444	0	1550977
1991	836	837	828	444	1233	0	1551805
1992	837	828	444	1233	845	1	1552249
1993	828	444	1233	845	852	0	1553482
1994	444	1233	845	852	829	0	1554327
1995	1233	845	852	829	836	0	1555179
1996	845	852	829	836	845	0	1556008
1997	852	829	836	845	428	0	1556844
1998	829	836	845	428	1253	0	1557689
1999	836	845	428	1253	852	1	1558117
2000	845	428	1253	852	852	0	1559370
2001	428	1253	852	852	852	0	1560222
2002	1253	852	852	852	887	0	1561074
2003	852	852	852	887	926	0	1561926
2004	852	852	887	926	459	0	1562813
2005	852	887	926	459	1347	0	1563739
2006	887	926	459	1347	922	1	1564198
2007	926	459	1347	922	560	0	1565545
2008	459	1347	922	560	1210	0	1566467
2009	1347	922	560	1210	888	1	1567027
2010	922	560	1210	888	871	0	1568237
2011	560	1210	888	871	868	0	1569125
2012	1210	888	871	868	502	0	1569996
2013	888	871	868	502	1245	0	1570864
2014	871	868	502	1245	856	1	1571366
2015	868	502	1245	856	860	0	1572611
2016	502	1245	856	860	840	0	1573467
2017	1245	856	860	840	467	0	1574327
2018	856	860	840	467	1199	0	1575167
2019	860	840	467	1199	801	1	1575634
2020	840	467	1199	801	794	0	1576833
2021	467	1199	801	794	798	0	1577634
2022	1199	801	794	798	533	0	1578428
2023	801	794	798	533	1081	0	1579226
2024	794	798	533	1081	806	1	1579759
2025	798	533	1081	806	829	0	1580840
2026	533	1081	806	829	618	0	1581646
2027	1081	806	829	618	1067	0	1582475
2028	806	829	618	1067	848	1	1583093
2029	829	618	1067	848	871	0	1584160
2030	618	1067	848	871	868	0	1585008
2031	1067	848	871	868	483	0	1585879
2032	848	871	868	483	1295	0	1586747
2033	871	868	483	1295	880	1	1587230
2034	868	483	1295	880	871	0	1588525
2035	483	1295	880	871	876	0	1589405
2036	1295	880	871	876	887	0	1590276
2037	880	871	876	887	891	0	1591152
2038	871	876	887	891	891	0	1592039
2039	876	887	891	891	903	0	1592930
2040	887	891	891	903	895	0	1593821
2041	891	891	903	895	895	0	1594724
2042	891	903	895	895	891	0	1595619
2043	903	895	895	891	899	0	1596514
2044	895	895	891	899	898	0	1597405
2045	895	891	899	898	903	0	1598304
2046	891	899	898	903	903	0	1599202
2047	899	898	903	903	914	0	1600105
2048	898	903	903	914	915	0	1601008
2049	903	903	914	915	930	0	1601922
2050	903	914	915	930	933	0	1602837
2051	914	915	930	933	942	0	1603767
2052	915	930	933	942	942	0	1604700
2053	930	933	942	942	945	0	1605642
2054	933	942	942	945	938	0	1606584
2055	942	942	945	938	938	0	1607529
2056	942	945	938	938	934	0	1608467
2057	945	938	938	934	949	0	1609405
2058	938	938	934	949	961	0	1610339
2059	938	934	949	961	969	0	1611288
2060	934	949	961	969	969	0	1612249
2061	949	961	969	969	961	0	1613218
2062	961	969	969	961	965	0	1614187
2063	969	969	961	965	965	0	1615148
2064	969	961	965	965	969	0	1616113
2065	961	965	965	969	965	0	1617078
2066	965	965	969	965	953	0	1618047
2067	965	969	965	953	961	0	1619012
2068	969	965	953	961	946	0	1619965
2069	965	953	961	946	953	0	1620926
2070	953	961	946	953	969	0	1621872
2071	961	946	953	969	949	0	1622825
2072	946	953	969	949	930	0	1623794
2073	953	969	949	930	444	0	1624743
2074	969	949	930	444	1389	0	1625673
2075	949	930	444	1389	922	1	1626117
2076	930	444	1389	922	486	0	1627506
2077	444	1389	922	486	1281	0	1628428
2078	1389	922	486	1281	891	1	1628914
2079	922	486	1281	891	887	0	1630195
2080	486	1281	891	887	545	0	1631086
2081	1281	891	887	545	1217	0	1631973
2082	891	887	545	1217	891	1	1632518
2083	887	545	1217	891	864	0	1633735
2084	545	1217	891	864	856	0	1634626
2085	1217	891	864	856	868	0	1635490
2086	891	864	856	868	879	0	1636346
2087	864	856	868	879	627	0	1637214
2088	856	868	879	627	1078	0	1638093
2089	868	879	627	1078	856	1	1638720
2090	879	627	1078	856	840	0	1639798
2091	627	1078	856	840	872	0	1640654
2092	1078	856	840	872	902	0	1641494
2093	856	840	872	902	444	0	1642366
2094	840	872	902	444	564	0	1643268
2095	872	902	444	564	759	1	1643712
2096	902	444	564	759	895	0	1644276
2097	444	564	759	895	533	0	1645035
2098	564	759	895	533	1241	0	1645930
2099	759	895	533	1241	868	1	1646463
2100	895	533	1241	868	879	0	1647704
2101	533	1241	868	879	864	0	1648572
2102	1241	868	879	864	428	0	1649451
2103	868	879	864	428	1280	0	1650315
2104	879	864	428	1280	868	1	1650743
2105	864	428	1280	868	537	0	1652023
2106	428	1280	868	537	821	0	1652891
2107	1280	868	537	821	1113	1	1653428
2108	868	537	821	1113	906	0	1654249
2109	537	821	1113	906	876	0	1655362
2110	821	1113	906	876	494	0	1656268
2111	1113	906	876	494	1292	0	1657144
2112	906	876	494	1292	872	1	1657638
2113	876	494	1292	872	455	0	1658930
2114	494	1292	872	455	1272	0	1659802
2115	1292	872	455	1272	856	1	1660257
2116	872	455	1272	856	452	0	1661529
2117	455	1272	856	452	1252	0	1662385
2118	1272	856	452	1252	860	1	1662837
2119	856	452	1252	860	432	0	1664089
2120	452	1252	860	432	1292	0	1664949
2121	1252	860	432	1292	880	1	1665381
2122	860	432	1292	880	867	0	1666673
2123	432	1292	880	867	876	0	1667553
2124	1292	880	867	876	891	0	1668420
2125	880	867	876	891	891	0	1669296
2126	867	876	891	891	903	0	1670187
2127	876	891	891	903	918	0	1671078
2128	891	891	903	918	926	0	1671981
2129	891	903	918	926	922	0	1672899
2130	903	918	926	922	934	0	1673825
2131	918	926	922	934	938	0	1674747
2132	926	922	934	938	949	0	1675681
2133	922	934	938	949	946	0	1676619
2134	934	938	949	946	949	0	1677568
2135	938	949	946	949	953	0	1678514
2136	949	946	949	953	969	0	1679463
2137	946	949	953	969	961	0	1680416
2138	949	953	969	961	958	0	1681385
2139	953	969	961	958	961	0	1682346
2140	969	961	958	961	953	0	1683304
2141	961	958	961	953	957	0	1684265
2142	958	961	953	957	957	0	1685218
2143	961	953	957	957	957	0	1686175
2144	953	957	957	957	958	0	1687132
2145	957	957	957	958	972	0	1688089
2146	957	957	958	972	965	0	1689047
2147	957	958	972	965	962	0	1690019
2148	958	972	965	962	953	0	1690984
2149	972	965	962	953	957	0	1691946
2150	965	962	953	957	957	0	1692899
2151	962	953	957	957	950	0	1693856
2152	953	957	957	950	941	0	1694813
2153	957	957	950	941	946	0	1695763
2154	957	950	941	946	945	0	1696704
2155	950	941	946	945	432	0	1697650
2156	941	946	945	432	1467	0	1698595
2157	946	945	432	1467	973	1	1699027
2158	945	432	1467	973	926	0	1700494
2159	432	1467	973	926	911	0	1701467
2160	1467	973	926	911	933	0	1702393
2161	973	926	911	933	495	0	1703304
2162	926	911	933	495	1303	0	1704237
2163	911	933	495	1303	899	1	1704732
2164	933	495	1303	899	903	0	1706035
2165	495	1303	899	903	910	0	1706934
2166	1303	899	903	910	899	0	1707837
2167	899	903	910	899	938	0	1708747
2168	903	910	899	938	957	0	1709646
2169	910	899	938	957	494	0	1710584
2170	899	938	957	494	1366	0	1711541
2171	938	957	494	1366	957	1	1712035
2172	957	494	1366	957	494	0	1713401
2173	494	1366	957	494	1311	0	1714358
2174	1366	957	494	1311	895	1	1714852
2175	957	494	1311	895	872	0	1716163
2176	494	1311	895	872	872	0	1717058
2177	1311	895	872	872	451	0	1717930
2178	895	872	872	451	1280	0	1718802
2179	872	872	451	1280	844	1	1719253
2180	872	451	1280	844	864	0	1720533
2181	451	1280	844	864	860	0	1721377
2182	1280	844	864	860	522	0	1722241
2183	844	864	860	522	1175	0	1723101
2184	864	860	522	1175	840	1	1723623
2185	860	522	1175	840	825	0	1724798
2186	522	1175	840	825	841	0	1725638
2187	1175	840	825	841	859	0	1726463
2188	840	825	841	859	463	0	1727304
2189	825	841	859	463	1218	0	1728163
2190	841	859	463	1218	833	1	1728626
2191	859	463	1218	833	837	0	1729844
2192	463	1218	833	837	840	0	1730677
2193	1218	833	837	840	848	0	1731514
2194	833	837	840	848	856	0	1732354
2195	837	840	848	856	856	0	1733202
2196	840	848	856	856	491	0	1734058
2197	848	856	856	491	1276	0	1734914
2198	856	856	491	1276	895	1	1735405
2199	856	491	1276	895	420	0	1736681
2200	491	1276	895	420	1346	0	1737576
2201	1276	895	420	1346	891	1	1737996
2202	895	420	1346	891	895	0	1739342
2203	420	1346	891	895	907	0	1740233
2204	1346	891	895	907	914	0	1741128
2205	891	895	907	914	934	0	1742035
2206	895	907	914	934	919	0	1742949
2207	907	914	934	919	926	0	1743883
2208	914	934	919	926	914	0	1744802
2209	934	919	926	914	911	0	1745728
2210	919	926	914	911	910	0	1746642
2211	926	914	911	910	918	0	1747553
2212	914	911	910	918	934	0	1748463
2213	911	910	918	934	950	0	1749381
2214	910	918	934	950	949	0	1750315
2215	918	934	950	949	957	0	1751265
2216	934	950	949	957	957	0	1752214
2217	950	949	957	957	958	0	1753171
2218	949	957	957	958	968	0	1754128
2219	957	957	958	968	969	0	1755086
2220	957	958	968	969	973	0	1756054
2221	958	968	969	973	969	0	1757023
2222	968	969	973	969	973	0	1757996
2223	969	973	969	973	969	0	1758965
2224	973	969	973	969	953	0	1759938
2225	969	973	969	953	953	0	1760907
2226	973	969	953	953	954	0	1761860
2227	969	953	953	954	941	0	1762813
2228	953	953	954	941	938	0	1763767
2229	953	954	941	938	934	0	1764708
2230	954	941	938	934	930	0	1765646
2231	941	938	934	930	941	0	1766580
2232	938	934	930	941	954	0	1767510
2233	934	930	941	954	972	0	1768451
2234	930	941	954	972	981	0	1769405
2235	941	954	972	981	992	0	1770377
2236	954	972	981	992	965	0	1771358
2237	972	981	992	965	985	0	1772350
2238	981	992	965	985	992	0	1773315
2239	992	965	985	992	988	0	1774300
2240	965	985	992	988	965	0	1775292
2241	985	992	988	965	420	0	1776280
2242	992	988	965	420	1456	0	1777245
2243	988	965	420	1456	933	1	1777665
2244	965	420	1456	933	495	0	1779121
2245	420	1456	933	495	1334	0	1780054
2246	1456	933	495	1334	887	1	1780549
2247	933	495	1334	887	876	0	1781883
2248	495	1334	887	876	887	0	1782770
2249	1334	887	876	887	463	0	1783646
2250	887	876	887	463	1319	0	1784533
2251	876	887	463	1319	880	1	1784996
2252	887	463	1319	880	898	0	1786315
2253	463	1319	880	898	926	0	1787195
2254	1319	880	898	926	479	0	1788093
2255	880	898	926	479	1296	0	1789019
2256	898	926	479	1296	895	1	1789498
2257	926	479	1296	895	513	0	1790794
2258	479	1296	895	513	444	0	1791689
2259	1296	895	513	444	1039	0	1792202
2260	895	513	444	1039	906	0	1792646
2261	513	444	1039	906	872	0	1793685
2262	444	1039	906	872	879	0	1794591
2263	1039	906	872	879	895	0	1795463
2264	906	872	879	895	452	0	1796342
2265	872	879	895	452	1295	0	1797237
2266	879	895	452	1295	895	1	1797689
