i-3	i-2	i-1	i+0	i+1	i+2	i+3	Filter
634	708	522	1015	674	638	529	0
708	522	1015	674	638	529	825	0
522	1015	674	638	529	825	638	0
1015	674	638	529	825	638	630	1
674	638	529	825	638	630	541	0
638	529	825	638	630	541	852	0
529	825	638	630	541	852	658	0
825	638	630	541	852	658	681	1
638	630	541	852	658	681	587	0
630	541	852	658	681	587	833	0
541	852	658	681	587	833	677	0
852	658	681	587	833	677	700	1
658	681	587	833	677	700	483	0
681	587	833	677	700	483	918	0
587	833	677	700	483	918	650	0
833	677	700	483	918	650	623	1
677	700	483	918	650	623	614	0
700	483	918	650	623	614	440	0
483	918	650	623	614	440	786	0
918	650	623	614	440	786	603	0
650	623	614	440	786	603	634	1
623	614	440	786	603	634	553	0
614	440	786	603	634	553	759	0
440	786	603	634	553	759	630	0
786	603	634	553	759	630	658	1
603	634	553	759	630	658	525	0
634	553	759	630	658	525	879	0
553	759	630	658	525	879	673	0
759	630	658	525	879	673	681	1
630	658	525	879	673	681	638	0
658	525	879	673	681	638	390	0
525	879	673	681	638	390	926	0
879	673	681	638	390	926	634	0
673	681	638	390	926	634	638	1
681	638	390	926	634	638	506	0
638	390	926	634	638	506	728	0
390	926	634	638	506	728	599	0
926	634	638	506	728	599	622	1
634	638	506	728	599	622	533	0
638	506	728	599	622	533	740	0
506	728	599	622	533	740	591	0
728	599	622	533	740	591	607	1
599	622	533	740	591	607	572	0
622	533	740	591	607	572	646	0
533	740	591	607	572	646	584	0
740	591	607	572	646	584	611	1
591	607	572	646	584	611	661	0
607	572	646	584	611	661	658	0
572	646	584	611	661	658	673	0
646	584	611	661	658	673	653	0
584	611	661	658	673	653	639	0
611	661	658	673	653	639	630	0
661	658	673	653	639	630	611	0
658	673	653	639	630	611	599	0
673	653	639	630	611	599	580	0
653	639	630	611	599	580	584	0
639	630	611	599	580	584	591	0
630	611	599	580	584	591	521	0
611	599	580	584	591	521	736	0
599	580	584	591	521	736	599	0
580	584	591	521	736	599	611	1
584	591	521	736	599	611	494	0
591	521	736	599	611	494	669	0
521	736	599	611	494	669	561	0
736	599	611	494	669	561	556	1
599	611	494	669	561	556	572	0
611	494	669	561	556	572	661	0
494	669	561	556	572	661	705	0
669	561	556	572	661	705	720	0
561	556	572	661	705	720	766	0
556	572	661	705	720	766	518	0
572	661	705	720	766	518	984	0
661	705	720	766	518	984	642	0
705	720	766	518	984	642	646	1
720	766	518	984	642	646	611	0
766	518	984	642	646	611	615	0
518	984	642	646	611	615	595	0
984	642	646	611	615	595	588	0
642	646	611	615	595	588	591	0
646	611	615	595	588	591	494	0
611	615	595	588	591	494	810	0
615	595	588	591	494	810	634	0
595	588	591	494	810	634	615	1
588	591	494	810	634	615	505	0
591	494	810	634	615	505	705	0
494	810	634	615	505	705	591	0
810	634	615	505	705	591	611	1
634	615	505	705	591	611	630	0
615	505	705	591	611	630	498	0
505	705	591	611	630	498	860	0
705	591	611	630	498	860	666	0
591	611	630	498	860	666	716	1
611	630	498	860	666	716	552	0
630	498	860	666	716	552	895	0
498	860	666	716	552	895	638	0
860	666	716	552	895	638	638	1
666	716	552	895	638	638	498	0
716	552	895	638	638	498	783	0
552	895	638	638	498	783	610	0
895	638	638	498	783	610	600	1
638	638	498	783	610	600	867	0
638	498	783	610	600	867	872	0
498	783	610	600	867	872	502	1
783	610	600	867	872	502	1237	0
610	600	867	872	502	1237	498	0
600	867	872	502	1237	498	1129	1
867	872	502	1237	498	1129	572	0
872	502	1237	498	1129	572	1058	1
502	1237	498	1129	572	1058	584	0
1237	498	1129	572	1058	584	972	1
498	1129	572	1058	584	972	705	0
1129	572	1058	584	972	705	696	1
572	1058	584	972	705	696	662	0
1058	584	972	705	696	662	739	0
584	972	705	696	662	739	700	0
972	705	696	662	739	700	635	1
705	696	662	739	700	635	739	0
696	662	739	700	635	739	673	0
662	739	700	635	739	673	658	1
739	700	635	739	673	658	509	0
700	635	739	673	658	509	775	0
635	739	673	658	509	775	618	0
739	673	658	509	775	618	600	1
673	658	509	775	618	600	579	0
658	509	775	618	600	579	518	0
509	775	618	600	579	518	615	0
775	618	600	579	518	615	552	0
618	600	579	518	615	552	549	1
600	579	518	615	552	549	545	0
579	518	615	552	549	545	544	0
518	615	552	549	545	544	417	0
615	552	549	545	544	417	685	0
552	549	545	544	417	685	537	0
549	545	544	417	685	537	533	1
545	544	417	685	537	533	533	0
544	417	685	537	533	533	541	0
417	685	537	533	533	541	463	0
685	537	533	533	541	463	657	0
537	533	533	541	463	657	545	0
533	533	541	463	657	545	560	1
533	541	463	657	545	560	561	0
541	463	657	545	560	561	525	0
463	657	545	560	561	525	762	0
657	545	560	561	525	762	580	0
545	560	561	525	762	580	599	1
560	561	525	762	580	599	510	0
561	525	762	580	599	510	689	0
525	762	580	599	510	689	572	0
762	580	599	510	689	572	576	1
580	599	510	689	572	576	544	0
599	510	689	572	576	544	592	0
510	689	572	576	544	592	552	0
689	572	576	544	592	552	557	0
572	576	544	592	552	557	549	0
576	544	592	552	557	549	564	0
544	592	552	557	549	564	568	0
592	552	557	549	564	568	572	0
552	557	549	564	568	572	583	0
557	549	564	568	572	583	588	0
549	564	568	572	583	588	584	0
564	568	572	583	588	584	502	0
568	572	583	588	584	502	684	0
572	583	588	584	502	684	588	0
583	588	584	502	684	588	603	1
588	584	502	684	588	603	553	0
584	502	684	588	603	553	626	0
502	684	588	603	553	626	580	0
684	588	603	553	626	580	595	1
588	603	553	626	580	595	596	0
603	553	626	580	595	596	529	0
553	626	580	595	596	529	630	0
626	580	595	596	529	630	595	0
580	595	596	529	630	595	576	1
595	596	529	630	595	576	568	0
596	529	630	595	576	568	600	0
529	630	595	576	568	600	564	0
630	595	576	568	600	564	545	1
595	576	568	600	564	545	548	0
576	568	600	564	545	548	545	0
568	600	564	545	548	545	549	0
600	564	545	548	545	549	552	0
564	545	548	545	549	552	564	0
545	548	545	549	552	564	541	0
548	545	549	552	564	541	572	0
545	549	552	564	541	572	436	0
549	552	564	541	572	436	794	0
552	564	541	572	436	794	579	0
564	541	572	436	794	579	604	1
541	572	436	794	579	604	517	0
572	436	794	579	604	517	689	0
436	794	579	604	517	689	576	0
794	579	604	517	689	576	576	1
579	604	517	689	576	576	583	0
604	517	689	576	576	583	568	0
517	689	576	576	583	568	561	0
689	576	576	583	568	561	575	0
576	576	583	568	561	575	534	0
576	583	568	561	575	534	622	0
583	568	561	575	534	622	553	0
568	561	575	534	622	553	556	1
561	575	534	622	553	556	564	0
575	534	622	553	556	564	545	0
534	622	553	556	564	545	626	0
622	553	556	564	545	626	600	0
553	556	564	545	626	600	556	0
556	564	545	626	600	556	564	0
564	545	626	600	556	564	557	0
545	626	600	556	564	557	560	0
626	600	556	564	557	560	580	0
600	556	564	557	560	580	572	0
556	564	557	560	580	572	564	0
564	557	560	580	572	564	560	0
557	560	580	572	564	560	572	0
560	580	572	564	560	572	576	0
580	572	564	560	572	576	564	0
572	564	560	572	576	564	561	0
564	560	572	576	564	561	544	0
560	572	576	564	561	544	561	0
572	576	564	561	544	561	572	0
576	564	561	544	561	572	572	0
564	561	544	561	572	572	572	0
561	544	561	572	572	572	568	0
544	561	572	572	572	568	560	0
561	572	572	572	568	560	557	0
572	572	572	568	560	557	400	0
572	572	568	560	557	400	720	0
572	568	560	557	400	720	545	0
568	560	557	400	720	545	545	1
560	557	400	720	545	545	529	0
557	400	720	545	545	529	541	0
400	720	545	545	529	541	525	0
720	545	545	529	541	525	537	0
545	545	529	541	525	537	537	0
545	529	541	525	537	537	533	0
529	541	525	537	537	533	525	0
541	525	537	537	533	525	537	0
525	537	537	533	525	537	557	0
537	537	533	525	537	557	607	0
537	533	525	537	557	607	517	0
533	525	537	557	607	517	810	0
525	537	557	607	517	810	583	0
537	557	607	517	810	583	564	1
557	607	517	810	583	564	568	0
607	517	810	583	564	568	557	0
517	810	583	564	568	557	545	0
810	583	564	568	557	545	533	0
583	564	568	557	545	533	537	0
564	568	557	545	533	537	529	0
568	557	545	533	537	529	525	0
557	545	533	537	529	525	522	0
545	533	537	529	525	522	533	0
533	537	529	525	522	533	556	0
537	529	525	522	533	556	603	0
529	525	522	533	556	603	599	0
525	522	533	556	603	599	607	0
522	533	556	603	599	607	561	0
533	556	603	599	607	561	583	1
556	603	599	607	561	583	588	0
603	599	607	561	583	588	498	0
599	607	561	583	588	498	665	0
607	561	583	588	498	665	557	0
561	583	588	498	665	557	552	1
583	588	498	665	557	552	529	0
588	498	665	557	552	529	549	0
498	665	557	552	529	549	518	0
665	557	552	529	549	518	521	0
557	552	529	549	518	521	537	0
552	529	549	518	521	537	560	0
529	549	518	521	537	560	409	0
549	518	521	537	560	409	809	0
518	521	537	560	409	809	576	0
521	537	560	409	809	576	595	1
537	560	409	809	576	595	592	0
560	409	809	576	595	592	389	0
409	809	576	595	592	389	821	0
809	576	595	592	389	821	572	0
576	595	592	389	821	572	595	1
595	592	389	821	572	595	502	0
592	389	821	572	595	502	751	0
389	821	572	595	502	751	584	0
821	572	595	502	751	584	599	1
572	595	502	751	584	599	607	0
595	502	751	584	599	607	405	0
502	751	584	599	607	405	902	0
751	584	599	607	405	902	611	0
584	599	607	405	902	611	642	1
599	607	405	902	611	642	518	0
607	405	902	611	642	518	751	0
405	902	611	642	518	751	607	0
902	611	642	518	751	607	619	1
611	642	518	751	607	619	634	0
642	518	751	607	619	634	381	0
518	751	607	619	634	381	918	0
751	607	619	634	381	918	611	0
607	619	634	381	918	611	627	1
619	634	381	918	611	627	626	0
634	381	918	611	627	626	631	0
381	918	611	627	626	631	630	0
918	611	627	626	631	630	646	0
611	627	626	631	630	646	657	0
627	626	631	630	646	657	685	0
626	631	630	646	657	685	693	0
631	630	646	657	685	693	657	0
630	646	657	685	693	657	642	0
646	657	685	693	657	642	639	0
657	685	693	657	642	639	459	0
685	693	657	642	639	459	786	0
693	657	642	639	459	786	595	0
657	642	639	459	786	595	580	1
642	639	459	786	595	580	513	0
639	459	786	595	580	513	642	0
459	786	595	580	513	642	561	0
786	595	580	513	642	561	576	1
595	580	513	642	561	576	556	0
580	513	642	561	576	556	642	0
513	642	561	576	556	642	658	0
642	561	576	556	642	658	646	0
561	576	556	642	658	646	653	0
576	556	642	658	646	653	421	0
556	642	658	646	653	421	894	0
642	658	646	653	421	894	623	0
658	646	653	421	894	623	623	1
646	653	421	894	623	623	579	0
653	421	894	623	623	579	615	0
421	894	623	623	579	615	607	0
894	623	623	579	615	607	619	0
623	623	579	615	607	619	619	0
623	579	615	607	619	619	607	0
579	615	607	619	619	607	560	0
615	607	619	619	607	560	669	0
607	619	619	607	560	669	599	0
619	619	607	560	669	599	596	1
619	607	560	669	599	596	537	0
607	560	669	599	596	537	661	0
560	669	599	596	537	661	599	0
669	599	596	537	661	599	615	1
599	596	537	661	599	615	506	0
596	537	661	599	615	506	669	0
537	661	599	615	506	669	576	0
661	599	615	506	669	576	572	1
599	615	506	669	576	572	564	0
615	506	669	576	572	564	596	0
506	669	576	572	564	596	599	0
669	576	572	564	596	599	603	0
576	572	564	596	599	603	611	0
572	564	596	599	603	611	494	0
564	596	599	603	611	494	724	0
596	599	603	611	494	724	583	0
599	603	611	494	724	583	572	1
603	611	494	724	583	572	549	0
611	494	724	583	572	549	650	0
494	724	583	572	549	650	622	0
724	583	572	549	650	622	642	1
583	572	549	650	622	642	526	0
572	549	650	622	642	526	762	0
549	650	622	642	526	762	627	0
650	622	642	526	762	627	638	1
622	642	526	762	627	638	619	0
642	526	762	627	638	619	626	0
526	762	627	638	619	626	615	0
762	627	638	619	626	615	634	0
627	638	619	626	615	634	521	0
638	619	626	615	634	521	751	0
619	626	615	634	521	751	592	0
626	615	634	521	751	592	591	1
615	634	521	751	592	591	592	0
634	521	751	592	591	592	634	0
521	751	592	591	592	634	677	0
751	592	591	592	634	677	642	0
592	591	592	634	677	642	619	0
591	592	634	677	642	619	486	0
592	634	677	642	619	486	724	0
634	677	642	619	486	724	568	0
677	642	619	486	724	568	552	1
642	619	486	724	568	552	545	0
619	486	724	568	552	545	564	0
486	724	568	552	545	564	580	0
724	568	552	545	564	580	619	0
568	552	545	564	580	619	584	0
552	545	564	580	619	584	404	0
545	564	580	619	584	404	837	0
564	580	619	584	404	837	591	0
580	619	584	404	837	591	611	1
619	584	404	837	591	611	514	0
584	404	837	591	611	514	685	0
404	837	591	611	514	685	603	0
837	591	611	514	685	603	634	1
591	611	514	685	603	634	529	0
611	514	685	603	634	529	879	0
514	685	603	634	529	879	689	0
685	603	634	529	879	689	529	1
603	634	529	879	689	529	958	0
634	529	879	689	529	958	677	0
529	879	689	529	958	677	688	1
879	689	529	958	677	688	522	0
689	529	958	677	688	522	801	0
529	958	677	688	522	801	600	0
958	677	688	522	801	600	482	1
677	688	522	801	600	482	665	0
688	522	801	600	482	665	557	0
522	801	600	482	665	557	548	1
801	600	482	665	557	548	569	0
600	482	665	557	548	569	614	0
482	665	557	548	569	614	600	0
665	557	548	569	614	600	622	0
557	548	569	614	600	622	619	0
548	569	614	600	622	619	595	0
569	614	600	622	619	595	479	0
614	600	622	619	595	479	766	0
600	622	619	595	479	766	584	0
622	619	595	479	766	584	587	1
619	595	479	766	584	587	526	0
595	479	766	584	587	526	646	0
479	766	584	587	526	646	576	0
766	584	587	526	646	576	579	1
584	587	526	646	576	579	549	0
587	526	646	576	579	549	595	0
526	646	576	579	549	595	588	0
646	576	579	549	595	588	583	0
576	579	549	595	588	583	569	0
579	549	595	588	583	569	556	0
549	595	588	583	569	556	556	0
595	588	583	569	556	556	572	0
588	583	569	556	556	572	584	0
583	569	556	556	572	584	588	0
569	556	556	572	584	588	575	0
556	556	572	584	588	575	755	0
556	572	584	588	575	755	522	0
572	584	588	575	755	522	910	0
584	588	575	755	522	910	666	0
588	575	755	522	910	666	642	1
575	755	522	910	666	642	463	0
755	522	910	666	642	463	860	0
522	910	666	642	463	860	599	0
910	666	642	463	860	599	525	1
666	642	463	860	599	525	638	0
642	463	860	599	525	638	634	0
463	860	599	525	638	634	681	0
860	599	525	638	634	681	549	0
599	525	638	634	681	549	930	0
525	638	634	681	549	930	646	0
638	634	681	549	930	646	545	1
634	681	549	930	646	545	801	0
681	549	930	646	545	801	619	0
549	930	646	545	801	619	607	1
930	646	545	801	619	607	568	0
646	545	801	619	607	568	786	0
545	801	619	607	568	786	634	0
801	619	607	568	786	634	646	1
619	607	568	786	634	646	525	0
607	568	786	634	646	525	938	0
568	786	634	646	525	938	697	0
786	634	646	525	938	697	537	1
634	646	525	938	697	537	782	0
646	525	938	697	537	782	611	0
525	938	697	537	782	611	587	1
938	697	537	782	611	587	564	0
697	537	782	611	587	564	557	0
537	782	611	587	564	557	552	0
782	611	587	564	557	552	549	0
611	587	564	557	552	549	568	0
587	564	557	552	549	568	576	0
564	557	552	549	568	576	607	0
557	552	549	568	576	607	397	0
552	549	568	576	607	397	887	0
549	568	576	607	397	887	607	0
568	576	607	397	887	607	615	1
576	607	397	887	607	615	506	0
607	397	887	607	615	506	653	0
397	887	607	615	506	653	561	0
887	607	615	506	653	561	540	1
607	615	506	653	561	540	534	0
615	506	653	561	540	534	533	0
506	653	561	540	534	533	544	0
653	561	540	534	533	544	588	0
561	540	534	533	544	588	634	0
540	534	533	544	588	634	584	0
534	533	544	588	634	584	673	0
533	544	588	634	584	673	588	0
544	588	634	584	673	588	591	1
588	634	584	673	588	591	591	0
634	584	673	588	591	591	588	0
584	673	588	591	591	588	654	0
673	588	591	591	588	654	603	0
588	591	591	588	654	603	603	1
591	591	588	654	603	603	615	0
591	588	654	603	603	615	397	0
588	654	603	603	615	397	805	0
654	603	603	615	397	805	572	0
603	603	615	397	805	572	553	1
603	615	397	805	572	553	544	0
615	397	805	572	553	544	557	0
397	805	572	553	544	557	560	0
805	572	553	544	557	560	560	0
572	553	544	557	560	560	580	0
553	544	557	560	560	580	572	0
544	557	560	560	580	572	739	0
557	560	560	580	572	739	642	0
560	560	580	572	739	642	701	0
560	580	572	739	642	701	545	0
580	572	739	642	701	545	992	0
572	739	642	701	545	992	661	0
739	642	701	545	992	661	564	1
642	701	545	992	661	564	899	0
701	545	992	661	564	899	642	0
545	992	661	564	899	642	580	1
992	661	564	899	642	580	685	0
661	564	899	642	580	685	622	0
564	899	642	580	685	622	611	1
899	642	580	685	622	611	565	0
642	580	685	622	611	565	649	0
580	685	622	611	565	649	596	0
685	622	611	565	649	596	591	1
622	611	565	649	596	591	588	0
611	565	649	596	591	588	591	0
565	649	596	591	588	591	592	0
649	596	591	588	591	592	591	0
596	591	588	591	592	591	580	0
591	588	591	592	591	580	587	0
588	591	592	591	580	587	572	0
591	592	591	580	587	572	397	0
592	591	580	587	572	397	778	0
591	580	587	572	397	778	576	0
580	587	572	397	778	576	596	1
587	572	397	778	576	596	572	0
572	397	778	576	596	572	424	0
397	778	576	596	572	424	786	0
778	576	596	572	424	786	587	0
576	596	572	424	786	587	592	1
596	572	424	786	587	592	572	0
572	424	786	587	592	572	568	0
424	786	587	592	572	568	580	0
786	587	592	572	568	580	595	0
587	592	572	568	580	595	607	0
592	572	568	580	595	607	552	0
572	568	580	595	607	552	666	0
568	580	595	607	552	666	599	0
580	595	607	552	666	599	607	1
595	607	552	666	599	607	599	0
607	552	666	599	607	599	631	0
552	666	599	607	599	631	614	0
666	599	607	599	631	614	615	0
599	607	599	631	614	615	615	0
607	599	631	614	615	615	572	0
599	631	614	615	615	572	689	0
631	614	615	615	572	689	607	0
614	615	615	572	689	607	603	1
615	615	572	689	607	603	583	0
615	572	689	607	603	583	603	0
572	689	607	603	583	603	592	0
689	607	603	583	603	592	584	0
607	603	583	603	592	584	591	0
603	583	603	592	584	591	580	0
583	603	592	584	591	580	626	0
603	592	584	591	580	626	603	0
592	584	591	580	626	603	627	0
584	591	580	626	603	627	622	0
591	580	626	603	627	622	623	0
580	626	603	627	622	623	463	0
626	603	627	622	623	463	809	0
603	627	622	623	463	809	619	0
627	622	623	463	809	619	584	1
622	623	463	809	619	584	576	0
623	463	809	619	584	576	447	0
463	809	619	584	576	447	677	0
809	619	584	576	447	677	545	0
619	584	576	447	677	545	525	1
584	576	447	677	545	525	529	0
576	447	677	545	525	529	522	0
447	677	545	525	529	522	544	0
677	545	525	529	522	544	530	0
545	525	529	522	544	530	533	0
525	529	522	544	530	533	541	0
529	522	544	530	533	541	544	0
522	544	530	533	541	544	541	0
544	530	533	541	544	541	518	0
530	533	541	544	541	518	525	0
533	541	544	541	518	525	533	0
541	544	541	518	525	533	533	0
544	541	518	525	533	533	537	0
541	518	525	533	533	537	541	0
518	525	533	533	537	541	537	0
525	533	533	537	541	537	521	0
533	533	537	541	537	521	529	0
533	537	541	537	521	529	401	0
537	541	537	521	529	401	642	0
541	537	521	529	401	642	510	0
537	521	529	401	642	510	510	1
521	529	401	642	510	510	506	0
529	401	642	510	510	506	529	0
401	642	510	510	506	529	486	0
642	510	510	506	529	486	510	0
510	510	506	529	486	510	510	0
510	506	529	486	510	510	521	0
506	529	486	510	510	521	514	0
529	486	510	510	521	514	505	0
486	510	510	521	514	505	506	0
510	510	521	514	505	506	498	0
510	521	514	505	506	498	518	0
521	514	505	506	498	518	521	0
514	505	506	498	518	521	471	0
505	506	498	518	521	471	588	0
506	498	518	521	471	588	521	0
498	518	521	471	588	521	514	1
518	521	471	588	521	514	509	0
521	471	588	521	514	509	510	0
471	588	521	514	509	510	506	0
588	521	514	509	510	506	494	0
521	514	509	510	506	494	502	0
514	509	510	506	494	502	510	0
509	510	506	494	502	510	509	0
510	506	494	502	510	509	506	0
506	494	502	510	509	506	522	0
494	502	510	509	506	522	548	0
502	510	509	506	522	548	533	0
510	509	506	522	548	533	530	0
509	506	522	548	533	530	537	0
506	522	548	533	530	537	490	0
522	548	533	530	537	490	572	0
548	533	530	537	490	572	529	0
533	530	537	490	572	529	518	1
530	537	490	572	529	518	521	0
537	490	572	529	518	521	393	0
490	572	529	518	521	393	619	0
572	529	518	521	393	619	494	0
529	518	521	393	619	494	486	1
518	521	393	619	494	486	487	0
521	393	619	494	486	487	459	0
393	619	494	486	487	459	533	0
619	494	486	487	459	533	517	0
494	486	487	459	533	517	518	1
486	487	459	533	517	518	545	0
487	459	533	517	518	545	466	0
459	533	517	518	545	466	732	0
533	517	518	545	466	732	552	0
517	518	545	466	732	552	565	1
518	545	466	732	552	565	576	0
545	466	732	552	565	576	389	0
466	732	552	565	576	389	751	0
732	552	565	576	389	751	548	0
552	565	576	389	751	548	537	1
565	576	389	751	548	537	518	0
576	389	751	548	537	518	393	0
389	751	548	537	518	393	673	0
751	548	537	518	393	673	517	0
548	537	518	393	673	517	510	1
537	518	393	673	517	510	537	0
518	393	673	517	510	537	537	0
393	673	517	510	537	537	599	0
673	517	510	537	537	599	615	0
517	510	537	537	599	615	409	0
510	537	537	599	615	409	1000	0
537	537	599	615	409	1000	587	0
537	599	615	409	1000	587	533	1
599	615	409	1000	587	533	646	0
615	409	1000	587	533	646	557	0
409	1000	587	533	646	557	556	1
1000	587	533	646	557	556	564	0
587	533	646	557	556	564	401	0
533	646	557	556	564	401	794	0
646	557	556	564	401	794	568	0
557	556	564	401	794	568	568	1
556	564	401	794	568	568	556	0
564	401	794	568	568	556	572	0
401	794	568	568	556	572	572	0
794	568	568	556	572	572	580	0
568	568	556	572	572	580	568	0
568	556	572	572	580	568	424	0
556	572	572	580	568	424	763	0
572	572	580	568	424	763	572	0
572	580	568	424	763	572	556	1
580	568	424	763	572	556	561	0
568	424	763	572	556	561	400	0
424	763	572	556	561	400	740	0
763	572	556	561	400	740	545	0
572	556	561	400	740	545	560	1
556	561	400	740	545	560	599	0
561	400	740	545	560	599	377	0
400	740	545	560	599	377	868	0
740	545	560	599	377	868	572	0
545	560	599	377	868	572	572	1
560	599	377	868	572	572	564	0
599	377	868	572	572	564	638	0
377	868	572	572	564	638	561	0
868	572	572	564	638	561	583	0
572	572	564	638	561	583	572	0
572	564	638	561	583	572	421	0
564	638	561	583	572	421	778	0
638	561	583	572	421	778	576	0
561	583	572	421	778	576	564	1
583	572	421	778	576	564	556	0
572	421	778	576	564	556	409	0
421	778	576	564	556	409	739	0
778	576	564	556	409	739	549	0
576	564	556	409	739	549	541	1
564	556	409	739	549	541	533	0
556	409	739	549	541	533	451	0
409	739	549	541	533	451	611	0
739	549	541	533	451	611	518	0
549	541	533	451	611	518	521	1
541	533	451	611	518	521	498	0
533	451	611	518	521	498	428	0
451	611	518	521	498	428	720	0
611	518	521	498	428	720	568	0
518	521	498	428	720	568	553	1
521	498	428	720	568	553	556	0
498	428	720	568	553	556	646	0
428	720	568	553	556	646	599	0
720	568	553	556	646	599	595	1
568	553	556	646	599	595	498	0
553	556	646	599	595	498	681	0
556	646	599	595	498	681	572	0
646	599	595	498	681	572	557	1
599	595	498	681	572	557	552	0
595	498	681	572	557	552	401	0
498	681	572	557	552	401	704	0
681	572	557	552	401	704	541	0
572	557	552	401	704	541	545	1
557	552	401	704	541	545	549	0
552	401	704	541	545	549	412	0
401	704	541	545	549	412	681	0
704	541	545	549	412	681	545	0
541	545	549	412	681	545	548	1
545	549	412	681	545	548	514	0
549	412	681	545	548	514	564	0
412	681	545	548	514	564	545	0
681	545	548	514	564	545	564	0
545	548	514	564	545	564	588	0
548	514	564	545	564	588	463	0
514	564	545	564	588	463	747	0
564	545	564	588	463	747	576	0
545	564	588	463	747	576	579	1
564	588	463	747	576	579	537	0
588	463	747	576	579	537	615	0
463	747	576	579	537	615	564	0
747	576	579	537	615	564	565	1
576	579	537	615	564	565	540	0
579	537	615	564	565	540	607	0
537	615	564	565	540	607	569	0
615	564	565	540	607	569	564	1
564	565	540	607	569	564	677	0
565	540	607	569	564	677	580	0
540	607	569	564	677	580	529	1
607	569	564	677	580	529	801	0
569	564	677	580	529	801	631	0
564	677	580	529	801	631	653	1
677	580	529	801	631	653	728	0
580	529	801	631	653	728	673	0
529	801	631	653	728	673	576	0
801	631	653	728	673	576	685	0
631	653	728	673	576	685	599	0
653	728	673	576	685	599	580	1
728	673	576	685	599	580	564	0
673	576	685	599	580	564	393	0
576	685	599	580	564	393	720	0
685	599	580	564	393	720	545	0
599	580	564	393	720	545	544	1
580	564	393	720	545	544	541	0
564	393	720	545	544	541	413	0
393	720	545	544	541	413	681	0
720	545	544	541	413	681	533	0
545	544	541	413	681	533	537	1
544	541	413	681	533	537	502	0
541	413	681	533	537	502	540	0
413	681	533	537	502	540	514	0
681	533	537	502	540	514	521	0
533	537	502	540	514	521	534	0
537	502	540	514	521	534	537	0
502	540	514	521	534	537	536	0
540	514	521	534	537	536	526	0
514	521	534	537	536	526	513	0
521	534	537	536	526	513	530	0
534	537	536	526	513	530	486	0
537	536	526	513	530	486	646	0
536	526	513	530	486	646	475	0
526	513	530	486	646	475	521	1
513	530	486	646	475	521	545	0
530	486	646	475	521	545	478	0
486	646	475	521	545	478	549	0
646	475	521	545	478	549	514	0
475	521	545	478	549	514	509	1
521	545	478	549	514	509	510	0
545	478	549	514	509	510	494	0
478	549	514	509	510	494	561	0
549	514	509	510	494	561	533	0
514	509	510	494	561	533	556	1
509	510	494	561	533	556	521	0
510	494	561	533	556	521	619	0
494	561	533	556	521	619	572	0
561	533	556	521	619	572	572	1
533	556	521	619	572	572	560	0
556	521	619	572	572	560	565	0
521	619	572	572	560	565	552	0
619	572	572	560	565	552	580	0
572	572	560	565	552	580	537	0
572	560	565	552	580	537	607	0
560	565	552	580	537	607	560	0
565	552	580	537	607	560	560	1
552	580	537	607	560	560	537	0
580	537	607	560	560	537	584	0
537	607	560	560	537	584	553	0
607	560	560	537	584	553	552	0
560	560	537	584	553	552	564	0
560	537	584	553	552	564	549	0
537	584	553	552	564	549	595	0
584	553	552	564	549	595	584	0
553	552	564	549	595	584	595	0
552	564	549	595	584	595	545	0
564	549	595	584	595	545	615	0
549	595	584	595	545	615	576	0
595	584	595	545	615	576	568	0
584	595	545	615	576	568	513	0
595	545	615	576	568	513	588	0
545	615	576	568	513	588	541	0
615	576	568	513	588	541	533	0
576	568	513	588	541	533	537	0
568	513	588	541	533	537	537	0
513	588	541	533	537	537	381	0
588	541	533	537	537	381	693	0
541	533	537	537	381	693	533	0
533	537	537	381	693	533	525	1
537	537	381	693	533	525	514	0
537	381	693	533	525	514	529	0
381	693	533	525	514	529	521	0
693	533	525	514	529	521	541	0
533	525	514	529	521	541	537	0
525	514	529	521	541	537	611	0
514	529	521	541	537	611	611	0
529	521	541	537	611	611	654	0
521	541	537	611	611	654	649	0
541	537	611	611	654	649	467	0
537	611	611	654	649	467	817	0
611	611	654	649	467	817	592	0
611	654	649	467	817	592	587	1
654	649	467	817	592	587	572	0
649	467	817	592	587	572	393	0
467	817	592	587	572	393	732	0
817	592	587	572	393	732	533	0
592	587	572	393	732	533	521	1
587	572	393	732	533	521	510	0
572	393	732	533	521	510	545	0
393	732	533	521	510	545	576	0
732	533	521	510	545	576	626	0
533	521	510	545	576	626	681	0
521	510	545	576	626	681	401	0
510	545	576	626	681	401	1023	0
545	576	626	681	401	1023	611	0
576	626	681	401	1023	611	541	1
626	681	401	1023	611	541	848	0
681	401	1023	611	541	848	615	0
401	1023	611	541	848	615	553	1
1023	611	541	848	615	553	611	0
611	541	848	615	553	611	572	0
541	848	615	553	611	572	579	1
848	615	553	611	572	579	568	0
615	553	611	572	579	568	584	0
553	611	572	579	568	584	584	0
611	572	579	568	584	584	579	0
572	579	568	584	584	579	584	0
579	568	584	584	579	584	490	0
568	584	584	579	584	490	689	0
584	584	579	584	490	689	568	0
584	579	584	490	689	568	572	1
579	584	490	689	568	572	529	0
584	490	689	568	572	529	568	0
490	689	568	572	529	568	537	0
689	568	572	529	568	537	530	1
568	572	529	568	537	530	521	0
572	529	568	537	530	521	521	0
529	568	537	530	521	521	537	0
568	537	530	521	521	537	561	0
537	530	521	521	537	561	618	0
530	521	521	537	561	618	533	0
521	521	537	561	618	533	681	0
521	537	561	618	533	681	561	0
537	561	618	533	681	561	556	1
561	618	533	681	561	556	533	0
618	533	681	561	556	533	572	0
533	681	561	556	533	572	560	0
681	561	556	533	572	560	561	0
561	556	533	572	560	561	572	0
556	533	572	560	561	572	583	0
533	572	560	561	572	583	584	0
572	560	561	572	583	584	576	0
560	561	572	583	584	576	580	0
561	572	583	584	576	580	576	0
572	583	584	576	580	576	579	0
583	584	576	580	576	579	413	0
584	576	580	576	579	413	751	0
576	580	576	579	413	751	560	0
580	576	579	413	751	560	549	1
576	579	413	751	560	549	513	0
579	413	751	560	549	513	549	0
413	751	560	549	513	549	521	0
751	560	549	513	549	521	518	1
560	549	513	549	521	518	517	0
549	513	549	521	518	517	518	0
513	549	521	518	517	518	545	0
549	521	518	517	518	545	533	0
521	518	517	518	545	533	544	0
518	517	518	545	533	544	549	0
517	518	545	533	544	549	572	0
518	545	533	544	549	572	580	0
545	533	544	549	572	580	580	0
533	544	549	572	580	580	568	0
544	549	572	580	580	568	552	0
549	572	580	580	568	552	537	0
572	580	580	568	552	537	537	0
580	580	568	552	537	537	518	0
580	568	552	537	537	518	502	0
568	552	537	537	518	502	502	0
552	537	537	518	502	502	494	0
537	537	518	502	502	494	506	0
537	518	502	502	494	506	517	0
518	502	502	494	506	517	529	0
502	502	494	506	517	529	557	0
502	494	506	517	529	557	494	0
494	506	517	529	557	494	607	0
506	517	529	557	494	607	537	0
517	529	557	494	607	537	560	1
529	557	494	607	537	560	595	0
557	494	607	537	560	595	413	0
494	607	537	560	595	413	910	0
607	537	560	595	413	910	615	0
537	560	595	413	910	615	518	1
560	595	413	910	615	518	720	0
595	413	910	615	518	720	564	0
413	910	615	518	720	564	587	1
910	615	518	720	564	587	596	0
615	518	720	564	587	596	607	0
518	720	564	587	596	607	622	0
720	564	587	596	607	622	580	0
564	587	596	607	622	580	716	0
587	596	607	622	580	716	634	0
596	607	622	580	716	634	669	1
607	622	580	716	634	669	502	0
622	580	716	634	669	502	1020	0
580	716	634	669	502	1020	560	0
716	634	669	502	1020	560	817	1
634	669	502	1020	560	817	642	0
669	502	1020	560	817	642	600	1
502	1020	560	817	642	600	712	0
1020	560	817	642	600	712	638	0
560	817	642	600	712	638	615	1
817	642	600	712	638	615	638	0
642	600	712	638	615	638	630	0
600	712	638	615	638	630	650	0
712	638	615	638	630	650	541	0
638	615	638	630	650	541	766	0
615	638	630	650	541	766	623	0
638	630	650	541	766	623	630	1
630	650	541	766	623	630	638	0
650	541	766	623	630	638	417	0
541	766	623	630	638	417	844	0
766	623	630	638	417	844	603	0
623	630	638	417	844	603	599	1
630	638	417	844	603	599	522	0
638	417	844	603	599	522	743	0
417	844	603	599	522	743	599	0
844	603	599	522	743	599	638	1
603	599	522	743	599	638	518	0
599	522	743	599	638	518	782	0
522	743	599	638	518	782	611	0
743	599	638	518	782	611	618	1
599	638	518	782	611	618	530	0
638	518	782	611	618	530	692	0
518	782	611	618	530	692	592	0
782	611	618	530	692	592	591	1
611	618	530	692	592	591	545	0
618	530	692	592	591	545	646	0
530	692	592	591	545	646	591	0
692	592	591	545	646	591	584	1
592	591	545	646	591	584	591	0
591	545	646	591	584	591	596	0
545	646	591	584	591	596	603	0
646	591	584	591	596	603	622	0
591	584	591	596	603	622	627	0
584	591	596	603	622	627	591	0
591	596	603	622	627	591	615	0
596	603	622	627	591	615	580	0
603	622	627	591	615	580	552	1
622	627	591	615	580	552	545	0
627	591	615	580	552	545	533	0
591	615	580	552	545	533	381	0
615	580	552	545	533	381	720	0
580	552	545	533	381	720	545	0
552	545	533	381	720	545	580	1
545	533	381	720	545	580	564	0
533	381	720	545	580	564	611	0
381	720	545	580	564	611	646	0
720	545	580	564	611	646	665	0
545	580	564	611	646	665	693	0
580	564	611	646	665	693	389	0
564	611	646	665	693	389	1015	0
611	646	665	693	389	1015	635	0
646	665	693	389	1015	635	614	1
665	693	389	1015	635	614	592	0
693	389	1015	635	614	592	471	0
389	1015	635	614	592	471	758	0
1015	635	614	592	471	758	572	0
635	614	592	471	758	572	557	1
614	592	471	758	572	557	529	0
592	471	758	572	557	529	642	0
471	758	572	557	529	642	572	0
758	572	557	529	642	572	611	1
572	557	529	642	572	611	576	0
557	529	642	572	611	576	661	0
529	642	572	611	576	661	588	0
642	572	611	576	661	588	572	1
572	611	576	661	588	572	634	0
611	576	661	588	572	634	603	0
576	661	588	572	634	603	584	1
661	588	572	634	603	584	525	0
588	572	634	603	584	525	607	0
572	634	603	584	525	607	545	0
634	603	584	525	607	545	529	1
603	584	525	607	545	529	533	0
584	525	607	545	529	533	549	0
525	607	545	529	533	549	580	0
607	545	529	533	549	580	560	0
545	529	533	549	580	560	591	0
529	533	549	580	560	591	627	0
533	549	580	560	591	627	622	0
549	580	560	591	627	622	580	0
580	560	591	627	622	580	588	0
560	591	627	622	580	588	556	0
591	627	622	580	588	556	658	0
627	622	580	588	556	658	568	0
622	580	588	556	658	568	564	1
580	588	556	658	568	564	545	0
588	556	658	568	564	545	537	0
556	658	568	564	545	537	529	0
658	568	564	545	537	529	521	0
568	564	545	537	529	521	498	0
564	545	537	529	521	498	537	0
545	537	529	521	498	537	514	0
537	529	521	498	537	514	517	0
529	521	498	537	514	517	514	0
521	498	537	514	517	514	483	0
498	537	514	517	514	483	525	0
537	514	517	514	483	525	506	0
514	517	514	483	525	506	513	0
517	514	483	525	506	513	510	0
514	483	525	506	513	510	517	0
483	525	506	513	510	517	522	0
525	506	513	510	517	522	525	0
506	513	510	517	522	525	525	0
513	510	517	522	525	525	522	0
510	517	522	525	525	522	525	0
517	522	525	525	522	525	522	0
522	525	525	522	525	522	517	0
525	525	522	525	522	517	529	0
525	522	525	522	517	529	537	0
522	525	522	517	529	537	526	0
525	522	517	529	537	526	455	0
522	517	529	537	526	455	611	0
517	529	537	526	455	611	517	0
529	537	526	455	611	517	518	1
537	526	455	611	517	518	509	0
526	455	611	517	518	509	530	0
455	611	517	518	509	530	556	0
611	517	518	509	530	556	599	0
517	518	509	530	556	599	666	0
518	509	530	556	599	666	704	0
509	530	556	599	666	704	537	0
530	556	599	666	704	537	794	0
556	599	666	704	537	794	611	0
599	666	704	537	794	611	599	1
666	704	537	794	611	599	521	0
704	537	794	611	599	521	650	0
537	794	611	599	521	650	556	0
794	611	599	521	650	556	568	1
611	599	521	650	556	568	491	0
599	521	650	556	568	491	611	0
521	650	556	568	491	611	544	0
650	556	568	491	611	544	537	1
556	568	491	611	544	537	545	0
568	491	611	544	537	545	576	0
491	611	544	537	545	576	420	0
611	544	537	545	576	420	778	0
544	537	545	576	420	778	553	0
537	545	576	420	778	553	576	1
545	576	420	778	553	576	560	0
576	420	778	553	576	560	595	0
420	778	553	576	560	595	596	0
778	553	576	560	595	596	622	0
553	576	560	595	596	622	592	0
576	560	595	596	622	592	618	0
560	595	596	622	592	618	600	0
595	596	622	592	618	600	611	0
596	622	592	618	600	611	533	0
622	592	618	600	611	533	661	0
592	618	600	611	533	661	564	0
618	600	611	533	661	564	557	1
600	611	533	661	564	557	533	0
611	533	661	564	557	533	533	0
533	661	564	557	533	533	525	0
661	564	557	533	533	525	522	0
564	557	533	533	525	522	525	0
557	533	533	525	522	525	537	0
533	533	525	522	525	537	545	0
533	525	522	525	537	545	712	0
525	522	525	537	545	712	603	0
522	525	537	545	712	603	665	1
525	537	545	712	603	665	514	0
537	545	712	603	665	514	852	0
545	712	603	665	514	852	607	0
712	603	665	514	852	607	630	1
603	665	514	852	607	630	557	0
665	514	852	607	630	557	692	0
514	852	607	630	557	692	568	0
852	607	630	557	692	568	592	1
607	630	557	692	568	592	595	0
630	557	692	568	592	595	506	0
557	692	568	592	595	506	716	0
692	568	592	595	506	716	580	0
568	592	595	506	716	580	591	1
592	595	506	716	580	591	576	0
595	506	716	580	591	576	634	0
506	716	580	591	576	634	611	0
716	580	591	576	634	611	588	0
580	591	576	634	611	588	564	0
591	576	634	611	588	564	607	0
576	634	611	588	564	607	576	0
634	611	588	564	607	576	568	0
611	588	564	607	576	568	580	0
588	564	607	576	568	580	587	0
564	607	576	568	580	587	382	0
607	576	568	580	587	382	832	0
576	568	580	587	382	832	564	0
568	580	587	382	832	564	557	1
580	587	382	832	564	557	545	0
587	382	832	564	557	545	568	0
382	832	564	557	545	568	572	0
832	564	557	545	568	572	603	0
564	557	545	568	572	603	580	0
557	545	568	572	603	580	556	0
545	568	572	603	580	556	545	0
568	572	603	580	556	545	533	0
572	603	580	556	545	533	521	0
603	580	556	545	533	521	588	0
580	556	545	533	521	588	576	0
556	545	533	521	588	576	568	1
545	533	521	588	576	568	541	0
533	521	588	576	568	541	548	0
521	588	576	568	541	548	409	0
588	576	568	541	548	409	860	0
576	568	541	548	409	860	591	0
568	541	548	409	860	591	576	1
541	548	409	860	591	576	537	0
548	409	860	591	576	537	591	0
409	860	591	576	537	591	545	0
860	591	576	537	591	545	541	1
591	576	537	591	545	541	514	0
576	537	591	545	541	514	544	0
537	591	545	541	514	544	553	0
591	545	541	514	544	553	591	0
545	541	514	544	553	591	638	0
541	514	544	553	591	638	502	0
514	544	553	591	638	502	880	0
544	553	591	638	502	880	599	0
553	591	638	502	880	599	599	1
591	638	502	880	599	599	561	0
638	502	880	599	599	561	638	0
502	880	599	599	561	638	607	0
880	599	599	561	638	607	618	1
599	599	561	638	607	618	592	0
599	561	638	607	618	592	646	0
561	638	607	618	592	646	599	0
638	607	618	592	646	599	584	0
607	618	592	646	599	584	544	0
618	592	646	599	584	544	580	0
592	646	599	584	544	580	522	0
646	599	584	544	580	522	517	1
599	584	544	580	522	517	510	0
584	544	580	522	517	510	548	0
544	580	522	517	510	548	526	0
580	522	517	510	548	526	618	0
522	517	510	548	526	618	553	0
517	510	548	526	618	553	541	1
510	548	526	618	553	541	564	0
548	526	618	553	541	564	591	0
526	618	553	541	564	591	572	0
618	553	541	564	591	572	580	0
553	541	564	591	572	580	568	0
541	564	591	572	580	568	553	0
564	591	572	580	568	553	548	0
591	572	580	568	553	548	549	0
572	580	568	553	548	549	564	0
580	568	553	548	549	564	557	0
568	553	548	549	564	557	576	0
553	548	549	564	557	576	517	0
548	549	564	557	576	517	669	0
549	564	557	576	517	669	545	0
564	557	576	517	669	545	529	1
557	576	517	669	545	529	529	0
576	517	669	545	529	529	530	0
517	669	545	529	529	530	525	0
669	545	529	529	530	525	533	0
545	529	529	530	525	533	572	0
529	529	530	525	533	572	533	0
529	530	525	533	572	533	529	0
530	525	533	572	533	529	506	0
525	533	572	533	529	506	556	0
533	572	533	529	506	556	541	0
572	533	529	506	556	541	522	0
533	529	506	556	541	522	494	0
529	506	556	541	522	494	533	0
506	556	541	522	494	533	506	0
556	541	522	494	533	506	506	1
541	522	494	533	506	506	490	0
522	494	533	506	506	490	486	0
494	533	506	506	490	486	479	0
533	506	506	490	486	479	475	0
506	506	490	486	479	475	467	0
506	490	486	479	475	467	478	0
490	486	479	475	467	478	467	0
486	479	475	467	478	467	471	0
479	475	467	478	467	471	467	0
475	467	478	467	471	467	471	0
467	478	467	471	467	471	470	0
478	467	471	467	471	470	467	0
467	471	467	471	470	467	463	0
471	467	471	470	467	463	483	0
467	471	470	467	463	483	490	0
471	470	467	463	483	490	483	0
470	467	463	483	490	483	486	0
467	463	483	490	483	486	482	0
463	483	490	483	486	482	502	0
483	490	483	486	482	502	475	0
490	483	486	482	502	475	514	0
483	486	482	502	475	514	467	0
486	482	502	475	514	467	494	0
482	502	475	514	467	494	486	0
502	475	514	467	494	486	475	0
475	514	467	494	486	475	529	0
514	467	494	486	475	529	506	0
467	494	486	475	529	506	506	1
494	486	475	529	506	506	502	0
486	475	529	506	506	502	459	0
475	529	506	506	502	459	556	0
529	506	506	502	459	556	510	0
506	506	502	459	556	510	506	1
506	502	459	556	510	506	506	0
502	459	556	510	506	506	517	0
459	556	510	506	506	517	522	0
556	510	506	506	517	522	513	0
510	506	506	517	522	513	514	0
506	506	517	522	513	514	513	0
506	517	522	513	514	513	514	0
517	522	513	514	513	514	514	0
522	513	514	513	514	514	525	0
513	514	513	514	514	525	521	0
514	513	514	514	525	521	526	0
513	514	514	525	521	526	513	0
514	514	525	521	526	513	533	0
514	525	521	526	513	533	495	0
525	521	526	513	533	495	505	0
521	526	513	533	495	505	397	0
526	513	533	495	505	397	650	0
513	533	495	505	397	650	502	0
533	495	505	397	650	502	514	1
495	505	397	650	502	514	521	0
505	397	650	502	514	521	510	0
397	650	502	514	521	510	537	0
650	502	514	521	510	537	521	0
502	514	521	510	537	521	514	0
514	521	510	537	521	514	521	0
521	510	537	521	514	521	522	0
510	537	521	514	521	522	505	0
537	521	514	521	522	505	502	0
521	514	521	522	505	502	498	0
514	521	522	505	502	498	495	0
521	522	505	502	498	495	463	0
522	505	502	498	495	463	583	0
505	502	498	495	463	583	522	0
502	498	495	463	583	522	529	1
498	495	463	583	522	529	533	0
495	463	583	522	529	533	549	0
463	583	522	529	533	549	552	0
583	522	529	533	549	552	560	0
522	529	533	549	552	560	553	0
529	533	549	552	560	553	506	0
533	549	552	560	553	506	607	0
549	552	560	553	506	607	552	0
552	560	553	506	607	552	549	1
560	553	506	607	552	549	537	0
553	506	607	552	549	537	552	0
506	607	552	549	537	552	541	0
607	552	549	537	552	541	537	0
552	549	537	552	541	537	561	0
549	537	552	541	537	561	502	0
537	552	541	537	561	502	645	0
552	541	537	561	502	645	569	0
541	537	561	502	645	569	564	1
537	561	502	645	569	564	544	0
561	502	645	569	564	544	475	0
502	645	569	564	544	475	638	0
645	569	564	544	475	638	533	0
569	564	544	475	638	533	533	1
564	544	475	638	533	533	514	0
544	475	638	533	533	514	521	0
475	638	533	533	514	521	534	0
638	533	533	514	521	534	517	0
533	533	514	521	534	517	525	0
533	514	521	534	517	525	530	0
514	521	534	517	525	530	540	0
521	534	517	525	530	540	530	0
534	517	525	530	540	530	521	0
517	525	530	540	530	521	521	0
525	530	540	530	521	521	514	0
530	540	530	521	521	514	529	0
540	530	521	521	514	529	498	0
530	521	521	514	529	498	514	0
521	521	514	529	498	514	506	0
521	514	529	498	514	506	502	0
514	529	498	514	506	502	498	0
529	498	514	506	502	498	506	0
498	514	506	502	498	506	501	0
514	506	502	498	506	501	499	0
506	502	498	506	501	499	494	0
502	498	506	501	499	494	494	0
498	506	501	499	494	494	498	0
506	501	499	494	494	498	502	0
501	499	494	494	498	502	498	0
499	494	494	498	502	498	498	0
494	494	498	502	498	498	502	0
494	498	502	498	498	502	502	0
498	502	498	498	502	502	502	0
502	498	498	502	502	502	494	0
498	498	502	502	502	494	494	0
498	502	502	502	494	494	494	0
502	502	502	494	494	494	494	0
502	502	494	494	494	494	491	0
502	494	494	494	494	491	486	0
494	494	494	494	491	486	502	0
494	494	494	491	486	502	498	0
494	494	491	486	502	498	494	0
494	491	486	502	498	494	487	0
491	486	502	498	494	487	494	0
486	502	498	494	487	494	486	0
502	498	494	487	494	486	490	0
498	494	487	494	486	490	487	0
494	487	494	486	490	487	478	0
487	494	486	490	487	478	483	0
494	486	490	487	478	483	479	0
486	490	487	478	483	479	482	0
490	487	478	483	479	482	475	0
487	478	483	479	482	475	471	0
478	483	479	482	475	471	470	0
483	479	482	475	471	470	471	0
479	482	475	471	470	471	467	0
482	475	471	470	471	467	475	0
475	471	470	471	467	475	475	0
471	470	471	467	475	475	478	0
470	471	467	475	475	478	479	0
471	467	475	475	478	479	478	0
467	475	475	478	479	478	479	0
475	475	478	479	478	479	486	0
475	478	479	478	479	486	479	0
478	479	478	479	486	479	486	0
479	478	479	486	479	486	467	0
478	479	486	479	486	467	475	0
479	486	479	486	467	475	471	0
486	479	486	467	475	471	471	0
479	486	467	475	471	471	470	0
486	467	475	471	471	470	475	0
467	475	471	471	470	475	483	0
475	471	471	470	475	483	482	0
471	471	470	475	483	482	486	0
471	470	475	483	482	486	495	0
470	475	483	482	486	495	490	0
475	483	482	486	495	490	486	0
483	482	486	495	490	486	491	0
482	486	495	490	486	491	482	0
486	495	490	486	491	482	486	0
495	490	486	491	482	486	479	0
490	486	491	482	486	479	475	0
486	491	482	486	479	475	471	0
491	482	486	479	475	471	470	0
482	486	479	475	471	470	475	0
486	479	475	471	470	475	471	0
479	475	471	470	475	471	475	0
475	471	470	475	471	475	466	0
471	470	475	471	475	466	467	0
470	475	471	475	466	467	467	0
475	471	475	466	467	467	471	0
471	475	466	467	467	471	455	0
475	466	467	467	471	455	452	0
466	467	467	471	455	452	447	0
467	467	471	455	452	447	456	0
467	471	455	452	447	456	443	0
471	455	452	447	456	443	471	0
455	452	447	456	443	471	467	0
452	447	456	443	471	467	478	0
447	456	443	471	467	478	471	0
456	443	471	467	478	471	483	0
443	471	467	478	471	483	490	0
471	467	478	471	483	490	498	0
467	478	471	483	490	498	494	0
478	471	483	490	498	494	502	0
471	483	490	498	494	502	506	0
483	490	498	494	502	506	518	0
490	498	494	502	506	518	494	0
498	494	502	506	518	494	474	0
494	502	506	518	494	474	549	0
502	506	518	494	474	549	510	0
506	518	494	474	549	510	506	1
518	494	474	549	510	506	505	0
494	474	549	510	506	505	502	0
474	549	510	506	505	502	498	0
549	510	506	505	502	498	506	0
510	506	505	502	498	506	491	0
506	505	502	498	506	491	501	0
505	502	498	506	491	501	499	0
502	498	506	491	501	499	505	0
498	506	491	501	499	505	502	0
506	491	501	499	505	502	491	0
491	501	499	505	502	491	494	0
501	499	505	502	491	494	490	0
499	505	502	491	494	490	494	0
505	502	491	494	490	494	483	0
502	491	494	490	494	483	455	0
491	494	490	494	483	455	517	0
494	490	494	483	455	517	491	0
490	494	483	455	517	491	486	1
494	483	455	517	491	486	486	0
483	455	517	491	486	486	483	0
455	517	491	486	486	483	424	0
517	491	486	486	483	424	572	0
491	486	486	483	424	572	490	0
486	486	483	424	572	490	483	1
486	483	424	572	490	483	486	0
483	424	572	490	483	486	483	0
424	572	490	483	486	483	486	0
572	490	483	486	483	486	475	0
490	483	486	483	486	475	482	0
483	486	483	486	475	482	479	0
486	483	486	475	482	479	490	0
483	486	475	482	479	490	490	0
486	475	482	479	490	490	495	0
475	482	479	490	490	495	478	0
482	479	490	490	495	478	498	0
479	490	490	495	478	498	502	0
490	490	495	478	498	502	498	0
490	495	478	498	502	498	506	0
495	478	498	502	498	506	494	0
478	498	502	498	506	494	502	0
498	502	498	506	494	502	510	0
502	498	506	494	502	510	506	0
498	506	494	502	510	506	498	0
506	494	502	510	506	498	502	0
494	502	510	506	498	502	498	0
502	510	506	498	502	498	513	0
510	506	498	502	498	513	510	0
506	498	502	498	513	510	494	0
498	502	498	513	510	494	494	0
502	498	513	510	494	494	502	0
498	513	510	494	494	502	483	0
513	510	494	494	502	483	490	0
510	494	494	502	483	490	471	0
494	494	502	483	490	471	459	0
494	502	483	490	471	459	471	0
502	483	490	471	459	471	455	0
483	490	471	459	471	455	459	0
490	471	459	471	455	459	456	0
471	459	471	455	459	456	451	0
459	471	455	459	456	451	455	0
471	455	459	456	451	455	436	0
455	459	456	451	455	436	444	0
459	456	451	455	436	444	447	0
456	451	455	436	444	447	455	0
451	455	436	444	447	455	452	0
455	436	444	447	455	452	377	0
436	444	447	455	452	377	533	0
444	447	455	452	377	533	455	0
447	455	452	377	533	455	456	1
455	452	377	533	455	456	459	0
452	377	533	455	456	459	451	0
377	533	455	456	459	451	459	0
533	455	456	459	451	459	463	0
455	456	459	451	459	463	467	0
456	459	451	459	463	467	471	0
459	451	459	463	467	471	471	0
451	459	463	467	471	471	479	0
459	463	467	471	471	479	486	0
463	467	471	471	479	486	494	0
467	471	471	479	486	494	510	0
471	471	479	486	494	510	510	0
471	479	486	494	510	510	509	0
479	486	494	510	510	509	510	0
486	494	510	510	509	510	510	0
494	510	510	509	510	510	529	0
510	510	509	510	510	529	490	0
510	509	510	510	529	490	510	0
509	510	510	529	490	510	514	0
510	510	529	490	510	514	517	0
510	529	490	510	514	517	514	0
529	490	510	514	517	514	498	0
490	510	514	517	514	498	498	0
510	514	517	514	498	498	498	0
514	517	514	498	498	498	490	0
517	514	498	498	498	490	486	0
514	498	498	498	490	486	487	0
498	498	498	490	486	487	486	0
498	498	490	486	487	486	479	0
498	490	486	487	486	479	467	0
490	486	487	486	479	467	494	0
486	487	486	479	467	494	471	0
487	486	479	467	494	471	471	0
486	479	467	494	471	471	400	0
479	467	494	471	471	400	530	0
467	494	471	471	400	530	463	0
494	471	471	400	530	463	470	1
471	471	400	530	463	470	467	0
471	400	530	463	470	467	475	0
400	530	463	470	467	475	467	0
530	463	470	467	475	467	471	0
463	470	467	475	467	471	478	0
470	467	475	467	471	478	479	0
467	475	467	471	478	479	471	0
475	467	471	478	479	471	471	0
467	471	478	479	471	471	478	0
471	478	479	471	471	478	483	0
478	479	471	471	478	483	498	0
479	471	471	478	483	498	490	0
471	471	478	483	498	490	490	0
471	478	483	498	490	490	510	0
478	483	498	490	490	510	506	0
483	498	490	490	510	506	506	0
498	490	490	510	506	506	494	0
490	490	510	506	506	494	498	0
490	510	506	506	494	498	482	0
510	506	506	494	498	482	522	0
506	506	494	498	482	522	494	0
506	494	498	482	522	494	490	0
494	498	482	522	494	490	487	0
498	482	522	494	490	487	490	0
482	522	494	490	487	490	502	0
522	494	490	487	490	502	482	0
494	490	487	490	502	482	483	0
490	487	490	502	482	483	486	0
487	490	502	482	483	486	506	0
490	502	482	483	486	506	498	0
502	482	483	486	506	498	498	0
482	483	486	506	498	498	490	0
483	486	506	498	498	490	495	0
486	506	498	498	490	495	490	0
506	498	498	490	495	490	494	0
498	498	490	495	490	494	490	0
498	490	495	490	494	490	483	0
490	495	490	494	490	483	494	0
495	490	494	490	483	494	486	0
490	494	490	483	494	486	491	0
494	490	483	494	486	491	486	0
490	483	494	486	491	486	482	0
483	494	486	491	486	482	487	0
494	486	491	486	482	487	486	0
486	491	486	482	487	486	494	0
491	486	482	487	486	494	487	0
486	482	487	486	494	487	494	0
482	487	486	494	487	494	486	0
487	486	494	487	494	486	498	0
486	494	487	494	486	498	498	0
494	487	494	486	498	498	479	0
487	494	486	498	498	479	483	0
494	486	498	498	479	483	486	0
486	498	498	479	483	486	486	0
498	498	479	483	486	486	483	0
498	479	483	486	486	483	486	0
479	483	486	486	483	486	471	0
483	486	486	483	486	471	502	0
486	486	483	486	471	502	486	0
486	483	486	471	502	486	479	0
483	486	471	502	486	479	475	0
486	471	502	486	479	475	486	0
471	502	486	479	475	486	486	0
502	486	479	475	486	486	483	0
486	479	475	486	486	483	482	0
479	475	486	486	483	482	479	0
475	486	486	483	482	479	475	0
486	486	483	482	479	475	451	0
486	483	482	479	475	451	533	0
483	482	479	475	451	533	483	0
482	479	475	451	533	483	478	1
479	475	451	533	483	478	483	0
475	451	533	483	478	483	494	0
451	533	483	478	483	494	486	0
533	483	478	483	494	486	479	0
483	478	483	494	486	479	478	0
478	483	494	486	479	478	483	0
483	494	486	479	478	483	486	0
494	486	479	478	483	486	479	0
486	479	478	483	486	479	475	0
479	478	483	486	479	475	482	0
478	483	486	479	475	482	490	0
483	486	479	475	482	490	491	0
486	479	475	482	490	491	478	0
479	475	482	490	491	478	483	0
475	482	490	491	478	483	482	0
482	490	491	478	483	482	479	0
490	491	478	483	482	479	482	0
491	478	483	482	479	482	475	0
478	483	482	479	482	475	475	0
483	482	479	482	475	475	463	0
482	479	482	475	475	463	463	0
479	482	475	475	463	463	451	0
482	475	475	463	463	451	459	0
475	475	463	463	451	459	452	0
475	463	463	451	459	452	451	0
463	463	451	459	452	451	447	0
463	451	459	452	451	447	444	0
451	459	452	451	447	444	448	0
459	452	451	447	444	448	439	0
452	451	447	444	448	439	459	0
451	447	444	448	439	459	448	0
447	444	448	439	459	448	447	0
444	448	439	459	448	447	448	0
448	439	459	448	447	448	443	0
439	459	448	447	448	443	440	0
459	448	447	448	443	440	444	0
448	447	448	443	440	444	435	0
447	448	443	440	444	435	436	0
448	443	440	444	435	436	436	0
443	440	444	435	436	436	436	0
440	444	435	436	436	436	436	0
444	435	436	436	436	436	439	0
435	436	436	436	436	439	428	0
436	436	436	436	439	428	432	0
436	436	436	439	428	432	436	0
436	436	439	428	432	436	436	0
436	439	428	432	436	436	443	0
439	428	432	436	436	443	440	0
428	432	436	436	443	440	444	0
432	436	436	443	440	444	455	0
436	436	443	440	444	455	467	0
436	443	440	444	455	467	463	0
443	440	444	455	467	463	467	0
440	444	455	467	463	467	471	0
444	455	467	463	467	471	478	0
455	467	463	467	471	478	467	0
467	463	467	471	478	467	498	0
463	467	471	478	467	498	487	0
467	471	478	467	498	487	498	0
471	478	467	498	487	498	502	0
478	467	498	487	498	502	478	0
467	498	487	498	502	478	483	0
498	487	498	502	478	483	498	0
487	498	502	478	483	498	482	0
498	502	478	483	498	482	483	0
502	478	483	498	482	483	486	0
478	483	498	482	483	486	502	0
483	498	482	483	486	502	494	0
498	482	483	486	502	494	506	0
482	483	486	502	494	506	498	0
483	486	502	494	506	498	498	0
486	502	494	506	498	498	518	0
502	494	506	498	498	518	521	0
494	506	498	498	518	521	510	0
506	498	498	518	521	510	510	0
498	498	518	521	510	510	513	0
498	518	521	510	510	513	506	0
518	521	510	510	513	506	514	0
521	510	510	513	506	514	513	0
510	510	513	506	514	513	498	0
510	513	506	514	513	498	541	0
513	506	514	513	498	541	518	0
506	514	513	498	541	518	517	0
514	513	498	541	518	517	525	0
513	498	541	518	517	525	526	0
498	541	518	517	525	526	525	0
541	518	517	525	526	525	518	0
518	517	525	526	525	518	521	0
517	525	526	525	518	521	521	0
525	526	525	518	521	521	518	0
526	525	518	521	521	518	506	0
525	518	521	521	518	506	494	0
518	521	521	518	506	494	494	0
521	521	518	506	494	494	494	0
521	518	506	494	494	494	487	0
518	506	494	494	494	487	486	0
506	494	494	494	487	486	479	0
494	494	494	487	486	479	470	0
494	494	487	486	479	470	459	0
494	487	486	479	470	459	464	0
487	486	479	470	459	464	455	0
486	479	470	459	464	455	463	0
479	470	459	464	455	463	451	0
470	459	464	455	463	451	459	0
459	464	455	463	451	459	456	0
464	455	463	451	459	456	455	0
455	463	451	459	456	455	471	0
463	451	459	456	455	471	474	0
451	459	456	455	471	474	491	0
459	456	455	471	474	491	490	0
456	455	471	474	491	490	486	0
455	471	474	491	490	486	494	0
471	474	491	490	486	494	502	0
474	491	490	486	494	502	495	0
491	490	486	494	502	495	494	0
490	486	494	502	495	494	490	0
486	494	502	495	494	490	490	0
494	502	495	494	490	490	491	0
502	495	494	490	490	491	490	0
495	494	490	490	491	490	482	0
494	490	490	491	490	482	483	0
490	490	491	490	482	483	494	0
490	491	490	482	483	494	510	0
491	490	482	483	494	510	502	0
490	482	483	494	510	502	521	0
482	483	494	510	502	521	514	0
483	494	510	502	521	514	502	0
494	510	502	521	514	502	509	0
510	502	521	514	502	509	502	0
502	521	514	502	509	502	498	0
521	514	502	509	502	498	491	0
514	502	509	502	498	491	486	0
502	509	502	498	491	486	482	0
509	502	498	491	486	482	487	0
502	498	491	486	482	487	490	0
498	491	486	482	487	490	486	0
491	486	482	487	490	486	483	0
486	482	487	490	486	483	475	0
482	487	490	486	483	475	482	0
487	490	486	483	475	482	479	0
490	486	483	475	482	479	467	0
486	483	475	482	479	467	474	0
483	475	482	479	467	474	502	0
475	482	479	467	474	502	487	0
482	479	467	474	502	487	494	0
479	467	474	502	487	494	490	0
467	474	502	487	494	490	490	0
474	502	487	494	490	490	498	0
502	487	494	490	490	498	510	0
487	494	490	490	498	510	502	0
494	490	490	498	510	502	502	0
490	490	498	510	502	502	506	0
490	498	510	502	502	506	510	0
498	510	502	502	506	510	498	0
510	502	502	506	510	498	506	0
502	502	506	510	498	506	482	0
502	506	510	498	506	482	529	0
506	510	498	506	482	529	498	0
510	498	506	482	529	498	487	0
498	506	482	529	498	487	482	0
506	482	529	498	487	482	479	0
482	529	498	487	482	479	474	0
529	498	487	482	479	474	467	0
498	487	482	479	474	467	463	0
487	482	479	474	467	463	463	0
482	479	474	467	463	463	456	0
479	474	467	463	463	456	459	0
474	467	463	463	456	459	451	0
467	463	463	456	459	451	455	0
463	463	456	459	451	455	467	0
463	456	459	451	455	467	444	0
456	459	451	455	467	444	447	0
459	451	455	467	444	447	456	0
451	455	467	444	447	456	451	0
455	467	444	447	456	451	455	0
467	444	447	456	451	455	459	0
444	447	456	451	455	459	463	0
447	456	451	455	459	463	479	0
456	451	455	459	463	479	448	0
451	455	459	463	479	448	466	0
455	459	463	479	448	466	456	0
459	463	479	448	466	456	474	0
463	479	448	466	456	474	475	0
479	448	466	456	474	475	475	0
448	466	456	474	475	475	467	0
466	456	474	475	475	467	475	0
456	474	475	475	467	475	478	0
474	475	475	467	475	478	467	0
475	475	467	475	478	467	467	0
475	467	475	478	467	467	467	0
467	475	478	467	467	467	471	0
475	478	467	467	467	471	459	0
478	467	467	467	471	459	463	0
467	467	467	471	459	463	467	0
467	467	471	459	463	467	455	0
467	471	459	463	467	455	451	0
471	459	463	467	455	451	444	0
459	463	467	455	451	444	451	0
463	467	455	451	444	451	456	0
467	455	451	444	451	456	435	0
455	451	444	451	456	435	440	0
451	444	451	456	435	440	440	0
444	451	456	435	440	440	447	0
451	456	435	440	440	447	456	0
456	435	440	440	447	456	447	0
435	440	440	447	456	447	451	0
440	440	447	456	447	451	448	0
440	447	456	447	451	448	443	0
447	456	447	451	448	443	440	0
456	447	451	448	443	440	444	0
447	451	448	443	440	444	443	0
451	448	443	440	444	443	448	0
448	443	440	444	443	448	451	0
443	440	444	443	448	451	448	0
440	444	443	448	451	448	455	0
444	443	448	451	448	455	459	0
443	448	451	448	455	459	467	0
448	451	448	455	459	467	467	0
451	448	455	459	467	467	478	0
448	455	459	467	467	478	452	0
455	459	467	467	478	452	482	0
459	467	467	478	452	482	448	0
467	467	478	452	482	448	482	0
467	478	452	482	448	482	467	0
478	452	482	448	482	467	471	0
452	482	448	482	467	471	459	0
482	448	482	467	471	459	467	0
448	482	467	471	459	467	471	0
482	467	471	459	467	471	471	0
467	471	459	467	471	471	467	0
471	459	467	471	471	467	467	0
459	467	471	471	467	467	470	0
467	471	471	467	467	470	467	0
471	471	467	467	470	467	475	0
471	467	467	470	467	475	475	0
467	467	470	467	475	475	463	0
467	470	467	475	475	463	471	0
470	467	475	475	463	471	470	0
467	475	475	463	471	470	467	0
475	475	463	471	470	467	471	0
475	463	471	470	467	471	467	0
463	471	470	467	471	467	463	0
471	470	467	471	467	463	467	0
470	467	471	467	463	467	467	0
467	471	467	463	467	467	463	0
471	467	463	467	467	463	467	0
467	463	467	467	463	467	463	0
463	467	467	463	467	463	471	0
467	467	463	467	463	471	467	0
467	463	467	463	471	467	474	0
463	467	463	471	467	474	463	0
467	463	471	467	474	463	467	0
463	471	467	474	463	467	467	0
471	467	474	463	467	467	471	0
467	474	463	467	467	471	475	0
474	463	467	467	471	475	474	0
463	467	467	471	475	474	471	0
467	467	471	475	474	471	475	0
467	471	475	474	471	475	479	0
471	475	474	471	475	479	478	0
475	474	471	475	479	478	483	0
474	471	475	479	478	483	467	0
471	475	479	478	483	467	482	0
475	479	478	483	467	482	475	0
479	478	483	467	482	475	478	0
478	483	467	482	475	478	487	0
483	467	482	475	478	487	486	0
467	482	475	478	487	486	471	0
482	475	478	487	486	471	490	0
475	478	487	486	471	490	487	0
478	487	486	471	490	487	482	0
487	486	471	490	487	482	483	0
486	471	490	487	482	483	482	0
471	490	487	482	483	482	490	0
490	487	482	483	482	490	487	0
487	482	483	482	490	487	486	0
482	483	482	490	487	486	490	0
483	482	490	487	486	490	491	0
482	490	487	486	490	491	494	0
490	487	486	490	491	494	498	0
487	486	490	491	494	498	494	0
486	490	491	494	498	494	486	0
490	491	494	498	494	486	491	0
491	494	498	494	486	491	490	0
494	498	494	486	491	490	482	0
498	494	486	491	490	482	475	0
494	486	491	490	482	475	483	0
486	491	490	482	475	483	486	0
491	490	482	475	483	486	486	0
490	482	475	483	486	486	475	0
482	475	483	486	486	475	479	0
475	483	486	486	475	479	482	0
483	486	486	475	479	482	479	0
486	486	475	479	482	479	475	0
486	475	479	482	479	475	474	0
475	479	482	479	475	474	483	0
479	482	479	475	474	483	482	0
482	479	475	474	483	482	494	0
479	475	474	483	482	494	487	0
475	474	483	482	494	487	482	0
474	483	482	494	487	482	491	0
483	482	494	487	482	491	486	0
482	494	487	482	491	486	482	0
494	487	482	491	486	482	475	0
487	482	491	486	482	475	479	0
482	491	486	482	475	479	478	0
491	486	482	475	479	478	475	0
486	482	475	479	478	475	471	0
482	475	479	478	475	471	467	0
475	479	478	475	471	467	467	0
479	478	475	471	467	467	463	0
478	475	471	467	467	463	459	0
475	471	467	467	463	459	451	0
471	467	467	463	459	451	452	0
467	467	463	459	451	452	443	0
467	463	459	451	452	443	448	0
463	459	451	452	443	448	439	0
459	451	452	443	448	439	440	0
451	452	443	448	439	440	451	0
452	443	448	439	440	451	440	0
443	448	439	440	451	440	444	0
448	439	440	451	440	444	443	0
439	440	451	440	444	443	455	0
440	451	440	444	443	455	448	0
451	440	444	443	455	448	451	0
440	444	443	455	448	451	444	0
444	443	455	448	451	444	455	0
443	455	448	451	444	455	448	0
455	448	451	444	455	448	451	0
448	451	444	455	448	451	459	0
451	444	455	448	451	459	455	0
444	455	448	451	459	455	463	0
455	448	451	459	455	463	460	0
448	451	459	455	463	460	466	0
451	459	455	463	460	466	456	0
459	455	463	460	466	456	463	0
455	463	460	466	456	463	459	0
463	460	466	456	463	459	471	0
460	466	456	463	459	471	467	0
466	456	463	459	471	467	470	0
456	463	459	471	467	470	460	0
463	459	471	467	470	460	474	0
459	471	467	470	460	474	491	0
471	467	470	460	474	491	455	0
467	470	460	474	491	455	459	0
470	460	474	491	455	459	482	0
460	474	491	455	459	482	479	0
474	491	455	459	482	479	467	0
491	455	459	482	479	467	455	0
455	459	482	479	467	455	475	0
459	482	479	467	455	475	447	0
482	479	467	455	475	447	463	0
479	467	455	475	447	463	444	0
467	455	475	447	463	444	448	0
455	475	447	463	444	448	447	0
475	447	463	444	448	447	451	0
447	463	444	448	447	451	448	0
463	444	448	447	451	448	447	0
444	448	447	451	448	447	448	0
448	447	451	448	447	448	447	0
447	451	448	447	448	447	452	0
451	448	447	448	447	452	447	0
448	447	448	447	452	447	448	0
447	448	447	452	447	448	443	0
448	447	452	447	448	443	444	0
447	452	447	448	443	444	455	0
452	447	448	443	444	455	436	0
447	448	443	444	455	436	447	0
448	443	444	455	436	447	440	0
443	444	455	436	447	440	444	0
444	455	436	447	440	444	435	0
455	436	447	440	444	435	448	0
436	447	440	444	435	448	436	0
447	440	444	435	448	436	439	0
440	444	435	448	436	439	444	0
444	435	448	436	439	444	447	0
435	448	436	439	444	447	448	0
448	436	439	444	447	448	439	0
436	439	444	447	448	439	452	0
439	444	447	448	439	452	447	0
444	447	448	439	452	447	448	0
447	448	439	452	447	448	447	0
448	439	452	447	448	447	444	0
439	452	447	448	447	444	451	0
452	447	448	447	444	451	448	0
447	448	447	444	451	448	451	0
448	447	444	451	448	451	444	0
447	444	451	448	451	444	439	0
444	451	448	451	444	439	456	0
451	448	451	444	439	456	443	0
448	451	444	439	456	443	448	0
451	444	439	456	443	448	443	0
444	439	456	443	448	443	444	0
439	456	443	448	443	444	443	0
456	443	448	443	444	443	440	0
443	448	443	444	443	440	444	0
448	443	444	443	440	444	443	0
443	444	443	440	444	443	436	0
444	443	440	444	443	436	436	0
443	440	444	443	436	436	428	0
440	444	443	436	436	428	428	0
444	443	436	436	428	428	436	0
443	436	436	428	428	436	432	0
436	436	428	428	436	432	439	0
436	428	428	436	432	439	432	0
428	428	436	432	439	432	428	0
428	436	432	439	432	428	432	0
436	432	439	432	428	432	428	0
432	439	432	428	432	428	432	0
439	432	428	432	428	432	432	0
432	428	432	428	432	432	432	0
428	432	428	432	432	432	428	0
432	428	432	432	432	428	428	0
428	432	432	432	428	428	432	0
432	432	432	428	428	432	428	0
432	432	428	428	432	428	432	0
432	428	428	432	428	432	428	0
428	428	432	428	432	428	428	0
428	432	428	432	428	428	435	0
432	428	432	428	428	435	436	0
428	432	428	428	435	436	440	0
432	428	428	435	436	440	444	0
428	428	435	436	440	444	439	0
428	435	436	440	444	439	444	0
435	436	440	444	439	444	447	0
436	440	444	439	444	447	452	0
440	444	439	444	447	452	459	0
444	439	444	447	452	459	455	0
439	444	447	452	459	455	447	0
444	447	452	459	455	447	448	0
447	452	459	455	447	448	459	0
452	459	455	447	448	459	475	0
459	455	447	448	459	475	404	0
455	447	448	459	475	404	576	0
447	448	459	475	404	576	471	0
448	459	475	404	576	471	471	1
459	475	404	576	471	471	479	0
475	404	576	471	471	479	474	0
404	576	471	471	479	474	471	0
576	471	471	479	474	471	459	0
471	471	479	474	471	459	452	0
471	479	474	471	459	452	455	0
479	474	471	459	452	455	459	0
474	471	459	452	455	459	463	0
471	459	452	455	459	463	463	0
459	452	455	459	463	463	459	0
452	455	459	463	463	459	471	0
455	459	463	463	459	471	490	0
459	463	463	459	471	490	475	0
463	463	459	471	490	475	533	0
463	459	471	490	475	533	483	0
459	471	490	475	533	483	474	0
471	490	475	533	483	474	467	0
490	475	533	483	474	467	467	0
475	533	483	474	467	467	467	0
533	483	474	467	467	467	479	0
483	474	467	467	467	479	498	0
474	467	467	467	479	498	498	0
467	467	467	479	498	498	486	0
467	467	479	498	498	486	483	0
467	479	498	498	486	483	482	0
479	498	498	486	483	482	475	0
498	498	486	483	482	475	478	0
498	486	483	482	475	478	479	0
486	483	482	475	478	479	483	0
483	482	475	478	479	483	494	0
482	475	478	479	483	494	502	0
475	478	479	483	494	502	498	0
478	479	483	494	502	498	490	0
479	483	494	502	498	490	490	0
483	494	502	498	490	490	487	0
494	502	498	490	490	487	486	0
502	498	490	490	487	486	490	0
498	490	490	487	486	490	483	0
490	490	487	486	490	483	490	0
490	487	486	490	483	490	494	0
487	486	490	483	490	494	502	0
486	490	483	490	494	502	494	0
490	483	490	494	502	494	393	0
483	490	494	502	494	393	615	0
490	494	502	494	393	615	494	0
494	502	494	393	615	494	491	1
502	494	393	615	494	491	486	0
494	393	615	494	491	486	475	0
393	615	494	491	486	475	486	0
615	494	491	486	475	486	486	0
494	491	486	475	486	486	498	0
491	486	475	486	486	498	510	0
486	475	486	486	498	510	518	0
475	486	486	498	510	518	521	0
486	486	498	510	518	521	518	0
486	498	510	518	521	518	525	0
498	510	518	521	518	525	502	0
510	518	521	518	525	502	502	0
518	521	518	525	502	502	506	0
521	518	525	502	502	506	513	0
518	525	502	502	506	513	529	0
525	502	502	506	513	529	510	0
502	502	506	513	529	510	514	0
502	506	513	529	510	514	521	0
506	513	529	510	514	521	549	0
513	529	510	514	521	549	564	0
529	510	514	521	549	564	553	0
510	514	521	549	564	553	533	0
514	521	549	564	553	533	599	0
521	549	564	553	533	599	556	0
549	564	553	533	599	556	545	1
564	553	533	599	556	545	529	0
553	533	599	556	545	529	557	0
533	599	556	545	529	557	556	0
599	556	545	529	557	556	553	0
556	545	529	557	556	553	533	0
545	529	557	556	553	533	505	0
529	557	556	553	533	505	561	0
557	556	553	533	505	561	541	0
556	553	533	505	561	541	540	0
553	533	505	561	541	540	526	0
533	505	561	541	540	526	529	0
505	561	541	540	526	529	409	0
561	541	540	526	529	409	688	0
541	540	526	529	409	688	510	0
540	526	529	409	688	510	498	1
526	529	409	688	510	498	506	0
529	409	688	510	498	506	510	0
409	688	510	498	506	510	591	0
688	510	498	506	510	591	564	0
510	498	506	510	591	564	572	0
498	506	510	591	564	572	576	0
506	510	591	564	572	576	642	0
510	591	564	572	576	642	619	0
591	564	572	576	642	619	657	0
564	572	576	642	619	657	541	0
572	576	642	619	657	541	946	0
576	642	619	657	541	946	634	0
642	619	657	541	946	634	549	1
619	657	541	946	634	549	762	0
657	541	946	634	549	762	592	0
541	946	634	549	762	592	626	1
946	634	549	762	592	626	557	0
634	549	762	592	626	557	661	0
549	762	592	626	557	661	568	0
762	592	626	557	661	568	584	1
592	626	557	661	568	584	564	0
626	557	661	568	584	564	576	0
557	661	568	584	564	576	587	0
661	568	584	564	576	587	584	0
568	584	564	576	587	584	580	0
584	564	576	587	584	580	615	0
564	576	587	584	580	615	618	0
576	587	584	580	615	618	615	0
587	584	580	615	618	615	588	0
584	580	615	618	615	588	494	0
580	615	618	615	588	494	700	0
615	618	615	588	494	700	557	0
618	615	588	494	700	557	560	1
615	588	494	700	557	560	541	0
588	494	700	557	560	541	548	0
494	700	557	560	541	548	569	0
700	557	560	541	548	569	630	0
557	560	541	548	569	630	657	0
560	541	548	569	630	657	607	0
541	548	569	630	657	607	397	0
548	569	630	657	607	397	825	0
569	630	657	607	397	825	557	0
630	657	607	397	825	557	568	1
657	607	397	825	557	568	560	0
607	397	825	557	568	560	514	0
397	825	557	568	560	514	657	0
825	557	568	560	514	657	596	0
557	568	560	514	657	596	622	1
568	560	514	657	596	622	631	0
560	514	657	596	622	631	490	0
514	657	596	622	631	490	1019	0
657	596	622	631	490	1019	689	0
596	622	631	490	1019	689	634	1
622	631	490	1019	689	634	491	0
631	490	1019	689	634	491	805	0
490	1019	689	634	491	805	580	0
1019	689	634	491	805	580	572	1
689	634	491	805	580	572	529	0
634	491	805	580	572	529	607	0
491	805	580	572	529	607	580	0
805	580	572	529	607	580	587	1
580	572	529	607	580	587	576	0
572	529	607	580	587	576	514	0
529	607	580	587	576	514	681	0
607	580	587	576	514	681	576	0
580	587	576	514	681	576	564	1
587	576	514	681	576	564	544	0
576	514	681	576	564	544	534	0
514	681	576	564	544	534	517	0
681	576	564	544	534	517	389	0
576	564	544	534	517	389	673	0
564	544	534	517	389	673	510	0
544	534	517	389	673	510	506	1
534	517	389	673	510	506	494	0
517	389	673	510	506	494	506	0
389	673	510	506	494	506	506	0
673	510	506	494	506	506	404	0
510	506	494	506	506	404	642	0
506	494	506	506	404	642	495	0
494	506	506	404	642	495	505	1
506	506	404	642	495	505	514	0
506	404	642	495	505	514	525	0
404	642	495	505	514	525	568	0
642	495	505	514	525	568	553	0
495	505	514	525	568	553	560	0
505	514	525	568	553	560	576	0
514	525	568	553	560	576	541	0
525	568	553	560	576	541	724	0
568	553	560	576	541	724	572	0
553	560	576	541	724	572	572	1
560	576	541	724	572	572	552	0
576	541	724	572	572	552	568	0
541	724	572	572	552	568	565	0
724	572	572	552	568	565	552	0
572	572	552	568	565	552	545	0
572	552	568	565	552	545	537	0
552	568	565	552	545	537	537	0
568	565	552	545	537	537	560	0
565	552	545	537	537	560	568	0
552	545	537	537	560	568	564	0
545	537	537	560	568	564	537	0
537	537	560	568	564	537	564	0
537	560	568	564	537	564	530	0
560	568	564	537	564	530	517	0
568	564	537	564	530	517	514	0
564	537	564	530	517	514	510	0
537	564	530	517	514	510	517	0
564	530	517	514	510	517	525	0
530	517	514	510	517	525	526	0
517	514	510	517	525	526	521	0
514	510	517	525	526	521	518	0
510	517	525	526	521	518	521	0
517	525	526	521	518	521	541	0
525	526	521	518	521	541	541	0
526	521	518	521	541	541	517	0
521	518	521	541	541	517	518	0
518	521	541	541	517	518	509	0
521	541	541	517	518	509	518	0
541	541	517	518	509	518	517	0
541	517	518	509	518	517	506	0
517	518	509	518	517	506	526	0
518	509	518	517	506	526	525	0
509	518	517	506	526	525	510	0
518	517	506	526	525	510	513	0
517	506	526	525	510	513	506	0
506	526	525	510	513	506	514	0
526	525	510	513	506	514	517	0
525	510	513	506	514	517	525	0
510	513	506	514	517	525	518	0
513	506	514	517	525	518	525	0
506	514	517	525	518	525	533	0
514	517	525	518	525	533	545	0
517	525	518	525	533	545	541	0
525	518	525	533	545	541	529	0
518	525	533	545	541	529	518	0
525	533	545	541	529	518	517	0
533	545	541	529	518	517	514	0
545	541	529	518	517	514	525	0
541	529	518	517	514	525	510	0
529	518	517	514	525	510	513	0
518	517	514	525	510	513	510	0
517	514	525	510	513	510	514	0
514	525	510	513	510	514	517	0
525	510	513	510	514	517	514	0
510	513	510	514	517	514	510	0
513	510	514	517	514	510	498	0
510	514	517	514	510	498	494	0
514	517	514	510	498	494	498	0
517	514	510	498	494	498	506	0
514	510	498	494	498	506	529	0
510	498	494	498	506	529	541	0
498	494	498	506	529	541	552	0
494	498	506	529	541	552	533	0
498	506	529	541	552	533	541	0
506	529	541	552	533	541	545	0
529	541	552	533	541	545	545	0
541	552	533	541	545	545	560	0
552	533	541	545	545	560	537	0
533	541	545	545	560	537	525	0
541	545	545	560	537	525	518	0
545	545	560	537	525	518	513	0
545	560	537	525	518	513	518	0
560	537	525	518	513	518	521	0
537	525	518	513	518	521	514	0
525	518	513	518	521	514	517	0
518	513	518	521	514	517	526	0
513	518	521	514	517	526	548	0
518	521	514	517	526	548	565	0
521	514	517	526	548	565	385	0
514	517	526	548	565	385	755	0
517	526	548	565	385	755	521	0
526	548	565	385	755	521	525	1
548	565	385	755	521	525	514	0
565	385	755	521	525	514	514	0
385	755	521	525	514	514	521	0
755	521	525	514	514	521	525	0
521	525	514	514	521	525	561	0
525	514	514	521	525	561	548	0
514	514	521	525	561	548	782	0
514	521	525	561	548	782	600	0
521	525	561	548	782	600	626	1
525	561	548	782	600	626	588	0
561	548	782	600	626	588	673	0
548	782	600	626	588	673	611	0
782	600	626	588	673	611	595	1
600	626	588	673	611	595	580	0
626	588	673	611	595	580	572	0
588	673	611	595	580	572	490	0
673	611	595	580	572	490	685	0
611	595	580	572	490	685	572	0
595	580	572	490	685	572	568	1
580	572	490	685	572	568	521	0
572	490	685	572	568	521	623	0
490	685	572	568	521	623	587	0
685	572	568	521	623	587	576	1
572	568	521	623	587	576	549	0
568	521	623	587	576	549	537	0
521	623	587	576	549	537	529	0
623	587	576	549	537	529	537	0
587	576	549	537	529	537	537	0
576	549	537	529	537	537	552	0
549	537	529	537	537	552	537	0
537	529	537	537	552	537	518	0
529	537	537	552	537	518	525	0
537	537	552	537	518	525	514	0
537	552	537	518	525	514	513	0
552	537	518	525	514	513	506	0
537	518	525	514	513	506	506	0
518	525	514	513	506	506	510	0
525	514	513	506	506	510	510	0
514	513	506	506	510	510	521	0
513	506	506	510	510	521	525	0
506	506	510	510	521	525	529	0
506	510	510	521	525	529	499	0
510	510	521	525	529	499	564	0
510	521	525	529	499	564	521	0
521	525	529	499	564	521	510	1
525	529	499	564	521	510	502	0
529	499	564	521	510	502	498	0
499	564	521	510	502	498	486	0
564	521	510	502	498	486	498	0
521	510	502	498	486	498	494	0
510	502	498	486	498	494	499	0
502	498	486	498	494	499	513	0
498	486	498	494	499	513	533	0
486	498	494	499	513	533	533	0
498	494	499	513	533	533	561	0
494	499	513	533	533	561	568	0
499	513	533	533	561	568	537	0
513	533	533	561	568	537	611	0
533	533	561	568	537	611	540	0
533	561	568	537	611	540	541	1
561	568	537	611	540	541	529	0
568	537	611	540	541	529	530	0
537	611	540	541	529	530	525	0
611	540	541	529	530	525	385	0
540	541	529	530	525	385	658	0
541	529	530	525	385	658	498	0
529	530	525	385	658	498	494	1
530	525	385	658	498	494	479	0
525	385	658	498	494	479	474	0
385	658	498	494	479	474	475	0
658	498	494	479	474	475	479	0
498	494	479	474	475	479	498	0
494	479	474	475	479	498	521	0
479	474	475	479	498	521	564	0
474	475	479	498	521	564	588	0
475	479	498	521	564	588	556	0
479	498	521	564	588	556	514	0
498	521	564	588	556	514	506	0
521	564	588	556	514	506	494	0
564	588	556	514	506	494	475	0
588	556	514	506	494	475	509	0
556	514	506	494	475	509	479	0
514	506	494	475	509	479	494	0
506	494	475	509	479	494	494	0
494	475	509	479	494	494	490	0
475	509	479	494	494	490	491	0
509	479	494	494	490	491	486	0
479	494	494	490	491	486	498	0
494	494	490	491	486	498	479	0
494	490	491	486	498	479	478	0
490	491	486	498	479	478	475	0
491	486	498	479	478	475	451	0
486	498	479	478	475	451	498	0
498	479	478	475	451	498	471	0
479	478	475	451	498	471	471	0
478	475	451	498	471	471	475	0
475	451	498	471	471	475	463	0
451	498	471	471	475	463	475	0
498	471	471	475	463	475	389	0
471	471	475	463	475	389	564	0
471	475	463	475	389	564	475	0
475	463	475	389	564	475	474	1
463	475	389	564	475	474	483	0
475	389	564	475	474	483	490	0
389	564	475	474	483	490	498	0
564	475	474	483	490	498	490	0
475	474	483	490	498	490	487	0
474	483	490	498	490	487	478	0
483	490	498	490	487	478	483	0
490	498	490	487	478	483	478	0
498	490	487	478	483	478	456	0
490	487	478	483	478	456	463	0
487	478	483	478	456	463	463	0
478	483	478	456	463	463	459	0
483	478	456	463	463	459	463	0
478	456	463	463	459	463	467	0
456	463	463	459	463	467	478	0
463	463	459	463	467	478	475	0
463	459	463	467	478	475	514	0
459	463	467	478	475	514	494	0
463	467	478	475	514	494	494	0
467	478	475	514	494	494	522	0
478	475	514	494	494	522	529	0
475	514	494	494	522	529	529	0
514	494	494	522	529	529	517	0
494	494	522	529	529	517	526	0
494	522	529	529	517	526	548	0
522	529	529	517	526	548	386	0
529	529	517	526	548	386	762	0
529	517	526	548	386	762	533	0
517	526	548	386	762	533	533	1
526	548	386	762	533	533	514	0
548	386	762	533	533	514	533	0
386	762	533	533	514	533	514	0
762	533	533	514	533	514	529	0
533	533	514	533	514	529	533	0
533	514	533	514	529	533	517	0
514	533	514	529	533	517	526	0
533	514	529	533	517	526	509	0
514	529	533	517	526	509	498	0
529	533	517	526	509	498	518	0
533	517	526	509	498	518	549	0
517	526	509	498	518	549	568	0
526	509	498	518	549	568	564	0
509	498	518	549	568	564	568	0
498	518	549	568	564	568	549	0
518	549	568	564	568	549	544	0
549	568	564	568	549	544	553	0
568	564	568	549	544	553	533	0
564	568	549	544	553	533	568	0
568	549	544	553	533	568	537	0
549	544	553	533	568	537	553	0
544	553	533	568	537	553	540	0
553	533	568	537	553	540	557	0
533	568	537	553	540	557	525	0
568	537	553	540	557	525	529	0
537	553	540	557	525	529	533	0
553	540	557	525	529	533	545	0
540	557	525	529	533	545	560	0
557	525	529	533	545	560	600	0
525	529	533	545	560	600	587	0
529	533	545	560	600	587	623	0
533	545	560	600	587	623	657	0
545	560	600	587	623	657	666	0
560	600	587	623	657	666	548	0
600	587	623	657	666	548	845	0
587	623	657	666	548	845	622	0
623	657	666	548	845	622	600	1
657	666	548	845	622	600	583	0
666	548	845	622	600	583	599	0
548	845	622	600	583	599	549	0
845	622	600	583	599	549	615	0
622	600	583	599	549	615	599	0
600	583	599	549	615	599	510	0
583	599	549	615	599	510	899	0
599	549	615	599	510	899	646	0
549	615	599	510	899	646	603	1
615	599	510	899	646	603	435	0
599	510	899	646	603	435	771	0
510	899	646	603	435	771	552	0
899	646	603	435	771	552	561	1
646	603	435	771	552	561	537	0
603	435	771	552	561	537	614	0
435	771	552	561	537	614	607	0
771	552	561	537	614	607	701	1
552	561	537	614	607	701	591	0
561	537	614	607	701	591	996	0
537	614	607	701	591	996	701	0
614	607	701	591	996	701	552	1
607	701	591	996	701	552	989	0
701	591	996	701	552	989	692	0
591	996	701	552	989	692	646	1
996	701	552	989	692	646	568	0
701	552	989	692	646	568	833	0
552	989	692	646	568	833	646	0
989	692	646	568	833	646	654	1
692	646	568	833	646	654	537	0
646	568	833	646	654	537	1003	0
568	833	646	654	537	1003	689	0
833	646	654	537	1003	689	681	1
646	654	537	1003	689	681	471	0
654	537	1003	689	681	471	1078	0
537	1003	689	681	471	1078	599	0
1003	689	681	471	1078	599	763	1
689	681	471	1078	599	763	673	0
681	471	1078	599	763	673	731	1
471	1078	599	763	673	731	533	0
1078	599	763	673	731	533	993	0
599	763	673	731	533	993	657	0
763	673	731	533	993	657	564	1
673	731	533	993	657	564	744	0
731	533	993	657	564	744	634	0
533	993	657	564	744	634	673	1
993	657	564	744	634	673	556	0
657	564	744	634	673	556	779	0
564	744	634	673	556	779	614	0
744	634	673	556	779	614	670	1
634	673	556	779	614	670	579	0
673	556	779	614	670	579	798	0
556	779	614	670	579	798	623	0
779	614	670	579	798	623	610	1
614	670	579	798	623	610	608	0
670	579	798	623	610	608	630	0
579	798	623	610	608	630	615	0
798	623	610	608	630	615	622	0
623	610	608	630	615	622	588	0
610	608	630	615	622	588	568	0
608	630	615	622	588	568	564	0
630	615	622	588	568	564	568	0
615	622	588	568	564	568	576	0
622	588	568	564	568	576	611	0
588	568	564	568	576	611	673	0
568	564	568	576	611	673	708	0
564	568	576	611	673	708	681	0
568	576	611	673	708	681	685	0
576	611	673	708	681	685	611	0
611	673	708	681	685	611	899	0
673	708	681	685	611	899	661	0
708	681	685	611	899	661	666	1
681	685	611	899	661	666	575	0
685	611	899	661	666	575	829	0
611	899	661	666	575	829	623	0
899	661	666	575	829	623	595	1
661	666	575	829	623	595	557	0
666	575	829	623	595	557	540	0
575	829	623	595	557	540	537	0
829	623	595	557	540	537	533	0
623	595	557	540	537	533	537	0
595	557	540	537	533	537	569	0
557	540	537	533	537	569	642	0
540	537	533	537	569	642	704	0
537	533	537	569	642	704	724	0
533	537	569	642	704	724	754	0
537	569	642	704	724	754	561	0
569	642	704	724	754	561	1031	0
642	704	724	754	561	1031	673	0
704	724	754	561	1031	673	619	1
724	754	561	1031	673	619	646	0
754	561	1031	673	619	646	607	0
561	1031	673	619	646	607	614	0
1031	673	619	646	607	614	670	0
673	619	646	607	614	670	583	0
619	646	607	614	670	583	845	0
646	607	614	670	583	845	634	0
607	614	670	583	845	634	591	1
614	670	583	845	634	591	592	0
670	583	845	634	591	592	447	0
583	845	634	591	592	447	845	0
845	634	591	592	447	845	603	0
634	591	592	447	845	603	615	1
591	592	447	845	603	615	630	0
592	447	845	603	615	630	412	0
447	845	603	615	630	412	1004	0
845	603	615	630	412	1004	627	0
603	615	630	412	1004	627	626	1
615	630	412	1004	627	626	494	0
630	412	1004	627	626	494	996	0
412	1004	627	626	494	996	697	0
1004	627	626	494	996	697	611	1
627	626	494	996	697	611	755	0
626	494	996	697	611	755	614	0
494	996	697	611	755	614	654	1
996	697	611	755	614	654	619	0
697	611	755	614	654	619	797	0
611	755	614	654	619	797	681	0
755	614	654	619	797	681	677	1
614	654	619	797	681	677	592	0
654	619	797	681	677	592	693	0
619	797	681	677	592	693	665	0
797	681	677	592	693	665	704	1
681	677	592	693	665	704	693	0
677	592	693	665	704	693	731	0
592	693	665	704	693	731	751	0
693	665	704	693	731	751	767	0
665	704	693	731	751	767	700	0
704	693	731	751	767	700	747	0
693	731	751	767	700	747	767	0
731	751	767	700	747	767	809	0
751	767	700	747	767	809	739	0
767	700	747	767	809	739	775	0
700	747	767	809	739	775	809	0
747	767	809	739	775	809	825	0
767	809	739	775	809	825	529	0
809	739	775	809	825	529	1020	0
739	775	809	825	529	1020	696	0
775	809	825	529	1020	696	615	1
809	825	529	1020	696	615	848	0
825	529	1020	696	615	848	662	0
529	1020	696	615	848	662	716	1
1020	696	615	848	662	716	572	0
696	615	848	662	716	572	1085	0
615	848	662	716	572	1085	720	0
848	662	716	572	1085	720	591	1
662	716	572	1085	720	591	1055	0
716	572	1085	720	591	1055	731	0
572	1085	720	591	1055	731	674	1
1085	720	591	1055	731	674	490	0
720	591	1055	731	674	490	1047	0
591	1055	731	674	490	1047	727	0
1055	731	674	490	1047	727	561	1
731	674	490	1047	727	561	1007	0
674	490	1047	727	561	1007	677	0
490	1047	727	561	1007	677	592	1
1047	727	561	1007	677	592	716	0
727	561	1007	677	592	716	626	0
561	1007	677	592	716	626	607	1
1007	677	592	716	626	607	537	0
677	592	716	626	607	537	856	0
592	716	626	607	537	856	666	0
716	626	607	537	856	666	630	1
626	607	537	856	666	630	603	0
607	537	856	666	630	603	914	0
537	856	666	630	603	914	709	0
856	666	630	603	914	709	766	1
666	630	603	914	709	766	529	0
630	603	914	709	766	529	1109	0
603	914	709	766	529	1109	759	0
914	709	766	529	1109	759	556	1
709	766	529	1109	759	556	1004	0
766	529	1109	759	556	1004	677	0
529	1109	759	556	1004	677	697	1
1109	759	556	1004	677	697	572	0
759	556	1004	677	697	572	1027	0
556	1004	677	697	572	1027	739	0
1004	677	697	572	1027	739	561	1
677	697	572	1027	739	561	996	0
697	572	1027	739	561	996	704	0
572	1027	739	561	996	704	584	1
1027	739	561	996	704	584	770	0
739	561	996	704	584	770	619	0
561	996	704	584	770	619	599	1
996	704	584	770	619	599	529	0
704	584	770	619	599	529	747	0
584	770	619	599	529	747	697	0
770	619	599	529	747	697	739	1
619	599	529	747	697	739	595	0
599	529	747	697	739	595	1152	0
529	747	697	739	595	1152	848	0
747	697	739	595	1152	848	541	1
697	739	595	1152	848	541	1086	0
739	595	1152	848	541	1086	716	0
595	1152	848	541	1086	716	584	1
1152	848	541	1086	716	584	941	0
848	541	1086	716	584	941	693	0
541	1086	716	584	941	693	615	1
1086	716	584	941	693	615	751	0
716	584	941	693	615	751	653	0
584	941	693	615	751	653	576	1
941	693	615	751	653	576	907	0
693	615	751	653	576	907	677	0
615	751	653	576	907	677	716	1
751	653	576	907	677	716	564	0
653	576	907	677	716	564	1062	0
576	907	677	716	564	1062	732	0
907	677	716	564	1062	732	595	1
677	716	564	1062	732	595	922	0
716	564	1062	732	595	922	708	0
564	1062	732	595	922	708	631	1
1062	732	595	922	708	631	844	0
732	595	922	708	631	844	673	0
595	922	708	631	844	673	673	1
922	708	631	844	673	673	572	0
708	631	844	673	673	572	973	0
631	844	673	673	572	973	712	0
844	673	673	572	973	712	673	1
673	673	572	973	712	673	580	0
673	572	973	712	673	580	848	0
572	973	712	673	580	848	674	0
973	712	673	580	848	674	661	1
712	673	580	848	674	661	580	0
673	580	848	674	661	580	720	0
580	848	674	661	580	720	673	0
848	674	661	580	720	673	716	1
674	661	580	720	673	716	692	0
661	580	720	673	716	692	767	0
580	720	673	716	692	767	801	0
720	673	716	692	767	801	755	0
673	716	692	767	801	755	716	0
716	692	767	801	755	716	724	0
692	767	801	755	716	724	731	0
767	801	755	716	724	731	674	0
801	755	716	724	731	674	587	0
755	716	724	731	674	587	755	0
716	724	731	674	587	755	658	0
724	731	674	587	755	658	653	1
731	674	587	755	658	653	526	0
674	587	755	658	653	526	825	0
587	755	658	653	526	825	649	0
755	658	653	526	825	649	650	1
658	653	526	825	649	650	701	0
653	526	825	649	650	701	750	0
526	825	649	650	701	750	783	0
825	649	650	701	750	783	817	0
649	650	701	750	783	817	525	0
650	701	750	783	817	525	1062	0
701	750	783	817	525	1062	693	0
750	783	817	525	1062	693	673	1
783	817	525	1062	693	673	634	0
817	525	1062	693	673	634	670	0
525	1062	693	673	634	670	715	0
1062	693	673	634	670	715	806	0
693	673	634	670	715	806	549	0
673	634	670	715	806	549	1132	0
634	670	715	806	549	1132	747	0
670	715	806	549	1132	747	556	1
715	806	549	1132	747	556	907	0
806	549	1132	747	556	907	669	0
549	1132	747	556	907	669	681	1
1132	747	556	907	669	681	576	0
747	556	907	669	681	576	922	0
556	907	669	681	576	922	662	0
907	669	681	576	922	662	692	1
669	681	576	922	662	692	568	0
681	576	922	662	692	568	1051	0
576	922	662	692	568	1051	720	0
922	662	692	568	1051	720	560	1
662	692	568	1051	720	560	774	0
692	568	1051	720	560	774	615	0
568	1051	720	560	774	615	580	1
1051	720	560	774	615	580	568	0
720	560	774	615	580	568	560	0
560	774	615	580	568	560	572	0
774	615	580	568	560	572	600	0
615	580	568	560	572	600	712	0
580	568	560	572	600	712	723	0
568	560	572	600	712	723	572	0
560	572	600	712	723	572	997	0
572	600	712	723	572	997	719	0
600	712	723	572	997	719	631	1
712	723	572	997	719	631	747	0
723	572	997	719	631	747	653	0
572	997	719	631	747	653	681	1
997	719	631	747	653	681	596	0
719	631	747	653	681	596	899	0
631	747	653	681	596	899	665	0
747	653	681	596	899	665	696	1
653	681	596	899	665	696	572	0
681	596	899	665	696	572	1016	0
596	899	665	696	572	1016	728	0
899	665	696	572	1016	728	587	1
665	696	572	1016	728	587	911	0
696	572	1016	728	587	911	673	0
572	1016	728	587	911	673	692	1
1016	728	587	911	673	692	572	0
728	587	911	673	692	572	950	0
587	911	673	692	572	950	677	0
911	673	692	572	950	677	689	1
673	692	572	950	677	689	579	0
692	572	950	677	689	579	1020	0
572	950	677	689	579	1020	704	0
950	677	689	579	1020	704	595	1
677	689	579	1020	704	595	965	0
689	579	1020	704	595	965	712	0
579	1020	704	595	965	712	611	1
1020	704	595	965	712	611	946	0
704	595	965	712	611	946	708	0
595	965	712	611	946	708	650	1
965	712	611	946	708	650	914	0
712	611	946	708	650	914	697	0
611	946	708	650	914	697	735	1
946	708	650	914	697	735	568	0
708	650	914	697	735	568	1008	0
650	914	697	735	568	1008	700	0
914	697	735	568	1008	700	697	1
697	735	568	1008	700	697	498	0
735	568	1008	700	697	498	1039	0
568	1008	700	697	498	1039	700	0
1008	700	697	498	1039	700	662	1
700	697	498	1039	700	662	595	0
697	498	1039	700	662	595	806	0
498	1039	700	662	595	806	677	0
1039	700	662	595	806	677	704	1
700	662	595	806	677	704	591	0
662	595	806	677	704	591	895	0
595	806	677	704	591	895	681	0
806	677	704	591	895	681	716	1
677	704	591	895	681	716	685	0
704	591	895	681	716	685	708	0
591	895	681	716	685	708	724	0
895	681	716	685	708	724	755	0
681	716	685	708	724	755	595	0
716	685	708	724	755	595	985	0
685	708	724	755	595	985	715	0
708	724	755	595	985	715	681	1
724	755	595	985	715	681	670	0
755	595	985	715	681	670	677	0
595	985	715	681	670	677	735	0
985	715	681	670	677	735	809	0
715	681	670	677	735	809	557	0
681	670	677	735	809	557	1085	0
670	677	735	809	557	1085	709	0
677	735	809	557	1085	709	618	1
735	809	557	1085	709	618	759	0
809	557	1085	709	618	759	634	0
557	1085	709	618	759	634	619	1
1085	709	618	759	634	619	623	0
709	618	759	634	619	623	525	0
618	759	634	619	623	525	1035	0
759	634	619	623	525	1035	724	0
634	619	623	525	1035	724	700	1
619	623	525	1035	724	700	580	0
623	525	1035	724	700	580	1008	0
525	1035	724	700	580	1008	751	0
1035	724	700	580	1008	751	614	1
724	700	580	1008	751	614	1016	0
700	580	1008	751	614	1016	743	0
580	1008	751	614	1016	743	615	1
1008	751	614	1016	743	615	918	0
751	614	1016	743	615	918	747	0
614	1016	743	615	918	747	697	1
1016	743	615	918	747	697	805	0
743	615	918	747	697	805	736	0
615	918	747	697	805	736	879	1
918	747	697	805	736	879	529	0
747	697	805	736	879	529	1206	0
697	805	736	879	529	1206	810	0
805	736	879	529	1206	810	564	1
736	879	529	1206	810	564	996	0
879	529	1206	810	564	996	708	0
529	1206	810	564	996	708	701	1
1206	810	564	996	708	701	688	0
810	564	996	708	701	688	743	0
564	996	708	701	688	743	841	0
996	708	701	688	743	841	895	0
708	701	688	743	841	895	549	0
701	688	743	841	895	549	1163	0
688	743	841	895	549	1163	821	0
743	841	895	549	1163	821	545	1
841	895	549	1163	821	545	1214	0
895	549	1163	821	545	1214	790	0
549	1163	821	545	1214	790	735	1
1163	821	545	1214	790	735	525	0
821	545	1214	790	735	525	1094	0
545	1214	790	735	525	1094	708	0
1214	790	735	525	1094	708	696	1
790	735	525	1094	708	696	557	0
735	525	1094	708	696	557	1105	0
525	1094	708	696	557	1105	770	0
1094	708	696	557	1105	770	728	1
708	696	557	1105	770	728	556	0
696	557	1105	770	728	556	1156	0
557	1105	770	728	556	1156	798	0
1105	770	728	556	1156	798	552	1
770	728	556	1156	798	552	1097	0
728	556	1156	798	552	1097	732	0
556	1156	798	552	1097	732	591	1
1156	798	552	1097	732	591	1082	0
798	552	1097	732	591	1082	821	0
552	1097	732	591	1082	821	603	1
1097	732	591	1082	821	603	1086	0
732	591	1082	821	603	1086	832	0
591	1082	821	603	1086	832	545	1
1082	821	603	1086	832	545	1210	0
821	603	1086	832	545	1210	786	0
603	1086	832	545	1210	786	553	1
1086	832	545	1210	786	553	1078	0
832	545	1210	786	553	1078	774	0
545	1210	786	553	1078	774	728	1
1210	786	553	1078	774	728	537	0
786	553	1078	774	728	537	1284	0
553	1078	774	728	537	1284	614	0
1078	774	728	537	1284	614	1148	1
774	728	537	1284	614	1148	767	0
728	537	1284	614	1148	767	560	1
537	1284	614	1148	767	560	1129	0
1284	614	1148	767	560	1129	758	0
614	1148	767	560	1129	758	755	1
1148	767	560	1129	758	755	525	0
767	560	1129	758	755	525	1183	0
560	1129	758	755	525	1183	740	0
1129	758	755	525	1183	740	743	1
758	755	525	1183	740	743	521	0
755	525	1183	740	743	521	1214	0
525	1183	740	743	521	1214	767	0
1183	740	743	521	1214	767	751	1
740	743	521	1214	767	751	762	0
743	521	1214	767	751	762	977	0
521	1214	767	751	762	977	864	0
1214	767	751	762	977	864	506	0
767	751	762	977	864	506	1253	0
751	762	977	864	506	1253	754	0
762	977	864	506	1253	754	748	1
977	864	506	1253	754	748	513	0
864	506	1253	754	748	513	1117	0
506	1253	754	748	513	1117	708	0
1253	754	748	513	1117	708	662	1
754	748	513	1117	708	662	1000	0
748	513	1117	708	662	1000	844	0
513	1117	708	662	1000	844	654	1
1117	708	662	1000	844	654	1035	0
708	662	1000	844	654	1035	801	0
662	1000	844	654	1035	801	751	1
1000	844	654	1035	801	751	541	0
844	654	1035	801	751	541	1160	0
654	1035	801	751	541	1160	766	0
1035	801	751	541	1160	766	700	1
801	751	541	1160	766	700	541	0
751	541	1160	766	700	541	1078	0
541	1160	766	700	541	1078	724	0
1160	766	700	541	1078	724	712	1
766	700	541	1078	724	712	545	0
700	541	1078	724	712	545	1101	0
541	1078	724	712	545	1101	770	0
1078	724	712	545	1101	770	705	1
724	712	545	1101	770	705	544	0
712	545	1101	770	705	544	1086	0
545	1101	770	705	544	1086	739	0
1101	770	705	544	1086	739	740	1
770	705	544	1086	739	740	533	0
705	544	1086	739	740	533	1109	0
544	1086	739	740	533	1109	727	0
1086	739	740	533	1109	727	704	1
739	740	533	1109	727	704	553	0
740	533	1109	727	704	553	988	0
533	1109	727	704	553	988	716	0
1109	727	704	553	988	716	685	1
727	704	553	988	716	685	572	0
704	553	988	716	685	572	1020	0
553	988	716	685	572	1020	731	0
988	716	685	572	1020	731	708	1
716	685	572	1020	731	708	541	0
685	572	1020	731	708	541	1078	0
572	1020	731	708	541	1078	759	0
1020	731	708	541	1078	759	692	1
731	708	541	1078	759	692	568	0
708	541	1078	759	692	568	996	0
541	1078	759	692	568	996	724	0
1078	759	692	568	996	724	701	1
759	692	568	996	724	701	618	0
692	568	996	724	701	618	899	0
568	996	724	701	618	899	716	0
996	724	701	618	899	716	716	1
724	701	618	899	716	716	728	0
701	618	899	716	716	728	747	0
618	899	716	716	728	747	805	0
899	716	716	728	747	805	778	0
716	716	728	747	805	778	565	0
716	728	747	805	778	565	1116	0
728	747	805	778	565	1116	775	0
747	805	778	565	1116	775	595	1
805	778	565	1116	775	595	953	0
778	565	1116	775	595	953	697	0
565	1116	775	595	953	697	673	1
1116	775	595	953	697	673	584	0
775	595	953	697	673	584	949	0
595	953	697	673	584	949	708	0
953	697	673	584	949	708	736	1
697	673	584	949	708	736	579	0
673	584	949	708	736	579	1164	0
584	949	708	736	579	1164	755	0
949	708	736	579	1164	755	591	1
708	736	579	1164	755	591	1058	0
736	579	1164	755	591	1058	763	0
579	1164	755	591	1058	763	728	1
1164	755	591	1058	763	728	529	0
755	591	1058	763	728	529	1101	0
591	1058	763	728	529	1101	755	0
1058	763	728	529	1101	755	712	1
763	728	529	1101	755	712	529	0
728	529	1101	755	712	529	1101	0
529	1101	755	712	529	1101	724	0
1101	755	712	529	1101	724	681	1
755	712	529	1101	724	681	537	0
712	529	1101	724	681	537	1058	0
529	1101	724	681	537	1058	751	0
1101	724	681	537	1058	751	747	1
724	681	537	1058	751	747	518	0
681	537	1058	751	747	518	1276	0
537	1058	751	747	518	1276	642	0
1058	751	747	518	1276	642	1117	1
751	747	518	1276	642	1117	763	0
747	518	1276	642	1117	763	579	1
518	1276	642	1117	763	579	1012	0
1276	642	1117	763	579	1012	716	0
642	1117	763	579	1012	716	595	1
1117	763	579	1012	716	595	1004	0
763	579	1012	716	595	1004	704	0
579	1012	716	595	1004	704	642	1
1012	716	595	1004	704	642	1000	0
716	595	1004	704	642	1000	775	0
595	1004	704	642	1000	775	755	1
1004	704	642	1000	775	755	521	0
704	642	1000	775	755	521	1230	0
642	1000	775	755	521	1230	805	0
1000	775	755	521	1230	805	724	1
775	755	521	1230	805	724	786	0
755	521	1230	805	724	786	817	0
521	1230	805	724	786	817	817	0
1230	805	724	786	817	817	588	0
805	724	786	817	817	588	1011	0
724	786	817	817	588	1011	740	0
786	817	817	588	1011	740	591	1
817	817	588	1011	740	591	1008	0
817	588	1011	740	591	1008	774	0
588	1011	740	591	1008	774	564	1
1011	740	591	1008	774	564	1094	0
740	591	1008	774	564	1094	727	0
591	1008	774	564	1094	727	572	1
1008	774	564	1094	727	572	981	0
774	564	1094	727	572	981	700	0
564	1094	727	572	981	700	778	1
1094	727	572	981	700	778	526	0
727	572	981	700	778	526	1233	0
572	981	700	778	526	1233	771	0
981	700	778	526	1233	771	708	1
700	778	526	1233	771	708	747	0
778	526	1233	771	708	747	805	0
526	1233	771	708	747	805	814	0
1233	771	708	747	805	814	653	0
771	708	747	805	814	653	926	0
708	747	805	814	653	926	744	0
747	805	814	653	926	744	618	1
805	814	653	926	744	618	1047	0
814	653	926	744	618	1047	747	0
653	926	744	618	1047	747	580	1
926	744	618	1047	747	580	1046	0
744	618	1047	747	580	1046	716	0
618	1047	747	580	1046	716	592	1
1047	747	580	1046	716	592	984	0
747	580	1046	716	592	984	728	0
580	1046	716	592	984	728	646	1
1046	716	592	984	728	646	809	0
716	592	984	728	646	809	712	0
592	984	728	646	809	712	798	1
984	728	646	809	712	798	545	0
728	646	809	712	798	545	1136	0
646	809	712	798	545	1136	731	0
809	712	798	545	1136	731	580	1
712	798	545	1136	731	580	895	0
798	545	1136	731	580	895	673	0
545	1136	731	580	895	673	697	1
1136	731	580	895	673	697	583	0
731	580	895	673	697	583	1035	0
580	895	673	697	583	1035	712	0
895	673	697	583	1035	712	615	1
673	697	583	1035	712	615	934	0
697	583	1035	712	615	934	704	0
583	1035	712	615	934	704	771	1
1035	712	615	934	704	771	560	0
712	615	934	704	771	560	1117	0
615	934	704	771	560	1117	727	0
934	704	771	560	1117	727	615	1
704	771	560	1117	727	615	860	0
771	560	1117	727	615	860	669	0
560	1117	727	615	860	669	681	1
1117	727	615	860	669	681	607	0
727	615	860	669	681	607	911	0
615	860	669	681	607	911	700	0
860	669	681	607	911	700	716	1
669	681	607	911	700	716	588	0
681	607	911	700	716	588	895	0
607	911	700	716	588	895	688	0
911	700	716	588	895	688	685	1
700	716	588	895	688	685	669	0
716	588	895	688	685	669	697	0
588	895	688	685	669	697	712	0
895	688	685	669	697	712	747	0
688	685	669	697	712	747	751	0
685	669	697	712	747	751	549	0
669	697	712	747	751	549	1023	0
697	712	747	751	549	1023	697	0
712	747	751	549	1023	697	688	1
747	751	549	1023	697	688	568	0
751	549	1023	697	688	568	872	0
549	1023	697	688	568	872	681	0
1023	697	688	568	872	681	665	1
697	688	568	872	681	665	685	0
688	568	872	681	665	685	755	0
568	872	681	665	685	755	794	0
872	681	665	685	755	794	743	0
681	665	685	755	794	743	595	0
665	685	755	794	743	595	957	0
685	755	794	743	595	957	693	0
755	794	743	595	957	693	669	1
794	743	595	957	693	669	530	0
743	595	957	693	669	530	918	0
595	957	693	669	530	918	673	0
957	693	669	530	918	673	673	1
693	669	530	918	673	673	708	0
