index	i-3	i-2	i-1	i+0	i+1	i+2	i+3	Filter	Time
3	626	942	973	961	907	941	934	0	3502
4	942	973	961	907	941	934	903	0	4409
5	973	961	907	941	934	903	938	0	5350
6	961	907	941	934	903	938	968	0	6284
7	907	941	934	903	938	968	930	0	7187
8	941	934	903	938	968	930	950	0	8125
9	934	903	938	968	930	950	945	0	9093
10	903	938	968	930	950	945	930	0	10023
11	938	968	930	950	945	930	942	0	10973
12	968	930	950	945	930	942	961	0	11918
13	930	950	945	930	942	961	949	0	12848
14	950	945	930	942	961	949	923	0	13790
15	945	930	942	961	949	923	984	0	14751
16	930	942	961	949	923	984	1008	0	15700
17	942	961	949	923	984	1008	1004	0	16623
18	961	949	923	984	1008	1004	1004	0	17607
19	949	923	984	1008	1004	1004	1054	0	18615
20	923	984	1008	1004	1004	1054	965	0	19619
21	984	1008	1004	1004	1054	965	973	0	20623
22	1008	1004	1004	1054	965	973	930	0	21677
23	1004	1004	1054	965	973	930	883	0	22642
24	1004	1054	965	973	930	883	899	0	23615
25	1054	965	973	930	883	899	945	0	24545
26	965	973	930	883	899	945	989	0	25428
27	973	930	883	899	945	989	1004	0	26327
28	930	883	899	945	989	1004	957	0	27272
29	883	899	945	989	1004	957	969	0	28261
30	899	945	989	1004	957	969	953	0	29265
31	945	989	1004	957	969	953	914	0	30222
32	989	1004	957	969	953	914	903	0	31191
33	1004	957	969	953	914	903	903	0	32144
34	957	969	953	914	903	903	887	0	33058
35	969	953	914	903	903	887	903	0	33961
36	953	914	903	903	887	903	934	0	34864
37	914	903	903	887	903	934	894	0	35751
38	903	903	887	903	934	894	907	0	36654
39	903	887	903	934	894	907	934	0	37588
40	887	903	934	894	907	934	922	0	38482
41	903	934	894	907	934	922	930	0	39389
42	934	894	907	934	922	930	957	0	40323
43	894	907	934	922	930	957	938	0	41245
44	907	934	922	930	957	938	907	0	42175
45	934	922	930	957	938	907	937	0	43132
46	922	930	957	938	907	937	930	0	44070
47	930	957	938	907	937	930	911	0	44977
48	957	938	907	937	930	911	934	0	45914
49	938	907	937	930	911	934	953	0	46844
50	907	937	930	911	934	953	930	0	47755
51	937	930	911	934	953	930	949	0	48689
52	930	911	934	953	930	949	911	0	49642
53	911	934	953	930	949	911	891	0	50572
54	934	953	930	949	911	891	883	0	51521
55	953	930	949	911	891	883	880	0	52432
56	930	949	911	891	883	880	863	0	53323
57	949	911	891	883	880	863	915	0	54206
58	911	891	883	880	863	915	934	0	55086
59	891	883	880	863	915	934	887	0	55949
60	883	880	863	915	934	887	918	0	56864
61	880	863	915	934	887	918	922	0	57798
62	863	915	934	887	918	922	911	0	58685
63	915	934	887	918	922	911	918	0	59603
64	934	887	918	922	911	918	911	0	60525
65	887	918	922	911	918	911	895	0	61436
66	918	922	911	918	911	895	918	0	62354
67	922	911	918	911	895	918	945	0	63265
68	911	918	911	895	918	945	942	0	64160
69	918	911	895	918	945	942	938	0	65078
70	911	895	918	945	942	938	976	0	66023
71	895	918	945	942	938	976	973	0	66965
72	918	945	942	938	976	973	957	0	67903
73	945	942	938	976	973	957	989	0	68879
74	942	938	976	973	957	989	980	0	69852
75	938	976	973	957	989	980	954	0	70809
76	976	973	957	989	980	954	964	0	71798
77	973	957	989	980	954	964	954	0	72778
78	957	989	980	954	964	954	926	0	73732
79	989	980	954	964	954	926	922	0	74696
80	980	954	964	954	926	922	957	0	75650
81	954	964	954	926	922	957	934	0	76576
82	964	954	926	922	957	934	922	0	77498
83	954	926	922	957	934	922	961	0	78455
84	926	922	957	934	922	961	934	0	79389
85	922	957	934	922	961	934	907	0	80311
86	957	934	922	961	934	907	918	0	81272
87	934	922	961	934	907	918	918	0	82206
88	922	961	934	907	918	918	891	0	83113
89	961	934	907	918	918	891	892	0	84031
90	934	907	918	918	891	892	918	0	84949
91	907	918	918	891	892	918	906	0	85840
92	918	918	891	892	918	906	888	0	86732
93	918	891	892	918	906	888	918	0	87650
94	891	892	918	906	888	918	926	0	88556
95	892	918	906	888	918	926	887	0	89444
96	918	906	888	918	926	887	907	0	90362
97	906	888	918	926	887	907	914	0	91288
98	888	918	926	887	907	914	891	0	92175
99	918	926	887	907	914	891	891	0	93082
100	926	887	907	914	891	891	938	0	93996
101	887	907	914	891	891	938	934	0	94887
102	907	914	891	891	938	934	910	0	95778
103	914	891	891	938	934	910	942	0	96716
104	891	891	938	934	910	942	942	0	97650
105	891	938	934	910	942	942	883	0	98560
106	938	934	910	942	942	883	875	0	99502
107	934	910	942	942	883	875	864	0	100444
108	910	942	942	883	875	864	860	0	101327
109	942	942	883	875	864	860	876	0	102202
110	942	883	875	864	860	876	891	0	103066
111	883	875	864	860	876	891	879	0	103926
112	875	864	860	876	891	879	895	0	104802
113	864	860	876	891	879	895	907	0	105693
114	860	876	891	879	895	907	894	0	106572
115	876	891	879	895	907	894	915	0	107467
116	891	879	895	907	894	915	934	0	108374
117	879	895	907	894	915	934	902	0	109268
118	895	907	894	915	934	902	973	0	110183
119	907	894	915	934	902	973	957	0	111117
120	894	915	934	902	973	957	942	0	112019
121	915	934	902	973	957	942	946	0	112992
122	934	902	973	957	942	946	961	0	113949
123	902	973	957	942	946	961	961	0	114891
124	973	957	942	946	961	961	941	0	115837
125	957	942	946	961	961	941	985	0	116798
126	942	946	961	961	941	985	988	0	117759
127	946	961	961	941	985	988	965	0	118700
128	961	961	941	985	988	965	973	0	119685
129	961	941	985	988	965	973	977	0	120673
130	941	985	988	965	973	977	980	0	121638
131	985	988	965	973	977	980	953	0	122611
132	988	965	973	977	980	953	993	0	123588
133	965	973	977	980	953	993	1027	0	124568
134	973	977	980	953	993	1027	996	0	125521
135	977	980	953	993	1027	996	1008	0	126514
136	980	953	993	1027	996	1008	1027	0	127541
137	953	993	1027	996	1008	1027	981	0	128537
138	993	1027	996	1008	1027	981	949	0	129545
139	1027	996	1008	1027	981	949	965	0	130572
140	996	1008	1027	981	949	965	942	0	131553
141	1008	1027	981	949	965	942	895	0	132502
142	1027	981	949	965	942	895	894	0	133467
143	981	949	965	942	895	894	899	0	134409
144	949	965	942	895	894	899	891	0	135304
145	965	942	895	894	899	891	880	0	136198
146	942	895	894	899	891	880	922	0	137097
147	895	894	899	891	880	922	942	0	137988
148	894	899	891	880	922	942	898	0	138868
149	899	891	880	922	942	898	930	0	139790
150	891	880	922	942	898	930	950	0	140732
151	880	922	942	898	930	950	922	0	141630
152	922	942	898	930	950	922	918	0	142560
153	942	898	930	950	922	918	969	0	143510
154	898	930	950	922	918	969	957	0	144432
155	930	950	922	918	969	957	922	0	145350
156	950	922	918	969	957	922	421	0	146319
157	922	918	969	957	922	421	1397	0	147276
158	918	969	957	922	421	1397	887	0	148198
159	969	957	922	421	1397	887	852	1	148619
160	957	922	421	1397	887	852	871	0	150016
161	922	421	1397	887	852	871	938	0	150903
162	421	1397	887	852	871	938	938	0	151755
163	1397	887	852	871	938	938	984	0	152626
164	887	852	871	938	938	984	985	0	153564
165	852	871	938	938	984	985	949	0	154502
166	871	938	938	984	985	949	922	0	155486
167	938	938	984	985	949	922	942	0	156471
168	938	984	985	949	922	942	930	0	157420
169	984	985	949	922	942	930	891	0	158342
170	985	949	922	942	930	891	911	0	159284
171	949	922	942	930	891	911	918	0	160214
172	922	942	930	891	911	918	891	0	161105
173	942	930	891	911	918	891	910	0	162016
174	930	891	911	918	891	910	946	0	162934
175	891	911	918	891	910	946	914	0	163825
176	911	918	891	910	946	914	915	0	164735
177	918	891	910	946	914	915	937	0	165681
178	891	910	946	914	915	937	938	0	166595
179	910	946	914	915	937	938	899	0	167510
180	946	914	915	937	938	899	926	0	168447
181	914	915	937	938	899	926	918	0	169385
182	915	937	938	899	926	918	907	0	170284
183	937	938	899	926	918	907	899	0	171210
184	938	899	926	918	907	899	914	0	172128
185	899	926	918	907	899	914	911	0	173035
186	926	918	907	899	914	911	891	0	173934
187	918	907	899	914	911	891	895	0	174848
188	907	899	914	911	891	895	922	0	175759
189	899	914	911	891	895	922	903	0	176650
190	914	911	891	895	922	903	914	0	177545
191	911	891	895	922	903	914	922	0	178467
192	891	895	922	903	914	922	911	0	179370
193	895	922	903	914	922	911	887	0	180284
194	922	903	914	922	911	887	907	0	181206
195	903	914	922	911	887	907	875	0	182117
196	914	922	911	887	907	875	856	0	183004
197	922	911	887	907	875	856	864	0	183911
198	911	887	907	875	856	864	864	0	184786
199	887	907	875	856	864	864	875	0	185642
200	907	875	856	864	864	875	868	0	186506
201	875	856	864	864	875	868	883	0	187370
202	856	864	864	875	868	883	887	0	188245
203	864	864	875	868	883	887	876	0	189113
204	864	875	868	883	887	876	914	0	189996
205	875	868	883	887	876	914	926	0	190883
206	868	883	887	876	914	926	903	0	191759
207	883	887	876	914	926	903	895	0	192673
208	887	876	914	926	903	895	879	0	193599
209	876	914	926	903	895	879	852	0	194502
210	914	926	903	895	879	852	814	0	195397
211	926	903	895	879	852	814	762	0	196276
212	903	895	879	852	814	762	763	0	197128
213	895	879	852	814	762	763	821	0	197942
214	879	852	814	762	763	821	805	0	198704
215	852	814	762	763	821	805	798	0	199467
216	814	762	763	821	805	798	798	0	200288
217	762	763	821	805	798	798	801	0	201093
218	763	821	805	798	798	801	759	0	201891
219	821	805	798	798	801	759	739	0	202689
220	805	798	798	801	759	739	732	0	203490
221	798	798	801	759	739	732	825	0	204249
222	798	801	759	739	732	825	941	0	204988
223	801	759	739	732	825	941	876	0	205720
224	759	739	732	825	941	876	856	0	206545
225	739	732	825	941	876	856	829	0	207486
226	732	825	941	876	856	829	809	0	208362
227	825	941	876	856	829	809	802	0	209218
228	941	876	856	829	809	802	766	0	210047
229	876	856	829	809	802	766	848	0	210856
230	856	829	809	802	766	848	825	0	211658
231	829	809	802	766	848	825	825	0	212424
232	809	802	766	848	825	825	825	0	213272
233	802	766	848	825	825	825	841	0	214097
234	766	848	825	825	825	841	848	0	214922
235	848	825	825	825	841	848	860	0	215747
236	825	825	825	841	848	860	840	0	216588
237	825	825	841	848	860	840	848	0	217436
238	825	841	848	860	840	848	856	0	218296
239	841	848	860	840	848	856	829	0	219136
240	848	860	840	848	856	829	798	0	219984
241	860	840	848	856	829	798	840	0	220840
242	840	848	856	829	798	840	814	0	221669
243	848	856	829	798	840	814	840	0	222467
244	856	829	798	840	814	840	813	0	223307
245	829	798	840	814	840	813	817	0	224121
246	798	840	814	840	813	817	841	0	224961
247	840	814	840	813	817	841	809	0	225774
248	814	840	813	817	841	809	806	0	226591
249	840	813	817	841	809	806	860	0	227432
250	813	817	841	809	806	860	856	0	228241
251	817	841	809	806	860	856	828	0	229047
252	841	809	806	860	856	828	421	0	229907
253	809	806	860	856	828	421	1253	0	230763
254	806	860	856	828	421	1253	377	0	231591
255	860	856	828	421	1253	377	1269	1	232012
256	856	828	421	1253	377	1269	859	0	233265
257	828	421	1253	377	1269	859	868	1	233642
258	421	1253	377	1269	859	868	876	0	234911
259	1253	377	1269	859	868	876	883	0	235770
260	377	1269	859	868	876	883	942	0	236638
261	1269	859	868	876	883	942	941	0	237514
262	859	868	876	883	942	941	911	0	238397
263	868	876	883	942	941	911	930	0	239339
264	876	883	942	941	911	930	949	0	240280
265	883	942	941	911	930	949	903	0	241191
266	942	941	911	930	949	903	906	0	242121
267	941	911	930	949	903	906	907	0	243070
268	911	930	949	903	906	907	903	0	243973
269	930	949	903	906	907	903	867	0	244879
270	949	903	906	907	903	867	891	0	245786
271	903	906	907	903	867	891	895	0	246689
272	906	907	903	867	891	895	899	0	247556
273	907	903	867	891	895	899	911	0	248447
274	903	867	891	895	899	911	934	0	249342
275	867	891	895	899	911	934	953	0	250241
276	891	895	899	911	934	953	907	0	251152
277	895	899	911	934	953	907	914	0	252086
278	899	911	934	953	907	914	883	0	253039
279	911	934	953	907	914	883	864	0	253946
280	934	953	907	914	883	864	875	0	254860
281	953	907	914	883	864	875	860	0	255743
282	907	914	883	864	875	860	806	0	256607
283	914	883	864	875	860	806	829	0	257482
284	883	864	875	860	806	829	856	0	258342
285	864	875	860	806	829	856	883	0	259148
286	875	860	806	829	856	883	895	0	259977
287	860	806	829	856	883	895	868	0	260833
288	806	829	856	883	895	868	420	0	261716
289	829	856	883	895	868	420	1319	0	262611
290	856	883	895	868	420	1319	856	0	263479
291	883	895	868	420	1319	856	852	1	263899
292	895	868	420	1319	856	852	848	0	265218
293	868	420	1319	856	852	848	864	0	266074
294	420	1319	856	852	848	864	852	0	266926
295	1319	856	852	848	864	852	915	0	267774
296	856	852	848	864	852	915	945	0	268638
297	852	848	864	852	915	945	911	0	269490
298	848	864	852	915	945	911	914	0	270405
299	864	852	915	945	911	914	922	0	271350
300	852	915	945	911	914	922	911	0	272261
301	915	945	911	914	922	911	906	0	273175
302	945	911	914	922	911	906	926	0	274097
303	911	914	922	911	906	926	938	0	275008
304	914	922	911	906	926	938	918	0	275914
305	922	911	906	926	938	918	927	0	276840
306	911	906	926	938	918	927	922	0	277778
307	906	926	938	918	927	922	895	0	278696
308	926	938	918	927	922	895	906	0	279623
309	938	918	927	922	895	906	903	0	280545
310	918	927	922	895	906	903	883	0	281440
311	927	922	895	906	903	883	895	0	282346
312	922	895	906	903	883	895	891	0	283249
313	895	906	903	883	895	891	895	0	284132
314	906	903	883	895	891	895	883	0	285027
315	903	883	895	891	895	883	907	0	285918
316	883	895	891	895	883	907	922	0	286813
317	895	891	895	883	907	922	907	0	287696
318	891	895	883	907	922	907	922	0	288603
319	895	883	907	922	907	922	950	0	289525
320	883	907	922	907	922	950	914	0	290432
321	907	922	907	922	950	914	942	0	291354
322	922	907	922	950	914	942	945	0	292304
323	907	922	950	914	942	945	934	0	293218
324	922	950	914	942	945	934	926	0	294160
325	950	914	942	945	934	926	930	0	295105
326	914	942	945	934	926	930	942	0	296039
327	942	945	934	926	930	942	910	0	296965
328	945	934	926	930	942	910	934	0	297895
329	934	926	930	942	910	934	961	0	298837
330	926	930	942	910	934	961	895	0	299747
331	930	942	910	934	961	895	922	0	300681
332	942	910	934	961	895	922	934	0	301642
333	910	934	961	895	922	934	903	0	302537
334	934	961	895	922	934	903	906	0	303459
335	961	895	922	934	903	906	915	0	304393
336	895	922	934	903	906	915	883	0	305296
337	922	934	903	906	915	883	903	0	306202
338	934	903	906	915	883	903	930	0	307117
339	903	906	915	883	903	930	899	0	308000
340	906	915	883	903	930	899	914	0	308903
341	915	883	903	930	899	914	914	0	309833
342	883	903	930	899	914	914	911	0	310732
343	903	930	899	914	914	911	899	0	311646
344	930	899	914	914	911	899	914	0	312560
345	899	914	914	911	899	914	895	0	313471
346	914	914	911	899	914	895	875	0	314370
347	914	911	899	914	895	875	899	0	315284
348	911	899	914	895	875	899	915	0	316179
349	899	914	895	875	899	915	891	0	317054
350	914	895	875	899	915	891	902	0	317953
351	895	875	899	915	891	902	919	0	318868
352	875	899	915	891	902	919	899	0	319759
353	899	915	891	902	919	899	895	0	320661
354	915	891	902	919	899	895	922	0	321580
355	891	902	919	899	895	922	922	0	322479
356	902	919	899	895	922	922	903	0	323374
357	919	899	895	922	922	903	906	0	324296
358	899	895	922	922	903	906	922	0	325218
359	895	922	922	903	906	922	891	0	326121
360	922	922	903	906	922	891	927	0	327027
361	922	903	906	922	891	927	937	0	327949
362	903	906	922	891	927	937	899	0	328840
363	906	922	891	927	937	899	891	0	329767
364	922	891	927	937	899	891	883	0	330704
365	891	927	937	899	891	883	837	0	331603
366	927	937	899	891	883	837	848	0	332494
367	937	899	891	883	837	848	825	0	333377
368	899	891	883	837	848	825	829	0	334214
369	891	883	837	848	825	829	798	0	335062
370	883	837	848	825	829	798	844	0	335887
371	837	848	825	829	798	844	809	0	336716
372	848	825	829	798	844	809	810	0	337514
373	825	829	798	844	809	810	793	0	338358
374	829	798	844	809	810	793	786	0	339167
375	798	844	809	810	793	786	763	0	339977
376	844	809	810	793	786	763	821	0	340770
377	809	810	793	786	763	821	809	0	341556
378	810	793	786	763	821	809	825	0	342319
379	793	786	763	821	809	825	860	0	343140
380	786	763	821	809	825	860	852	0	343949
381	763	821	809	825	860	852	876	0	344774
382	821	809	825	860	852	876	914	0	345634
383	809	825	860	852	876	914	926	0	346486
384	825	860	852	876	914	926	895	0	347362
385	860	852	876	914	926	895	930	0	348276
386	852	876	914	926	895	930	911	0	349202
387	876	914	926	895	930	911	895	0	350097
388	914	926	895	930	911	895	910	0	351027
389	926	895	930	911	895	910	946	0	351938
390	895	930	911	895	910	946	926	0	352833
391	930	911	895	910	946	926	941	0	353743
392	911	895	910	946	926	941	985	0	354689
393	895	910	946	926	941	985	969	0	355615
394	910	946	926	941	985	969	980	0	356556
395	946	926	941	985	969	980	1008	0	357541
396	926	941	985	969	980	1008	973	0	358510
397	941	985	969	980	1008	973	953	0	359490
398	985	969	980	1008	973	953	965	0	360498
399	969	980	1008	973	953	965	969	0	361471
400	980	1008	973	953	965	969	942	0	362424
401	1008	973	953	965	969	942	957	0	363389
402	973	953	965	969	942	957	984	0	364358
403	953	965	969	942	957	984	934	0	365300
404	965	969	942	957	984	934	942	0	366257
405	969	942	957	984	934	942	918	0	367241
406	942	957	984	934	942	918	868	0	368175
407	957	984	934	942	918	868	875	0	369117
408	984	934	942	918	868	875	880	0	370035
409	934	942	918	868	875	880	844	0	370903
410	942	918	868	875	880	844	860	0	371778
411	918	868	875	880	844	860	856	0	372658
412	868	875	880	844	860	856	782	0	373502
413	875	880	844	860	856	782	786	0	374362
414	880	844	860	856	782	786	763	0	375218
415	844	860	856	782	786	763	758	0	376000
416	860	856	782	786	763	758	755	0	376786
417	856	782	786	763	758	755	751	0	377549
418	782	786	763	758	755	751	771	0	378307
419	786	763	758	755	751	771	751	0	379062
420	763	758	755	751	771	751	727	0	379813
421	758	755	751	771	751	727	724	0	380584
422	755	751	771	751	727	724	716	0	381335
423	751	771	751	727	724	716	700	0	382062
424	771	751	727	724	716	700	693	0	382786
425	751	727	724	716	700	693	689	0	383502
426	727	724	716	700	693	689	692	0	384202
427	724	716	700	693	689	692	681	0	384895
428	716	700	693	689	692	681	673	0	385584
429	700	693	689	692	681	673	677	0	386276
430	693	689	692	681	673	677	716	0	386957
431	689	692	681	673	677	716	712	0	387630
432	692	681	673	677	716	712	728	0	388307
433	681	673	677	716	712	728	735	0	389023
434	673	677	716	712	728	735	790	0	389735
435	677	716	712	728	735	790	782	0	390463
436	716	712	728	735	790	782	767	0	391198
437	712	728	735	790	782	767	755	0	391988
438	728	735	790	782	767	755	797	0	392770
439	735	790	782	767	755	797	767	0	393537
440	790	782	767	755	797	767	770	0	394292
441	782	767	755	797	767	770	759	0	395089
442	767	755	797	767	770	759	794	0	395856
443	755	797	767	770	759	794	805	0	396626
444	797	767	770	759	794	805	775	0	397385
445	767	770	759	794	805	775	762	0	398179
446	770	759	794	805	775	762	794	0	398984
447	759	794	805	775	762	794	778	0	399759
448	794	805	775	762	794	778	751	0	400521
449	805	775	762	794	778	751	740	0	401315
450	775	762	794	778	751	740	751	0	402093
451	762	794	778	751	740	751	758	0	402844
452	794	778	751	740	751	758	782	0	403584
453	778	751	740	751	758	782	775	0	404335
454	751	740	751	758	782	775	743	0	405093
455	740	751	758	782	775	743	751	0	405875
456	751	758	782	775	743	751	763	0	406650
457	758	782	775	743	751	763	778	0	407393
458	782	775	743	751	763	778	762	0	408144
459	775	743	751	763	778	762	740	0	408907
460	743	751	763	778	762	740	759	0	409685
461	751	763	778	762	740	759	739	0	410447
462	763	778	762	740	759	739	727	0	411187
463	778	762	740	759	739	727	740	0	411946
464	762	740	759	739	727	740	743	0	412685
465	740	759	739	727	740	743	708	0	413412
466	759	739	727	740	743	708	720	0	414152
467	739	727	740	743	708	720	735	0	414895
468	727	740	743	708	720	735	740	0	415603
469	740	743	708	720	735	740	731	0	416323
470	743	708	720	735	740	731	728	0	417058
471	708	720	735	740	731	728	747	0	417798
472	720	735	740	731	728	747	728	0	418529
473	735	740	731	728	747	728	712	0	419257
474	740	731	728	747	728	712	719	0	420004
475	731	728	747	728	712	719	724	0	420732
476	728	747	728	712	719	724	708	0	421444
477	747	728	712	719	724	708	693	0	422163
478	728	712	719	724	708	693	716	0	422887
479	712	719	724	708	693	716	720	0	423595
480	719	724	708	693	716	720	716	0	424288
481	724	708	693	716	720	716	700	0	425004
482	708	693	716	720	716	700	700	0	425724
483	693	716	720	716	700	700	709	0	426440
484	716	720	716	700	700	709	684	0	427140
485	720	716	700	700	709	684	670	0	427840
486	716	700	700	709	684	670	712	0	428549
487	700	700	709	684	670	712	712	0	429233
488	700	709	684	670	712	712	696	0	429903
489	709	684	670	712	712	696	701	0	430615
490	684	670	712	712	696	701	731	0	431327
491	670	712	712	696	701	731	701	0	432023
492	712	712	696	701	731	701	716	0	432724
493	712	696	701	731	701	716	692	0	433455
494	696	701	731	701	716	692	740	0	434156
495	701	731	701	716	692	740	704	0	434872
496	731	701	716	692	740	704	696	0	435564
497	701	716	692	740	704	696	708	0	436304
498	716	692	740	704	696	708	744	0	437008
499	692	740	704	696	708	744	743	0	437704
500	740	704	696	708	744	743	762	0	438412
501	704	696	708	744	743	762	790	0	439156
502	696	708	744	743	762	790	794	0	439899
503	708	744	743	762	790	794	782	0	440661
504	744	743	762	790	794	782	778	0	441451
505	743	762	790	794	782	778	759	0	442245
506	762	790	794	782	778	759	720	0	443027
507	790	794	782	778	759	720	720	0	443805
508	794	782	778	759	720	720	712	0	444564
509	782	778	759	720	720	712	696	0	445284
510	778	759	720	720	712	696	689	0	446004
511	759	720	720	712	696	689	701	0	446716
512	720	720	712	696	689	701	677	0	447412
513	720	712	696	689	701	677	673	0	448101
514	712	696	689	701	677	673	692	0	448802
515	696	689	701	677	673	692	712	0	449479
516	689	701	677	673	692	712	728	0	450152
517	701	677	673	692	712	728	755	0	450844
518	677	673	692	712	728	755	759	0	451556
519	673	692	712	728	755	759	755	0	452284
520	692	712	728	755	759	755	743	0	453039
521	712	728	755	759	755	743	782	0	453798
522	728	755	759	755	743	782	759	0	454553
523	755	759	755	743	782	759	751	0	455296
524	759	755	743	782	759	751	754	0	456078
525	755	743	782	759	751	754	794	0	456837
526	743	782	759	751	754	794	782	0	457588
527	782	759	751	754	794	782	771	0	458342
528	759	751	754	794	782	771	766	0	459136
529	751	754	794	782	771	766	794	0	459918
530	754	794	782	771	766	794	767	0	460689
531	794	782	771	766	794	767	782	0	461455
532	782	771	766	794	767	782	801	0	462249
533	771	766	794	767	782	801	810	0	463016
534	766	794	767	782	801	810	813	0	463798
535	794	767	782	801	810	813	836	0	464599
536	767	782	801	810	813	836	845	0	465409
537	782	801	810	813	836	845	817	0	466222
538	801	810	813	836	845	817	825	0	467058
539	810	813	836	845	817	825	825	0	467903
540	813	836	845	817	825	825	801	0	468720
541	836	845	817	825	825	801	790	0	469545
542	845	817	825	825	801	790	782	0	470370
543	817	825	825	801	790	782	767	0	471171
544	825	825	801	790	782	767	727	0	471961
545	825	801	790	782	767	727	712	0	472743
546	801	790	782	767	727	712	759	0	473510
547	790	782	767	727	712	759	786	0	474237
548	782	767	727	712	759	786	786	0	474949
549	767	727	712	759	786	786	790	0	475708
550	727	712	759	786	786	790	809	0	476494
551	712	759	786	786	790	809	817	0	477280
552	759	786	786	790	809	817	786	0	478070
553	786	786	790	809	817	786	767	0	478879
554	786	790	809	817	786	767	786	0	479696
555	790	809	817	786	767	786	774	0	480482
556	809	817	786	767	786	774	405	0	481249
557	817	786	767	786	774	405	1101	0	482035
558	786	767	786	774	405	1101	767	0	482809
559	767	786	774	405	1101	767	778	1	483214
560	786	774	405	1101	767	778	735	0	484315
561	774	405	1101	767	778	735	751	0	485082
562	405	1101	767	778	735	751	740	0	485860
563	1101	767	778	735	751	740	754	0	486595
564	767	778	735	751	740	754	806	0	487346
565	778	735	751	740	754	806	798	0	488086
566	735	751	740	754	806	798	786	0	488840
567	751	740	754	806	798	786	801	0	489646
568	740	754	806	798	786	801	813	0	490444
569	754	806	798	786	801	813	806	0	491230
570	806	798	786	801	813	806	794	0	492031
571	798	786	801	813	806	794	778	0	492844
572	786	801	813	806	794	778	797	0	493650
573	801	813	806	794	778	797	771	0	494444
574	813	806	794	778	797	771	743	0	495222
575	806	794	778	797	771	743	771	0	496019
576	794	778	797	771	743	771	766	0	496790
577	778	797	771	743	771	766	774	0	497533
578	797	771	743	771	766	774	755	0	498304
579	771	743	771	766	774	755	782	0	499070
580	743	771	766	774	755	782	786	0	499844
581	771	766	774	755	782	786	771	0	500599
582	766	774	755	782	786	771	774	0	501381
583	774	755	782	786	771	774	786	0	502167
584	755	782	786	771	774	786	782	0	502938
585	782	786	771	774	786	782	771	0	503712
586	786	771	774	786	782	771	801	0	504498
587	771	774	786	782	771	801	813	0	505280
588	774	786	782	771	801	813	817	0	506051
589	786	782	771	801	813	817	822	0	506852
590	782	771	801	813	817	822	856	0	507665
591	771	801	813	817	822	856	848	0	508482
592	801	813	817	822	856	848	836	0	509304
593	813	817	822	856	848	836	852	0	510160
594	817	822	856	848	836	852	814	0	511008
595	822	856	848	836	852	814	821	0	511844
596	856	848	836	852	814	821	809	0	512696
597	848	836	852	814	821	809	751	0	513510
598	836	852	814	821	809	751	735	0	514331
599	852	814	821	809	751	735	751	0	515140
600	814	821	809	751	735	751	771	0	515891
601	821	809	751	735	751	771	809	0	516626
602	809	751	735	751	771	809	782	0	517377
603	751	735	751	771	809	782	806	0	518148
604	735	751	771	809	782	806	829	0	518957
605	751	771	809	782	806	829	836	0	519739
606	771	809	782	806	829	836	821	0	520545
607	809	782	806	829	836	821	829	0	521374
608	782	806	829	836	821	829	844	0	522210
609	806	829	836	821	829	844	849	0	523031
610	829	836	821	829	844	849	828	0	523860
611	836	821	829	844	849	828	833	0	524704
612	821	829	844	849	828	833	848	0	525553
613	829	844	849	828	833	848	849	0	526381
614	844	849	828	833	848	849	821	0	527214
615	849	828	833	848	849	821	832	0	528062
616	828	833	848	849	821	832	821	0	528911
617	833	848	849	821	832	821	810	0	529732
618	848	849	821	832	821	810	789	0	530564
619	849	821	832	821	810	789	790	0	531385
620	821	832	821	810	789	790	833	0	532195
621	832	821	810	789	790	833	805	0	532984
622	821	810	789	790	833	805	798	0	533774
623	810	789	790	833	805	798	802	0	534607
624	789	790	833	805	798	802	797	0	535412
625	790	833	805	798	802	797	782	0	536210
626	833	805	798	802	797	782	798	0	537012
627	805	798	802	797	782	798	813	0	537809
628	798	802	797	782	798	813	798	0	538591
629	802	797	782	798	813	798	782	0	539389
630	797	782	798	813	798	782	790	0	540202
631	782	798	813	798	782	790	782	0	541000
632	798	813	798	782	790	782	755	0	541782
633	813	798	782	790	782	755	751	0	542572
634	798	782	790	782	755	751	805	0	543354
635	782	790	782	755	751	805	790	0	544109
636	790	782	755	751	805	790	790	0	544860
637	782	755	751	805	790	790	786	0	545665
638	755	751	805	790	790	786	798	0	546455
639	751	805	790	790	786	798	790	0	547245
640	805	790	790	786	798	790	790	0	548031
641	790	790	786	798	790	790	793	0	548829
642	790	786	798	790	790	793	817	0	549619
643	786	798	790	790	793	817	794	0	550409
644	798	790	790	793	817	794	767	0	551202
645	790	790	793	817	794	767	755	0	552019
646	790	793	817	794	767	755	751	0	552813
647	793	817	794	767	755	751	723	0	553580
648	817	794	767	755	751	723	716	0	554335
649	794	767	755	751	723	716	712	0	555086
650	767	755	751	723	716	712	740	0	555809
651	755	751	723	716	712	740	700	0	556525
652	751	723	716	712	740	700	693	0	557237
653	723	716	712	740	700	693	731	0	557977
654	716	712	740	700	693	731	704	0	558677
655	712	740	700	693	731	704	716	0	559370
656	740	700	693	731	704	716	712	0	560101
657	700	693	731	704	716	712	724	0	560805
658	693	731	704	716	712	724	743	0	561521
659	731	704	716	712	724	743	751	0	562233
660	704	716	712	724	743	751	747	0	562957
661	716	712	724	743	751	747	748	0	563700
662	712	724	743	751	747	748	735	0	564451
663	724	743	751	747	748	735	774	0	565198
664	743	751	747	748	735	774	755	0	565946
665	751	747	748	735	774	755	739	0	566681
666	747	748	735	774	755	739	716	0	567455
667	748	735	774	755	739	716	732	0	568210
668	735	774	755	739	716	732	731	0	568949
669	774	755	739	716	732	731	709	0	569665
670	755	739	716	732	731	709	712	0	570397
671	739	716	732	731	709	712	731	0	571128
672	716	732	731	709	712	731	720	0	571837
673	732	731	709	712	731	720	716	0	572549
674	731	709	712	731	720	716	708	0	573280
675	709	712	731	720	716	708	732	0	574000
676	712	731	720	716	708	732	774	0	574716
677	731	720	716	708	732	774	743	0	575424
678	720	716	708	732	774	743	771	0	576156
679	716	708	732	774	743	771	766	0	576930
680	708	732	774	743	771	766	747	0	577673
681	732	774	743	771	766	747	413	0	578444
682	774	743	771	766	747	413	1089	0	579210
683	743	771	766	747	413	1089	452	0	579957
684	771	766	747	413	1089	452	1015	1	580370
685	766	747	413	1089	452	1015	704	0	581459
686	747	413	1089	452	1015	704	744	1	581911
687	413	1089	452	1015	704	744	739	0	582926
688	1089	452	1015	704	744	739	727	0	583630
689	452	1015	704	744	739	727	728	0	584374
690	1015	704	744	739	727	728	771	0	585113
691	704	744	739	727	728	771	778	0	585840
692	744	739	727	728	771	778	774	0	586568
693	739	727	728	771	778	774	778	0	587339
694	727	728	771	778	774	778	802	0	588117
695	728	771	778	774	778	802	786	0	588891
696	771	778	774	778	802	786	755	0	589669
697	778	774	778	802	786	755	739	0	590471
698	774	778	802	786	755	739	763	0	591257
699	778	802	786	755	739	763	727	0	592012
700	802	786	755	739	763	727	720	0	592751
701	786	755	739	763	727	720	771	0	593514
702	755	739	763	727	720	771	774	0	594241
703	739	763	727	720	771	774	759	0	594961
704	763	727	720	771	774	759	739	0	595732
705	727	720	771	774	759	739	778	0	596506
706	720	771	774	759	739	778	782	0	597265
707	771	774	759	739	778	782	778	0	598004
708	774	759	739	778	782	778	775	0	598782
709	759	739	778	782	778	775	797	0	599564
710	739	778	782	778	775	797	417	0	600342
711	778	782	778	775	797	417	1109	0	601117
712	782	778	775	797	417	1109	743	0	601914
713	778	775	797	417	1109	743	759	1	602331
714	775	797	417	1109	743	759	712	0	603440
715	797	417	1109	743	759	712	720	0	604183
716	417	1109	743	759	712	720	751	0	604942
717	1109	743	759	712	720	751	750	0	605654
718	743	759	712	720	751	750	736	0	606374
719	759	712	720	751	750	736	739	0	607125
720	712	720	751	750	736	739	763	0	607875
721	720	751	750	736	739	763	727	0	608611
722	751	750	736	739	763	727	720	0	609350
723	750	736	739	763	727	720	744	0	610113
724	736	739	763	727	720	744	754	0	610840
725	739	763	727	720	744	754	732	0	611560
726	763	727	720	744	754	732	708	0	612304
727	727	720	744	754	732	708	755	0	613058
728	720	744	754	732	708	755	731	0	613790
729	744	754	732	708	755	731	728	0	614498
730	754	732	708	755	731	728	728	0	615253
731	732	708	755	731	728	728	723	0	615984
732	708	755	731	728	728	723	681	0	616712
733	755	731	728	728	723	681	697	0	617440
734	731	728	728	723	681	697	700	0	618163
735	728	728	723	681	697	700	697	0	618844
736	728	723	681	697	700	697	727	0	619541
737	723	681	697	700	697	727	759	0	620241
738	681	697	700	697	727	759	778	0	620938
739	697	700	697	727	759	778	779	0	621665
740	700	697	727	759	778	779	766	0	622424
741	697	727	759	778	779	766	751	0	623202
742	727	759	778	779	766	751	767	0	623981
743	759	778	779	766	751	767	735	0	624747
744	778	779	766	751	767	735	755	0	625498
745	779	766	751	767	735	755	735	0	626265
746	766	751	767	735	755	735	771	0	627000
747	751	767	735	755	735	771	797	0	627755
748	767	735	755	735	771	797	775	0	628490
749	735	755	735	771	797	775	786	0	629261
750	755	735	771	797	775	786	793	0	630058
751	735	771	797	775	786	793	798	0	630833
752	771	797	775	786	793	798	767	0	631619
753	797	775	786	793	798	767	778	0	632412
754	775	786	793	798	767	778	840	0	633210
755	786	793	798	767	778	840	821	0	633977
756	793	798	767	778	840	821	821	0	634755
757	798	767	778	840	821	821	814	0	635595
758	767	778	840	821	821	814	766	0	636416
759	778	840	821	821	814	766	767	0	637237
760	840	821	821	814	766	767	747	0	638051
761	821	821	814	766	767	747	774	0	638817
762	821	814	766	767	747	774	809	0	639584
763	814	766	767	747	774	809	790	0	640331
764	766	767	747	774	809	790	755	0	641105
765	767	747	774	809	790	755	747	0	641914
766	747	774	809	790	755	747	806	0	642704
767	774	809	790	755	747	806	778	0	643459
768	809	790	755	747	806	778	755	0	644206
769	790	755	747	806	778	755	747	0	645012
770	755	747	806	778	755	747	782	0	645790
771	747	806	778	755	747	782	747	0	646545
772	806	778	755	747	782	747	732	0	647292
773	778	755	747	782	747	732	743	0	648074
774	755	747	782	747	732	743	723	0	648821
775	747	782	747	732	743	723	740	0	649553
776	782	747	732	743	723	740	735	0	650296
777	747	732	743	723	740	735	786	0	651019
778	732	743	723	740	735	786	786	0	651759
779	743	723	740	735	786	786	786	0	652494
780	723	740	735	786	786	786	806	0	653280
781	740	735	786	786	786	806	817	0	654066
782	735	786	786	786	806	817	801	0	654852
783	786	786	786	806	817	801	825	0	655658
784	786	786	806	817	801	825	817	0	656475
785	786	806	817	801	825	817	814	0	657276
786	806	817	801	825	817	814	805	0	658101
787	817	801	825	817	814	805	825	0	658918
788	801	825	817	814	805	825	829	0	659732
789	825	817	814	805	825	829	809	0	660537
790	817	814	805	825	829	809	794	0	661362
791	814	805	825	829	809	794	805	0	662191
792	805	825	829	809	794	805	806	0	663000
793	825	829	809	794	805	806	778	0	663794
794	829	809	794	805	806	778	786	0	664599
795	809	794	805	806	778	786	798	0	665405
796	794	805	806	778	786	798	801	0	666183
797	805	806	778	786	798	801	802	0	666969
798	806	778	786	798	801	802	813	0	667767
799	778	786	798	801	802	813	825	0	668568
800	786	798	801	802	813	825	790	0	669370
801	798	801	802	813	825	790	790	0	670183
802	801	802	813	825	790	790	782	0	671008
803	802	813	825	790	790	782	770	0	671798
804	813	825	790	790	782	770	782	0	672588
805	825	790	790	782	770	782	774	0	673370
806	790	790	782	770	782	774	775	0	674140
807	790	782	770	782	774	775	762	0	674922
808	782	770	782	774	775	762	755	0	675696
809	770	782	774	775	762	755	771	0	676471
810	782	774	775	762	755	771	770	0	677233
811	774	775	762	755	771	770	747	0	677988
812	775	762	755	771	770	747	751	0	678759
813	762	755	771	770	747	751	771	0	679529
814	755	771	770	747	751	771	766	0	680276
815	771	770	747	751	771	766	743	0	681027
816	770	747	751	771	766	743	755	0	681798
817	747	751	771	766	743	755	759	0	682564
818	751	771	766	743	755	759	716	0	683307
819	771	766	743	755	759	716	720	0	684062
820	766	743	755	759	716	720	762	0	684821
821	743	755	759	716	720	762	751	0	685537
822	755	759	716	720	762	751	744	0	686257
823	759	716	720	762	751	744	727	0	687019
824	716	720	762	751	744	727	767	0	687770
825	720	762	751	744	727	767	751	0	688514
826	762	751	744	727	767	751	755	0	689241
827	751	744	727	767	751	755	727	0	690008
828	744	727	767	751	755	727	751	0	690759
829	727	767	751	755	727	751	712	0	691514
830	767	751	755	727	751	712	712	0	692241
831	751	755	727	751	712	712	697	0	692992
832	755	727	751	712	712	697	716	0	693704
833	727	751	712	712	697	716	692	0	694416
834	751	712	712	697	716	692	693	0	695113
835	712	712	697	716	692	693	712	0	695829
836	712	697	716	692	693	712	724	0	696521
837	697	716	692	693	712	724	724	0	697214
838	716	692	693	712	724	724	700	0	697926
839	692	693	712	724	724	700	700	0	698650
840	693	712	724	724	700	700	724	0	699374
841	712	724	724	700	700	724	693	0	700074
842	724	724	700	700	724	693	692	0	700774
843	724	700	700	724	693	692	708	0	701498
844	700	700	724	693	692	708	716	0	702191
845	700	724	693	692	708	716	697	0	702883
846	724	693	692	708	716	697	696	0	703591
847	693	692	708	716	697	696	709	0	704307
848	692	708	716	697	696	709	716	0	705004
849	708	716	697	696	709	716	688	0	705700
850	716	697	696	709	716	688	697	0	706409
851	697	696	709	716	688	697	700	0	707125
852	696	709	716	688	697	700	697	0	707813
853	709	716	688	697	700	697	684	0	708510
854	716	688	697	700	697	684	716	0	709210
855	688	697	700	697	684	716	728	0	709907
856	697	700	697	684	716	728	697	0	710591
857	700	697	684	716	728	697	708	0	711307
858	697	684	716	728	697	708	739	0	712035
859	684	716	728	697	708	739	739	0	712732
860	716	728	697	708	739	739	693	0	713440
861	728	697	708	739	739	693	704	0	714179
862	697	708	739	739	693	704	685	0	714918
863	708	739	739	693	704	685	673	0	715611
864	739	739	693	704	685	673	677	0	716315
865	739	693	704	685	673	677	693	0	717000
866	693	704	685	673	677	693	685	0	717673
867	704	685	673	677	693	685	719	0	718350
868	685	673	677	693	685	719	736	0	719043
869	673	677	693	685	719	736	724	0	719728
870	677	693	685	719	736	724	688	0	720447
871	693	685	719	736	724	688	720	0	721183
872	685	719	736	724	688	720	728	0	721907
873	719	736	724	688	720	728	751	0	722595
874	736	724	688	720	728	751	696	0	723315
875	724	688	720	728	751	696	740	0	724043
876	688	720	728	751	696	740	754	0	724794
877	720	728	751	696	740	754	763	0	725490
878	728	751	696	740	754	763	755	0	726230
879	751	696	740	754	763	755	782	0	726984
880	696	740	754	763	755	782	790	0	727747
881	740	754	763	755	782	790	790	0	728502
882	754	763	755	782	790	790	759	0	729284
883	763	755	782	790	790	759	708	0	730074
884	755	782	790	790	759	708	716	0	730864
885	782	790	790	759	708	716	762	0	731623
886	790	790	759	708	716	762	767	0	732331
887	790	759	708	716	762	767	739	0	733047
888	759	708	716	762	767	739	732	0	733809
889	708	716	762	767	739	732	762	0	734576
890	716	762	767	739	732	762	740	0	735315
891	762	767	739	732	762	740	712	0	736047
892	767	739	732	762	740	712	700	0	736809
893	739	732	762	740	712	700	739	0	737549
894	732	762	740	712	700	739	720	0	738261
895	762	740	712	700	739	720	720	0	738961
896	740	712	700	739	720	720	735	0	739700
897	712	700	739	720	720	735	740	0	740420
898	700	739	720	720	735	740	743	0	741140
899	739	720	720	735	740	743	389	0	741875
900	720	720	735	740	743	389	1074	0	742615
901	720	735	740	743	389	1074	724	0	743358
902	735	740	743	389	1074	724	755	1	743747
903	740	743	389	1074	724	755	727	0	744821
904	743	389	1074	724	755	727	767	0	745545
905	389	1074	724	755	727	767	747	0	746300
906	1074	724	755	727	767	747	720	0	747027
907	724	755	727	767	747	720	424	0	747794
908	755	727	767	747	720	424	1117	0	748541
909	727	767	747	720	424	1117	719	0	749261
910	767	747	720	424	1117	719	755	1	749685
911	747	720	424	1117	719	755	751	0	750802
912	720	424	1117	719	755	751	708	0	751521
913	424	1117	719	755	751	708	401	0	752276
914	1117	719	755	751	708	401	1070	0	753027
915	719	755	751	708	401	1070	747	0	753735
916	755	751	708	401	1070	747	1098	1	754136
917	751	708	401	1070	747	1098	1015	0	755206
918	708	401	1070	747	1098	1015	1016	0	755953
919	401	1070	747	1098	1015	1016	969	0	757051
920	1070	747	1098	1015	1016	969	918	0	758066
921	747	1098	1015	1016	969	918	868	0	759082
922	1098	1015	1016	969	918	868	824	0	760051
923	1015	1016	969	918	868	824	798	0	760969
924	1016	969	918	868	824	798	774	0	761837
925	969	918	868	824	798	774	736	0	762661
926	918	868	824	798	774	736	766	0	763459
927	868	824	798	774	736	766	783	0	764233
928	824	798	774	736	766	783	801	0	764969
929	798	774	736	766	783	801	778	0	765735
930	774	736	766	783	801	778	794	0	766518
931	736	766	783	801	778	794	813	0	767319
932	766	783	801	778	794	813	837	0	768097
933	783	801	778	794	813	837	860	0	768891
934	801	778	794	813	837	860	856	0	769704
935	778	794	813	837	860	856	860	0	770541
936	794	813	837	860	856	860	848	0	771401
937	813	837	860	856	860	848	840	0	772257
938	837	860	856	860	848	840	849	0	773117
939	860	856	860	848	840	849	840	0	773965
940	856	860	848	840	849	840	806	0	774805
941	860	848	840	849	840	806	805	0	775654
942	848	840	849	840	806	805	817	0	776494
943	840	849	840	806	805	817	813	0	777300
944	849	840	806	805	817	813	794	0	778105
945	840	806	805	817	813	794	794	0	778922
946	806	805	817	813	794	794	802	0	779735
947	805	817	813	794	794	802	782	0	780529
948	817	813	794	794	802	782	754	0	781323
949	813	794	794	802	782	754	771	0	782125
950	794	794	802	782	754	771	782	0	782907
951	794	802	782	754	771	782	782	0	783661
952	802	782	754	771	782	782	767	0	784432
953	782	754	771	782	782	767	747	0	785214
954	754	771	782	782	767	747	778	0	785996
955	771	782	782	767	747	778	759	0	786763
956	782	782	767	747	778	759	747	0	787510
957	782	767	747	778	759	747	724	0	788288
958	767	747	778	759	747	724	743	0	789047
959	747	778	759	747	724	743	758	0	789794
960	778	759	747	724	743	758	748	0	790518
961	759	747	724	743	758	748	719	0	791261
962	747	724	743	758	748	719	732	0	792019
963	724	743	758	748	719	732	751	0	792767
964	743	758	748	719	732	751	751	0	793486
965	758	748	719	732	751	751	708	0	794218
966	748	719	732	751	751	708	712	0	794969
967	719	732	751	751	708	712	739	0	795720
968	732	751	751	708	712	739	744	0	796428
969	751	751	708	712	739	744	727	0	797140
970	751	708	712	739	744	727	712	0	797879
971	708	712	739	744	727	712	724	0	798623
972	712	739	744	727	712	724	716	0	799350
973	739	744	727	712	724	716	700	0	800062
974	744	727	712	724	716	700	693	0	800786
975	727	712	724	716	700	693	712	0	801502
976	712	724	716	700	693	712	724	0	802202
977	724	716	700	693	712	724	712	0	802895
978	716	700	693	712	724	712	692	0	803607
979	700	693	712	724	712	692	693	0	804331
980	693	712	724	712	692	693	728	0	805043
981	712	724	712	692	693	728	727	0	805735
982	724	712	692	693	728	727	716	0	806428
983	712	692	693	728	727	716	712	0	807156
984	692	693	728	727	716	712	747	0	807883
985	693	728	727	716	712	747	771	0	808599
986	728	727	716	712	747	771	735	0	809311
987	727	716	712	747	771	735	697	0	810058
988	716	712	747	771	735	697	681	0	810829
989	712	747	771	735	697	681	700	0	811564
990	747	771	735	697	681	700	677	0	812261
991	771	735	697	681	700	677	677	0	812942
992	735	697	681	700	677	677	704	0	813642
993	697	681	700	677	677	704	705	0	814319
994	681	700	677	677	704	705	708	0	814996
995	700	677	677	704	705	708	708	0	815700
996	677	677	704	705	708	708	704	0	816405
997	677	704	705	708	708	704	670	0	817113
998	704	705	708	708	704	670	677	0	817821
999	705	708	708	704	670	677	677	0	818525
1000	708	708	704	670	677	677	681	0	819195
1001	708	704	670	677	677	681	688	0	819872
1002	704	670	677	677	681	688	689	0	820549
1003	670	677	677	681	688	689	685	0	821230
1004	677	677	681	688	689	685	681	0	821918
1005	677	681	688	689	685	681	723	0	822607
1006	681	688	689	685	681	723	732	0	823292
1007	688	689	685	681	723	732	724	0	823973
1008	689	685	681	723	732	724	712	0	824696
1009	685	681	723	732	724	712	739	0	825428
1010	681	723	732	724	712	739	720	0	826152
1011	723	732	724	712	739	720	743	0	826864
1012	732	724	712	739	720	743	712	0	827603
1013	724	712	739	720	743	712	724	0	828323
1014	712	739	720	743	712	724	751	0	829066
1015	739	720	743	712	724	751	728	0	829778
1016	720	743	712	724	751	728	715	0	830502
1017	743	712	724	751	728	715	732	0	831253
1018	712	724	751	728	715	732	778	0	831981
1019	724	751	728	715	732	778	771	0	832696
1020	751	728	715	732	778	771	762	0	833428
1021	728	715	732	778	771	762	779	0	834206
1022	715	732	778	771	762	779	778	0	834977
1023	732	778	771	762	779	778	782	0	835739
1024	778	771	762	779	778	782	762	0	836518
1025	771	762	779	778	782	762	771	0	837296
1026	762	779	778	782	762	771	731	0	838078
1027	779	778	782	762	771	731	763	0	838840
1028	778	782	762	771	731	763	747	0	839611
1029	782	762	771	731	763	747	716	0	840342
1030	762	771	731	763	747	716	732	0	841105
1031	771	731	763	747	716	732	400	0	841852
1032	731	763	747	716	732	400	1090	0	842568
1033	763	747	716	732	400	1090	716	0	843300
1034	747	716	732	400	1090	716	727	1	843700
1035	716	732	400	1090	716	727	751	0	844790
1036	732	400	1090	716	727	751	724	0	845506
1037	400	1090	716	727	751	724	712	0	846233
1038	1090	716	727	751	724	712	728	0	846984
1039	716	727	751	724	712	728	763	0	847708
1040	727	751	724	712	728	763	739	0	848420
1041	751	724	712	728	763	739	743	0	849148
1042	724	712	728	763	739	743	743	0	849911
1043	712	728	763	739	743	743	771	0	850650
1044	728	763	739	743	743	771	739	0	851393
1045	763	739	743	743	771	739	755	0	852136
1046	739	743	743	771	739	755	751	0	852907
1047	743	743	771	739	755	751	735	0	853646
1048	743	771	739	755	751	735	708	0	854401
1049	771	739	755	751	735	708	755	0	855152
1050	739	755	751	735	708	755	701	0	855887
1051	755	751	735	708	755	701	712	0	856595
1052	751	735	708	755	701	712	770	0	857350
1053	735	708	755	701	712	770	747	0	858051
1054	708	755	701	712	770	747	798	0	858763
1055	755	701	712	770	747	798	782	0	859533
1056	701	712	770	747	798	782	801	0	860280
1057	712	770	747	798	782	801	798	0	861078
1058	770	747	798	782	801	798	794	0	861860
1059	747	798	782	801	798	794	731	0	862661
1060	798	782	801	798	794	731	720	0	863459
1061	782	801	798	794	731	720	716	0	864253
1062	801	798	794	731	720	716	732	0	864984
1063	798	794	731	720	716	732	751	0	865704
1064	794	731	720	716	732	751	766	0	866420
1065	731	720	716	732	751	766	771	0	867152
1066	720	716	732	751	766	771	743	0	867903
1067	716	732	751	766	771	743	739	0	868669
1068	732	751	766	771	743	739	767	0	869440
1069	751	766	771	743	739	767	739	0	870183
1070	766	771	743	739	767	739	728	0	870922
1071	771	743	739	767	739	728	708	0	871689
1072	743	739	767	739	728	708	712	0	872428
1073	739	767	739	728	708	712	704	0	873156
1074	767	739	728	708	712	704	681	0	873864
1075	739	728	708	712	704	681	677	0	874576
1076	728	708	712	704	681	677	677	0	875280
1077	708	712	704	681	677	677	681	0	875961
1078	712	704	681	677	677	681	669	0	876638
1079	704	681	677	677	681	669	670	0	877315
1080	681	677	677	681	669	670	669	0	877996
1081	677	677	681	669	670	669	696	0	878665
1082	677	681	669	670	669	696	697	0	879335
1083	681	669	670	669	696	697	689	0	880004
1084	669	670	669	696	697	689	758	0	880700
1085	670	669	696	697	689	758	794	0	881397
1086	669	696	697	689	758	794	786	0	882086
1087	696	697	689	758	794	786	790	0	882844
1088	697	689	758	794	786	790	763	0	883638
1089	689	758	794	786	790	763	755	0	884424
1090	758	794	786	790	763	755	743	0	885214
1091	794	786	790	763	755	743	747	0	885977
1092	786	790	763	755	743	747	727	0	886732
1093	790	763	755	743	747	727	720	0	887475
1094	763	755	743	747	727	720	736	0	888222
1095	755	743	747	727	720	736	751	0	888949
1096	743	747	727	720	736	751	762	0	889669
1097	747	727	720	736	751	762	782	0	890405
1098	727	720	736	751	762	782	767	0	891156
1099	720	736	751	762	782	767	731	0	891918
1100	736	751	762	782	767	731	748	0	892700
1101	751	762	782	767	731	748	743	0	893467
1102	762	782	767	731	748	743	720	0	894198
1103	782	767	731	748	743	720	743	0	894946
1104	767	731	748	743	720	743	762	0	895689
1105	731	748	743	720	743	762	759	0	896409
1106	748	743	720	743	762	759	767	0	897152
1107	743	720	743	762	759	767	762	0	897914
1108	720	743	762	759	767	762	786	0	898673
1109	743	762	759	767	762	786	798	0	899440
1110	762	759	767	762	786	798	774	0	900202
1111	759	767	762	786	798	774	775	0	900988
1112	767	762	786	798	774	775	766	0	901786
1113	762	786	798	774	775	766	755	0	902560
1114	786	798	774	775	766	755	747	0	903335
1115	798	774	775	766	755	747	771	0	904101
1116	774	775	766	755	747	771	739	0	904856
1117	775	766	755	747	771	739	708	0	905603
1118	766	755	747	771	739	708	735	0	906374
1119	755	747	771	739	708	735	794	0	907113
1120	747	771	739	708	735	794	794	0	907821
1121	771	739	708	735	794	794	794	0	908556
1122	739	708	735	794	794	794	805	0	909350
1123	708	735	794	794	794	805	821	0	910144
1124	735	794	794	794	805	821	825	0	910938
1125	794	794	794	805	821	825	798	0	911743
1126	794	794	805	821	825	798	797	0	912564
1127	794	805	821	825	798	797	790	0	913389
1128	805	821	825	798	797	790	767	0	914187
1129	821	825	798	797	790	767	759	0	914984
1130	825	798	797	790	767	759	786	0	915774
1131	798	797	790	767	759	786	766	0	916541
1132	797	790	767	759	786	766	759	0	917300
1133	790	767	759	786	766	759	782	0	918086
1134	767	759	786	766	759	782	794	0	918852
1135	759	786	766	759	782	794	797	0	919611
1136	786	766	759	782	794	797	806	0	920393
1137	766	759	782	794	797	806	829	0	921187
1138	759	782	794	797	806	829	793	0	921984
1139	782	794	797	806	829	793	814	0	922790
1140	794	797	806	829	793	814	821	0	923619
1141	797	806	829	793	814	821	801	0	924412
1142	806	829	793	814	821	801	802	0	925226
1143	829	793	814	821	801	802	809	0	926047
1144	793	814	821	801	802	809	817	0	926848
1145	814	821	801	802	809	817	802	0	927650
1146	821	801	802	809	817	802	794	0	928459
1147	801	802	809	817	802	794	793	0	929276
1148	802	809	817	802	794	793	790	0	930078
1149	809	817	802	794	793	790	767	0	930872
1150	817	802	794	793	790	767	778	0	931665
1151	802	794	793	790	767	778	794	0	932455
1152	794	793	790	767	778	794	786	0	933222
1153	793	790	767	778	794	786	774	0	934000
1154	790	767	778	794	786	774	790	0	934794
1155	767	778	794	786	774	790	790	0	935580
1156	778	794	786	774	790	790	794	0	936354
1157	794	786	774	790	790	794	782	0	937144
1158	786	774	790	790	794	782	794	0	937934
1159	774	790	790	794	782	794	805	0	938728
1160	790	790	794	782	794	805	774	0	939510
1161	790	794	782	794	805	774	747	0	940304
1162	794	782	794	805	774	747	794	0	941109
1163	782	794	805	774	747	794	763	0	941883
1164	794	805	774	747	794	763	778	0	942630
1165	805	774	747	794	763	778	755	0	943424
1166	774	747	794	763	778	755	778	0	944187
1167	747	794	763	778	755	778	782	0	944965
1168	794	763	778	755	778	782	802	0	945720
1169	763	778	755	778	782	802	805	0	946498
1170	778	755	778	782	802	805	798	0	947280
1171	755	778	782	802	805	798	805	0	948082
1172	778	782	802	805	798	805	817	0	948887
1173	782	802	805	798	805	817	814	0	949685
1174	802	805	798	805	817	814	809	0	950490
1175	805	798	805	817	814	809	770	0	951307
1176	798	805	817	814	809	770	818	0	952121
1177	805	817	814	809	770	818	821	0	952930
1178	817	814	809	770	818	821	821	0	953700
1179	814	809	770	818	821	821	801	0	954518
1180	809	770	818	821	821	801	802	0	955339
1181	770	818	821	821	801	802	793	0	956160
1182	818	821	821	801	802	793	849	0	956961
1183	821	821	801	802	793	849	879	0	957763
1184	821	801	802	793	849	879	879	0	958556
1185	801	802	793	849	879	879	849	0	959405
1186	802	793	849	879	879	849	863	0	960284
1187	793	849	879	879	849	863	860	0	961163
1188	849	879	879	849	863	860	837	0	962012
1189	879	879	849	863	860	837	821	0	962875
1190	879	849	863	860	837	821	805	0	963735
1191	849	863	860	837	821	805	806	0	964572
1192	863	860	837	821	805	806	735	0	965393
1193	860	837	821	805	806	735	759	0	966198
1194	837	821	805	806	735	759	743	0	967004
1195	821	805	806	735	759	743	747	0	967739
1196	805	806	735	759	743	747	751	0	968498
1197	806	735	759	743	747	751	767	0	969241
1198	735	759	743	747	751	767	809	0	969988
1199	759	743	747	751	767	809	798	0	970739
1200	743	747	751	767	809	798	840	0	971506
1201	747	751	767	809	798	840	911	0	972315
1202	751	767	809	798	840	911	903	0	973113
1203	767	809	798	840	911	903	879	0	973953
1204	809	798	840	911	903	879	887	0	974864
1205	798	840	911	903	879	887	872	0	975767
1206	840	911	903	879	887	872	832	0	976646
1207	911	903	879	887	872	832	829	0	977533
1208	903	879	887	872	832	829	821	0	978405
1209	879	887	872	832	829	821	806	0	979237
1210	887	872	832	829	821	806	778	0	980066
1211	872	832	829	821	806	778	848	0	980887
1212	832	829	821	806	778	848	841	0	981693
1213	829	821	806	778	848	841	817	0	982471
1214	821	806	778	848	841	817	828	0	983319
1215	806	778	848	841	817	828	856	0	984160
1216	778	848	841	817	828	856	853	0	984977
1217	848	841	817	828	856	853	852	0	985805
1218	841	817	828	856	853	852	864	0	986661
1219	817	828	856	853	852	864	817	0	987514
1220	828	856	853	852	864	817	836	0	988366
1221	856	853	852	864	817	836	775	0	989230
1222	853	852	864	817	836	775	762	0	990047
1223	852	864	817	836	775	762	794	0	990883
1224	864	817	836	775	762	794	809	0	991658
1225	817	836	775	762	794	809	798	0	992420
1226	836	775	762	794	809	798	825	0	993214
1227	775	762	794	809	798	825	809	0	994023
1228	762	794	809	798	825	809	759	0	994821
1229	794	809	798	825	809	759	751	0	995646
1230	809	798	825	809	759	751	735	0	996455
1231	798	825	809	759	751	735	782	0	997214
1232	825	809	759	751	735	782	783	0	997965
1233	809	759	751	735	782	783	782	0	998700
1234	759	751	735	782	783	782	825	0	999482
1235	751	735	782	783	782	825	828	0	1000265
1236	735	782	783	782	825	828	849	0	1001047
1237	782	783	782	825	828	849	871	0	1001872
1238	783	782	825	828	849	871	856	0	1002700
1239	782	825	828	849	871	856	841	0	1003549
1240	825	828	849	871	856	841	832	0	1004420
1241	828	849	871	856	841	832	798	0	1005276
1242	849	871	856	841	832	798	794	0	1006117
1243	871	856	841	832	798	794	747	0	1006949
1244	856	841	832	798	794	747	728	0	1007747
1245	841	832	798	794	747	728	743	0	1008541
1246	832	798	794	747	728	743	782	0	1009288
1247	798	794	747	728	743	782	790	0	1010016
1248	794	747	728	743	782	790	817	0	1010759
1249	747	728	743	782	790	817	825	0	1011541
1250	728	743	782	790	817	825	809	0	1012331
1251	743	782	790	817	825	809	802	0	1013148
1252	782	790	817	825	809	802	813	0	1013973
1253	790	817	825	809	802	813	805	0	1014782
1254	817	825	809	802	813	805	794	0	1015584
1255	825	809	802	813	805	794	833	0	1016397
1256	809	802	813	805	794	833	856	0	1017202
1257	802	813	805	794	833	856	840	0	1017996
1258	813	805	794	833	856	840	860	0	1018829
1259	805	794	833	856	840	860	864	0	1019685
1260	794	833	856	840	860	864	852	0	1020525
1261	833	856	840	860	864	852	848	0	1021385
1262	856	840	860	864	852	848	856	0	1022249
1263	840	860	864	852	848	856	825	0	1023101
1264	860	864	852	848	856	825	849	0	1023949
1265	864	852	848	856	825	849	844	0	1024805
1266	852	848	856	825	849	844	809	0	1025630
1267	848	856	825	849	844	809	810	0	1026479
1268	856	825	849	844	809	810	805	0	1027323
1269	825	849	844	809	810	805	767	0	1028132
1270	849	844	809	810	805	767	813	0	1028942
1271	844	809	810	805	767	813	829	0	1029747
1272	809	810	805	767	813	829	805	0	1030514
1273	810	805	767	813	829	805	763	0	1031327
1274	805	767	813	829	805	763	813	0	1032156
1275	767	813	829	805	763	813	794	0	1032961
1276	813	829	805	763	813	794	766	0	1033724
1277	829	805	763	813	794	766	825	0	1034537
1278	805	763	813	794	766	825	821	0	1035331
1279	763	813	794	766	825	821	802	0	1036097
1280	813	794	766	825	821	802	790	0	1036922
1281	794	766	825	821	802	790	786	0	1037743
1282	766	825	821	802	790	786	743	0	1038545
1283	825	821	802	790	786	743	766	0	1039335
1284	821	802	790	786	743	766	810	0	1040121
1285	802	790	786	743	766	810	790	0	1040864
1286	790	786	743	766	810	790	782	0	1041630
1287	786	743	766	810	790	782	790	0	1042440
1288	743	766	810	790	782	790	797	0	1043230
1289	766	810	790	782	790	797	798	0	1044012
1290	810	790	782	790	797	798	809	0	1044802
1291	790	782	790	797	798	809	813	0	1045599
1292	782	790	797	798	809	813	794	0	1046397
1293	790	797	798	809	813	794	798	0	1047206
1294	797	798	809	813	794	798	809	0	1048019
1295	798	809	813	794	798	809	825	0	1048813
1296	809	813	794	798	809	825	821	0	1049611
1297	813	794	798	809	825	821	841	0	1050420
1298	794	798	809	825	821	841	860	0	1051245
1299	798	809	825	821	841	860	848	0	1052066
1300	809	825	821	841	860	848	848	0	1052907
1301	825	821	841	860	848	848	852	0	1053767
1302	821	841	860	848	848	852	852	0	1054615
1303	841	860	848	848	852	852	833	0	1055463
1304	860	848	848	852	852	833	833	0	1056315
1305	848	848	852	852	833	833	844	0	1057167
1306	848	852	852	833	833	844	841	0	1058000
1307	852	852	833	833	844	841	817	0	1058833
1308	852	833	833	844	841	817	821	0	1059677
1309	833	833	844	841	817	821	825	0	1060518
1310	833	844	841	817	821	825	801	0	1061335
1311	844	841	817	821	825	801	782	0	1062156
1312	841	817	821	825	801	782	798	0	1062981
1313	817	821	825	801	782	798	805	0	1063782
1314	821	825	801	782	798	805	779	0	1064564
1315	825	801	782	798	805	779	782	0	1065362
1316	801	782	798	805	779	782	790	0	1066167
1317	782	798	805	779	782	790	770	0	1066946
1318	798	805	779	782	790	770	739	0	1067728
1319	805	779	782	790	770	739	759	0	1068518
1320	779	782	790	770	739	759	732	0	1069288
1321	782	790	770	739	759	732	735	0	1070027
1322	790	770	739	759	732	735	735	0	1070786
1323	770	739	759	732	735	735	790	0	1071518
1324	739	759	732	735	735	790	790	0	1072253
1325	759	732	735	735	790	790	782	0	1072988
1326	732	735	735	790	790	782	786	0	1073778
1327	735	735	790	790	782	786	810	0	1074568
1328	735	790	790	782	786	810	805	0	1075350
1329	790	790	782	786	810	805	782	0	1076136
1330	790	782	786	810	805	782	809	0	1076946
1331	782	786	810	805	782	809	814	0	1077751
1332	786	810	805	782	809	814	782	0	1078533
1333	810	805	782	809	814	782	766	0	1079342
1334	805	782	809	814	782	766	782	0	1080156
1335	782	809	814	782	766	782	767	0	1080938
1336	809	814	782	766	782	767	728	0	1081704
1337	814	782	766	782	767	728	739	0	1082486
1338	782	766	782	767	728	739	762	0	1083253
1339	766	782	767	728	739	762	759	0	1083981
1340	782	767	728	739	762	759	743	0	1084720
1341	767	728	739	762	759	743	755	0	1085482
1342	728	739	762	759	743	755	782	0	1086241
1343	739	762	759	743	755	782	755	0	1086984
1344	762	759	743	755	782	755	747	0	1087739
1345	759	743	755	782	755	747	786	0	1088521
1346	743	755	782	755	747	786	798	0	1089276
1347	755	782	755	747	786	798	790	0	1090023
1348	782	755	747	786	798	790	794	0	1090809
1349	755	747	786	798	790	794	801	0	1091607
1350	747	786	798	790	794	801	778	0	1092397
1351	786	798	790	794	801	778	755	0	1093191
1352	798	790	794	801	778	755	806	0	1093992
1353	790	794	801	778	755	806	801	0	1094770
1354	794	801	778	755	806	801	782	0	1095525
1355	801	778	755	806	801	782	802	0	1096331
1356	778	755	806	801	782	802	770	0	1097132
1357	755	806	801	782	802	770	786	0	1097914
1358	806	801	782	802	770	786	763	0	1098716
1359	801	782	802	770	786	763	798	0	1099486
1360	782	802	770	786	763	798	770	0	1100272
1361	802	770	786	763	798	770	774	0	1101035
1362	770	786	763	798	770	774	744	0	1101833
1363	786	763	798	770	774	744	758	0	1102603
1364	763	798	770	774	744	758	720	0	1103377
1365	798	770	774	744	758	720	786	0	1104121
1366	770	774	744	758	720	786	790	0	1104879
1367	774	744	758	720	786	790	790	0	1105599
1368	744	758	720	786	790	790	790	0	1106385
1369	758	720	786	790	790	790	817	0	1107175
1370	720	786	790	790	790	817	844	0	1107965
1371	786	790	790	790	817	844	814	0	1108755
1372	790	790	790	817	844	814	821	0	1109572
1373	790	790	817	844	814	821	856	0	1110416
1374	790	817	844	814	821	856	848	0	1111230
1375	817	844	814	821	856	848	809	0	1112051
1376	844	814	821	856	848	809	833	0	1112907
1377	814	821	856	848	809	833	852	0	1113755
1378	821	856	848	809	833	852	829	0	1114564
1379	856	848	809	833	852	829	797	0	1115397
1380	848	809	833	852	829	797	786	0	1116249
1381	809	833	852	829	797	786	751	0	1117078
1382	833	852	829	797	786	751	759	0	1117875
1383	852	829	797	786	751	759	771	0	1118661
1384	829	797	786	751	759	771	778	0	1119412
1385	797	786	751	759	771	778	724	0	1120171
1386	786	751	759	771	778	724	770	0	1120942
1387	751	759	771	778	724	770	786	0	1121720
1388	759	771	778	724	770	786	794	0	1122444
1389	771	778	724	770	786	794	813	0	1123214
1390	778	724	770	786	794	813	805	0	1124000
1391	724	770	786	794	813	805	794	0	1124794
1392	770	786	794	813	805	794	798	0	1125607
1393	786	794	813	805	794	798	801	0	1126412
1394	794	813	805	794	798	801	786	0	1127206
1395	813	805	794	798	801	786	763	0	1128004
1396	805	794	798	801	786	763	798	0	1128805
1397	794	798	801	786	763	798	809	0	1129591
1398	798	801	786	763	798	809	798	0	1130354
1399	801	786	763	798	809	798	805	0	1131152
1400	786	763	798	809	798	805	813	0	1131961
1401	763	798	809	798	805	813	833	0	1132759
1402	798	809	798	805	813	833	833	0	1133564
1403	809	798	805	813	833	833	852	0	1134377
1404	798	805	813	833	833	852	868	0	1135210
1405	805	813	833	833	852	868	840	0	1136043
1406	813	833	833	852	868	840	841	0	1136895
1407	833	833	852	868	840	841	836	0	1137763
1408	833	852	868	840	841	836	825	0	1138603
1409	852	868	840	841	836	825	821	0	1139444
1410	868	840	841	836	825	821	833	0	1140280
1411	840	841	836	825	821	833	809	0	1141105
1412	841	836	825	821	833	809	825	0	1141926
1413	836	825	821	833	809	825	817	0	1142759
1414	825	821	833	809	825	817	821	0	1143568
1415	821	833	809	825	817	821	786	0	1144393
1416	833	809	825	817	821	786	794	0	1145210
1417	809	825	817	821	786	794	801	0	1146031
1418	825	817	821	786	794	801	810	0	1146817
1419	817	821	786	794	801	810	829	0	1147611
1420	821	786	794	801	810	829	817	0	1148412
1421	786	794	801	810	829	817	805	0	1149222
1422	794	801	810	829	817	805	790	0	1150051
1423	801	810	829	817	805	790	813	0	1150868
1424	810	829	817	805	790	813	798	0	1151673
1425	829	817	805	790	813	798	763	0	1152463
1426	817	805	790	813	798	763	751	0	1153276
1427	805	790	813	798	763	751	801	0	1154074
1428	790	813	798	763	751	801	763	0	1154837
1429	813	798	763	751	801	763	790	0	1155588
1430	798	763	751	801	763	790	797	0	1156389
1431	763	751	801	763	790	797	802	0	1157152
1432	751	801	763	790	797	802	786	0	1157942
1433	801	763	790	797	802	786	794	0	1158739
1434	763	790	797	802	786	794	805	0	1159541
1435	790	797	802	786	794	805	794	0	1160327
1436	797	802	786	794	805	794	790	0	1161121
1437	802	786	794	805	794	790	817	0	1161926
1438	786	794	805	794	790	817	817	0	1162720
1439	794	805	794	790	817	817	817	0	1163510
1440	805	794	790	817	817	817	806	0	1164327
1441	794	790	817	817	817	806	817	0	1165144
1442	790	817	817	817	806	817	805	0	1165961
1443	817	817	817	806	817	805	806	0	1166767
1444	817	817	806	817	805	806	809	0	1167584
1445	817	806	817	805	806	809	817	0	1168389
1446	806	817	805	806	809	817	786	0	1169195
1447	817	805	806	809	817	786	782	0	1170004
1448	805	806	809	817	786	782	786	0	1170821
1449	806	809	817	786	782	786	782	0	1171607
1450	809	817	786	782	786	782	775	0	1172389
1451	817	786	782	786	782	775	782	0	1173175
1452	786	782	786	782	775	782	790	0	1173957
1453	782	786	782	775	782	790	774	0	1174732
1454	786	782	775	782	790	774	762	0	1175514
1455	782	775	782	790	774	762	767	0	1176304
1456	775	782	790	774	762	767	755	0	1177078
1457	782	790	774	762	767	755	759	0	1177840
1458	790	774	762	767	755	759	762	0	1178607
1459	774	762	767	755	759	762	767	0	1179362
1460	762	767	755	759	762	767	755	0	1180121
1461	767	755	759	762	767	755	755	0	1180883
1462	755	759	762	767	755	755	778	0	1181650
1463	759	762	767	755	755	778	770	0	1182405
1464	762	767	755	755	778	770	774	0	1183160
1465	767	755	755	778	770	774	779	0	1183938
1466	755	755	778	770	774	779	743	0	1184708
1467	755	778	770	774	779	743	805	0	1185482
1468	778	770	774	779	743	805	798	0	1186261
1469	770	774	779	743	805	798	770	0	1187004
1470	774	779	743	805	798	770	740	0	1187809
1471	779	743	805	798	770	740	774	0	1188607
1472	743	805	798	770	740	774	786	0	1189377
1473	805	798	770	740	774	786	774	0	1190117
1474	798	770	740	774	786	774	798	0	1190891
1475	770	740	774	786	774	798	798	0	1191677
1476	740	774	786	774	798	798	774	0	1192451
1477	774	786	774	798	798	774	774	0	1193249
1478	786	774	798	798	774	774	782	0	1194047
1479	774	798	798	774	774	782	771	0	1194821
1480	798	798	774	774	782	771	763	0	1195595
1481	798	774	774	782	771	763	785	0	1196377
1482	774	774	782	771	763	785	786	0	1197148
1483	774	782	771	763	785	786	779	0	1197911
1484	782	771	763	785	786	779	755	0	1198696
1485	771	763	785	786	779	755	793	0	1199482
1486	763	785	786	779	755	793	817	0	1200261
1487	785	786	779	755	793	817	849	0	1201016
1488	786	779	755	793	817	849	844	0	1201809
1489	779	755	793	817	849	844	833	0	1202626
1490	755	793	817	849	844	833	844	0	1203475
1491	793	817	849	844	833	844	856	0	1204319
1492	817	849	844	833	844	856	860	0	1205152
1493	849	844	833	844	856	860	860	0	1205996
1494	844	833	844	856	860	860	860	0	1206852
1495	833	844	856	860	860	860	868	0	1207712
1496	844	856	860	860	860	868	840	0	1208572
1497	856	860	860	860	868	840	837	0	1209432
1498	860	860	860	868	840	837	844	0	1210300
1499	860	860	868	840	837	844	825	0	1211140
1500	860	868	840	837	844	825	821	0	1211977
1501	868	840	837	844	825	821	833	0	1212821
1502	840	837	844	825	821	833	840	0	1213646
1503	837	844	825	821	833	840	841	0	1214467
1504	844	825	821	833	840	841	852	0	1215300
1505	825	821	833	840	841	852	860	0	1216140
1506	821	833	840	841	852	860	856	0	1216981
1507	833	840	841	852	860	856	844	0	1217833
1508	840	841	852	860	856	844	856	0	1218693
1509	841	852	860	856	844	856	837	0	1219549
1510	852	860	856	844	856	837	821	0	1220393
1511	860	856	844	856	837	821	797	0	1221249
1512	856	844	856	837	821	797	814	0	1222086
1513	844	856	837	821	797	814	821	0	1222907
1514	856	837	821	797	814	821	809	0	1223704
1515	837	821	797	814	821	809	833	0	1224518
1516	821	797	814	821	809	833	824	0	1225339
1517	797	814	821	809	833	824	806	0	1226148
1518	814	821	809	833	824	806	813	0	1226981
1519	821	809	833	824	806	813	825	0	1227805
1520	809	833	824	806	813	825	794	0	1228611
1521	833	824	806	813	825	794	805	0	1229424
1522	824	806	813	825	794	805	821	0	1230249
1523	806	813	825	794	805	821	817	0	1231043
1524	813	825	794	805	821	817	814	0	1231848
1525	825	794	805	821	817	814	821	0	1232669
1526	794	805	821	817	814	821	840	0	1233486
1527	805	821	817	814	821	840	837	0	1234300
1528	821	817	814	821	840	837	844	0	1235121
1529	817	814	821	840	837	844	856	0	1235961
1530	814	821	840	837	844	856	837	0	1236798
1531	821	840	837	844	856	837	825	0	1237642
1532	840	837	844	856	837	825	844	0	1238498
1533	837	844	856	837	825	844	852	0	1239335
1534	844	856	837	825	844	852	817	0	1240160
1535	856	837	825	844	852	817	833	0	1241004
1536	837	825	844	852	817	833	809	0	1241856
1537	825	844	852	817	833	809	782	0	1242673
1538	844	852	817	833	809	782	806	0	1243506
1539	852	817	833	809	782	806	805	0	1244315
1540	817	833	809	782	806	805	798	0	1245097
1541	833	809	782	806	805	798	790	0	1245903
1542	809	782	806	805	798	790	805	0	1246708
1543	782	806	805	798	790	805	802	0	1247506
1544	806	805	798	790	805	802	797	0	1248296
1545	805	798	790	805	802	797	810	0	1249101
1546	798	790	805	802	797	810	840	0	1249903
1547	790	805	802	797	810	840	837	0	1250700
1548	805	802	797	810	840	837	844	0	1251510
1549	802	797	810	840	837	844	868	0	1252350
1550	797	810	840	837	844	868	860	0	1253187
1551	810	840	837	844	868	860	852	0	1254031
1552	840	837	844	868	860	852	864	0	1254899
1553	837	844	868	860	852	864	844	0	1255759
1554	844	868	860	852	864	844	809	0	1256611
1555	868	860	852	864	844	809	798	0	1257475
1556	860	852	864	844	809	798	809	0	1258319
1557	852	864	844	809	798	809	786	0	1259128
1558	864	844	809	798	809	786	794	0	1259926
1559	844	809	798	809	786	794	806	0	1260735
1560	809	798	809	786	794	806	821	0	1261521
1561	798	809	786	794	806	821	801	0	1262315
1562	809	786	794	806	821	801	813	0	1263121
1563	786	794	806	821	801	813	825	0	1263942
1564	794	806	821	801	813	825	817	0	1264743
1565	806	821	801	813	825	817	814	0	1265556
1566	821	801	813	825	817	814	828	0	1266381
1567	801	813	825	817	814	828	829	0	1267198
1568	813	825	817	814	828	829	813	0	1268012
1569	825	817	814	828	829	813	822	0	1268840
1570	817	814	828	829	813	822	817	0	1269669
1571	814	828	829	813	822	817	790	0	1270482
1572	828	829	813	822	817	790	785	0	1271304
1573	829	813	822	817	790	785	783	0	1272121
1574	813	822	817	790	785	783	782	0	1272911
1575	822	817	790	785	783	782	751	0	1273696
1576	817	790	785	783	782	751	758	0	1274479
1577	790	785	783	782	751	758	786	0	1275261
1578	785	783	782	751	758	786	759	0	1276012
1579	783	782	751	758	786	759	771	0	1276770
1580	782	751	758	786	759	771	786	0	1277556
1581	751	758	786	759	771	786	774	0	1278315
1582	758	786	759	771	786	774	766	0	1279086
1583	786	759	771	786	774	766	771	0	1279872
1584	759	771	786	774	766	771	774	0	1280646
1585	771	786	774	766	771	774	755	0	1281412
1586	786	774	766	771	774	755	759	0	1282183
1587	774	766	771	774	755	759	766	0	1282957
1588	766	771	774	755	759	766	728	0	1283712
1589	771	774	755	759	766	728	759	0	1284471
1590	774	755	759	766	728	759	778	0	1285237
1591	755	759	766	728	759	778	766	0	1285965
1592	759	766	728	759	778	766	767	0	1286724
1593	766	728	759	778	766	767	770	0	1287502
1594	728	759	778	766	767	770	767	0	1288268
1595	759	778	766	767	770	767	763	0	1289035
1596	778	766	767	770	767	763	766	0	1289805
1597	766	767	770	767	763	766	790	0	1290572
1598	767	770	767	763	766	790	767	0	1291335
1599	770	767	763	766	790	767	766	0	1292101
1600	767	763	766	790	767	766	751	0	1292891
1601	763	766	790	767	766	751	782	0	1293658
1602	766	790	767	766	751	782	767	0	1294424
1603	790	767	766	751	782	767	762	0	1295175
1604	767	766	751	782	767	762	790	0	1295957
1605	766	751	782	767	762	790	771	0	1296724
1606	751	782	767	762	790	771	762	0	1297486
1607	782	767	762	790	771	762	728	0	1298276
1608	767	762	790	771	762	728	700	0	1299047
1609	762	790	771	762	728	700	728	0	1299809
1610	790	771	762	728	700	728	770	0	1300537
1611	771	762	728	700	728	770	763	0	1301237
1612	762	728	700	728	770	763	790	0	1301965
1613	728	700	728	770	763	790	786	0	1302735
1614	700	728	770	763	790	786	731	0	1303498
1615	728	770	763	790	786	731	775	0	1304288
1616	770	763	790	786	731	775	747	0	1305074
1617	763	790	786	731	775	747	786	0	1305805
1618	790	786	731	775	747	786	751	0	1306580
1619	786	731	775	747	786	751	766	0	1307327
1620	731	775	747	786	751	766	794	0	1308113
1621	775	747	786	751	766	794	778	0	1308864
1622	747	786	751	766	794	778	767	0	1309630
1623	786	751	766	794	778	767	766	0	1310424
1624	751	766	794	778	767	766	783	0	1311202
1625	766	794	778	767	766	783	747	0	1311969
1626	794	778	767	766	783	747	762	0	1312735
1627	778	767	766	783	747	762	775	0	1313518
1628	767	766	783	747	762	775	770	0	1314265
1629	766	783	747	762	775	770	759	0	1315027
1630	783	747	762	775	770	759	786	0	1315802
1631	747	762	775	770	759	786	801	0	1316572
1632	762	775	770	759	786	801	802	0	1317331
1633	775	770	759	786	801	802	825	0	1318117
1634	770	759	786	801	802	825	848	0	1318918
1635	759	786	801	802	825	848	840	0	1319720
1636	786	801	802	825	848	840	884	0	1320545
1637	801	802	825	848	840	884	871	0	1321393
1638	802	825	848	840	884	871	849	0	1322233
1639	825	848	840	884	871	849	856	0	1323117
1640	848	840	884	871	849	856	856	0	1323988
1641	840	884	871	849	856	856	817	0	1324837
1642	884	871	849	856	856	817	809	0	1325693
1643	871	849	856	856	817	809	743	0	1326549
1644	849	856	856	817	809	743	778	0	1327366
1645	856	856	817	809	743	778	779	0	1328175
1646	856	817	809	743	778	779	813	0	1328918
1647	817	809	743	778	779	813	829	0	1329696
1648	809	743	778	779	813	829	809	0	1330475
1649	743	778	779	813	829	809	802	0	1331288
1650	778	779	813	829	809	802	801	0	1332117
1651	779	813	829	809	802	801	806	0	1332926
1652	813	829	809	802	801	806	786	0	1333728
1653	829	809	802	801	806	786	790	0	1334529
1654	809	802	801	806	786	790	793	0	1335335
1655	802	801	806	786	790	793	794	0	1336121
1656	801	806	786	790	793	794	794	0	1336911
1657	806	786	790	793	794	794	817	0	1337704
1658	786	790	793	794	794	817	809	0	1338498
1659	790	793	794	794	817	809	794	0	1339292
1660	793	794	794	817	809	794	817	0	1340109
1661	794	794	817	809	794	817	829	0	1340918
1662	794	817	809	794	817	829	825	0	1341712
1663	817	809	794	817	829	825	852	0	1342529
1664	809	794	817	829	825	852	837	0	1343358
1665	794	817	829	825	852	837	832	0	1344183
1666	817	829	825	852	837	832	856	0	1345035
1667	829	825	852	837	832	856	833	0	1345872
1668	825	852	837	832	856	833	840	0	1346704
1669	852	837	832	856	833	840	845	0	1347560
1670	837	832	856	833	840	845	809	0	1348393
1671	832	856	833	840	845	809	809	0	1349233
1672	856	833	840	845	809	809	810	0	1350078
1673	833	840	845	809	809	810	794	0	1350887
1674	840	845	809	809	810	794	789	0	1351696
1675	845	809	809	810	794	789	806	0	1352506
1676	809	809	810	794	789	806	794	0	1353300
1677	809	810	794	789	806	794	793	0	1354089
1678	810	794	789	806	794	793	798	0	1354895
1679	794	789	806	794	793	798	794	0	1355689
1680	789	806	794	793	798	794	782	0	1356482
1681	806	794	793	798	794	782	794	0	1357280
1682	794	793	798	794	782	794	805	0	1358074
1683	793	798	794	782	794	805	794	0	1358856
1684	798	794	782	794	805	794	805	0	1359650
1685	794	782	794	805	794	805	818	0	1360455
1686	782	794	805	794	805	818	805	0	1361249
1687	794	805	794	805	818	805	802	0	1362054
1688	805	794	805	818	805	802	817	0	1362872
1689	794	805	818	805	802	817	809	0	1363677
1690	805	818	805	802	817	809	782	0	1364479
1691	818	805	802	817	809	782	790	0	1365296
1692	805	802	817	809	782	790	794	0	1366105
1693	802	817	809	782	790	794	782	0	1366887
1694	817	809	782	790	794	782	786	0	1367677
1695	809	782	790	794	782	786	790	0	1368471
1696	782	790	794	782	786	790	782	0	1369253
1697	790	794	782	786	790	782	774	0	1370039
1698	794	782	786	790	782	774	790	0	1370829
1699	782	786	790	782	774	790	774	0	1371611
1700	786	790	782	774	790	774	833	0	1372385
1701	790	782	774	790	774	833	841	0	1373175
1702	782	774	790	774	833	841	844	0	1373949
1703	774	790	774	833	841	844	825	0	1374782
1704	790	774	833	841	844	825	836	0	1375623
1705	774	833	841	844	825	836	837	0	1376467
1706	833	841	844	825	836	837	817	0	1377292
1707	841	844	825	836	837	817	809	0	1378128
1708	844	825	836	837	817	809	802	0	1378965
1709	825	836	837	817	809	802	817	0	1379782
1710	836	837	817	809	802	817	794	0	1380591
1711	837	817	809	802	817	794	786	0	1381393
1712	817	809	802	817	794	786	805	0	1382210
1713	809	802	817	794	786	805	798	0	1383004
1714	802	817	794	786	805	798	770	0	1383790
1715	817	794	786	805	798	770	798	0	1384595
1716	794	786	805	798	770	798	798	0	1385393
1717	786	805	798	770	798	798	786	0	1386163
1718	805	798	770	798	798	786	786	0	1386961
1719	798	770	798	798	786	786	797	0	1387759
1720	770	798	798	786	786	797	790	0	1388545
1721	798	798	786	786	797	790	782	0	1389331
1722	798	786	786	797	790	782	806	0	1390128
1723	786	786	797	790	782	806	817	0	1390918
1724	786	797	790	782	806	817	802	0	1391700
1725	797	790	782	806	817	802	805	0	1392506
1726	790	782	806	817	802	805	809	0	1393323
1727	782	806	817	802	805	809	817	0	1394125
1728	806	817	802	805	809	817	810	0	1394930
1729	817	802	805	809	817	810	813	0	1395739
1730	802	805	809	817	810	813	813	0	1396556
1731	805	809	817	810	813	813	794	0	1397366
1732	809	817	810	813	813	794	805	0	1398179
1733	817	810	813	813	794	805	810	0	1398992
1734	810	813	813	794	805	810	782	0	1399786
1735	813	813	794	805	810	782	766	0	1400591
1736	813	794	805	810	782	766	779	0	1401401
1737	794	805	810	782	766	779	770	0	1402183
1738	805	810	782	766	779	770	728	0	1402949
1739	810	782	766	779	770	728	712	0	1403728
1740	782	766	779	770	728	712	727	0	1404498
1741	766	779	770	728	712	727	732	0	1405226
1742	779	770	728	712	727	732	766	0	1405938
1743	770	728	712	727	732	766	775	0	1406665
1744	728	712	727	732	766	775	801	0	1407397
1745	712	727	732	766	775	801	779	0	1408163
1746	727	732	766	775	801	779	801	0	1408938
1747	732	766	775	801	779	801	802	0	1409739
1748	766	775	801	779	801	802	793	0	1410518
1749	775	801	779	801	802	793	814	0	1411319
1750	801	779	801	802	793	814	821	0	1412121
1751	779	801	802	793	814	821	813	0	1412914
1752	801	802	793	814	821	813	801	0	1413728
1753	802	793	814	821	813	801	798	0	1414549
1754	793	814	821	813	801	798	786	0	1415362
1755	814	821	813	801	798	786	728	0	1416163
1756	821	813	801	798	786	728	739	0	1416961
1757	813	801	798	786	728	739	735	0	1417747
1758	801	798	786	728	739	735	755	0	1418475
1759	798	786	728	739	735	755	751	0	1419214
1760	786	728	739	735	755	751	720	0	1419949
1761	728	739	735	755	751	720	716	0	1420704
1762	739	735	755	751	720	716	790	0	1421455
1763	735	755	751	720	716	790	755	0	1422175
1764	755	751	720	716	790	755	770	0	1422891
1765	751	720	716	790	755	770	798	0	1423681
1766	720	716	790	755	770	798	794	0	1424436
1767	716	790	755	770	798	794	782	0	1425206
1768	790	755	770	798	794	782	797	0	1426004
1769	755	770	798	794	782	797	810	0	1426798
1770	770	798	794	782	797	810	794	0	1427580
1771	798	794	782	797	810	794	778	0	1428377
1772	794	782	797	810	794	778	786	0	1429187
1773	782	797	810	794	778	786	774	0	1429981
1774	797	810	794	778	786	774	767	0	1430759
1775	810	794	778	786	774	767	782	0	1431545
1776	794	778	786	774	767	782	786	0	1432319
1777	778	786	774	767	782	786	782	0	1433086
1778	786	774	767	782	786	782	778	0	1433868
1779	774	767	782	786	782	778	794	0	1434654
1780	767	782	786	782	778	794	809	0	1435436
1781	782	786	782	778	794	809	817	0	1436214
1782	786	782	778	794	809	817	833	0	1437008
1783	782	778	794	809	817	833	844	0	1437817
1784	778	794	809	817	833	844	841	0	1438634
1785	794	809	817	833	844	841	813	0	1439467
1786	809	817	833	844	841	813	829	0	1440311
1787	817	833	844	841	813	829	836	0	1441152
1788	833	844	841	813	829	836	806	0	1441965
1789	844	841	813	829	836	806	809	0	1442794
1790	841	813	829	836	806	809	809	0	1443630
1791	813	829	836	806	809	809	810	0	1444436
1792	829	836	806	809	809	810	805	0	1445245
1793	836	806	809	809	810	805	806	0	1446054
1794	806	809	809	810	805	806	801	0	1446864
1795	809	809	810	805	806	801	806	0	1447669
1796	809	810	805	806	801	806	817	0	1448475
1797	810	805	806	801	806	817	821	0	1449276
1798	805	806	801	806	817	821	801	0	1450082
1799	806	801	806	817	821	801	821	0	1450899
1800	801	806	817	821	801	821	833	0	1451720
1801	806	817	821	801	821	833	848	0	1452521
1802	817	821	801	821	833	848	856	0	1453342
1803	821	801	821	833	848	856	856	0	1454175
1804	801	821	833	848	856	856	833	0	1455023
1805	821	833	848	856	856	833	837	0	1455879
1806	833	848	856	856	833	837	832	0	1456735
1807	848	856	856	833	837	832	810	0	1457568
1808	856	856	833	837	832	810	782	0	1458405
1809	856	833	837	832	810	782	786	0	1459237
1810	833	837	832	810	782	786	751	0	1460047
1811	837	832	810	782	786	751	751	0	1460829
1812	832	810	782	786	751	751	739	0	1461615
1813	810	782	786	751	751	739	798	0	1462366
1814	782	786	751	751	739	798	790	0	1463117
1815	786	751	751	739	798	790	793	0	1463856
1816	751	751	739	798	790	793	405	0	1464654
1817	751	739	798	790	793	405	1187	0	1465444
1818	739	798	790	793	405	1187	782	0	1466237
1819	798	790	793	405	1187	782	778	1	1466642
1820	790	793	405	1187	782	778	778	0	1467829
1821	793	405	1187	782	778	778	814	0	1468611
1822	405	1187	782	778	778	814	809	0	1469389
1823	1187	782	778	778	814	809	801	0	1470167
1824	782	778	778	814	809	801	825	0	1470981
1825	778	778	814	809	801	825	849	0	1471790
1826	778	814	809	801	825	849	824	0	1472591
1827	814	809	801	825	849	824	810	0	1473416
1828	809	801	825	849	824	810	825	0	1474265
1829	801	825	849	824	810	825	813	0	1475089
1830	825	849	824	810	825	813	782	0	1475899
1831	849	824	810	825	813	782	794	0	1476724
1832	824	810	825	813	782	794	798	0	1477537
1833	810	825	813	782	794	798	785	0	1478319
1834	825	813	782	794	798	785	771	0	1479113
1835	813	782	794	798	785	771	821	0	1479911
1836	782	794	798	785	771	821	786	0	1480696
1837	794	798	785	771	821	786	782	0	1481467
1838	798	785	771	821	786	782	809	0	1482288
1839	785	771	821	786	782	809	814	0	1483074
1840	771	821	786	782	809	814	797	0	1483856
1841	821	786	782	809	814	797	798	0	1484665
1842	786	782	809	814	797	798	794	0	1485479
1843	782	809	814	797	798	794	790	0	1486276
1844	809	814	797	798	794	790	774	0	1487074
1845	814	797	798	794	790	774	794	0	1487868
1846	797	798	794	790	774	794	790	0	1488658
1847	798	794	790	774	794	790	793	0	1489432
1848	794	790	774	794	790	793	771	0	1490226
1849	790	774	794	790	793	771	786	0	1491016
1850	774	794	790	793	771	786	774	0	1491809
1851	794	790	793	771	786	774	739	0	1492580
1852	790	793	771	786	774	739	732	0	1493366
1853	793	771	786	774	739	732	747	0	1494140
1854	771	786	774	739	732	747	708	0	1494879
1855	786	774	739	732	747	708	708	0	1495611
1856	774	739	732	747	708	708	724	0	1496358
1857	739	732	747	708	708	724	798	0	1497066
1858	732	747	708	708	724	798	801	0	1497774
1859	747	708	708	724	798	801	810	0	1498498
1860	708	708	724	798	801	810	801	0	1499296
1861	708	724	798	801	810	801	821	0	1500097
1862	724	798	801	810	801	821	813	0	1500907
1863	798	801	810	801	821	813	794	0	1501708
1864	801	810	801	821	813	794	794	0	1502529
1865	810	801	821	813	794	794	790	0	1503342
1866	801	821	813	794	794	790	755	0	1504136
1867	821	813	794	794	790	755	743	0	1504930
1868	813	794	794	790	755	743	798	0	1505720
1869	794	794	790	755	743	798	778	0	1506475
1870	794	790	755	743	798	778	766	0	1507218
1871	790	755	743	798	778	766	775	0	1508016
1872	755	743	798	778	766	775	782	0	1508794
1873	743	798	778	766	775	782	805	0	1509560
1874	798	778	766	775	782	805	782	0	1510335
1875	778	766	775	782	805	782	775	0	1511117
1876	766	775	782	805	782	775	727	0	1511922
1877	775	782	805	782	775	727	743	0	1512704
1878	782	805	782	775	727	743	810	0	1513479
1879	805	782	775	727	743	810	829	0	1514206
1880	782	775	727	743	810	829	805	0	1514949
1881	775	727	743	810	829	805	786	0	1515759
1882	727	743	810	829	805	786	767	0	1516588
1883	743	810	829	805	786	767	719	0	1517393
1884	810	829	805	786	767	719	736	0	1518179
1885	829	805	786	767	719	736	762	0	1518946
1886	805	786	767	719	736	762	732	0	1519665
1887	786	767	719	736	762	732	724	0	1520401
1888	767	719	736	762	732	724	712	0	1521163
1889	719	736	762	732	724	712	692	0	1521895
1890	736	762	732	724	712	692	705	0	1522619
1891	762	732	724	712	692	705	739	0	1523331
1892	732	724	712	692	705	739	747	0	1524023
1893	724	712	692	705	739	747	755	0	1524728
1894	712	692	705	739	747	755	770	0	1525467
1895	692	705	739	747	755	770	802	0	1526214
1896	705	739	747	755	770	802	813	0	1526969
1897	739	747	755	770	802	813	825	0	1527739
1898	747	755	770	802	813	825	833	0	1528541
1899	755	770	802	813	825	833	863	0	1529354
1900	770	802	813	825	833	863	876	0	1530179
1901	802	813	825	833	863	876	891	0	1531012
1902	813	825	833	863	876	891	891	0	1531875
1903	825	833	863	876	891	891	872	0	1532751
1904	833	863	876	891	891	872	836	0	1533642
1905	863	876	891	891	872	836	825	0	1534533
1906	876	891	891	872	836	825	802	0	1535405
1907	891	891	872	836	825	802	793	0	1536241
1908	891	872	836	825	802	793	775	0	1537066
1909	872	836	825	802	793	775	747	0	1537868
1910	836	825	802	793	775	747	708	0	1538661
1911	825	802	793	775	747	708	700	0	1539436
1912	802	793	775	747	708	700	841	0	1540183
1913	793	775	747	708	700	841	926	0	1540891
1914	775	747	708	700	841	926	907	0	1541591
1915	747	708	700	841	926	907	895	0	1542432
1916	708	700	841	926	907	895	871	0	1543358
1917	700	841	926	907	895	871	833	0	1544265
1918	841	926	907	895	871	833	813	0	1545160
1919	926	907	895	871	833	813	798	0	1546031
1920	907	895	871	833	813	798	778	0	1546864
1921	895	871	833	813	798	778	786	0	1547677
1922	871	833	813	798	778	786	778	0	1548475
1923	833	813	798	778	786	778	809	0	1549253
1924	813	798	778	786	778	809	810	0	1550039
1925	798	778	786	778	809	810	809	0	1550817
1926	778	786	778	809	810	809	802	0	1551626
1927	786	778	809	810	809	802	790	0	1552436
1928	778	809	810	809	802	790	766	0	1553245
1929	809	810	809	802	790	766	720	0	1554047
1930	810	809	802	790	766	720	766	0	1554837
1931	809	802	790	766	720	766	790	0	1555603
1932	802	790	766	720	766	790	806	0	1556323
1933	790	766	720	766	790	806	801	0	1557089
1934	766	720	766	790	806	801	782	0	1557879
1935	720	766	790	806	801	782	798	0	1558685
1936	766	790	806	801	782	798	798	0	1559486
1937	790	806	801	782	798	798	805	0	1560268
1938	806	801	782	798	798	805	798	0	1561066
1939	801	782	798	798	805	798	801	0	1561864
1940	782	798	798	805	798	801	783	0	1562669
1941	798	798	805	798	801	783	805	0	1563467
1942	798	805	798	801	783	805	805	0	1564268
1943	805	798	801	783	805	805	783	0	1565051
1944	798	801	783	805	805	783	801	0	1565856
1945	801	783	805	805	783	801	794	0	1566661
1946	783	805	805	783	801	794	782	0	1567444
1947	805	805	783	801	794	782	739	0	1568245
1948	805	783	801	794	782	739	720	0	1569039
1949	783	801	794	782	739	720	759	0	1569821
1950	801	794	782	739	720	759	774	0	1570560
1951	794	782	739	720	759	774	736	0	1571280
1952	782	739	720	759	774	736	727	0	1572039
1953	739	720	759	774	736	727	747	0	1572813
1954	720	759	774	736	727	747	759	0	1573549
1955	759	774	736	727	747	759	720	0	1574276
1956	774	736	727	747	759	720	724	0	1575023
1957	736	727	747	759	720	724	774	0	1575782
1958	727	747	759	720	724	774	755	0	1576502
1959	747	759	720	724	774	755	778	0	1577226
1960	759	720	724	774	755	778	798	0	1578000
1961	720	724	774	755	778	798	797	0	1578755
1962	724	774	755	778	798	797	786	0	1579533
1963	774	755	778	798	797	786	732	0	1580331
1964	755	778	798	797	786	732	731	0	1581128
1965	778	798	797	786	732	731	728	0	1581914
1966	798	797	786	732	731	728	704	0	1582646
1967	797	786	732	731	728	704	716	0	1583377
1968	786	732	731	728	704	716	705	0	1584105
1969	732	731	728	704	716	705	708	0	1584809
1970	731	728	704	716	705	708	712	0	1585525
1971	728	704	716	705	708	712	704	0	1586230
1972	704	716	705	708	712	704	697	0	1586938
1973	716	705	708	712	704	697	692	0	1587650
1974	705	708	712	704	697	692	739	0	1588354
1975	708	712	704	697	692	739	744	0	1589051
1976	712	704	697	692	739	744	793	0	1589743
1977	704	697	692	739	744	793	806	0	1590482
1978	697	692	739	744	793	806	833	0	1591226
1979	692	739	744	793	806	833	828	0	1592019
1980	739	744	793	806	833	828	841	0	1592825
1981	744	793	806	833	828	841	860	0	1593658
1982	793	806	833	828	841	860	871	0	1594486
1983	806	833	828	841	860	871	911	0	1595327
1984	833	828	841	860	871	911	949	0	1596187
1985	828	841	860	871	911	949	942	0	1597058
1986	841	860	871	911	949	942	930	0	1597969
1987	860	871	911	949	942	930	926	0	1598918
1988	871	911	949	942	930	926	903	0	1599860
1989	911	949	942	930	926	903	856	0	1600790
1990	949	942	930	926	903	856	852	0	1601716
1991	942	930	926	903	856	852	813	0	1602619
1992	930	926	903	856	852	813	794	0	1603475
1993	926	903	856	852	813	794	860	0	1604327
1994	903	856	852	813	794	860	871	0	1605140
1995	856	852	813	794	860	871	895	0	1605934
1996	852	813	794	860	871	895	868	0	1606794
1997	813	794	860	871	895	868	840	0	1607665
1998	794	860	871	895	868	840	806	0	1608560
1999	860	871	895	868	840	806	770	0	1609428
2000	871	895	868	840	806	770	771	0	1610268
2001	895	868	840	806	770	771	759	0	1611074
2002	868	840	806	770	771	759	828	0	1611844
2003	840	806	770	771	759	828	825	0	1612615
2004	806	770	771	759	828	825	802	0	1613374
2005	770	771	759	828	825	802	790	0	1614202
2006	771	759	828	825	802	790	774	0	1615027
2007	759	828	825	802	790	774	790	0	1615829
2008	828	825	802	790	774	790	801	0	1616619
2009	825	802	790	774	790	801	818	0	1617393
2010	802	790	774	790	801	818	824	0	1618183
2011	790	774	790	801	818	824	868	0	1618984
2012	774	790	801	818	824	868	903	0	1619802
2013	790	801	818	824	868	903	903	0	1620626
2014	801	818	824	868	903	903	918	0	1621494
2015	818	824	868	903	903	918	938	0	1622397
2016	824	868	903	903	918	938	937	0	1623300
2017	868	903	903	918	938	937	919	0	1624218
2018	903	903	918	938	937	919	988	0	1625156
2019	903	918	938	937	919	988	1008	0	1626093
2020	918	938	937	919	988	1008	992	0	1627012
2021	938	937	919	988	1008	992	1039	0	1628000
2022	937	919	988	1008	992	1039	992	0	1629008
2023	919	988	1008	992	1039	992	957	0	1630000
2024	988	1008	992	1039	992	957	1012	0	1631039
2025	1008	992	1039	992	957	1012	992	0	1632031
2026	992	1039	992	957	1012	992	977	0	1632988
2027	1039	992	957	1012	992	977	1015	0	1634000
2028	992	957	1012	992	977	1015	1012	0	1634992
2029	957	1012	992	977	1015	1012	950	0	1635969
2030	1012	992	977	1015	1012	950	961	0	1636984
2031	992	977	1015	1012	950	961	949	0	1637996
2032	977	1015	1012	950	961	949	914	0	1638946
2033	1015	1012	950	961	949	914	962	0	1639907
2034	1012	950	961	949	914	962	949	0	1640856
2035	950	961	949	914	962	949	914	0	1641770
2036	961	949	914	962	949	914	942	0	1642732
2037	949	914	962	949	914	942	930	0	1643681
2038	914	962	949	914	942	930	918	0	1644595
2039	962	949	914	942	930	918	915	0	1645537
2040	949	914	942	930	918	915	941	0	1646467
2041	914	942	930	918	915	941	915	0	1647385
2042	942	930	918	915	941	915	895	0	1648300
2043	930	918	915	941	915	895	914	0	1649241
2044	918	915	941	915	895	914	856	0	1650156
2045	915	941	915	895	914	856	864	0	1651051
2046	941	915	895	914	856	864	868	0	1651965
2047	915	895	914	856	864	868	840	0	1652821
2048	895	914	856	864	868	840	848	0	1653685
2049	914	856	864	868	840	848	864	0	1654553
2050	856	864	868	840	848	864	856	0	1655393
2051	864	868	840	848	864	856	844	0	1656241
2052	868	840	848	864	856	844	884	0	1657105
2053	840	848	864	856	844	884	875	0	1657961
2054	848	864	856	844	884	875	852	0	1658805
2055	864	856	844	884	875	852	888	0	1659689
2056	856	844	884	875	852	888	848	0	1660564
2057	844	884	875	852	888	848	856	0	1661416
2058	884	875	852	888	848	856	883	0	1662304
2059	875	852	888	848	856	883	887	0	1663152
2060	852	888	848	856	883	887	880	0	1664008
2061	888	848	856	883	887	880	918	0	1664891
2062	848	856	883	887	880	918	918	0	1665778
2063	856	883	887	880	918	918	907	0	1666658
2064	883	887	880	918	918	907	945	0	1667576
2065	887	880	918	918	907	945	977	0	1668494
2066	880	918	918	907	945	977	953	0	1669401
2067	918	918	907	945	977	953	985	0	1670346
2068	918	907	945	977	953	985	988	0	1671323
2069	907	945	977	953	985	988	957	0	1672276
2070	945	977	953	985	988	957	973	0	1673261
2071	977	953	985	988	957	973	988	0	1674249
2072	953	985	988	957	973	988	946	0	1675206
2073	985	988	957	973	988	946	961	0	1676179
2074	988	957	973	988	946	961	988	0	1677167
2075	957	973	988	946	961	988	957	0	1678113
2076	973	988	946	961	988	957	989	0	1679074
2077	988	946	961	988	957	989	969	0	1680062
2078	946	961	988	957	989	969	934	0	1681019
2079	961	988	957	989	969	934	972	0	1682008
2080	988	957	989	969	934	972	977	0	1682977
2081	957	989	969	934	972	977	934	0	1683911
2082	989	969	934	972	977	934	949	0	1684883
2083	969	934	972	977	934	949	942	0	1685860
2084	934	972	977	934	949	942	922	0	1686794
2085	972	977	934	949	942	922	946	0	1687743
2086	977	934	949	942	922	946	945	0	1688685
2087	934	949	942	922	946	945	926	0	1689607
2088	949	942	922	946	945	926	926	0	1690553
2089	942	922	946	945	926	926	989	0	1691498
2090	922	946	945	926	926	989	968	0	1692424
2091	946	945	926	926	989	968	938	0	1693350
2092	945	926	926	989	968	938	969	0	1694339
2093	926	926	989	968	938	969	988	0	1695307
2094	926	989	968	938	969	988	954	0	1696245
2095	989	968	938	969	988	954	965	0	1697214
2096	968	938	969	988	954	965	961	0	1698202
2097	938	969	988	954	965	961	918	0	1699156
2098	969	988	954	965	961	918	957	0	1700121
2099	988	954	965	961	918	957	946	0	1701082
2100	954	965	961	918	957	946	934	0	1702000
2101	965	961	918	957	946	934	961	0	1702957
2102	961	918	957	946	934	961	988	0	1703903
2103	918	957	946	934	961	988	942	0	1704837
2104	957	946	934	961	988	942	953	0	1705798
2105	946	934	961	988	942	953	973	0	1706786
2106	934	961	988	942	953	973	937	0	1707728
2107	961	988	942	953	973	937	930	0	1708681
2108	988	942	953	973	937	930	919	0	1709654
2109	942	953	973	937	930	919	871	0	1710591
2110	953	973	937	930	919	871	872	0	1711521
2111	973	937	930	919	871	872	922	0	1712440
2112	937	930	919	871	872	922	899	0	1713311
2113	930	919	871	872	922	899	899	0	1714183
2114	919	871	872	922	899	899	918	0	1715105
2115	871	872	922	899	899	918	860	0	1716004
2116	872	922	899	899	918	860	868	0	1716903
2117	922	899	899	918	860	868	860	0	1717821
2118	899	899	918	860	868	860	844	0	1718681
2119	899	918	860	868	860	844	864	0	1719549
2120	918	860	868	860	844	864	883	0	1720409
2121	860	868	860	844	864	883	844	0	1721253
2122	868	860	844	864	883	844	841	0	1722117
2123	860	844	864	883	844	841	848	0	1723000
2124	844	864	883	844	841	848	887	0	1723844
2125	864	883	844	841	848	887	911	0	1724685
2126	883	844	841	848	887	911	926	0	1725533
2127	844	841	848	887	911	926	965	0	1726420
2128	841	848	887	911	926	965	969	0	1727331
2129	848	887	911	926	965	969	941	0	1728257
2130	887	911	926	965	969	941	969	0	1729222
2131	911	926	965	969	941	969	953	0	1730191
2132	926	965	969	941	969	953	934	0	1731132
2133	965	969	941	969	953	934	973	0	1732101
2134	969	941	969	953	934	973	950	0	1733054
2135	941	969	953	934	973	950	953	0	1733988
2136	969	953	934	973	950	953	976	0	1734961
2137	953	934	973	950	953	976	1032	0	1735911
2138	934	973	950	953	976	1032	1007	0	1736864
2139	973	950	953	976	1032	1007	1032	0	1737840
2140	950	953	976	1032	1007	1032	1027	0	1738872
2141	953	976	1032	1007	1032	1027	973	0	1739879
2142	976	1032	1007	1032	1027	973	968	0	1740911
2143	1032	1007	1032	1027	973	968	965	0	1741938
2144	1007	1032	1027	973	968	965	938	0	1742911
2145	1032	1027	973	968	965	938	961	0	1743879
2146	1027	973	968	965	938	961	973	0	1744844
2147	973	968	965	938	961	973	945	0	1745782
2148	968	965	938	961	973	945	950	0	1746743
2149	965	938	961	973	945	950	988	0	1747716
2150	938	961	973	945	950	988	961	0	1748661
2151	961	973	945	950	988	961	934	0	1749611
2152	973	945	950	988	961	934	961	0	1750599
2153	945	950	988	961	934	961	946	0	1751560
2154	950	988	961	934	961	946	930	0	1752494
2155	988	961	934	961	946	930	957	0	1753455
2156	961	934	961	946	930	957	934	0	1754401
2157	934	961	946	930	957	934	910	0	1755331
2158	961	946	930	957	934	910	946	0	1756288
2159	946	930	957	934	910	946	934	0	1757222
2160	930	957	934	910	946	934	918	0	1758132
2161	957	934	910	946	934	918	953	0	1759078
2162	934	910	946	934	918	953	977	0	1760012
2163	910	946	934	918	953	977	953	0	1760930
2164	946	934	918	953	977	953	954	0	1761883
2165	934	918	953	977	953	954	965	0	1762860
2166	918	953	977	953	954	965	929	0	1763813
2167	953	977	953	954	965	929	927	0	1764767
2168	977	953	954	965	929	927	957	0	1765732
2169	953	954	965	929	927	957	941	0	1766661
2170	954	965	929	927	957	941	903	0	1767588
2171	965	929	927	957	941	903	934	0	1768545
2172	929	927	957	941	903	934	945	0	1769486
2173	927	957	941	903	934	945	919	0	1770389
2174	957	941	903	934	945	919	934	0	1771323
2175	941	903	934	945	919	934	961	0	1772268
2176	903	934	945	919	934	961	922	0	1773187
2177	934	945	919	934	961	922	934	0	1774121
2178	945	919	934	961	922	934	973	0	1775082
2179	919	934	961	922	934	973	933	0	1776004
2180	934	961	922	934	973	933	915	0	1776938
2181	961	922	934	973	933	915	945	0	1777911
2182	922	934	973	933	915	945	926	0	1778844
2183	934	973	933	915	945	926	915	0	1779759
2184	973	933	915	945	926	915	980	0	1780704
2185	933	915	945	926	915	980	1016	0	1781630
2186	915	945	926	915	980	1016	957	0	1782545
2187	945	926	915	980	1016	957	965	0	1783525
2188	926	915	980	1016	957	965	969	0	1784541
2189	915	980	1016	957	965	969	973	0	1785498
2190	980	1016	957	965	969	973	957	0	1786463
2191	1016	957	965	969	973	957	957	0	1787432
2192	957	965	969	973	957	957	938	0	1788405
2193	965	969	973	957	957	938	965	0	1789362
2194	969	973	957	957	938	965	949	0	1790319
2195	973	957	957	938	965	949	915	0	1791257
2196	957	957	938	965	949	915	945	0	1792222
2197	957	938	965	949	915	945	938	0	1793171
2198	938	965	949	915	945	938	906	0	1794086
2199	965	949	915	945	938	906	942	0	1795031
2200	949	915	945	938	906	942	934	0	1795969
2201	915	945	938	906	942	934	899	0	1796875
