index	i-3	i-2	i-1	i+0	i+1	i+2	i+3	Filter	Time
3	412	923	922	891	918	915	914	0	3148
4	923	922	891	918	915	914	918	0	4066
5	922	891	918	915	914	918	915	0	4981
6	891	918	915	914	918	915	926	0	5895
7	918	915	914	918	915	926	930	0	6813
8	915	914	918	915	926	930	953	0	7728
9	914	918	915	926	930	953	981	0	8654
10	918	915	926	930	953	981	961	0	9584
11	915	926	930	953	981	961	988	0	10537
12	926	930	953	981	961	988	988	0	11518
13	930	953	981	961	988	988	969	0	12479
14	953	981	961	988	988	969	946	0	13467
15	981	961	988	988	969	946	953	0	14455
16	961	988	988	969	946	953	961	0	15424
17	988	988	969	946	953	961	938	0	16370
18	988	969	946	953	961	938	930	0	17323
19	969	946	953	961	938	930	926	0	18284
20	946	953	961	938	930	926	918	0	19222
21	953	961	938	930	926	918	926	0	20152
22	961	938	930	926	918	926	922	0	21078
23	938	930	926	918	926	922	919	0	21996
24	930	926	918	926	922	919	926	0	22922
25	926	918	926	922	919	926	910	0	23844
26	918	926	922	919	926	910	911	0	24763
27	926	922	919	926	910	911	906	0	25689
28	922	919	926	910	911	906	888	0	26599
29	919	926	910	911	906	888	883	0	27510
30	926	910	911	906	888	883	864	0	28416
31	910	911	906	888	883	864	856	0	29304
32	911	906	888	883	864	856	852	0	30187
33	906	888	883	864	856	852	836	0	31051
34	888	883	864	856	852	836	825	0	31907
35	883	864	856	852	836	825	829	0	32759
36	864	856	852	836	825	829	817	0	33595
37	856	852	836	825	829	817	813	0	34420
38	852	836	825	829	817	813	810	0	35249
39	836	825	829	817	813	810	805	0	36066
40	825	829	817	813	810	805	813	0	36879
41	829	817	813	810	805	813	806	0	37689
42	817	813	810	805	813	806	813	0	38494
43	813	810	805	813	806	813	829	0	39307
44	810	805	813	806	813	829	840	0	40113
45	805	813	806	813	829	840	868	0	40926
46	813	806	813	829	840	868	876	0	41755
47	806	813	829	840	868	876	891	0	42595
48	813	829	840	868	876	891	914	0	43463
49	829	840	868	876	891	914	907	0	44339
50	840	868	876	891	914	907	910	0	45230
51	868	876	891	914	907	910	934	0	46144
52	876	891	914	907	910	934	934	0	47051
53	891	914	907	910	934	934	930	0	47961
54	914	907	910	934	934	930	953	0	48895
55	907	910	934	934	930	953	942	0	49829
56	910	934	934	930	953	942	961	0	50759
57	934	934	930	953	942	961	980	0	51712
58	934	930	953	942	961	980	1004	0	52654
59	930	953	942	961	980	1004	989	0	53615
60	953	942	961	980	1004	989	1027	0	54595
61	942	961	980	1004	989	1027	1011	0	55599
62	961	980	1004	989	1027	1011	1043	0	56588
63	980	1004	989	1027	1011	1043	1035	0	57615
64	1004	989	1027	1011	1043	1035	1031	0	58626
65	989	1027	1011	1043	1035	1031	1039	0	59669
66	1027	1011	1043	1035	1031	1039	1004	0	60704
67	1011	1043	1035	1031	1039	1004	985	0	61735
68	1043	1035	1031	1039	1004	985	1004	0	62774
69	1035	1031	1039	1004	985	1004	1007	0	63778
70	1031	1039	1004	985	1004	1007	981	0	64763
71	1039	1004	985	1004	1007	981	980	0	65767
72	1004	985	1004	1007	981	980	981	0	66774
73	985	1004	1007	981	980	981	996	0	67755
74	1004	1007	981	980	981	996	965	0	68735
75	1007	981	980	981	996	965	1031	0	69716
76	981	980	981	996	965	1031	1059	0	70712
77	980	981	996	965	1031	1059	996	0	71677
78	981	996	965	1031	1059	996	1066	0	72708
79	996	965	1031	1059	996	1066	1070	0	73767
80	965	1031	1059	996	1066	1070	1058	0	74763
81	1031	1059	996	1066	1070	1058	1066	0	75829
82	1059	996	1066	1070	1058	1066	1074	0	76899
83	996	1066	1070	1058	1066	1074	1129	0	77957
84	1066	1070	1058	1066	1074	1129	1101	0	79023
85	1070	1058	1066	1074	1129	1101	1082	0	80097
86	1058	1066	1074	1129	1101	1082	1081	0	81226
87	1066	1074	1129	1101	1082	1081	1094	0	82327
88	1074	1129	1101	1082	1081	1094	1097	0	83409
89	1129	1101	1082	1081	1094	1097	1074	0	84490
90	1101	1082	1081	1094	1097	1074	1089	0	85584
91	1082	1081	1094	1097	1074	1089	1078	0	86681
92	1081	1094	1097	1074	1089	1078	1055	0	87755
93	1094	1097	1074	1089	1078	1055	1046	0	88844
94	1097	1074	1089	1078	1055	1046	1016	0	89922
95	1074	1089	1078	1055	1046	1016	1019	0	90977
96	1089	1078	1055	1046	1016	1019	1000	0	92023
97	1078	1055	1046	1016	1019	1000	965	0	93039
98	1055	1046	1016	1019	1000	965	950	0	94058
99	1046	1016	1019	1000	965	950	1015	0	95058
100	1016	1019	1000	965	950	1015	996	0	96023
101	1019	1000	965	950	1015	996	1039	0	96973
102	1000	965	950	1015	996	1039	1078	0	97988
103	965	950	1015	996	1039	1078	1090	0	98984
104	950	1015	996	1039	1078	1090	1097	0	100023
105	1015	996	1039	1078	1090	1097	1140	0	101101
106	996	1039	1078	1090	1097	1140	1109	0	102191
107	1039	1078	1090	1097	1140	1109	1109	0	103288
108	1078	1090	1097	1140	1109	1109	1128	0	104428
109	1090	1097	1140	1109	1109	1128	1109	0	105537
110	1097	1140	1109	1109	1128	1109	1148	0	106646
111	1140	1109	1109	1128	1109	1148	1140	0	107774
112	1109	1109	1128	1109	1148	1140	1164	0	108883
113	1109	1128	1109	1148	1140	1164	1183	0	110031
114	1128	1109	1148	1140	1164	1183	1132	0	111171
115	1109	1148	1140	1164	1183	1132	1167	0	112335
116	1148	1140	1164	1183	1132	1167	1144	0	113518
117	1140	1164	1183	1132	1167	1144	1132	0	114650
118	1164	1183	1132	1167	1144	1132	1156	0	115817
119	1183	1132	1167	1144	1132	1156	1156	0	116961
120	1132	1167	1144	1132	1156	1156	1140	0	118093
121	1167	1144	1132	1156	1156	1140	1163	0	119249
122	1144	1132	1156	1156	1140	1163	1140	0	120405
123	1132	1156	1156	1140	1163	1140	1168	0	121545
124	1156	1156	1140	1163	1140	1168	1175	0	122708
125	1156	1140	1163	1140	1168	1175	1140	0	123848
126	1140	1163	1140	1168	1175	1140	1175	0	125016
127	1163	1140	1168	1175	1140	1175	1101	0	126191
128	1140	1168	1175	1140	1175	1101	1152	0	127331
129	1168	1175	1140	1175	1101	1152	1136	0	128506
130	1175	1140	1175	1101	1152	1136	1093	0	129607
131	1140	1175	1101	1152	1136	1093	1133	0	130759
132	1175	1101	1152	1136	1093	1133	1089	0	131895
133	1101	1152	1136	1093	1133	1089	1097	0	132988
134	1152	1136	1093	1133	1089	1097	1113	0	134121
135	1136	1093	1133	1089	1097	1113	1086	0	135210
136	1093	1133	1089	1097	1113	1086	1089	0	136307
137	1133	1089	1097	1113	1086	1089	1070	0	137420
138	1089	1097	1113	1086	1089	1070	1043	0	138506
139	1097	1113	1086	1089	1070	1043	1097	0	139595
140	1113	1086	1089	1070	1043	1097	1121	0	140665
141	1086	1089	1070	1043	1097	1121	1121	0	141708
142	1089	1070	1043	1097	1121	1121	1093	0	142805
143	1070	1043	1097	1121	1121	1093	1090	0	143926
144	1043	1097	1121	1121	1093	1090	1031	0	145047
145	1097	1121	1121	1093	1090	1031	1035	0	146140
146	1121	1121	1093	1090	1031	1035	1089	0	147230
147	1121	1093	1090	1031	1035	1089	1097	0	148261
148	1093	1090	1031	1035	1089	1097	1086	0	149296
149	1090	1031	1035	1089	1097	1086	1140	0	150385
150	1031	1035	1089	1097	1086	1140	1094	0	151482
151	1035	1089	1097	1086	1140	1094	1144	0	152568
152	1089	1097	1086	1140	1094	1144	1105	0	153708
153	1097	1086	1140	1094	1144	1105	1042	0	154802
154	1086	1140	1094	1144	1105	1042	1028	0	155946
155	1140	1094	1144	1105	1042	1028	1039	0	157051
156	1094	1144	1105	1042	1028	1039	1108	0	158093
157	1144	1105	1042	1028	1039	1108	1125	0	159121
158	1105	1042	1028	1039	1108	1125	1128	0	160160
159	1042	1028	1039	1108	1125	1128	1144	0	161268
160	1028	1039	1108	1125	1128	1144	1121	0	162393
161	1039	1108	1125	1128	1144	1121	1148	0	163521
162	1108	1125	1128	1144	1121	1148	1140	0	164665
163	1125	1128	1144	1121	1148	1140	1113	0	165786
164	1128	1144	1121	1148	1140	1113	1128	0	166934
165	1144	1121	1148	1140	1113	1128	1113	0	168074
166	1121	1148	1140	1113	1128	1113	1136	0	169187
167	1148	1140	1113	1128	1113	1136	1121	0	170315
168	1140	1113	1128	1113	1136	1121	1117	0	171428
169	1113	1128	1113	1136	1121	1117	1109	0	172564
170	1128	1113	1136	1121	1117	1109	1070	0	173685
171	1113	1136	1121	1117	1109	1070	1097	0	174802
172	1136	1121	1117	1109	1070	1097	1054	0	175911
173	1121	1117	1109	1070	1097	1054	1082	0	176981
174	1117	1109	1070	1097	1054	1082	1023	0	178078
175	1109	1070	1097	1054	1082	1023	989	0	179132
176	1070	1097	1054	1082	1023	989	1078	0	180214
177	1097	1054	1082	1023	989	1078	1089	0	181237
178	1054	1082	1023	989	1078	1089	1097	0	182226
179	1082	1023	989	1078	1089	1097	1148	0	183304
180	1023	989	1078	1089	1097	1148	1109	0	184393
181	989	1078	1089	1097	1148	1109	1132	0	185490
182	1078	1089	1097	1148	1109	1132	1125	0	186638
183	1089	1097	1148	1109	1132	1125	1124	0	187747
184	1097	1148	1109	1132	1125	1124	1129	0	188879
185	1148	1109	1132	1125	1124	1129	1120	0	190004
186	1109	1132	1125	1124	1129	1120	1094	0	191128
187	1132	1125	1124	1129	1120	1094	1070	0	192257
188	1125	1124	1129	1120	1094	1070	1066	0	193377
189	1124	1129	1120	1094	1070	1066	1066	0	194471
190	1129	1120	1094	1070	1066	1066	1027	0	195541
191	1120	1094	1070	1066	1066	1027	1074	0	196607
192	1094	1070	1066	1066	1027	1074	1094	0	197673
193	1070	1066	1066	1027	1074	1094	1078	0	198700
194	1066	1066	1027	1074	1094	1078	1116	0	199774
195	1066	1027	1074	1094	1078	1116	1133	0	200868
196	1027	1074	1094	1078	1116	1133	1120	0	201946
197	1074	1094	1078	1116	1133	1120	1132	0	203062
198	1094	1078	1116	1133	1120	1132	1125	0	204195
199	1078	1116	1133	1120	1132	1125	1113	0	205315
200	1116	1133	1120	1132	1125	1113	1070	0	206447
201	1133	1120	1132	1125	1113	1070	1062	0	207572
202	1120	1132	1125	1113	1070	1062	1051	0	208685
203	1132	1125	1113	1070	1062	1051	1089	0	209755
204	1125	1113	1070	1062	1051	1089	1086	0	210817
205	1113	1070	1062	1051	1089	1086	1085	0	211868
206	1070	1062	1051	1089	1086	1085	1113	0	212957
207	1062	1051	1089	1086	1085	1113	1070	0	214043
208	1051	1089	1086	1085	1113	1070	1074	0	215128
209	1089	1086	1085	1113	1070	1074	1094	0	216241
210	1086	1085	1113	1070	1074	1094	1066	0	217311
211	1085	1113	1070	1074	1094	1066	1043	0	218385
212	1113	1070	1074	1094	1066	1043	1046	0	219479
213	1070	1074	1094	1066	1043	1046	1012	0	220545
214	1074	1094	1066	1043	1046	1012	1004	0	221588
215	1094	1066	1043	1046	1012	1004	992	0	222634
216	1066	1043	1046	1012	1004	992	1027	0	223646
217	1043	1046	1012	1004	992	1027	1020	0	224650
218	1046	1012	1004	992	1027	1020	1070	0	225642
219	1012	1004	992	1027	1020	1070	1085	0	226669
220	1004	992	1027	1020	1070	1085	1078	0	227689
221	992	1027	1020	1070	1085	1078	1109	0	228759
222	1027	1020	1070	1085	1078	1109	1101	0	229844
223	1020	1070	1085	1078	1109	1101	1078	0	230922
224	1070	1085	1078	1109	1101	1078	1086	0	232031
225	1085	1078	1109	1101	1078	1086	1070	0	233132
226	1078	1109	1101	1078	1086	1070	1023	0	234210
227	1109	1101	1078	1086	1070	1023	1027	0	235296
228	1101	1078	1086	1070	1023	1027	1000	0	236366
229	1078	1086	1070	1023	1027	1000	1031	0	237389
230	1086	1070	1023	1027	1000	1031	1012	0	238416
231	1070	1023	1027	1000	1031	1012	1051	0	239416
232	1023	1027	1000	1031	1012	1051	1093	0	240447
233	1027	1000	1031	1012	1051	1093	1074	0	241459
234	1000	1031	1012	1051	1093	1074	1097	0	242510
235	1031	1012	1051	1093	1074	1097	1098	0	243603
236	1012	1051	1093	1074	1097	1098	1070	0	244677
237	1051	1093	1074	1097	1098	1070	1070	0	245774
238	1093	1074	1097	1098	1070	1070	1031	0	246872
239	1074	1097	1098	1070	1070	1031	1015	0	247942
240	1097	1098	1070	1070	1031	1015	1012	0	249012
241	1098	1070	1070	1031	1015	1012	988	0	250043
242	1070	1070	1031	1015	1012	988	961	0	251058
243	1070	1031	1015	1012	988	961	1012	0	252070
244	1031	1015	1012	988	961	1012	1004	0	253058
245	1015	1012	988	961	1012	1004	1008	0	254019
246	1012	988	961	1012	1004	1008	1023	0	255031
247	988	961	1012	1004	1008	1023	1016	0	256035
248	961	1012	1004	1008	1023	1016	996	0	257043
249	1012	1004	1008	1023	1016	996	1000	0	258066
250	1004	1008	1023	1016	996	1000	976	0	259082
251	1008	1023	1016	996	1000	976	977	0	260078
252	1023	1016	996	1000	976	977	1012	0	261078
253	1016	996	1000	976	977	1012	1039	0	262054
254	996	1000	976	977	1012	1039	1011	0	263031
255	1000	976	977	1012	1039	1011	1063	0	264043
256	976	977	1012	1039	1011	1063	1089	0	265082
257	977	1012	1039	1011	1063	1089	1051	0	266093
258	1012	1039	1011	1063	1089	1051	1097	0	267156
259	1039	1011	1063	1089	1051	1097	1097	0	268245
260	1011	1063	1089	1051	1097	1097	1101	0	269296
261	1063	1089	1051	1097	1097	1101	1082	0	270393
262	1089	1051	1097	1097	1101	1082	1090	0	271490
263	1051	1097	1097	1101	1082	1090	1062	0	272591
264	1097	1097	1101	1082	1090	1062	1086	0	273673
265	1097	1101	1082	1090	1062	1086	1058	0	274763
266	1101	1082	1090	1062	1086	1058	1027	0	275825
267	1082	1090	1062	1086	1058	1027	1062	0	276911
268	1090	1062	1086	1058	1027	1062	1051	0	277969
269	1062	1086	1058	1027	1062	1051	1039	0	278996
270	1086	1058	1027	1062	1051	1039	1035	0	280058
271	1058	1027	1062	1051	1039	1035	996	0	281109
272	1027	1062	1051	1039	1035	996	965	0	282148
273	1062	1051	1039	1035	996	965	1027	0	283183
274	1051	1039	1035	996	965	1027	1051	0	284179
275	1039	1035	996	965	1027	1051	1031	0	285144
276	1035	996	965	1027	1051	1031	1082	0	286171
277	996	965	1027	1051	1031	1082	1093	0	287222
278	965	1027	1051	1031	1082	1093	1054	0	288253
279	1027	1051	1031	1082	1093	1054	1094	0	289335
280	1051	1031	1082	1093	1054	1094	1082	0	290428
281	1031	1082	1093	1054	1094	1082	1054	0	291482
282	1082	1093	1054	1094	1082	1054	1035	0	292576
283	1093	1054	1094	1082	1054	1035	1051	0	293658
284	1054	1094	1082	1054	1035	1051	1066	0	294712
285	1094	1082	1054	1035	1051	1066	1070	0	295747
286	1082	1054	1035	1051	1066	1070	1058	0	296798
287	1054	1035	1051	1066	1070	1058	1062	0	297864
288	1035	1051	1066	1070	1058	1062	1090	0	298934
289	1051	1066	1070	1058	1062	1090	1117	0	299992
290	1066	1070	1058	1062	1090	1117	1066	0	301054
291	1070	1058	1062	1090	1117	1066	1113	0	302144
292	1058	1062	1090	1117	1066	1113	1062	0	303261
293	1062	1090	1117	1066	1113	1062	1027	0	304327
294	1090	1117	1066	1113	1062	1027	1094	0	305440
295	1117	1066	1113	1062	1027	1094	1081	0	306502
296	1066	1113	1062	1027	1094	1081	1039	0	307529
297	1113	1062	1027	1094	1081	1039	1082	0	308623
298	1062	1027	1094	1081	1039	1082	1086	0	309704
299	1027	1094	1081	1039	1082	1086	1054	0	310743
300	1094	1081	1039	1082	1086	1054	1086	0	311825
301	1081	1039	1082	1086	1054	1086	1093	0	312911
302	1039	1082	1086	1054	1086	1093	1093	0	313965
303	1082	1086	1054	1086	1093	1093	1098	0	315051
304	1086	1054	1086	1093	1093	1098	1105	0	316144
305	1054	1086	1093	1093	1098	1105	1070	0	317237
306	1086	1093	1093	1098	1105	1070	1066	0	318335
307	1093	1093	1098	1105	1070	1066	1082	0	319440
308	1093	1098	1105	1070	1066	1082	1074	0	320510
309	1098	1105	1070	1066	1082	1074	1027	0	321576
310	1105	1070	1066	1082	1074	1027	1011	0	322658
311	1070	1066	1082	1074	1027	1011	1024	0	323732
312	1066	1082	1074	1027	1011	1024	1046	0	324759
313	1082	1074	1027	1011	1024	1046	1039	0	325770
314	1074	1027	1011	1024	1046	1039	1098	0	326794
315	1027	1011	1024	1046	1039	1098	1112	0	327840
316	1011	1024	1046	1039	1098	1112	1094	0	328879
317	1024	1046	1039	1098	1112	1094	1148	0	329977
318	1046	1039	1098	1112	1094	1148	1140	0	331089
319	1039	1098	1112	1094	1148	1140	1113	0	332183
320	1098	1112	1094	1148	1140	1113	1159	0	333331
321	1112	1094	1148	1140	1113	1159	1148	0	334471
322	1094	1148	1140	1113	1159	1148	1090	0	335584
323	1148	1140	1113	1159	1148	1090	1128	0	336743
324	1140	1113	1159	1148	1090	1128	1132	0	337891
325	1113	1159	1148	1090	1128	1132	1109	0	338981
326	1159	1148	1090	1128	1132	1109	1066	0	340109
327	1148	1090	1128	1132	1109	1066	1082	0	341241
328	1090	1128	1132	1109	1066	1082	1078	0	342350
329	1128	1132	1109	1066	1082	1078	1031	0	343416
330	1132	1109	1066	1082	1078	1031	1012	0	344498
331	1109	1066	1082	1078	1031	1012	1004	0	345576
332	1066	1082	1078	1031	1012	1004	1050	0	346607
333	1082	1078	1031	1012	1004	1050	1023	0	347619
334	1078	1031	1012	1004	1050	1023	1106	0	348623
335	1031	1012	1004	1050	1023	1106	1097	0	349673
336	1012	1004	1050	1023	1106	1097	1066	0	350696
337	1004	1050	1023	1106	1097	1066	1062	0	351802
338	1050	1023	1106	1097	1066	1062	1090	0	352899
339	1023	1106	1097	1066	1062	1090	1074	0	353965
340	1106	1097	1066	1062	1090	1074	1089	0	355027
341	1097	1066	1062	1090	1074	1089	1113	0	356117
342	1066	1062	1090	1074	1089	1113	1089	0	357191
343	1062	1090	1074	1089	1113	1089	1094	0	358280
344	1090	1074	1089	1113	1089	1094	1113	0	359393
345	1074	1089	1113	1089	1094	1113	1081	0	360482
346	1089	1113	1089	1094	1113	1081	1105	0	361576
347	1113	1089	1094	1113	1081	1105	1098	0	362689
348	1089	1094	1113	1081	1105	1098	1074	0	363770
349	1094	1113	1081	1105	1098	1074	1097	0	364875
350	1113	1081	1105	1098	1074	1097	1054	0	365973
351	1081	1105	1098	1074	1097	1054	1055	0	367047
352	1105	1098	1074	1097	1054	1055	1015	0	368144
353	1098	1074	1097	1054	1055	1015	1039	0	369198
354	1074	1097	1054	1055	1015	1039	1028	0	370253
355	1097	1054	1055	1015	1039	1028	1093	0	371268
356	1054	1055	1015	1039	1028	1093	1097	0	372307
357	1055	1015	1039	1028	1093	1097	1094	0	373335
358	1015	1039	1028	1093	1097	1094	1124	0	374428
359	1039	1028	1093	1097	1094	1124	1136	0	375525
360	1028	1093	1097	1094	1124	1136	1121	0	376619
361	1093	1097	1094	1124	1136	1121	1140	0	377743
362	1097	1094	1124	1136	1121	1140	1101	0	378879
363	1094	1124	1136	1121	1140	1101	1117	0	380000
364	1124	1136	1121	1140	1101	1117	1136	0	381140
365	1136	1121	1140	1101	1117	1136	1113	0	382241
366	1121	1140	1101	1117	1136	1113	1062	0	383358
367	1140	1101	1117	1136	1113	1062	1078	0	384494
368	1101	1117	1136	1113	1062	1078	1031	0	385607
369	1117	1136	1113	1062	1078	1031	1066	0	386669
370	1136	1113	1062	1078	1031	1066	1067	0	387747
371	1113	1062	1078	1031	1066	1067	1027	0	388778
372	1062	1078	1031	1066	1067	1027	1089	0	389844
373	1078	1031	1066	1067	1027	1089	1090	0	390911
374	1031	1066	1067	1027	1089	1090	1074	0	391938
375	1066	1067	1027	1089	1090	1074	1101	0	393027
376	1067	1027	1089	1090	1074	1101	1093	0	394117
377	1027	1089	1090	1074	1101	1093	1059	0	395191
378	1089	1090	1074	1101	1093	1059	1046	0	396292
379	1090	1074	1101	1093	1059	1046	1051	0	397385
380	1074	1101	1093	1059	1046	1051	1047	0	398444
381	1101	1093	1059	1046	1051	1047	1042	0	399490
382	1093	1059	1046	1051	1047	1042	1016	0	400541
383	1059	1046	1051	1047	1042	1016	1031	0	401588
384	1046	1051	1047	1042	1016	1031	1035	0	402630
385	1051	1047	1042	1016	1031	1035	1058	0	403646
386	1047	1042	1016	1031	1035	1058	1078	0	404677
387	1042	1016	1031	1035	1058	1078	1078	0	405712
388	1016	1031	1035	1058	1078	1078	1109	0	406770
389	1031	1035	1058	1078	1078	1109	1101	0	407848
390	1035	1058	1078	1078	1109	1101	1090	0	408926
391	1058	1078	1078	1109	1101	1090	1128	0	410035
392	1078	1078	1109	1101	1090	1128	1132	0	411136
393	1078	1109	1101	1090	1128	1132	1129	0	412226
394	1109	1101	1090	1128	1132	1129	1109	0	413354
395	1101	1090	1128	1132	1129	1109	1109	0	414486
396	1090	1128	1132	1129	1109	1109	1101	0	415615
397	1128	1132	1129	1109	1109	1101	1058	0	416724
398	1132	1129	1109	1109	1101	1058	1101	0	417833
399	1129	1109	1109	1101	1058	1101	1094	0	418934
400	1109	1109	1101	1058	1101	1094	1093	0	419992
401	1109	1101	1058	1101	1094	1093	1090	0	421093
402	1101	1058	1101	1094	1093	1090	1081	0	422187
403	1058	1101	1094	1093	1090	1081	1067	0	423280
404	1101	1094	1093	1090	1081	1067	1023	0	424370
405	1094	1093	1090	1081	1067	1023	1039	0	425451
406	1093	1090	1081	1067	1023	1039	1000	0	426518
407	1090	1081	1067	1023	1039	1000	1054	0	427541
408	1081	1067	1023	1039	1000	1054	1024	0	428580
409	1067	1023	1039	1000	1054	1024	1066	0	429580
410	1023	1039	1000	1054	1024	1066	1046	0	430634
411	1039	1000	1054	1024	1066	1046	1098	0	431658
412	1000	1054	1024	1066	1046	1098	1046	0	432724
413	1054	1024	1066	1046	1098	1046	1090	0	433770
414	1024	1066	1046	1098	1046	1090	1074	0	434868
415	1066	1046	1098	1046	1090	1074	1128	0	435914
416	1046	1098	1046	1090	1074	1128	1098	0	437004
417	1098	1046	1090	1074	1128	1098	1108	0	438078
418	1046	1090	1074	1128	1098	1108	1160	0	439206
419	1090	1074	1128	1098	1108	1160	1183	0	440304
420	1074	1128	1098	1108	1160	1183	1194	0	441412
421	1128	1098	1108	1160	1183	1194	1176	0	442572
422	1098	1108	1160	1183	1194	1176	1159	0	443755
423	1108	1160	1183	1194	1176	1159	1121	0	444949
424	1160	1183	1194	1176	1159	1121	1089	0	446125
425	1183	1194	1176	1159	1121	1089	1047	0	447284
426	1194	1176	1159	1121	1089	1047	1066	0	448405
427	1176	1159	1121	1089	1047	1066	502	0	449494
428	1159	1121	1089	1047	1066	502	385	0	450541
429	1121	1089	1047	1066	502	385	378	0	451607
430	1089	1047	1066	502	385	378	369	1	452109
431	1047	1066	502	385	378	369	370	1	452494
432	1066	502	385	378	369	370	899	1	452872
433	502	385	378	369	370	899	1167	1	453241
434	385	378	369	370	899	1167	1195	1	453611
435	378	369	370	899	1167	1195	1105	0	454510
436	369	370	899	1167	1195	1105	1089	0	455677
437	370	899	1167	1195	1105	1089	1101	0	456872
438	899	1167	1195	1105	1089	1101	1101	0	457977
439	1167	1195	1105	1089	1101	1101	1106	0	459066
440	1195	1105	1089	1101	1101	1106	1070	0	460167
441	1105	1089	1101	1101	1106	1070	1085	0	461268
442	1089	1101	1101	1106	1070	1085	1066	0	462374
443	1101	1101	1106	1070	1085	1066	1035	0	463444
444	1101	1106	1070	1085	1066	1035	1035	0	464529
445	1106	1070	1085	1066	1035	1035	1043	0	465595
446	1070	1085	1066	1035	1035	1043	1020	0	466630
447	1085	1066	1035	1035	1043	1020	1058	0	467665
448	1066	1035	1035	1043	1020	1058	1051	0	468708
449	1035	1035	1043	1020	1058	1051	1019	0	469728
450	1035	1043	1020	1058	1051	1019	1058	0	470786
451	1043	1020	1058	1051	1019	1058	1043	0	471837
452	1020	1058	1051	1019	1058	1043	1035	0	472856
453	1058	1051	1019	1058	1043	1035	1055	0	473914
454	1051	1019	1058	1043	1035	1055	1046	0	474957
455	1019	1058	1043	1035	1055	1046	1067	0	475992
456	1058	1043	1035	1055	1046	1067	1077	0	477047
457	1043	1035	1055	1046	1067	1077	1086	0	478093
458	1035	1055	1046	1067	1077	1086	1054	0	479160
459	1055	1046	1067	1077	1086	1054	1102	0	480237
460	1046	1067	1077	1086	1054	1102	1085	0	481323
461	1067	1077	1086	1054	1102	1085	1070	0	482377
462	1077	1086	1054	1102	1085	1070	1078	0	483479
463	1086	1054	1102	1085	1070	1078	1074	0	484564
464	1054	1102	1085	1070	1078	1074	1062	0	485634
465	1102	1085	1070	1078	1074	1062	1047	0	486712
466	1085	1070	1078	1074	1062	1047	1031	0	487786
467	1070	1078	1074	1062	1047	1031	1043	0	488848
468	1078	1074	1062	1047	1031	1043	1015	0	489895
469	1074	1062	1047	1031	1043	1015	1055	0	490926
470	1062	1047	1031	1043	1015	1055	1043	0	491969
471	1047	1031	1043	1015	1055	1043	1019	0	492984
472	1031	1043	1015	1055	1043	1019	1059	0	494039
473	1043	1015	1055	1043	1019	1059	1046	0	495082
474	1015	1055	1043	1019	1059	1046	1020	0	496101
475	1055	1043	1019	1059	1046	1020	1042	0	497160
476	1043	1019	1059	1046	1020	1042	1047	0	498206
477	1019	1059	1046	1020	1042	1047	1043	0	499226
478	1059	1046	1020	1042	1047	1043	1016	0	500268
479	1046	1020	1042	1047	1043	1016	1003	0	501315
480	1020	1042	1047	1043	1016	1003	1043	0	502358
481	1042	1047	1043	1016	1003	1043	1047	0	503374
482	1047	1043	1016	1003	1043	1047	1039	0	504377
483	1043	1016	1003	1043	1047	1039	1085	0	505420
484	1016	1003	1043	1047	1039	1085	1094	0	506467
485	1003	1043	1047	1039	1085	1094	1062	0	507506
486	1043	1047	1039	1085	1094	1062	1125	0	508591
487	1047	1039	1085	1094	1062	1125	1136	0	509685
488	1039	1085	1094	1062	1125	1136	1105	0	510747
489	1085	1094	1062	1125	1136	1105	1132	0	511872
490	1094	1062	1125	1136	1105	1132	1144	0	513008
491	1062	1125	1136	1105	1132	1144	1109	0	514113
492	1125	1136	1105	1132	1144	1109	1121	0	515245
493	1136	1105	1132	1144	1109	1121	1140	0	516389
494	1105	1132	1144	1109	1121	1140	1116	0	517498
495	1132	1144	1109	1121	1140	1116	1121	0	518619
496	1144	1109	1121	1140	1116	1121	1132	0	519759
497	1109	1121	1140	1116	1121	1132	1121	0	520875
498	1121	1140	1116	1121	1132	1121	1109	0	521996
499	1140	1116	1121	1132	1121	1109	1140	0	523128
500	1116	1121	1132	1121	1109	1140	1144	0	524249
501	1121	1132	1121	1109	1140	1144	1101	0	525358
502	1132	1121	1109	1140	1144	1101	1156	0	526498
503	1121	1109	1140	1144	1101	1156	1124	0	527642
504	1109	1140	1144	1101	1156	1124	1133	0	528743
505	1140	1144	1101	1156	1124	1133	1148	0	529899
506	1144	1101	1156	1124	1133	1148	1105	0	531023
507	1101	1156	1124	1133	1148	1105	1140	0	532156
508	1156	1124	1133	1148	1105	1140	1144	0	533304
509	1124	1133	1148	1105	1140	1144	1128	0	534409
510	1133	1148	1105	1140	1144	1128	1136	0	535549
511	1148	1105	1140	1144	1128	1136	1148	0	536693
512	1105	1140	1144	1128	1136	1148	1121	0	537821
513	1140	1144	1128	1136	1148	1121	1128	0	538957
514	1144	1128	1136	1148	1121	1128	1132	0	540105
515	1128	1136	1148	1121	1128	1132	1121	0	541226
516	1136	1148	1121	1128	1132	1121	1086	0	542354
517	1148	1121	1128	1132	1121	1086	1116	0	543486
518	1121	1128	1132	1121	1086	1116	1113	0	544607
519	1128	1132	1121	1086	1116	1113	1074	0	545693
520	1132	1121	1086	1116	1113	1074	1093	0	546809
521	1121	1086	1116	1113	1074	1093	1082	0	547922
522	1086	1116	1113	1074	1093	1082	1078	0	548996
523	1116	1113	1074	1093	1082	1078	1093	0	550089
524	1113	1074	1093	1082	1078	1093	1055	0	551171
525	1074	1093	1082	1078	1093	1055	1082	0	552249
526	1093	1082	1078	1093	1055	1082	1077	0	553342
527	1082	1078	1093	1055	1082	1077	1051	0	554397
528	1078	1093	1055	1082	1077	1051	1074	0	555479
529	1093	1055	1082	1077	1051	1074	1062	0	556556
530	1055	1082	1077	1051	1074	1062	1039	0	557607
531	1082	1077	1051	1074	1062	1039	1066	0	558681
532	1077	1051	1074	1062	1039	1066	1047	0	559743
533	1051	1074	1062	1039	1066	1047	1031	0	560782
534	1074	1062	1039	1066	1047	1031	1047	0	561848
535	1062	1039	1066	1047	1031	1047	1019	0	562895
536	1039	1066	1047	1031	1047	1019	1051	0	563926
537	1066	1047	1031	1047	1019	1051	1058	0	564973
538	1047	1031	1047	1019	1051	1058	1024	0	565992
539	1031	1047	1019	1051	1058	1024	1066	0	567043
540	1047	1019	1051	1058	1024	1066	1066	0	568101
541	1019	1051	1058	1024	1066	1066	1054	0	569125
542	1051	1058	1024	1066	1066	1054	1074	0	570191
543	1058	1024	1066	1066	1054	1074	1070	0	571257
544	1024	1066	1066	1054	1074	1070	1070	0	572311
545	1066	1066	1054	1074	1070	1070	1070	0	573385
546	1066	1054	1074	1070	1070	1070	1063	0	574455
547	1054	1074	1070	1070	1070	1063	1070	0	575525
548	1074	1070	1070	1070	1063	1070	1050	0	576595
549	1070	1070	1070	1063	1070	1050	1039	0	577658
550	1070	1070	1063	1070	1050	1039	1066	0	578728
551	1070	1063	1070	1050	1039	1066	1031	0	579778
552	1063	1070	1050	1039	1066	1031	1074	0	580817
553	1070	1050	1039	1066	1031	1074	1078	0	581883
554	1050	1039	1066	1031	1074	1078	1059	0	582914
555	1039	1066	1031	1074	1078	1059	1042	0	583988
556	1066	1031	1074	1078	1059	1042	1082	0	585066
557	1031	1074	1078	1059	1042	1082	1070	0	586125
558	1074	1078	1059	1042	1082	1070	1062	0	587167
559	1078	1059	1042	1082	1070	1062	1101	0	588249
560	1059	1042	1082	1070	1062	1101	1113	0	589319
561	1042	1082	1070	1062	1101	1113	1094	0	590381
562	1082	1070	1062	1101	1113	1094	1136	0	591482
563	1070	1062	1101	1113	1094	1136	1152	0	592595
564	1062	1101	1113	1094	1136	1152	1136	0	593689
565	1101	1113	1094	1136	1152	1136	1144	0	594825
566	1113	1094	1136	1152	1136	1144	1152	0	595977
567	1094	1136	1152	1136	1144	1152	1136	0	597113
568	1136	1152	1136	1144	1152	1136	1140	0	598257
569	1152	1136	1144	1152	1136	1140	1140	0	599409
570	1136	1144	1152	1136	1140	1140	1117	0	600545
571	1144	1152	1136	1140	1140	1117	1124	0	601685
572	1152	1136	1140	1140	1117	1124	1125	0	602825
573	1136	1140	1140	1117	1124	1125	1089	0	603942
574	1140	1140	1117	1124	1125	1089	1109	0	605066
575	1140	1117	1124	1125	1089	1109	1058	0	606191
576	1117	1124	1125	1089	1109	1058	1098	0	607280
577	1124	1125	1089	1109	1058	1098	1085	0	608389
578	1125	1089	1109	1058	1098	1085	1070	0	609447
579	1089	1109	1058	1098	1085	1070	1094	0	610545
580	1109	1058	1098	1085	1070	1094	1097	0	611630
581	1058	1098	1085	1070	1094	1097	1058	0	612700
582	1098	1085	1070	1094	1097	1058	1074	0	613794
583	1085	1070	1094	1097	1058	1074	1094	0	614891
584	1070	1094	1097	1058	1074	1094	1066	0	615949
585	1094	1097	1058	1074	1094	1066	1070	0	617023
586	1097	1058	1074	1094	1066	1070	1082	0	618117
587	1058	1074	1094	1066	1070	1082	1050	0	619183
588	1074	1094	1066	1070	1082	1050	1074	0	620253
589	1094	1066	1070	1082	1050	1074	1082	0	621335
590	1066	1070	1082	1050	1074	1082	1050	0	622385
591	1070	1082	1050	1074	1082	1050	1086	0	623459
592	1082	1050	1074	1082	1050	1086	1078	0	624541
593	1050	1074	1082	1050	1086	1078	1050	0	625591
594	1074	1082	1050	1086	1078	1050	1078	0	626677
595	1082	1050	1086	1078	1050	1078	1051	0	627755
596	1050	1086	1078	1050	1078	1051	1047	0	628805
597	1086	1078	1050	1078	1051	1047	1089	0	629883
598	1078	1050	1078	1051	1047	1089	1047	0	630934
599	1050	1078	1051	1047	1089	1047	1062	0	631981
600	1078	1051	1047	1089	1047	1062	1031	0	633070
601	1051	1047	1089	1047	1062	1031	1031	0	634117
602	1047	1089	1047	1062	1031	1031	1047	0	635179
603	1089	1047	1062	1031	1031	1047	1051	0	636210
604	1047	1062	1031	1031	1047	1051	1085	0	637241
605	1062	1031	1031	1047	1051	1085	1101	0	638288
606	1031	1031	1047	1051	1085	1101	1082	0	639339
607	1031	1047	1051	1085	1101	1082	1121	0	640424
608	1047	1051	1085	1101	1082	1121	1136	0	641525
609	1051	1085	1101	1082	1121	1136	1097	0	642607
610	1085	1101	1082	1121	1136	1097	1136	0	643728
611	1101	1082	1121	1136	1097	1136	1136	0	644864
612	1082	1121	1136	1097	1136	1136	1109	0	645961
613	1121	1136	1097	1136	1136	1109	1148	0	647097
614	1136	1097	1136	1136	1109	1148	1168	0	648233
615	1097	1136	1136	1109	1148	1168	1128	0	649342
616	1136	1136	1109	1148	1168	1128	1163	0	650490
617	1136	1109	1148	1168	1128	1163	1176	0	651658
618	1109	1148	1168	1128	1163	1176	1143	0	652786
619	1148	1168	1128	1163	1176	1143	1187	0	653949
620	1168	1128	1163	1176	1143	1187	1187	0	655125
621	1128	1163	1176	1143	1187	1187	1144	0	656268
622	1163	1176	1143	1187	1187	1144	1171	0	657455
623	1176	1143	1187	1187	1144	1171	1164	0	658642
624	1143	1187	1187	1144	1171	1164	1124	0	659786
625	1187	1187	1144	1171	1164	1124	1144	0	660957
626	1187	1144	1171	1164	1124	1144	1144	0	662121
627	1144	1171	1164	1124	1144	1144	1121	0	663245
628	1171	1164	1124	1144	1144	1121	1155	0	664389
629	1164	1124	1144	1144	1121	1155	1125	0	665533
630	1124	1144	1144	1121	1155	1125	1136	0	666654
631	1144	1144	1121	1155	1125	1136	1148	0	667809
632	1144	1121	1155	1125	1136	1148	1117	0	668934
633	1121	1155	1125	1136	1148	1117	1144	0	670070
634	1155	1125	1136	1148	1117	1144	1155	0	671218
635	1125	1136	1148	1117	1144	1155	1117	0	672335
636	1136	1148	1117	1144	1155	1117	1148	0	673479
637	1148	1117	1144	1155	1117	1148	1144	0	674634
638	1117	1144	1155	1117	1148	1144	1113	0	675751
639	1144	1155	1117	1148	1144	1113	1148	0	676899
640	1155	1117	1148	1144	1113	1148	1132	0	678043
641	1117	1148	1144	1113	1148	1132	1124	0	679156
642	1148	1144	1113	1148	1132	1124	1136	0	680304
643	1144	1113	1148	1132	1124	1136	1106	0	681436
644	1113	1148	1132	1124	1136	1106	1116	0	682560
645	1148	1132	1124	1136	1106	1116	1125	0	683696
646	1132	1124	1136	1106	1116	1125	1082	0	684802
647	1124	1136	1106	1116	1125	1082	1108	0	685918
648	1136	1106	1116	1125	1082	1108	1098	0	687043
649	1106	1116	1125	1082	1108	1098	1066	0	688125
650	1116	1125	1082	1108	1098	1066	1085	0	689233
651	1125	1082	1108	1098	1066	1085	1086	0	690331
652	1082	1108	1098	1066	1085	1086	1062	0	691397
653	1108	1098	1066	1085	1086	1062	1113	0	692482
654	1098	1066	1085	1086	1062	1113	1101	0	693568
655	1066	1085	1086	1062	1113	1101	1113	0	694630
656	1085	1086	1062	1113	1101	1113	1140	0	695743
657	1086	1062	1113	1101	1113	1140	1090	0	696844
658	1062	1113	1101	1113	1140	1090	1054	0	697957
659	1113	1101	1113	1140	1090	1054	1086	0	699097
660	1101	1113	1140	1090	1054	1086	1023	0	700187
661	1113	1140	1090	1054	1086	1023	1082	0	701241
662	1140	1090	1054	1086	1023	1082	1109	0	702327
663	1090	1054	1086	1023	1082	1109	1050	0	703350
664	1054	1086	1023	1082	1109	1050	1117	0	704432
665	1086	1023	1082	1109	1050	1117	1152	0	705541
666	1023	1082	1109	1050	1117	1152	1097	0	706591
667	1082	1109	1050	1117	1152	1097	1129	0	707708
668	1109	1050	1117	1152	1097	1129	1136	0	708860
669	1050	1117	1152	1097	1129	1136	1109	0	709957
670	1117	1152	1097	1129	1136	1109	1124	0	711086
671	1152	1097	1129	1136	1109	1124	1117	0	712222
672	1097	1129	1136	1109	1124	1117	1086	0	713331
673	1129	1136	1109	1124	1117	1086	1120	0	714455
674	1136	1109	1124	1117	1086	1120	1129	0	715572
675	1109	1124	1117	1086	1120	1129	1128	0	716658
676	1124	1117	1086	1120	1129	1128	1121	0	717778
677	1117	1086	1120	1129	1128	1121	1144	0	718907
678	1086	1120	1129	1128	1121	1144	1140	0	720035
679	1120	1129	1128	1121	1144	1140	1093	0	721156
680	1129	1128	1121	1144	1140	1093	1117	0	722300
681	1128	1121	1144	1140	1093	1117	1101	0	723440
682	1121	1144	1140	1093	1117	1101	1062	0	724533
683	1144	1140	1093	1117	1101	1062	1101	0	725650
684	1140	1093	1117	1101	1062	1101	1102	0	726751
685	1093	1117	1101	1062	1101	1102	1058	0	727813
686	1117	1101	1062	1101	1102	1058	1097	0	728914
687	1101	1062	1101	1102	1058	1097	1094	0	730016
688	1062	1101	1102	1058	1097	1094	1062	0	731074
689	1101	1102	1058	1097	1094	1062	1105	0	732171
690	1102	1058	1097	1094	1062	1105	1093	0	733265
691	1058	1097	1094	1062	1105	1093	1070	0	734327
692	1097	1094	1062	1105	1093	1070	1094	0	735432
693	1094	1062	1105	1093	1070	1094	1074	0	736525
694	1062	1105	1093	1070	1094	1074	1062	0	737595
695	1105	1093	1070	1094	1074	1062	1093	0	738689
696	1093	1070	1094	1074	1062	1093	1074	0	739763
697	1070	1094	1074	1062	1093	1074	1097	0	740825
698	1094	1074	1062	1093	1074	1097	1106	0	741918
699	1074	1062	1093	1074	1097	1106	1112	0	742992
700	1062	1093	1074	1097	1106	1112	1113	0	744089
701	1093	1074	1097	1106	1112	1113	1078	0	745195
702	1074	1097	1106	1112	1113	1078	1097	0	746307
703	1097	1106	1112	1113	1078	1097	1090	0	747420
704	1106	1112	1113	1078	1097	1090	1066	0	748498
705	1112	1113	1078	1097	1090	1066	1093	0	749595
706	1113	1078	1097	1090	1066	1093	1074	0	750685
707	1078	1097	1090	1066	1093	1074	1078	0	751751
708	1097	1090	1066	1093	1074	1078	1101	0	752844
709	1090	1066	1093	1074	1078	1101	1082	0	753918
710	1066	1093	1074	1078	1101	1082	1054	0	754996
711	1093	1074	1078	1101	1082	1054	1102	0	756097
712	1074	1078	1101	1082	1054	1102	1105	0	757179
713	1078	1101	1082	1054	1102	1105	1124	0	758233
714	1101	1082	1054	1102	1105	1124	1121	0	759335
715	1082	1054	1102	1105	1124	1121	1109	0	760440
716	1054	1102	1105	1124	1121	1109	1136	0	761564
717	1102	1105	1124	1121	1109	1136	1136	0	762685
718	1105	1124	1121	1109	1136	1136	1117	0	763794
719	1124	1121	1109	1136	1136	1117	1132	0	764930
720	1121	1109	1136	1136	1117	1132	1121	0	766066
721	1109	1136	1136	1117	1132	1121	1136	0	767183
722	1136	1136	1117	1132	1121	1136	1132	0	768315
723	1136	1117	1132	1121	1136	1132	1117	0	769436
724	1117	1132	1121	1136	1132	1117	1136	0	770572
725	1132	1121	1136	1132	1117	1136	1140	0	771704
726	1121	1136	1132	1117	1136	1140	1133	0	772821
727	1136	1132	1117	1136	1140	1133	1140	0	773957
728	1132	1117	1136	1140	1133	1140	1132	0	775097
729	1117	1136	1140	1133	1140	1132	1128	0	776230
730	1136	1140	1133	1140	1132	1128	1156	0	777370
731	1140	1133	1140	1132	1128	1156	1132	0	778502
732	1133	1140	1132	1128	1156	1132	1152	0	779630
733	1140	1132	1128	1156	1132	1152	1156	0	780786
734	1132	1128	1156	1132	1152	1156	1105	0	781918
735	1128	1156	1132	1152	1156	1105	1132	0	783070
736	1156	1132	1152	1156	1105	1132	545	0	784226
737	1132	1152	1156	1105	1132	545	1334	0	785331
738	1152	1156	1105	1132	545	1334	1121	0	786463
739	1156	1105	1132	545	1334	1121	1090	1	787008
740	1105	1132	545	1334	1121	1090	1058	0	788342
741	1132	545	1334	1121	1090	1058	1066	0	789463
742	545	1334	1121	1090	1058	1066	1062	0	790553
743	1334	1121	1090	1058	1066	1062	1101	0	791611
744	1121	1090	1058	1066	1062	1101	1086	0	792677
745	1090	1058	1066	1062	1101	1086	1109	0	793739
746	1058	1066	1062	1101	1086	1109	1109	0	794840
747	1066	1062	1101	1086	1109	1109	1093	0	795926
748	1062	1101	1086	1109	1109	1093	1109	0	797035
749	1101	1086	1109	1109	1093	1109	1105	0	798144
750	1086	1109	1109	1093	1109	1105	1102	0	799237
751	1109	1109	1093	1109	1105	1102	1105	0	800346
752	1109	1093	1109	1105	1102	1105	1105	0	801451
753	1093	1109	1105	1102	1105	1105	1089	0	802553
754	1109	1105	1102	1105	1105	1089	1117	0	803658
755	1105	1102	1105	1105	1089	1117	1120	0	804763
756	1102	1105	1105	1089	1117	1120	1113	0	805852
757	1105	1105	1089	1117	1120	1113	1137	0	806969
758	1105	1089	1117	1120	1113	1137	1128	0	808089
759	1089	1117	1120	1113	1137	1128	1136	0	809202
760	1117	1120	1113	1137	1128	1136	1152	0	810339
761	1120	1113	1137	1128	1136	1152	1132	0	811467
762	1113	1137	1128	1136	1152	1132	1132	0	812603
763	1137	1128	1136	1152	1132	1132	1141	0	813755
764	1128	1136	1152	1132	1132	1141	1120	0	814887
765	1136	1152	1132	1132	1141	1120	1132	0	816019
766	1152	1132	1132	1141	1120	1132	1113	0	817160
767	1132	1132	1141	1120	1132	1113	1105	0	818280
768	1132	1141	1120	1132	1113	1105	1055	0	819412
769	1141	1120	1132	1113	1105	1055	1054	0	820525
770	1120	1132	1113	1105	1055	1054	1043	0	821630
771	1132	1113	1105	1055	1054	1043	1039	0	822685
772	1113	1105	1055	1054	1043	1039	1031	0	823739
773	1105	1055	1054	1043	1039	1031	1020	0	824782
774	1055	1054	1043	1039	1031	1020	992	0	825821
775	1054	1043	1039	1031	1020	992	1000	0	826852
776	1043	1039	1031	1020	992	1000	1027	0	827872
777	1039	1031	1020	992	1000	1027	996	0	828864
778	1031	1020	992	1000	1027	996	1012	0	829864
779	1020	992	1000	1027	996	1012	992	0	830891
780	992	1000	1027	996	1012	992	973	0	831887
781	1000	1027	996	1012	992	973	953	0	832899
782	1027	996	1012	992	973	953	938	0	833891
783	996	1012	992	973	953	938	914	0	834864
784	1012	992	973	953	938	914	884	0	835817
785	992	973	953	938	914	884	906	0	836755
786	973	953	938	914	884	906	915	0	837669
787	953	938	914	884	906	915	922	0	838553
788	938	914	884	906	915	922	934	0	839459
789	914	884	906	915	922	934	976	0	840374
790	884	906	915	922	934	976	954	0	841296
791	906	915	922	934	976	954	1011	0	842230
792	915	922	934	976	954	1011	1004	0	843206
793	922	934	976	954	1011	1004	1035	0	844160
794	934	976	954	1011	1004	1035	1051	0	845171
795	976	954	1011	1004	1035	1051	1085	0	846175
796	954	1011	1004	1035	1051	1085	1090	0	847210
797	1011	1004	1035	1051	1085	1090	1105	0	848261
798	1004	1035	1051	1085	1090	1105	1089	0	849346
799	1035	1051	1085	1090	1105	1089	1102	0	850436
800	1051	1085	1090	1105	1089	1102	1085	0	851541
801	1085	1090	1105	1089	1102	1085	1047	0	852630
802	1090	1105	1089	1102	1085	1047	1082	0	853732
803	1105	1089	1102	1085	1047	1082	1038	0	854817
804	1089	1102	1085	1047	1082	1038	1047	0	855864
805	1102	1085	1047	1082	1038	1047	1043	0	856946
806	1085	1047	1082	1038	1047	1043	1008	0	857984
807	1047	1082	1038	1047	1043	1008	1023	0	859031
808	1082	1038	1047	1043	1008	1023	1027	0	860074
809	1038	1047	1043	1008	1023	1027	1008	0	861082
810	1047	1043	1008	1023	1027	1008	1023	0	862105
811	1043	1008	1023	1027	1008	1023	1000	0	863132
812	1008	1023	1027	1008	1023	1000	1016	0	864140
813	1023	1027	1008	1023	1000	1016	1008	0	865163
814	1027	1008	1023	1000	1016	1008	988	0	866163
815	1008	1023	1000	1016	1008	988	1004	0	867179
816	1023	1000	1016	1008	988	1004	1004	0	868187
817	1000	1016	1008	988	1004	1004	977	0	869175
818	1016	1008	988	1004	1004	977	976	0	870179
819	1008	988	1004	1004	977	976	996	0	871183
820	988	1004	1004	977	976	996	957	0	872160
821	1004	1004	977	976	996	957	977	0	873136
822	1004	977	976	996	957	977	992	0	874132
823	977	976	996	957	977	992	954	0	875089
824	976	996	957	977	992	954	984	0	876066
825	996	957	977	992	954	984	981	0	877058
826	957	977	992	954	984	981	972	0	878012
827	977	992	954	984	981	972	977	0	878996
828	992	954	984	981	972	977	953	0	879977
829	954	984	981	972	977	953	981	0	880949
830	984	981	972	977	953	981	996	0	881926
831	981	972	977	953	981	996	938	0	882879
832	972	977	953	981	996	938	965	0	883860
833	977	953	981	996	938	965	976	0	884856
834	953	981	996	938	965	976	930	0	885794
835	981	996	938	965	976	930	961	0	886759
836	996	938	965	976	930	961	962	0	887735
837	938	965	976	930	961	962	937	0	888665
838	965	976	930	961	962	937	954	0	889626
839	976	930	961	962	937	954	914	0	890588
840	930	961	962	937	954	914	973	0	891525
841	961	962	937	954	914	973	969	0	892479
842	962	937	954	914	973	969	933	0	893393
843	937	954	914	973	969	933	954	0	894366
844	954	914	973	969	933	954	976	0	895335
845	914	973	969	933	954	976	934	0	896268
846	973	969	933	954	976	934	969	0	897222
847	969	933	954	976	934	969	950	0	898198
848	933	954	976	934	969	950	926	0	899132
849	954	976	934	969	950	926	941	0	900101
850	976	934	969	950	926	941	938	0	901051
851	934	969	950	926	941	938	949	0	901977
852	969	950	926	941	938	949	977	0	902918
853	950	926	941	938	949	977	969	0	903856
854	926	941	938	949	977	969	965	0	904805
855	941	938	949	977	969	965	949	0	905782
856	938	949	977	969	965	949	926	0	906751
857	949	977	969	965	949	926	942	0	907716
858	977	969	965	949	926	942	922	0	908665
859	969	965	949	926	942	922	915	0	909591
860	965	949	926	942	922	915	922	0	910533
861	949	926	942	922	915	922	895	0	911455
862	926	942	922	915	922	895	906	0	912370
863	942	922	915	922	895	906	891	0	913292
864	922	915	922	895	906	891	872	0	914187
865	915	922	895	906	891	872	887	0	915093
866	922	895	906	891	872	887	872	0	915984
867	895	906	891	872	887	872	860	0	916856
868	906	891	872	887	872	860	883	0	917743
869	891	872	887	872	860	883	895	0	918615
870	872	887	872	860	883	895	879	0	919475
871	887	872	860	883	895	879	919	0	920358
872	872	860	883	895	879	919	918	0	921253
873	860	883	895	879	919	918	903	0	922132
874	883	895	879	919	918	903	926	0	923051
875	895	879	919	918	903	926	898	0	923969
876	879	919	918	903	926	898	919	0	924872
877	919	918	903	926	898	919	918	0	925798
878	918	903	926	898	919	918	911	0	926696
879	903	926	898	919	918	911	930	0	927615
880	926	898	919	918	911	930	898	0	928533
881	898	919	918	911	930	898	876	0	929444
882	919	918	911	930	898	876	856	0	930374
883	918	911	930	898	876	856	914	0	931272
884	911	930	898	876	856	914	919	0	932148
885	930	898	876	856	914	919	906	0	933004
886	898	876	856	914	919	906	899	0	933918
887	876	856	914	919	906	899	876	0	934837
888	856	914	919	906	899	876	863	0	935743
889	914	919	906	899	876	863	880	0	936642
890	919	906	899	876	863	880	875	0	937518
891	906	899	876	863	880	875	891	0	938381
892	899	876	863	880	875	891	922	0	939261
893	876	863	880	875	891	922	942	0	940136
894	863	880	875	891	922	942	938	0	941027
895	880	875	891	922	942	938	918	0	941949
896	875	891	922	942	938	918	934	0	942891
897	891	922	942	938	918	934	961	0	943829
898	922	942	938	918	934	961	922	0	944747
899	942	938	918	934	961	922	926	0	945681
900	938	918	934	961	922	926	973	0	946642
901	918	934	961	922	926	973	1008	0	947564
902	934	961	922	926	973	1008	988	0	948490
903	961	922	926	973	1008	988	1004	0	949463
904	922	926	973	1008	988	1004	977	0	950471
905	926	973	1008	988	1004	977	996	0	951459
906	973	1008	988	1004	977	996	992	0	952463
907	1008	988	1004	977	996	992	973	0	953440
908	988	1004	977	996	992	973	988	0	954436
909	1004	977	996	992	973	988	985	0	955428
910	977	996	992	973	988	985	976	0	956401
911	996	992	973	988	985	976	954	0	957389
912	992	973	988	985	976	954	980	0	958374
913	973	988	985	976	954	980	961	0	959350
914	988	985	976	954	980	961	965	0	960304
915	985	976	954	980	961	965	969	0	961284
916	976	954	980	961	965	969	957	0	962245
917	954	980	961	965	969	957	930	0	963210
918	980	961	965	969	957	930	953	0	964179
919	961	965	969	957	930	953	942	0	965136
920	965	969	957	930	953	942	930	0	966066
921	969	957	930	953	942	930	914	0	967019
922	957	930	953	942	930	914	895	0	967961
923	930	953	942	930	914	895	868	0	968891
924	953	942	930	914	895	868	868	0	969805
925	942	930	914	895	868	868	844	0	970700
926	930	914	895	868	868	844	864	0	971568
927	914	895	868	868	844	864	852	0	972436
928	895	868	868	844	864	852	841	0	973280
929	868	868	844	864	852	841	863	0	974144
930	868	844	864	852	841	863	864	0	974996
931	844	864	852	841	863	864	845	0	975837
932	864	852	841	863	864	845	859	0	976700
933	852	841	863	864	845	859	857	0	977564
934	841	863	864	845	859	857	852	0	978409
935	863	864	845	859	857	852	863	0	979268
936	864	845	859	857	852	863	841	0	980125
937	845	859	857	852	863	841	837	0	980977
938	859	857	852	863	841	837	852	0	981840
939	857	852	863	841	837	852	840	0	982681
940	852	863	841	837	852	840	841	0	983518
941	863	841	837	852	840	841	863	0	984370
942	841	837	852	840	841	863	829	0	985210
943	837	852	840	841	863	829	852	0	986051
944	852	840	841	863	829	852	837	0	986914
945	840	841	863	829	852	837	825	0	987743
946	841	863	829	852	837	825	817	0	988595
947	863	829	852	837	825	817	798	0	989432
948	829	852	837	825	817	798	789	0	990257
949	852	837	825	817	798	789	790	0	991074
950	837	825	817	798	789	790	775	0	991872
951	825	817	798	789	790	775	778	0	992661
952	817	798	789	790	775	778	774	0	993451
953	798	789	790	775	778	774	751	0	994226
954	789	790	775	778	774	751	771	0	995004
955	790	775	778	774	751	771	751	0	995778
956	775	778	774	751	771	751	739	0	996529
957	778	774	751	771	751	739	743	0	997300
958	774	751	771	751	739	743	735	0	998051
959	751	771	751	739	743	735	724	0	998790
960	771	751	739	743	735	724	728	0	999533
961	751	739	743	735	724	728	727	0	1000268
962	739	743	735	724	728	727	720	0	1000992
963	743	735	724	728	727	720	716	0	1001720
964	735	724	728	727	720	716	724	0	1002447
965	724	728	727	720	716	724	720	0	1003167
966	728	727	720	716	724	720	724	0	1003883
967	727	720	716	724	720	724	727	0	1004607
968	720	716	724	720	724	727	716	0	1005327
969	716	724	720	724	727	716	724	0	1006051
970	724	720	724	727	716	724	724	0	1006778
971	720	724	727	716	724	724	708	0	1007494
972	724	727	716	724	724	708	708	0	1008218
973	727	716	724	724	708	708	720	0	1008942
974	716	724	724	708	708	720	708	0	1009650
975	724	724	708	708	720	708	708	0	1010358
976	724	708	708	720	708	708	712	0	1011078
977	708	708	720	708	708	712	697	0	1011786
978	708	720	708	708	712	697	704	0	1012494
979	720	708	708	712	697	704	712	0	1013206
980	708	708	712	697	704	712	700	0	1013903
981	708	712	697	704	712	700	716	0	1014607
982	712	697	704	712	700	716	705	0	1015319
983	697	704	712	700	716	705	692	0	1016019
984	704	712	700	716	705	692	712	0	1016735
985	712	700	716	705	692	712	701	0	1017440
986	700	716	705	692	712	701	696	0	1018132
987	716	705	692	712	701	696	705	0	1018844
988	705	692	712	701	696	705	700	0	1019545
989	692	712	701	696	705	700	689	0	1020241
990	712	701	696	705	700	689	696	0	1020946
991	701	696	705	700	689	696	712	0	1021646
992	696	705	700	689	696	712	708	0	1022335
993	705	700	689	696	712	708	701	0	1023031
994	700	689	696	712	708	701	716	0	1023743
995	689	696	712	708	701	716	716	0	1024451
996	696	712	708	701	716	716	704	0	1025152
997	712	708	701	716	716	704	712	0	1025868
998	708	701	716	716	704	712	716	0	1026584
999	701	716	716	704	712	716	700	0	1027288
1000	716	716	704	712	716	700	709	0	1028000
1001	716	704	712	716	700	709	700	0	1028716
1002	704	712	716	700	709	700	693	0	1029416
1003	712	716	700	709	700	693	704	0	1030125
1004	716	700	709	700	693	704	700	0	1030825
1005	700	709	700	693	704	700	693	0	1031518
1006	709	700	693	704	700	693	704	0	1032222
1007	700	693	704	700	693	704	704	0	1032922
1008	693	704	700	693	704	704	701	0	1033615
1009	704	700	693	704	704	701	708	0	1034319
1010	700	693	704	704	701	708	696	0	1035023
1011	693	704	704	701	708	696	705	0	1035724
1012	704	704	701	708	696	705	704	0	1036432
1013	704	701	708	696	705	704	696	0	1037128
1014	701	708	696	705	704	696	705	0	1037833
1015	708	696	705	704	696	705	700	0	1038537
1016	696	705	704	696	705	700	697	0	1039233
1017	705	704	696	705	700	697	708	0	1039938
1018	704	696	705	700	697	708	708	0	1040638
1019	696	705	700	697	708	708	693	0	1041335
1020	705	700	697	708	708	693	700	0	1042043
1021	700	697	708	708	693	700	700	0	1042751
1022	697	708	708	693	700	700	693	0	1043444
1023	708	708	693	700	700	693	704	0	1044144
1024	708	693	700	700	693	704	701	0	1044844
1025	693	700	700	693	704	701	688	0	1045537
1026	700	700	693	704	701	688	693	0	1046241
1027	700	693	704	701	688	693	704	0	1046942
1028	693	704	701	688	693	704	697	0	1047630
1029	704	701	688	693	704	697	692	0	1048323
1030	701	688	693	704	697	692	701	0	1049027
1031	688	693	704	697	692	701	700	0	1049724
1032	693	704	697	692	701	700	693	0	1050416
1033	704	697	692	701	700	693	700	0	1051117
1034	697	692	701	700	693	700	704	0	1051817
1035	692	701	700	693	700	704	697	0	1052510
1036	701	700	693	700	704	697	704	0	1053210
1037	700	693	700	704	697	704	708	0	1053914
1038	693	700	704	697	704	708	712	0	1054611
1039	700	704	697	704	708	712	709	0	1055315
1040	704	697	704	708	712	709	719	0	1056023
1041	697	704	708	712	709	719	724	0	1056735
1042	704	708	712	709	719	724	716	0	1057444
1043	708	712	709	719	724	716	736	0	1058163
1044	712	709	719	724	716	736	727	0	1058887
1045	709	719	724	716	736	727	716	0	1059603
1046	719	724	716	736	727	716	724	0	1060339
1047	724	716	736	727	716	724	727	0	1061066
1048	716	736	727	716	724	727	728	0	1061782
1049	736	727	716	724	727	728	724	0	1062506
1050	727	716	724	727	728	724	731	0	1063233
1051	716	724	727	728	724	731	724	0	1063961
1052	724	727	728	724	731	724	735	0	1064685
1053	727	728	724	731	724	735	748	0	1065416
1054	728	724	731	724	735	748	747	0	1066140
1055	724	731	724	735	748	747	739	0	1066875
1056	731	724	735	748	747	739	755	0	1067623
1057	724	735	748	747	739	755	755	0	1068370
1058	735	748	747	739	755	755	751	0	1069109
1059	748	747	739	755	755	751	758	0	1069864
1060	747	739	755	755	751	758	763	0	1070619
1061	739	755	755	751	758	763	759	0	1071370
1062	755	755	751	758	763	759	751	0	1072128
1063	755	751	758	763	759	751	759	0	1072891
1064	751	758	763	759	751	759	754	0	1073650
1065	758	763	759	751	759	754	747	0	1074401
1066	763	759	751	759	754	747	748	0	1075160
1067	759	751	759	754	747	748	762	0	1075914
1068	751	759	754	747	748	762	763	0	1076661
1069	759	754	747	748	762	763	774	0	1077409
1070	754	747	748	762	763	774	782	0	1078171
1071	747	748	762	763	774	782	771	0	1078934
1072	748	762	763	774	782	771	801	0	1079708
1073	762	763	774	782	771	801	794	0	1080490
1074	763	774	782	771	801	794	802	0	1081261
1075	774	782	771	801	794	802	817	0	1082062
1076	782	771	801	794	802	817	805	0	1082856
1077	771	801	794	802	817	805	813	0	1083658
1078	801	794	802	817	805	813	845	0	1084475
1079	794	802	817	805	813	845	825	0	1085280
1080	802	817	805	813	845	825	840	0	1086093
1081	817	805	813	845	825	840	825	0	1086938
1082	805	813	845	825	840	825	809	0	1087763
1083	813	845	825	840	825	809	825	0	1088603
1084	845	825	840	825	809	825	829	0	1089428
1085	825	840	825	809	825	829	829	0	1090237
1086	840	825	809	825	829	829	864	0	1091062
1087	825	809	825	829	829	864	863	0	1091891
1088	809	825	829	829	864	863	841	0	1092720
1089	825	829	829	864	863	841	840	0	1093584
1090	829	829	864	863	841	840	872	0	1094447
1091	829	864	863	841	840	872	860	0	1095288
1092	864	863	841	840	872	860	868	0	1096128
1093	863	841	840	872	860	868	867	0	1097000
1094	841	840	872	860	868	867	849	0	1097860
1095	840	872	860	868	867	849	875	0	1098728
1096	872	860	868	867	849	875	868	0	1099595
1097	860	868	867	849	875	868	906	0	1100444
1098	868	867	849	875	868	906	911	0	1101319
1099	867	849	875	868	906	911	903	0	1102187
1100	849	875	868	906	911	903	953	0	1103093
1101	875	868	906	911	903	953	910	0	1104004
1102	868	906	911	903	953	910	942	0	1104907
1103	906	911	903	953	910	942	918	0	1105860
1104	911	903	953	910	942	918	946	0	1106770
1105	903	953	910	942	918	946	980	0	1107712
1106	953	910	942	918	946	980	938	0	1108630
1107	910	942	918	946	980	938	1016	0	1109576
1108	942	918	946	980	938	1016	1015	0	1110556
1109	918	946	980	938	1016	1015	1000	0	1111494
1110	946	980	938	1016	1015	1000	1082	0	1112510
1111	980	938	1016	1015	1000	1082	1019	0	1113525
1112	938	1016	1015	1000	1082	1019	1094	0	1114525
1113	1016	1015	1000	1082	1019	1094	1066	0	1115607
1114	1015	1000	1082	1019	1094	1066	1043	0	1116626
1115	1000	1082	1019	1094	1066	1043	1066	0	1117720
1116	1082	1019	1094	1066	1043	1066	1031	0	1118786
1117	1019	1094	1066	1043	1066	1031	1027	0	1119829
1118	1094	1066	1043	1066	1031	1027	1094	0	1120895
1119	1066	1043	1066	1031	1027	1094	1085	0	1121926
1120	1043	1066	1031	1027	1094	1085	1066	0	1122953
1121	1066	1031	1027	1094	1085	1066	1070	0	1124047
1122	1031	1027	1094	1085	1066	1070	1055	0	1125132
1123	1027	1094	1085	1066	1070	1055	1016	0	1126198
1124	1094	1085	1066	1070	1055	1016	1035	0	1127268
1125	1085	1066	1070	1055	1016	1035	1011	0	1128323
1126	1066	1070	1055	1016	1035	1011	930	0	1129339
1127	1070	1055	1016	1035	1011	930	957	0	1130374
1128	1055	1016	1035	1011	930	957	911	0	1131385
1129	1016	1035	1011	930	957	911	988	0	1132315
1130	1035	1011	930	957	911	988	946	0	1133272
1131	1011	930	957	911	988	946	1008	0	1134183
1132	930	957	911	988	946	1008	992	0	1135171
1133	957	911	988	946	1008	992	1015	0	1136117
1134	911	988	946	1008	992	1015	977	0	1137125
1135	988	946	1008	992	1015	977	977	0	1138117
1136	946	1008	992	1015	977	977	1019	0	1139132
1137	1008	992	1015	977	977	1019	965	0	1140109
1138	992	1015	977	977	1019	965	1008	0	1141086
1139	1015	977	977	1019	965	1008	941	0	1142105
1140	977	977	1019	965	1008	941	965	0	1143070
1141	977	1019	965	1008	941	965	950	0	1144078
1142	1019	965	1008	941	965	950	918	0	1145019
1143	965	1008	941	965	950	918	961	0	1145984
1144	1008	941	965	950	918	961	950	0	1146934
1145	941	965	950	918	961	950	1004	0	1147852
1146	965	950	918	961	950	1004	1027	0	1148813
1147	950	918	961	950	1004	1027	973	0	1149763
1148	918	961	950	1004	1027	973	1000	0	1150767
1149	961	950	1004	1027	973	1000	988	0	1151794
1150	950	1004	1027	973	1000	988	992	0	1152767
1151	1004	1027	973	1000	988	992	973	0	1153767
1152	1027	973	1000	988	992	973	1004	0	1154755
1153	973	1000	988	992	973	1004	957	0	1155747
1154	1000	988	992	973	1004	957	984	0	1156720
1155	988	992	973	1004	957	984	989	0	1157724
1156	992	973	1004	957	984	989	934	0	1158681
1157	973	1004	957	984	989	934	906	0	1159665
1158	1004	957	984	989	934	906	891	0	1160654
1159	957	984	989	934	906	891	899	0	1161588
1160	984	989	934	906	891	899	903	0	1162494
1161	989	934	906	891	899	903	930	0	1163385
1162	934	906	891	899	903	930	910	0	1164284
1163	906	891	899	903	930	910	973	0	1165187
1164	891	899	903	930	910	973	1023	0	1166117
1165	899	903	930	910	973	1023	981	0	1167027
1166	903	930	910	973	1023	981	1039	0	1168000
1167	930	910	973	1023	981	1039	1023	0	1169023
1168	910	973	1023	981	1039	1023	1059	0	1170004
1169	973	1023	981	1039	1023	1059	1112	0	1171043
1170	1023	981	1039	1023	1059	1112	1016	0	1172066
1171	981	1039	1023	1059	1112	1016	1054	0	1173125
1172	1039	1023	1059	1112	1016	1054	969	0	1174237
1173	1023	1059	1112	1016	1054	969	1035	0	1175253
1174	1059	1112	1016	1054	969	1035	1008	0	1176307
1175	1112	1016	1054	969	1035	1008	973	0	1177276
1176	1016	1054	969	1035	1008	973	1035	0	1178311
1177	1054	969	1035	1008	973	1035	977	0	1179319
1178	969	1035	1008	973	1035	977	1035	0	1180292
1179	1035	1008	973	1035	977	1035	1003	0	1181327
1180	1008	973	1035	977	1035	1003	1020	0	1182304
1181	973	1035	977	1035	1003	1020	1047	0	1183339
1182	1035	977	1035	1003	1020	1047	1019	0	1184342
1183	977	1035	1003	1020	1047	1019	1054	0	1185362
1184	1035	1003	1020	1047	1019	1054	1028	0	1186409
1185	1003	1020	1047	1019	1054	1028	1066	0	1187428
1186	1020	1047	1019	1054	1028	1066	1047	0	1188482
1187	1047	1019	1054	1028	1066	1047	1035	0	1189510
1188	1019	1054	1028	1066	1047	1035	1089	0	1190576
1189	1054	1028	1066	1047	1035	1089	1043	0	1191623
1190	1028	1066	1047	1035	1089	1043	1066	0	1192658
1191	1066	1047	1035	1089	1043	1066	1097	0	1193747
1192	1047	1035	1089	1043	1066	1097	1043	0	1194790
1193	1035	1089	1043	1066	1097	1043	1109	0	1195856
1194	1089	1043	1066	1097	1043	1109	1043	0	1196953
1195	1043	1066	1097	1043	1109	1043	1117	0	1197996
1196	1066	1097	1043	1109	1043	1117	1109	0	1199105
1197	1097	1043	1109	1043	1117	1109	1042	0	1200148
1198	1043	1109	1043	1117	1109	1042	1140	0	1201265
1199	1109	1043	1117	1109	1042	1140	1133	0	1202374
1200	1043	1117	1109	1042	1140	1133	1101	0	1203416
1201	1117	1109	1042	1140	1133	1101	1039	0	1204556
1202	1109	1042	1140	1133	1101	1039	1120	0	1205689
1203	1042	1140	1133	1101	1039	1120	1133	0	1206790
1204	1140	1133	1101	1039	1120	1133	1097	0	1207829
1205	1133	1101	1039	1120	1133	1097	1058	0	1208949
1206	1101	1039	1120	1133	1097	1058	1105	0	1210082
1207	1039	1120	1133	1097	1058	1105	1140	0	1211179
1208	1120	1133	1097	1058	1105	1140	1164	0	1212237
1209	1133	1097	1058	1105	1140	1164	1086	0	1213342
1210	1097	1058	1105	1140	1164	1086	1151	0	1214482
1211	1058	1105	1140	1164	1086	1151	1144	0	1215646
1212	1105	1140	1164	1086	1151	1144	1144	0	1216732
1213	1140	1164	1086	1151	1144	1144	1105	0	1217883
1214	1164	1086	1151	1144	1144	1105	1199	0	1219027
1215	1086	1151	1144	1144	1105	1199	1155	0	1220171
1216	1151	1144	1144	1105	1199	1155	1121	0	1221276
1217	1144	1144	1105	1199	1155	1121	1140	0	1222475
1218	1144	1105	1199	1155	1121	1140	1105	0	1223630
1219	1105	1199	1155	1121	1140	1105	1078	0	1224751
1220	1199	1155	1121	1140	1105	1078	1124	0	1225891
1221	1155	1121	1140	1105	1078	1124	1055	0	1226996
1222	1121	1140	1105	1078	1124	1055	1121	0	1228074
1223	1140	1105	1078	1124	1055	1121	1054	0	1229198
1224	1105	1078	1124	1055	1121	1054	1051	0	1230253
1225	1078	1124	1055	1121	1054	1051	1093	0	1231374
1226	1124	1055	1121	1054	1051	1093	1035	0	1232428
1227	1055	1121	1054	1051	1093	1035	1101	0	1233479
1228	1121	1054	1051	1093	1035	1101	1121	0	1234572
1229	1054	1051	1093	1035	1101	1121	1058	0	1235607
1230	1051	1093	1035	1101	1121	1058	1121	0	1236708
1231	1093	1035	1101	1121	1058	1121	1050	0	1237829
1232	1035	1101	1121	1058	1121	1050	1144	0	1238887
1233	1101	1121	1058	1121	1050	1144	1098	0	1240008
1234	1121	1058	1121	1050	1144	1098	1136	0	1241058
1235	1058	1121	1050	1144	1098	1136	1124	0	1242202
1236	1121	1050	1144	1098	1136	1124	1070	0	1243300
1237	1050	1144	1098	1136	1124	1070	1183	0	1244436
1238	1144	1098	1136	1124	1070	1183	1098	0	1245560
1239	1098	1136	1124	1070	1183	1098	1178	0	1246630
1240	1136	1124	1070	1183	1098	1178	1168	0	1247813
1241	1124	1070	1183	1098	1178	1168	1120	0	1248911
1242	1070	1183	1098	1178	1168	1120	1195	0	1250089
1243	1183	1098	1178	1168	1120	1195	1230	0	1251257
1244	1098	1178	1168	1120	1195	1230	1101	0	1252377
1245	1178	1168	1120	1195	1230	1101	1222	0	1253572
1246	1168	1120	1195	1230	1101	1222	1249	0	1254802
1247	1120	1195	1230	1101	1222	1249	1175	0	1255903
1248	1195	1230	1101	1222	1249	1175	1132	0	1257125
1249	1230	1101	1222	1249	1175	1132	1233	0	1258374
1250	1101	1222	1249	1175	1132	1233	1234	0	1259549
1251	1222	1249	1175	1132	1233	1234	1241	0	1260681
1252	1249	1175	1132	1233	1234	1241	1167	0	1261914
1253	1175	1132	1233	1234	1241	1167	1195	0	1263148
1254	1132	1233	1234	1241	1167	1195	1230	0	1264389
1255	1233	1234	1241	1167	1195	1230	1245	0	1265556
1256	1234	1241	1167	1195	1230	1245	1179	0	1266751
1257	1241	1167	1195	1230	1245	1179	1159	0	1267981
1258	1167	1195	1230	1245	1179	1159	1191	0	1269226
1259	1195	1230	1245	1179	1159	1191	1124	0	1270405
1260	1230	1245	1179	1159	1191	1124	1160	0	1271564
1261	1245	1179	1159	1191	1124	1160	1187	0	1272755
1262	1179	1159	1191	1124	1160	1187	1093	0	1273879
1263	1159	1191	1124	1160	1187	1093	1152	0	1275039
1264	1191	1124	1160	1187	1093	1152	1148	0	1276226
1265	1124	1160	1187	1093	1152	1148	1089	0	1277319
1266	1160	1187	1093	1152	1148	1089	1082	0	1278471
1267	1187	1093	1152	1148	1089	1082	1144	0	1279619
1268	1093	1152	1148	1089	1082	1144	1062	0	1280708
1269	1152	1148	1089	1082	1144	1062	1082	0	1281790
1270	1148	1089	1082	1144	1062	1082	1163	0	1282934
1271	1089	1082	1144	1062	1082	1163	1063	0	1283996
1272	1082	1144	1062	1082	1163	1063	1143	0	1285078
1273	1144	1062	1082	1163	1063	1143	1144	0	1286241
1274	1062	1082	1163	1063	1143	1144	1074	0	1287304
1275	1082	1163	1063	1143	1144	1074	1117	0	1288447
1276	1163	1063	1143	1144	1074	1117	1105	0	1289591
1277	1063	1143	1144	1074	1117	1105	1066	0	1290665
1278	1143	1144	1074	1117	1105	1066	1113	0	1291782
1279	1144	1074	1117	1105	1066	1113	1078	0	1292887
1280	1074	1117	1105	1066	1113	1078	1093	0	1293953
1281	1117	1105	1066	1113	1078	1093	1137	0	1295066
1282	1105	1066	1113	1078	1093	1137	1070	0	1296144
1283	1066	1113	1078	1093	1137	1070	1101	0	1297237
1284	1113	1078	1093	1137	1070	1101	1136	0	1298374
1285	1078	1093	1137	1070	1101	1136	1093	0	1299444
1286	1093	1137	1070	1101	1136	1093	1179	0	1300545
1287	1137	1070	1101	1136	1093	1179	1144	0	1301681
1288	1070	1101	1136	1093	1179	1144	1160	0	1302774
1289	1101	1136	1093	1179	1144	1160	1206	0	1303953
1290	1136	1093	1179	1144	1160	1206	1163	0	1305097
1291	1093	1179	1144	1160	1206	1163	1203	0	1306257
1292	1179	1144	1160	1206	1163	1203	1183	0	1307463
1293	1144	1160	1206	1163	1203	1183	1054	0	1308626
1294	1160	1206	1163	1203	1183	1054	1004	0	1309829
1295	1206	1163	1203	1183	1054	1004	1039	0	1311012
1296	1163	1203	1183	1054	1004	1039	1058	0	1312066
1297	1203	1183	1054	1004	1039	1058	1117	0	1313070
1298	1183	1054	1004	1039	1058	1117	1136	0	1314109
1299	1054	1004	1039	1058	1117	1136	1090	0	1315167
1300	1004	1039	1058	1117	1136	1090	1167	0	1316284
1301	1039	1058	1117	1136	1090	1167	1156	0	1317420
1302	1058	1117	1136	1090	1167	1156	1151	0	1318510
1303	1117	1136	1090	1167	1156	1151	1230	0	1319677
1304	1136	1090	1167	1156	1151	1230	1175	0	1320833
1305	1090	1167	1156	1151	1230	1175	1265	0	1321984
1306	1167	1156	1151	1230	1175	1265	1288	0	1323214
1307	1156	1151	1230	1175	1265	1288	1237	0	1324389
1308	1151	1230	1175	1265	1288	1237	1268	0	1325654
1309	1230	1175	1265	1288	1237	1268	1335	0	1326942
1310	1175	1265	1288	1237	1268	1335	1210	0	1328179
1311	1265	1288	1237	1268	1335	1210	1257	0	1329447
1312	1288	1237	1268	1335	1210	1257	1202	0	1330782
1313	1237	1268	1335	1210	1257	1202	1265	0	1331992
1314	1268	1335	1210	1257	1202	1265	1261	0	1333249
1315	1335	1210	1257	1202	1265	1261	1190	0	1334451
1316	1210	1257	1202	1265	1261	1190	1249	0	1335716
1317	1257	1202	1265	1261	1190	1249	1183	0	1336977
1318	1202	1265	1261	1190	1249	1183	1222	0	1338167
1319	1265	1261	1190	1249	1183	1222	1233	0	1339416
1320	1261	1190	1249	1183	1222	1233	1172	0	1340599
1321	1190	1249	1183	1222	1233	1172	1241	0	1341821
1322	1249	1183	1222	1233	1172	1241	1171	0	1343054
1323	1183	1222	1233	1172	1241	1171	1202	0	1344226
1324	1222	1233	1172	1241	1171	1202	1214	0	1345467
1325	1233	1172	1241	1171	1202	1214	1160	0	1346638
1326	1172	1241	1171	1202	1214	1160	1222	0	1347840
1327	1241	1171	1202	1214	1160	1222	1113	0	1349054
1328	1171	1202	1214	1160	1222	1113	1151	0	1350214
1329	1202	1214	1160	1222	1113	1151	1187	0	1351436
1330	1214	1160	1222	1113	1151	1187	1125	0	1352549
1331	1160	1222	1113	1151	1187	1125	1198	0	1353700
1332	1222	1113	1151	1187	1125	1198	1199	0	1354887
1333	1113	1151	1187	1125	1198	1199	1136	0	1356012
1334	1151	1187	1125	1198	1199	1136	1190	0	1357210
1335	1187	1125	1198	1199	1136	1190	1129	0	1358409
1336	1125	1198	1199	1136	1190	1129	1190	0	1359545
1337	1198	1199	1136	1190	1129	1190	1176	0	1360735
1338	1199	1136	1190	1129	1190	1176	1136	0	1361864
1339	1136	1190	1129	1190	1176	1136	1202	0	1363054
1340	1190	1129	1190	1176	1136	1202	1183	0	1364230
1341	1129	1190	1176	1136	1202	1183	1183	0	1365366
1342	1190	1176	1136	1202	1183	1183	1218	0	1366568
1343	1176	1136	1202	1183	1183	1218	1124	0	1367751
1344	1136	1202	1183	1183	1218	1124	1183	0	1368934
1345	1202	1183	1183	1218	1124	1183	1167	0	1370152
1346	1183	1183	1218	1124	1183	1167	1164	0	1371276
1347	1183	1218	1124	1183	1167	1164	1156	0	1372459
1348	1218	1124	1183	1167	1164	1156	1159	0	1373626
1349	1124	1183	1167	1164	1156	1159	1148	0	1374790
1350	1183	1167	1164	1156	1159	1148	1113	0	1375946
1351	1167	1164	1156	1159	1148	1113	1218	0	1377105
1352	1164	1156	1159	1148	1113	1218	1148	0	1378253
1353	1156	1159	1148	1113	1218	1148	1198	0	1379366
1354	1159	1148	1113	1218	1148	1198	1226	0	1380584
1355	1148	1113	1218	1148	1198	1226	1151	0	1381732
1356	1113	1218	1148	1198	1226	1151	1183	0	1382930
1357	1218	1148	1198	1226	1151	1183	1261	0	1384156
1358	1148	1198	1226	1151	1183	1261	1144	0	1385307
1359	1198	1226	1151	1183	1261	1144	1191	0	1386490
1360	1226	1151	1183	1261	1144	1191	1194	0	1387751
1361	1151	1183	1261	1144	1191	1194	1160	0	1388895
1362	1183	1261	1144	1191	1194	1160	1214	0	1390086
1363	1261	1144	1191	1194	1160	1214	1233	0	1391280
1364	1144	1191	1194	1160	1214	1233	1129	0	1392440
1365	1191	1194	1160	1214	1233	1129	1194	0	1393654
1366	1194	1160	1214	1233	1129	1194	1195	0	1394887
1367	1160	1214	1233	1129	1194	1195	1132	0	1396016
1368	1214	1233	1129	1194	1195	1132	1163	0	1397210
1369	1233	1129	1194	1195	1132	1163	1156	0	1398405
1370	1129	1194	1195	1132	1163	1156	1074	0	1399537
1371	1194	1195	1132	1163	1156	1074	1027	0	1400700
1372	1195	1132	1163	1156	1074	1027	1012	0	1401856
1373	1132	1163	1156	1074	1027	1012	1015	0	1402930
1374	1163	1156	1074	1027	1012	1015	1035	0	1403957
1375	1156	1074	1027	1012	1015	1035	1086	0	1404969
1376	1074	1027	1012	1015	1035	1086	1078	0	1405984
1377	1027	1012	1015	1035	1086	1078	1105	0	1407019
1378	1012	1015	1035	1086	1078	1105	1179	0	1408105
1379	1015	1035	1086	1078	1105	1179	1113	0	1409183
1380	1035	1086	1078	1105	1179	1113	1171	0	1410288
1381	1086	1078	1105	1179	1113	1171	1198	0	1411467
1382	1078	1105	1179	1113	1171	1198	1176	0	1412580
1383	1105	1179	1113	1171	1198	1176	1217	0	1413751
1384	1179	1113	1171	1198	1176	1217	1253	0	1414949
1385	1113	1171	1198	1176	1217	1253	1183	0	1416125
1386	1171	1198	1176	1217	1253	1183	1245	0	1417342
1387	1198	1176	1217	1253	1183	1245	1218	0	1418595
1388	1176	1217	1253	1183	1245	1218	1156	0	1419778
1389	1217	1253	1183	1245	1218	1156	1261	0	1421023
1390	1253	1183	1245	1218	1156	1261	1179	0	1422241
1391	1183	1245	1218	1156	1261	1179	1217	0	1423397
1392	1245	1218	1156	1261	1179	1217	1226	0	1424658
1393	1218	1156	1261	1179	1217	1226	1199	0	1425837
1394	1156	1261	1179	1217	1226	1199	1175	0	1427054
1395	1261	1179	1217	1226	1199	1175	1241	0	1428280
1396	1179	1217	1226	1199	1175	1241	1124	0	1429479
1397	1217	1226	1199	1175	1241	1124	1191	0	1430654
1398	1226	1199	1175	1241	1124	1191	1206	0	1431895
1399	1199	1175	1241	1124	1191	1206	1102	0	1433019
1400	1175	1241	1124	1191	1206	1102	1182	0	1434210
1401	1241	1124	1191	1206	1102	1182	1187	0	1435416
1402	1124	1191	1206	1102	1182	1187	1140	0	1436518
1403	1191	1206	1102	1182	1187	1140	1199	0	1437700
1404	1206	1102	1182	1187	1140	1199	1167	0	1438887
1405	1102	1182	1187	1140	1199	1167	1160	0	1440027
1406	1182	1187	1140	1199	1167	1160	1206	0	1441226
1407	1187	1140	1199	1167	1160	1206	1155	0	1442393
1408	1140	1199	1167	1160	1206	1155	1156	0	1443553
1409	1199	1167	1160	1206	1155	1156	1191	0	1444759
1410	1167	1160	1206	1155	1156	1191	1109	0	1445914
1411	1160	1206	1155	1156	1191	1109	1194	0	1447070
1412	1206	1155	1156	1191	1109	1194	1168	0	1448261
1413	1155	1156	1191	1109	1194	1168	1136	0	1449370
1414	1156	1191	1109	1194	1168	1136	1155	0	1450564
1415	1191	1109	1194	1168	1136	1155	1117	0	1451732
1416	1109	1194	1168	1136	1155	1117	1152	0	1452868
1417	1194	1168	1136	1155	1117	1152	1136	0	1454023
1418	1168	1136	1155	1117	1152	1136	1121	0	1455140
1419	1136	1155	1117	1152	1136	1121	1210	0	1456292
1420	1155	1117	1152	1136	1121	1210	1124	0	1457428
1421	1117	1152	1136	1121	1210	1124	1179	0	1458549
1422	1152	1136	1121	1210	1124	1179	1109	0	1459759
1423	1136	1121	1210	1124	1179	1109	1105	0	1460883
1424	1121	1210	1124	1179	1109	1105	1148	0	1462062
1425	1210	1124	1179	1109	1105	1148	1074	0	1463171
1426	1124	1179	1109	1105	1148	1074	1090	0	1464276
1427	1179	1109	1105	1148	1074	1090	1136	0	1465424
1428	1109	1105	1148	1074	1090	1136	1101	0	1466498
1429	1105	1148	1074	1090	1136	1101	1105	0	1467588
1430	1148	1074	1090	1136	1101	1105	1109	0	1468724
1431	1074	1090	1136	1101	1105	1109	1105	0	1469825
1432	1090	1136	1101	1105	1109	1105	1117	0	1470930
1433	1136	1101	1105	1109	1105	1117	1159	0	1472039
1434	1101	1105	1109	1105	1117	1159	1168	0	1473144
1435	1105	1109	1105	1117	1159	1168	1210	0	1474261
1436	1109	1105	1117	1159	1168	1210	1183	0	1475420
1437	1105	1117	1159	1168	1210	1183	1186	0	1476588
1438	1117	1159	1168	1210	1183	1186	1210	0	1477798
1439	1159	1168	1210	1183	1186	1210	1207	0	1478981
1440	1168	1210	1183	1186	1210	1207	1183	0	1480167
1441	1210	1183	1186	1210	1207	1183	1198	0	1481377
1442	1183	1186	1210	1207	1183	1198	1206	0	1482584
1443	1186	1210	1207	1183	1198	1206	1187	0	1483767
1444	1210	1207	1183	1198	1206	1187	1210	0	1484965
1445	1207	1183	1198	1206	1187	1210	1210	0	1486171
1446	1183	1198	1206	1187	1210	1210	1199	0	1487358
1447	1198	1206	1187	1210	1210	1199	1194	0	1488568
1448	1206	1187	1210	1210	1199	1194	1164	0	1489778
1449	1187	1210	1210	1199	1194	1164	1144	0	1490977
1450	1210	1210	1199	1194	1164	1144	1171	0	1492171
1451	1210	1199	1194	1164	1144	1171	1163	0	1493335
1452	1199	1194	1164	1144	1171	1163	1152	0	1494479
1453	1194	1164	1144	1171	1163	1152	1179	0	1495650
1454	1164	1144	1171	1163	1152	1179	1156	0	1496813
1455	1144	1171	1163	1152	1179	1156	1163	0	1497965
1456	1171	1163	1152	1179	1156	1163	1171	0	1499144
1457	1163	1152	1179	1156	1163	1171	1160	0	1500300
1458	1152	1179	1156	1163	1171	1160	1163	0	1501463
1459	1179	1156	1163	1171	1160	1163	1160	0	1502634
1460	1156	1163	1171	1160	1163	1160	1148	0	1503794
1461	1163	1171	1160	1163	1160	1148	1140	0	1504957
1462	1171	1160	1163	1160	1148	1140	1144	0	1506117
1463	1160	1163	1160	1148	1140	1144	1124	0	1507265
1464	1163	1160	1148	1140	1144	1124	1129	0	1508405
1465	1160	1148	1140	1144	1124	1129	1140	0	1509549
1466	1148	1140	1144	1124	1129	1140	1112	0	1510673
1467	1140	1144	1124	1129	1140	1112	1129	0	1511802
1468	1144	1124	1129	1140	1112	1129	1144	0	1512942
1469	1124	1129	1140	1112	1129	1144	1120	0	1514054
1470	1129	1140	1112	1129	1144	1120	1148	0	1515183
1471	1140	1112	1129	1144	1120	1148	1148	0	1516327
1472	1112	1129	1144	1120	1148	1148	1132	0	1517447
1473	1129	1144	1120	1148	1148	1132	1148	0	1518595
1474	1144	1120	1148	1148	1132	1148	1133	0	1519743
1475	1120	1148	1148	1132	1148	1133	1140	0	1520875
1476	1148	1148	1132	1148	1133	1140	1136	0	1522023
1477	1148	1132	1148	1133	1140	1136	1097	0	1523156
1478	1132	1148	1133	1140	1136	1097	1132	0	1524296
1479	1148	1133	1140	1136	1097	1132	1144	0	1525432
1480	1133	1140	1136	1097	1132	1144	1109	0	1526529
1481	1140	1136	1097	1132	1144	1109	1152	0	1527661
1482	1136	1097	1132	1144	1109	1152	1140	0	1528805
1483	1097	1132	1144	1109	1152	1140	1140	0	1529914
1484	1132	1144	1109	1152	1140	1140	1160	0	1531066
1485	1144	1109	1152	1140	1140	1160	1124	0	1532206
1486	1109	1152	1140	1140	1160	1124	1152	0	1533346
1487	1152	1140	1140	1160	1124	1152	1152	0	1534506
1488	1140	1140	1160	1124	1152	1152	1144	0	1535630
1489	1140	1160	1124	1152	1152	1144	1175	0	1536782
1490	1160	1124	1152	1152	1144	1175	1152	0	1537934
1491	1124	1152	1152	1144	1175	1152	1128	0	1539078
1492	1152	1152	1144	1175	1152	1128	1160	0	1540253
1493	1152	1144	1175	1152	1128	1160	1144	0	1541405
1494	1144	1175	1152	1128	1160	1144	1159	0	1542533
1495	1175	1152	1128	1160	1144	1159	1175	0	1543693
1496	1152	1128	1160	1144	1159	1175	1175	0	1544837
1497	1128	1160	1144	1159	1175	1175	1183	0	1545996
1498	1160	1144	1159	1175	1175	1183	1191	0	1547171
1499	1144	1159	1175	1175	1183	1191	1167	0	1548346
1500	1159	1175	1175	1183	1191	1167	1175	0	1549529
1501	1175	1175	1183	1191	1167	1175	1171	0	1550720
1502	1175	1183	1191	1167	1175	1171	1172	0	1551887
1503	1183	1191	1167	1175	1171	1172	1186	0	1553062
1504	1191	1167	1175	1171	1172	1186	1168	0	1554233
1505	1167	1175	1171	1172	1186	1168	1179	0	1555405
1506	1175	1171	1172	1186	1168	1179	1163	0	1556591
1507	1171	1172	1186	1168	1179	1163	1156	0	1557759
1508	1172	1186	1168	1179	1163	1156	1159	0	1558938
1509	1186	1168	1179	1163	1156	1159	1148	0	1560101
1510	1168	1179	1163	1156	1159	1148	1117	0	1561257
1511	1179	1163	1156	1159	1148	1117	1152	0	1562416
1512	1163	1156	1159	1148	1117	1152	1105	0	1563564
1513	1156	1159	1148	1117	1152	1105	1144	0	1564681
1514	1159	1148	1117	1152	1105	1144	1222	0	1565833
1515	1148	1117	1152	1105	1144	1222	1155	0	1566938
1516	1117	1152	1105	1144	1222	1155	1179	0	1568082
1517	1152	1105	1144	1222	1155	1179	1171	0	1569304
1518	1105	1144	1222	1155	1179	1171	1172	0	1570459
1519	1144	1222	1155	1179	1171	1172	1179	0	1571638
1520	1222	1155	1179	1171	1172	1179	1144	0	1572809
1521	1155	1179	1171	1172	1179	1144	1159	0	1573981
1522	1179	1171	1172	1179	1144	1159	1121	0	1575160
1523	1171	1172	1179	1144	1159	1121	1136	0	1576304
1524	1172	1179	1144	1159	1121	1136	1128	0	1577463
1525	1179	1144	1159	1121	1136	1128	1121	0	1578584
1526	1144	1159	1121	1136	1128	1121	1140	0	1579720
1527	1159	1121	1136	1128	1121	1140	1121	0	1580848
1528	1121	1136	1128	1121	1140	1121	1151	0	1581969
1529	1136	1128	1121	1140	1121	1151	1152	0	1583109
1530	1128	1121	1140	1121	1151	1152	1144	0	1584230
1531	1121	1140	1121	1151	1152	1144	1171	0	1585381
1532	1140	1121	1151	1152	1144	1171	1168	0	1586533
1533	1121	1151	1152	1144	1171	1168	1167	0	1587677
1534	1151	1152	1144	1171	1168	1167	1206	0	1588848
1535	1152	1144	1171	1168	1167	1206	1195	0	1590016
1536	1144	1171	1168	1167	1206	1195	1190	0	1591183
1537	1171	1168	1167	1206	1195	1190	1226	0	1592389
1538	1168	1167	1206	1195	1190	1226	1226	0	1593584
1539	1167	1206	1195	1190	1226	1226	1194	0	1594774
1540	1206	1195	1190	1226	1226	1194	1226	0	1596000
1541	1195	1190	1226	1226	1194	1226	1206	0	1597226
1542	1190	1226	1226	1194	1226	1206	1218	0	1598420
1543	1226	1226	1194	1226	1206	1218	1226	0	1599646
1544	1226	1194	1226	1206	1218	1226	1159	0	1600852
1545	1194	1226	1206	1218	1226	1159	1191	0	1602070
1546	1226	1206	1218	1226	1159	1191	1191	0	1603296
1547	1206	1218	1226	1159	1191	1191	1167	0	1604455
1548	1218	1226	1159	1191	1191	1167	1179	0	1605646
1549	1226	1159	1191	1191	1167	1179	1159	0	1606837
1550	1159	1191	1191	1167	1179	1159	1164	0	1608004
1551	1191	1191	1167	1179	1159	1164	1171	0	1609183
1552	1191	1167	1179	1159	1164	1171	1132	0	1610342
1553	1167	1179	1159	1164	1171	1132	1144	0	1611506
1554	1179	1159	1164	1171	1132	1144	1148	0	1612677
1555	1159	1164	1171	1132	1144	1148	1125	0	1613809
1556	1164	1171	1132	1144	1148	1125	1167	0	1614953
1557	1171	1132	1144	1148	1125	1167	1156	0	1616101
1558	1132	1144	1148	1125	1167	1156	1147	0	1617226
1559	1144	1148	1125	1167	1156	1147	1168	0	1618393
1560	1148	1125	1167	1156	1147	1168	1171	0	1619549
1561	1125	1167	1156	1147	1168	1171	1144	0	1620696
1562	1167	1156	1147	1168	1171	1144	1160	0	1621864
1563	1156	1147	1168	1171	1144	1160	1147	0	1623035
1564	1147	1168	1171	1144	1160	1147	1137	0	1624179
1565	1168	1171	1144	1160	1147	1137	1147	0	1625339
1566	1171	1144	1160	1147	1137	1147	1141	0	1626486
1567	1144	1160	1147	1137	1147	1141	1151	0	1627623
1568	1160	1147	1137	1147	1141	1151	1156	0	1628770
1569	1147	1137	1147	1141	1151	1156	1148	0	1629911
1570	1137	1147	1141	1151	1156	1148	1155	0	1631062
1571	1147	1141	1151	1156	1148	1155	1160	0	1632218
1572	1141	1151	1156	1148	1155	1160	1121	0	1633366
1573	1151	1156	1148	1155	1160	1121	1140	0	1634521
1574	1156	1148	1155	1160	1121	1140	1124	0	1635681
1575	1148	1155	1160	1121	1140	1124	1109	0	1636802
1576	1155	1160	1121	1140	1124	1109	1082	0	1637942
1577	1160	1121	1140	1124	1109	1082	1074	0	1639066
1578	1121	1140	1124	1109	1082	1074	1101	0	1640175
1579	1140	1124	1109	1082	1074	1101	1050	0	1641257
1580	1124	1109	1082	1074	1101	1050	1078	0	1642331
1581	1109	1082	1074	1101	1050	1078	1074	0	1643432
1582	1082	1074	1101	1050	1078	1074	1062	0	1644482
1583	1074	1101	1050	1078	1074	1062	1098	0	1645560
1584	1101	1050	1078	1074	1062	1098	1081	0	1646634
1585	1050	1078	1074	1062	1098	1081	1133	0	1647696
1586	1078	1074	1062	1098	1081	1133	1128	0	1648794
1587	1074	1062	1098	1081	1133	1128	1156	0	1649875
1588	1062	1098	1081	1133	1128	1156	1171	0	1651008
1589	1098	1081	1133	1128	1156	1171	1156	0	1652136
1590	1081	1133	1128	1156	1171	1156	1194	0	1653292
1591	1133	1128	1156	1171	1156	1194	1179	0	1654463
1592	1128	1156	1171	1156	1194	1179	1140	0	1655619
1593	1156	1171	1156	1194	1179	1140	1086	0	1656813
1594	1171	1156	1194	1179	1140	1086	1089	0	1657992
1595	1156	1194	1179	1140	1086	1089	1133	0	1659132
1596	1194	1179	1140	1086	1089	1133	1132	0	1660218
1597	1179	1140	1086	1089	1133	1132	1171	0	1661307
1598	1140	1086	1089	1133	1132	1171	1191	0	1662440
1599	1086	1089	1133	1132	1171	1191	1187	0	1663572
1600	1089	1133	1132	1171	1191	1187	1202	0	1664743
1601	1133	1132	1171	1191	1187	1202	1163	0	1665934
1602	1132	1171	1191	1187	1202	1163	1172	0	1667121
1603	1171	1191	1187	1202	1163	1172	1175	0	1668323
1604	1191	1187	1202	1163	1172	1175	1124	0	1669486
1605	1187	1202	1163	1172	1175	1124	1168	0	1670658
1606	1202	1163	1172	1175	1124	1168	1171	0	1671833
1607	1163	1172	1175	1124	1168	1171	1144	0	1672957
1608	1172	1175	1124	1168	1171	1144	1175	0	1674125
1609	1175	1124	1168	1171	1144	1175	1155	0	1675296
1610	1124	1168	1171	1144	1175	1155	1203	0	1676440
1611	1168	1171	1144	1175	1155	1203	1202	0	1677615
1612	1171	1144	1175	1155	1203	1202	1210	0	1678770
1613	1144	1175	1155	1203	1202	1210	1241	0	1679973
1614	1175	1155	1203	1202	1210	1241	1211	0	1681175
1615	1155	1203	1202	1210	1241	1211	1245	0	1682385
1616	1203	1202	1210	1241	1211	1245	1241	0	1683626
1617	1202	1210	1241	1211	1245	1241	1202	0	1684837
1618	1210	1241	1211	1245	1241	1202	1253	0	1686082
1619	1241	1211	1245	1241	1202	1253	1218	0	1687323
1620	1211	1245	1241	1202	1253	1218	1210	0	1688525
1621	1245	1241	1202	1253	1218	1210	1226	0	1689778
1622	1241	1202	1253	1218	1210	1226	1187	0	1690996
1623	1202	1253	1218	1210	1226	1187	1218	0	1692206
1624	1253	1218	1210	1226	1187	1218	1175	0	1693432
1625	1218	1210	1226	1187	1218	1175	1202	0	1694619
1626	1210	1226	1187	1218	1175	1202	1183	0	1695837
1627	1226	1187	1218	1175	1202	1183	1191	0	1697012
1628	1187	1218	1175	1202	1183	1191	1217	0	1698214
1629	1218	1175	1202	1183	1191	1217	1176	0	1699397
1630	1175	1202	1183	1191	1217	1176	1221	0	1700588
1631	1202	1183	1191	1217	1176	1221	1203	0	1701805
1632	1183	1191	1217	1176	1221	1203	1221	0	1702981
1633	1191	1217	1176	1221	1203	1221	1257	0	1704202
1634	1217	1176	1221	1203	1221	1257	1199	0	1705405
1635	1176	1221	1203	1221	1257	1199	1245	0	1706626
1636	1221	1203	1221	1257	1199	1245	1253	0	1707883
1637	1203	1221	1257	1199	1245	1253	1214	0	1709082
1638	1221	1257	1199	1245	1253	1214	1245	0	1710327
1639	1257	1199	1245	1253	1214	1245	1214	0	1711580
1640	1199	1245	1253	1214	1245	1214	1249	0	1712794
1641	1245	1253	1214	1245	1214	1249	1253	0	1714039
1642	1253	1214	1245	1214	1249	1253	1210	0	1715253
1643	1214	1245	1214	1249	1253	1210	1241	0	1716502
1644	1245	1214	1249	1253	1210	1241	1203	0	1717755
1645	1214	1249	1253	1210	1241	1203	1241	0	1718965
1646	1249	1253	1210	1241	1203	1241	1218	0	1720206
1647	1253	1210	1241	1203	1241	1218	1186	0	1721409
1648	1210	1241	1203	1241	1218	1186	1207	0	1722650
1649	1241	1203	1241	1218	1186	1207	1151	0	1723868
1650	1203	1241	1218	1186	1207	1151	1187	0	1725054
1651	1241	1218	1186	1207	1151	1187	1183	0	1726261
1652	1218	1186	1207	1151	1187	1183	1156	0	1727412
1653	1186	1207	1151	1187	1183	1156	1183	0	1728599
1654	1207	1151	1187	1183	1156	1183	1151	0	1729782
1655	1151	1187	1183	1156	1183	1151	1210	0	1730938
1656	1187	1183	1156	1183	1151	1210	1218	0	1732121
1657	1183	1156	1183	1151	1210	1218	1203	0	1733272
1658	1156	1183	1151	1210	1218	1203	1249	0	1734482
1659	1183	1151	1210	1218	1203	1249	1225	0	1735700
1660	1151	1210	1218	1203	1249	1225	1238	0	1736903
1661	1210	1218	1203	1249	1225	1238	1264	0	1738152
1662	1218	1203	1249	1225	1238	1264	1214	0	1739377
1663	1203	1249	1225	1238	1264	1214	1253	0	1740615
1664	1249	1225	1238	1264	1214	1253	1238	0	1741879
1665	1225	1238	1264	1214	1253	1238	1214	0	1743093
1666	1238	1264	1214	1253	1238	1214	1253	0	1744346
1667	1264	1214	1253	1238	1214	1253	1210	0	1745584
1668	1214	1253	1238	1214	1253	1210	1249	0	1746798
1669	1253	1238	1214	1253	1210	1249	1241	0	1748051
1670	1238	1214	1253	1210	1249	1241	1195	0	1749261
1671	1214	1253	1210	1249	1241	1195	1245	0	1750510
1672	1253	1210	1249	1241	1195	1245	1190	0	1751751
1673	1210	1249	1241	1195	1245	1190	1222	0	1752946
1674	1249	1241	1195	1245	1190	1222	1191	0	1754191
1675	1241	1195	1245	1190	1222	1191	1233	0	1755381
1676	1195	1245	1190	1222	1191	1233	1241	0	1756603
1677	1245	1190	1222	1191	1233	1241	1203	0	1757794
1678	1190	1222	1191	1233	1241	1203	1241	0	1759027
1679	1222	1191	1233	1241	1203	1241	1206	0	1760268
1680	1191	1233	1241	1203	1241	1206	1234	0	1761471
1681	1233	1241	1203	1241	1206	1234	1225	0	1762712
1682	1241	1203	1241	1206	1234	1225	1203	0	1763918
1683	1203	1241	1206	1234	1225	1203	1218	0	1765152
1684	1241	1206	1234	1225	1203	1218	1210	0	1766377
1685	1206	1234	1225	1203	1218	1210	1233	0	1767580
1686	1234	1225	1203	1218	1210	1233	1230	0	1768798
1687	1225	1203	1218	1210	1233	1230	1222	0	1770008
1688	1203	1218	1210	1233	1230	1222	1253	0	1771241
1689	1218	1210	1233	1230	1222	1253	1198	0	1772471
1690	1210	1233	1230	1222	1253	1198	1253	0	1773693
1691	1233	1230	1222	1253	1198	1253	1229	0	1774946
1692	1230	1222	1253	1198	1253	1229	1199	0	1776144
1693	1222	1253	1198	1253	1229	1199	1233	0	1777397
1694	1253	1198	1253	1229	1199	1233	1230	0	1778626
1695	1198	1253	1229	1199	1233	1230	1210	0	1779825
1696	1253	1229	1199	1233	1230	1210	1241	0	1781058
1697	1229	1199	1233	1230	1210	1241	1199	0	1782288
1698	1199	1233	1230	1210	1241	1199	1241	0	1783498
1699	1233	1230	1210	1241	1199	1241	1261	0	1784739
1700	1230	1210	1241	1199	1241	1261	1210	0	1785938
1701	1210	1241	1199	1241	1261	1210	1253	0	1787179
1702	1241	1199	1241	1261	1210	1253	1198	0	1788440
1703	1199	1241	1261	1210	1253	1198	1241	0	1789650
1704	1241	1261	1210	1253	1198	1241	1195	0	1790903
1705	1261	1210	1253	1198	1241	1195	1214	0	1792101
1706	1210	1253	1198	1241	1195	1214	1222	0	1793342
1707	1253	1198	1241	1195	1214	1222	653	0	1794537
1708	1198	1241	1195	1214	1222	653	1530	0	1795751
