index	i-3	i-2	i-1	i+0	i+1	i+2	i+3	Filter	Time
3	1078	1334	1312	1377	1397	1374	1323	0	5101
4	1334	1312	1377	1397	1374	1323	1358	0	6498
5	1312	1377	1397	1374	1323	1358	1377	0	7872
6	1377	1397	1374	1323	1358	1377	1366	0	9195
7	1397	1374	1323	1358	1377	1366	1373	0	10553
8	1374	1323	1358	1377	1366	1373	1428	0	11930
9	1323	1358	1377	1366	1373	1428	1401	0	13296
10	1358	1377	1366	1373	1428	1401	1358	0	14669
11	1377	1366	1373	1428	1401	1358	1405	0	16097
12	1366	1373	1428	1401	1358	1405	1397	0	17498
13	1373	1428	1401	1358	1405	1397	1365	0	18856
14	1428	1401	1358	1405	1397	1365	1421	0	20261
15	1401	1358	1405	1397	1365	1421	1431	0	21658
16	1358	1405	1397	1365	1421	1431	1374	0	23023
17	1405	1397	1365	1421	1431	1374	1428	0	24444
18	1397	1365	1421	1431	1374	1428	1381	0	25875
19	1365	1421	1431	1374	1428	1381	1389	0	27249
20	1421	1431	1374	1428	1381	1389	1425	0	28677
21	1431	1374	1428	1381	1389	1425	1365	0	30058
22	1374	1428	1381	1389	1425	1365	1343	0	31447
23	1428	1381	1389	1425	1365	1343	1424	0	32872
24	1381	1389	1425	1365	1343	1424	1428	0	34237
25	1389	1425	1365	1343	1424	1428	1366	0	35580
26	1425	1365	1343	1424	1428	1366	1490	0	37004
27	1365	1343	1424	1428	1366	1490	1408	0	38432
28	1343	1424	1428	1366	1490	1408	1378	0	39798
29	1424	1428	1366	1490	1408	1378	1436	0	41288
30	1428	1366	1490	1408	1378	1436	1416	0	42696
31	1366	1490	1408	1378	1436	1416	1358	0	44074
32	1490	1408	1378	1436	1416	1358	1412	0	45510
33	1408	1378	1436	1416	1358	1412	1413	0	46926
34	1378	1436	1416	1358	1412	1413	1350	0	48284
35	1436	1416	1358	1412	1413	1350	1397	0	49696
36	1416	1358	1412	1413	1350	1397	1397	0	51109
37	1358	1412	1413	1350	1397	1397	1397	0	52459
38	1412	1413	1350	1397	1397	1397	1447	0	53856
39	1413	1350	1397	1397	1397	1447	1378	0	55253
40	1350	1397	1397	1397	1447	1378	1459	0	56650
41	1397	1397	1397	1447	1378	1459	1451	0	58097
42	1397	1397	1447	1378	1459	1451	1370	0	59475
43	1397	1447	1378	1459	1451	1370	1459	0	60934
44	1447	1378	1459	1451	1370	1459	1420	0	62385
45	1378	1459	1451	1370	1459	1420	1382	0	63755
46	1459	1451	1370	1459	1420	1382	1420	0	65214
47	1451	1370	1459	1420	1382	1420	1432	0	66634
48	1370	1459	1420	1382	1420	1432	1369	0	68016
49	1459	1420	1382	1420	1432	1369	1432	0	69436
50	1420	1382	1420	1432	1369	1432	1397	0	70868
51	1382	1420	1432	1369	1432	1397	1331	0	72237
52	1420	1432	1369	1432	1397	1331	1370	0	73669
53	1432	1369	1432	1397	1331	1370	1334	0	75066
54	1369	1432	1397	1331	1370	1334	1346	0	76397
55	1432	1397	1331	1370	1334	1346	1425	0	77767
56	1397	1331	1370	1334	1346	1425	1354	0	79101
57	1331	1370	1334	1346	1425	1354	1338	0	80447
58	1370	1334	1346	1425	1354	1338	1374	0	81872
59	1334	1346	1425	1354	1338	1374	1334	0	83226
60	1346	1425	1354	1338	1374	1334	1351	0	84564
61	1425	1354	1338	1374	1334	1351	1361	0	85938
62	1354	1338	1374	1334	1351	1361	1355	0	87272
63	1338	1374	1334	1351	1361	1355	1350	0	88623
64	1374	1334	1351	1361	1355	1350	1428	0	89984
65	1334	1351	1361	1355	1350	1428	1346	0	91339
66	1351	1361	1355	1350	1428	1346	1370	0	92689
67	1361	1355	1350	1428	1346	1370	1474	0	94117
68	1355	1350	1428	1346	1370	1474	1436	0	95463
69	1350	1428	1346	1370	1474	1436	1413	0	96833
70	1428	1346	1370	1474	1436	1413	1455	0	98307
71	1346	1370	1474	1436	1413	1455	1420	0	99743
72	1370	1474	1436	1413	1455	1420	1362	0	101156
73	1474	1436	1413	1455	1420	1362	1416	0	102611
74	1436	1413	1455	1420	1362	1416	1436	0	104031
75	1413	1455	1420	1362	1416	1436	1335	0	105393
76	1455	1420	1362	1416	1436	1335	1385	0	106809
77	1420	1362	1416	1436	1335	1385	1389	0	108245
78	1362	1416	1436	1335	1385	1389	1319	0	109580
79	1416	1436	1335	1385	1389	1319	1358	0	110965
80	1436	1335	1385	1389	1319	1358	1401	0	112354
81	1335	1385	1389	1319	1358	1401	1346	0	113673
82	1385	1389	1319	1358	1401	1346	1413	0	115031
83	1389	1319	1358	1401	1346	1413	1338	0	116432
84	1319	1358	1401	1346	1413	1338	1327	0	117778
85	1358	1401	1346	1413	1338	1327	1374	0	119191
86	1401	1346	1413	1338	1327	1374	1334	0	120529
87	1346	1413	1338	1327	1374	1334	1331	0	121856
88	1413	1338	1327	1374	1334	1331	1319	0	123230
89	1338	1327	1374	1334	1331	1319	1245	0	124564
90	1327	1374	1334	1331	1319	1245	1273	0	125895
91	1374	1334	1331	1319	1245	1273	1202	0	127214
92	1334	1331	1319	1245	1273	1202	1113	0	128459
93	1331	1319	1245	1273	1202	1113	1066	0	129732
94	1319	1245	1273	1202	1113	1066	1039	0	130934
95	1245	1273	1202	1113	1066	1039	1039	0	132047
96	1273	1202	1113	1066	1039	1039	1019	0	133113
97	1202	1113	1066	1039	1039	1019	1066	0	134152
98	1113	1066	1039	1039	1019	1066	1117	0	135191
99	1066	1039	1039	1019	1066	1117	1144	0	136210
100	1039	1039	1019	1066	1117	1144	1089	0	137276
101	1039	1019	1066	1117	1144	1089	1125	0	138393
102	1019	1066	1117	1144	1089	1125	1124	0	139537
103	1066	1117	1144	1089	1125	1124	1090	0	140626
104	1117	1144	1089	1125	1124	1090	1043	0	141751
105	1144	1089	1125	1124	1090	1043	1043	0	142875
106	1089	1125	1124	1090	1043	1043	1058	0	143965
107	1125	1124	1090	1043	1043	1058	1054	0	145008
108	1124	1090	1043	1043	1058	1054	1063	0	146051
109	1090	1043	1043	1058	1054	1063	1070	0	147109
110	1043	1043	1058	1054	1063	1070	1081	0	148163
111	1043	1058	1054	1063	1070	1081	1055	0	149226
112	1058	1054	1063	1070	1081	1055	1039	0	150296
113	1054	1063	1070	1081	1055	1039	1004	0	151377
114	1063	1070	1081	1055	1039	1004	980	0	152432
115	1070	1081	1055	1039	1004	980	1004	0	153471
116	1081	1055	1039	1004	980	1004	1016	0	154475
117	1055	1039	1004	980	1004	1016	1062	0	155455
118	1039	1004	980	1004	1016	1062	1140	0	156459
119	1004	980	1004	1016	1062	1140	1249	0	157475
120	980	1004	1016	1062	1140	1249	1241	0	158537
121	1004	1016	1062	1140	1249	1241	1210	0	159677
122	1016	1062	1140	1249	1241	1210	1265	0	160926
123	1062	1140	1249	1241	1210	1265	1288	0	162167
124	1140	1249	1241	1210	1265	1288	1249	0	163377
125	1249	1241	1210	1265	1288	1249	1218	0	164642
126	1241	1210	1265	1288	1249	1218	1284	0	165930
127	1210	1265	1288	1249	1218	1284	1276	0	167179
128	1265	1288	1249	1218	1284	1276	1206	0	168397
129	1288	1249	1218	1284	1276	1206	1195	0	169681
130	1249	1218	1284	1276	1206	1195	1245	0	170957
131	1218	1284	1276	1206	1195	1245	1230	0	172163
132	1284	1276	1206	1195	1245	1230	1241	0	173358
133	1276	1206	1195	1245	1230	1241	1218	0	174603
134	1206	1195	1245	1230	1241	1218	1276	0	175833
135	1195	1245	1230	1241	1218	1276	1288	0	177074
136	1245	1230	1241	1218	1276	1288	1249	0	178292
137	1230	1241	1218	1276	1288	1249	1265	0	179568
138	1241	1218	1276	1288	1249	1265	1280	0	180856
139	1218	1276	1288	1249	1265	1280	1292	0	182105
140	1276	1288	1249	1265	1280	1292	1272	0	183370
141	1288	1249	1265	1280	1292	1272	1292	0	184650
142	1249	1265	1280	1292	1272	1292	1331	0	185942
143	1265	1280	1292	1272	1292	1331	1338	0	187214
144	1280	1292	1272	1292	1331	1338	1296	0	188506
145	1292	1272	1292	1331	1338	1296	1276	0	189837
146	1272	1292	1331	1338	1296	1276	1311	0	191175
147	1292	1331	1338	1296	1276	1311	1312	0	192471
148	1331	1338	1296	1276	1311	1312	1256	0	193747
149	1338	1296	1276	1311	1312	1256	1304	0	195058
150	1296	1276	1311	1312	1256	1304	1218	0	196370
151	1276	1311	1312	1256	1304	1218	1128	0	197626
152	1311	1312	1256	1304	1218	1128	1136	0	198930
153	1312	1256	1304	1218	1128	1136	1098	0	200148
154	1256	1304	1218	1128	1136	1098	1074	0	201276
155	1304	1218	1128	1136	1098	1074	1035	0	202412
156	1218	1128	1136	1098	1074	1035	1019	0	203510
157	1128	1136	1098	1074	1035	1019	1012	0	204584
158	1136	1098	1074	1035	1019	1012	976	0	205619
159	1098	1074	1035	1019	1012	976	958	0	206638
160	1074	1035	1019	1012	976	958	949	0	207650
161	1035	1019	1012	976	958	949	938	0	208626
162	1019	1012	976	958	949	938	910	0	209584
163	1012	976	958	949	938	910	899	0	210533
164	976	958	949	938	910	899	922	0	211471
165	958	949	938	910	899	922	942	0	212381
166	949	938	910	899	922	942	949	0	213280
167	938	910	899	922	942	949	969	0	214202
168	910	899	922	942	949	969	1020	0	215144
169	899	922	942	949	969	1020	1093	0	216093
170	922	942	949	969	1020	1093	1082	0	217062
171	942	949	969	1020	1093	1082	1085	0	218082
172	949	969	1020	1093	1082	1085	1152	0	219175
173	969	1020	1093	1082	1085	1152	1160	0	220257
174	1020	1093	1082	1085	1152	1160	1148	0	221342
175	1093	1082	1085	1152	1160	1148	1124	0	222494
176	1082	1085	1152	1160	1148	1124	1148	0	223654
177	1085	1152	1160	1148	1124	1148	1156	0	224802
178	1152	1160	1148	1124	1148	1156	1144	0	225926
179	1160	1148	1124	1148	1156	1144	1136	0	227074
180	1148	1124	1148	1156	1144	1136	1105	0	228230
181	1124	1148	1156	1144	1136	1105	1089	0	229374
182	1148	1156	1144	1136	1105	1089	1066	0	230510
183	1156	1144	1136	1105	1089	1066	1039	0	231615
184	1144	1136	1105	1089	1066	1039	1016	0	232704
185	1136	1105	1089	1066	1039	1016	1027	0	233770
186	1105	1089	1066	1039	1016	1027	1043	0	234809
187	1089	1066	1039	1016	1027	1043	1039	0	235825
188	1066	1039	1016	1027	1043	1039	1109	0	236852
189	1039	1016	1027	1043	1039	1109	1175	0	237895
190	1016	1027	1043	1039	1109	1175	1218	0	238934
191	1027	1043	1039	1109	1175	1218	1241	0	240043
192	1043	1039	1109	1175	1218	1241	1253	0	241218
193	1039	1109	1175	1218	1241	1253	1206	0	242436
194	1109	1175	1218	1241	1253	1206	1125	0	243677
195	1175	1218	1241	1253	1206	1125	1171	0	244930
196	1218	1241	1253	1206	1125	1171	1171	0	246136
197	1241	1253	1206	1125	1171	1171	1113	0	247261
198	1253	1206	1125	1171	1171	1113	1121	0	248432
199	1206	1125	1171	1171	1113	1121	1159	0	249603
200	1125	1171	1171	1113	1121	1159	1218	0	250716
201	1171	1171	1113	1121	1159	1218	1202	0	251837
202	1171	1113	1121	1159	1218	1202	1168	0	252996
203	1113	1121	1159	1218	1202	1168	1124	0	254214
204	1121	1159	1218	1202	1168	1124	1171	0	255416
205	1159	1218	1202	1168	1124	1171	1129	0	256584
206	1218	1202	1168	1124	1171	1129	1113	0	257708
207	1202	1168	1124	1171	1129	1113	1151	0	258879
208	1168	1124	1171	1129	1113	1151	1168	0	260008
209	1124	1171	1129	1113	1151	1168	1109	0	261121
210	1171	1129	1113	1151	1168	1109	1112	0	262272
211	1129	1113	1151	1168	1109	1112	1113	0	263440
212	1113	1151	1168	1109	1112	1113	1086	0	264549
213	1151	1168	1109	1112	1113	1086	1074	0	265661
214	1168	1109	1112	1113	1086	1074	1043	0	266774
215	1109	1112	1113	1086	1074	1043	1004	0	267860
216	1112	1113	1086	1074	1043	1004	996	0	268934
217	1113	1086	1074	1043	1004	996	976	0	269977
218	1086	1074	1043	1004	996	976	958	0	270981
219	1074	1043	1004	996	976	958	945	0	271977
220	1043	1004	996	976	958	945	957	0	272953
221	1004	996	976	958	945	957	961	0	273911
222	996	976	958	945	957	961	973	0	274856
223	976	958	945	957	961	973	992	0	275813
224	958	945	957	961	973	992	973	0	276774
225	945	957	961	973	992	973	1031	0	277747
226	957	961	973	992	973	1031	1082	0	278739
227	961	973	992	973	1031	1082	1089	0	279712
228	973	992	973	1031	1082	1089	1055	0	280743
229	992	973	1031	1082	1089	1055	1120	0	281825
230	973	1031	1082	1089	1055	1120	1160	0	282914
231	1031	1082	1089	1055	1120	1160	1171	0	283969
232	1082	1089	1055	1120	1160	1171	1152	0	285089
233	1089	1055	1120	1160	1171	1152	1167	0	286249
234	1055	1120	1160	1171	1152	1167	1175	0	287420
235	1120	1160	1171	1152	1167	1175	1140	0	288572
236	1160	1171	1152	1167	1175	1140	1051	0	289739
237	1171	1152	1167	1175	1140	1051	1058	0	290914
238	1152	1167	1175	1140	1051	1058	1016	0	292054
239	1167	1175	1140	1051	1058	1016	977	0	293105
240	1175	1140	1051	1058	1016	977	961	0	294163
241	1140	1051	1058	1016	977	961	937	0	295179
242	1051	1058	1016	977	961	937	919	0	296156
243	1058	1016	977	961	937	919	902	0	297117
244	1016	977	961	937	919	902	892	0	298054
245	977	961	937	919	902	892	894	0	298973
246	961	937	919	902	892	894	895	0	299875
247	937	919	902	892	894	895	926	0	300767
248	919	902	892	894	895	926	954	0	301661
249	902	892	894	895	926	954	976	0	302556
250	892	894	895	926	954	976	1012	0	303482
251	894	895	926	954	976	1012	1027	0	304436
252	895	926	954	976	1012	1027	1016	0	305412
253	926	954	976	1012	1027	1016	996	0	306424
254	954	976	1012	1027	1016	996	988	0	307451
255	976	1012	1027	1016	996	988	1016	0	308467
256	1012	1027	1016	996	988	1016	996	0	309463
257	1027	1016	996	988	1016	996	984	0	310451
258	1016	996	988	1016	996	984	969	0	311467
259	996	988	1016	996	984	969	961	0	312463
260	988	1016	996	984	969	961	954	0	313447
261	1016	996	984	969	961	954	957	0	314416
262	996	984	969	961	954	957	922	0	315377
263	984	969	961	954	957	922	926	0	316331
264	969	961	954	957	922	926	899	0	317288
265	961	954	957	922	926	899	903	0	318210
266	954	957	922	926	899	903	899	0	319136
267	957	922	926	899	903	899	895	0	320035
268	922	926	899	903	899	895	898	0	320938
269	926	899	903	899	895	898	899	0	321837
270	899	903	899	895	898	899	895	0	322732
271	903	899	895	898	899	895	899	0	323630
272	899	895	898	899	895	899	899	0	324529
273	895	898	899	895	899	899	891	0	325424
274	898	899	895	899	899	891	903	0	326323
275	899	895	899	899	891	903	918	0	327222
276	895	899	899	891	903	918	922	0	328113
277	899	899	891	903	918	922	946	0	329016
278	899	891	903	918	922	946	957	0	329934
279	891	903	918	922	946	957	945	0	330856
280	903	918	922	946	957	945	942	0	331802
281	918	922	946	957	945	942	934	0	332759
282	922	946	957	945	942	934	895	0	333704
283	946	957	945	942	934	895	860	0	334646
284	957	945	942	934	895	860	867	0	335580
285	945	942	934	895	860	867	864	0	336475
286	942	934	895	860	867	864	852	0	337335
287	934	895	860	867	864	852	860	0	338202
288	895	860	867	864	852	860	864	0	339066
289	860	867	864	852	860	864	872	0	339918
290	867	864	852	860	864	872	887	0	340778
291	864	852	860	864	872	887	895	0	341642
292	852	860	864	872	887	895	895	0	342514
293	860	864	872	887	895	895	906	0	343401
294	864	872	887	895	895	906	876	0	344296
295	872	887	895	895	906	876	879	0	345191
296	887	895	895	906	876	879	895	0	346097
297	895	895	906	876	879	895	895	0	346973
298	895	906	876	879	895	895	907	0	347852
299	906	876	879	895	895	907	910	0	348747
300	876	879	895	895	907	910	918	0	349642
301	879	895	895	907	910	918	899	0	350549
302	895	895	907	910	918	899	907	0	351459
303	895	907	910	918	899	907	906	0	352377
304	907	910	918	899	907	906	899	0	353276
305	910	918	899	907	906	899	887	0	354183
306	918	899	907	906	899	887	880	0	355089
307	899	907	906	899	887	880	871	0	355988
308	907	906	899	887	880	871	864	0	356875
309	906	899	887	880	871	864	880	0	357755
310	899	887	880	871	864	880	867	0	358626
311	887	880	871	864	880	867	876	0	359490
312	880	871	864	880	867	876	875	0	360370
313	871	864	880	867	876	875	876	0	361237
314	864	880	867	876	875	876	860	0	362113
315	880	867	876	875	876	860	852	0	362988
316	867	876	875	876	860	852	840	0	363864
317	876	875	876	860	852	840	845	0	364724
318	875	876	860	852	840	845	867	0	365576
319	876	860	852	840	845	867	911	0	366416
320	860	852	840	845	867	911	945	0	367261
321	852	840	845	867	911	945	1012	0	368128
322	840	845	867	911	945	1012	1070	0	369039
323	845	867	911	945	1012	1070	1086	0	369984
324	867	911	945	1012	1070	1086	1078	0	370996
325	911	945	1012	1070	1086	1078	1101	0	372066
326	945	1012	1070	1086	1078	1101	1070	0	373152
327	1012	1070	1086	1078	1101	1070	1066	0	374230
328	1070	1086	1078	1101	1070	1066	1035	0	375331
329	1086	1078	1101	1070	1066	1035	1035	0	376401
330	1078	1101	1070	1066	1035	1035	1008	0	377467
331	1101	1070	1066	1035	1035	1008	1015	0	378502
332	1070	1066	1035	1035	1008	1015	1008	0	379537
333	1066	1035	1035	1008	1015	1008	1012	0	380545
334	1035	1035	1008	1015	1008	1012	1027	0	381560
335	1035	1008	1015	1008	1012	1027	1105	0	382568
336	1008	1015	1008	1012	1027	1105	1093	0	383580
337	1015	1008	1012	1027	1105	1093	1137	0	384607
338	1008	1012	1027	1105	1093	1137	1105	0	385712
339	1012	1027	1105	1093	1137	1105	1171	0	386805
340	1027	1105	1093	1137	1105	1171	1128	0	387942
341	1105	1093	1137	1105	1171	1128	1129	0	389047
342	1093	1137	1105	1171	1128	1129	1113	0	390218
343	1137	1105	1171	1128	1129	1113	1144	0	391346
344	1105	1171	1128	1129	1113	1144	1108	0	392475
345	1171	1128	1129	1113	1144	1108	1098	0	393588
346	1128	1129	1113	1144	1108	1098	1050	0	394732
347	1129	1113	1144	1108	1098	1050	1074	0	395840
348	1113	1144	1108	1098	1050	1074	1051	0	396938
349	1144	1108	1098	1050	1074	1051	1113	0	397988
350	1108	1098	1050	1074	1051	1113	1054	0	399062
351	1098	1050	1074	1051	1113	1054	1086	0	400113
352	1050	1074	1051	1113	1054	1086	1039	0	401226
353	1074	1051	1113	1054	1086	1039	1004	0	402280
354	1051	1113	1054	1086	1039	1004	988	0	403366
355	1113	1054	1086	1039	1004	988	957	0	404405
356	1054	1086	1039	1004	988	957	961	0	405409
357	1086	1039	1004	988	957	961	938	0	406397
358	1039	1004	988	957	961	938	942	0	407354
359	1004	988	957	961	938	942	988	0	408315
360	988	957	961	938	942	988	1015	0	409253
361	957	961	938	942	988	1015	1012	0	410195
362	961	938	942	988	1015	1012	1082	0	411183
363	938	942	988	1015	1012	1082	1187	0	412198
364	942	988	1015	1012	1082	1187	1175	0	413210
365	988	1015	1012	1082	1187	1175	1190	0	414292
366	1015	1012	1082	1187	1175	1190	1187	0	415479
367	1012	1082	1187	1175	1190	1187	1175	0	416654
368	1082	1187	1175	1190	1187	1175	1140	0	417844
369	1187	1175	1190	1187	1175	1140	1043	0	419031
370	1175	1190	1187	1175	1140	1043	1035	0	420206
371	1190	1187	1175	1140	1043	1035	1047	0	421346
372	1187	1175	1140	1043	1035	1047	918	0	422389
373	1175	1140	1043	1035	1047	918	774	0	423424
374	1140	1043	1035	1047	918	774	1432	0	424471
375	1043	1035	1047	918	774	1432	1055	1	425389
376	1035	1047	918	774	1432	1055	945	1	426163
377	1047	918	774	1432	1055	945	1012	0	427595
378	918	774	1432	1055	945	1012	1237	0	428650
379	774	1432	1055	945	1012	1237	1000	1	429595
380	1432	1055	945	1012	1237	1000	969	1	430607
381	1055	945	1012	1237	1000	969	592	0	431844
382	945	1012	1237	1000	969	592	1062	0	432844
383	1012	1237	1000	969	592	1062	949	0	433813
384	1237	1000	969	592	1062	949	989	1	434405
385	1000	969	592	1062	949	989	1031	0	435467
386	969	592	1062	949	989	1031	1046	0	436416
387	592	1062	949	989	1031	1046	1036	0	437405
388	1062	949	989	1031	1046	1036	1038	0	438436
389	949	989	1031	1046	1036	1038	1020	0	439482
390	989	1031	1046	1036	1038	1020	996	0	440518
391	1031	1046	1036	1038	1020	996	988	0	441556
392	1046	1036	1038	1020	996	988	954	0	442576
393	1036	1038	1020	996	988	954	937	0	443572
394	1038	1020	996	988	954	937	895	0	444560
395	1020	996	988	954	937	895	884	0	445514
396	996	988	954	937	895	884	871	0	446451
397	988	954	937	895	884	871	856	0	447346
398	954	937	895	884	871	856	880	0	448230
399	937	895	884	871	856	880	898	0	449101
400	895	884	871	856	880	898	958	0	449957
401	884	871	856	880	898	958	972	0	450837
402	871	856	880	898	958	972	1000	0	451735
403	856	880	898	958	972	1000	996	0	452693
404	880	898	958	972	1000	996	1016	0	453665
405	898	958	972	1000	996	1016	1027	0	454665
406	958	972	1000	996	1016	1027	1020	0	455661
407	972	1000	996	1016	1027	1020	992	0	456677
408	1000	996	1016	1027	1020	992	977	0	457704
409	996	1016	1027	1020	992	977	961	0	458724
410	1016	1027	1020	992	977	961	941	0	459716
411	1027	1020	992	977	961	941	923	0	460693
412	1020	992	977	961	941	923	891	0	461654
413	992	977	961	941	923	891	887	0	462595
414	977	961	941	923	891	887	891	0	463518
415	961	941	923	891	887	891	887	0	464409
416	941	923	891	887	891	887	875	0	465296
417	923	891	887	891	887	875	891	0	466187
418	891	887	891	887	875	891	895	0	467074
419	887	891	887	875	891	895	899	0	467949
420	891	887	875	891	895	899	899	0	468840
421	887	875	891	895	899	899	891	0	469735
422	875	891	895	899	899	891	899	0	470634
423	891	895	899	899	891	899	887	0	471533
424	895	899	899	891	899	887	879	0	472424
425	899	899	891	899	887	879	868	0	473323
426	899	891	899	887	879	868	860	0	474210
427	891	899	887	879	868	860	844	0	475089
428	899	887	879	868	860	844	825	0	475957
429	887	879	868	860	844	825	818	0	476817
430	879	868	860	844	825	818	805	0	477661
431	868	860	844	825	818	805	798	0	478486
432	860	844	825	818	805	798	786	0	479304
433	844	825	818	805	798	786	778	0	480109
434	825	818	805	798	786	778	770	0	480907
435	818	805	798	786	778	770	767	0	481693
436	805	798	786	778	770	767	770	0	482471
437	798	786	778	770	767	770	775	0	483241
438	786	778	770	767	770	775	786	0	484008
439	778	770	767	770	775	786	786	0	484778
440	770	767	770	775	786	786	793	0	485553
441	767	770	775	786	786	793	810	0	486339
442	770	775	786	786	793	810	836	0	487125
443	775	786	786	793	810	836	848	0	487918
444	786	786	793	810	836	848	853	0	488728
445	786	793	810	836	848	853	863	0	489564
446	793	810	836	848	853	863	853	0	490412
447	810	836	848	853	863	853	844	0	491265
448	836	848	853	863	853	844	856	0	492128
449	848	853	863	853	844	856	872	0	492981
450	853	863	853	844	856	872	879	0	493825
451	863	853	844	856	872	879	899	0	494681
452	853	844	856	872	879	899	918	0	495553
453	844	856	872	879	899	918	911	0	496432
454	856	872	879	899	918	911	898	0	497331
455	872	879	899	918	911	898	915	0	498249
456	879	899	918	911	898	915	926	0	499160
457	899	918	911	898	915	926	922	0	500058
458	918	911	898	915	926	922	949	0	500973
459	911	898	915	926	922	949	950	0	501899
460	898	915	926	922	949	950	945	0	502821
461	915	926	922	949	950	945	961	0	503770
462	926	922	949	950	945	961	1000	0	504720
463	922	949	950	945	961	1000	981	0	505665
464	949	950	945	961	1000	981	1008	0	506626
465	950	945	961	1000	981	1008	973	0	507626
466	945	961	1000	981	1008	973	992	0	508607
467	961	1000	981	1008	973	992	973	0	509615
468	1000	981	1008	973	992	973	968	0	510588
469	981	1008	973	992	973	968	961	0	511580
470	1008	973	992	973	968	961	989	0	512553
471	973	992	973	968	961	989	980	0	513521
472	992	973	968	961	989	980	993	0	514482
473	973	968	961	989	980	993	984	0	515471
474	968	961	989	980	993	984	1016	0	516451
475	961	989	980	993	984	1016	957	0	517444
476	989	980	993	984	1016	957	1019	0	518428
477	980	993	984	1016	957	1019	1016	0	519444
478	993	984	1016	957	1019	1016	1039	0	520401
479	984	1016	957	1019	1016	1039	1000	0	521420
480	1016	957	1019	1016	1039	1000	1011	0	522436
481	957	1019	1016	1039	1000	1011	973	0	523475
482	1019	1016	1039	1000	1011	973	957	0	524475
483	1016	1039	1000	1011	973	957	950	0	525486
484	1039	1000	1011	973	957	950	918	0	526459
485	1000	1011	973	957	950	918	938	0	527416
486	1011	973	957	950	918	938	961	0	528366
487	973	957	950	918	938	961	992	0	529284
488	957	950	918	938	961	992	1074	0	530222
489	950	918	938	961	992	1074	1066	0	531183
490	918	938	961	992	1074	1066	1117	0	532175
491	938	961	992	1074	1066	1117	1086	0	533249
492	961	992	1074	1066	1117	1086	1038	0	534315
493	992	1074	1066	1117	1086	1038	977	0	535432
494	1074	1066	1117	1086	1038	977	1008	0	536518
495	1066	1117	1086	1038	977	1008	1062	0	537556
496	1117	1086	1038	977	1008	1062	1109	0	538533
497	1086	1038	977	1008	1062	1109	1125	0	539541
498	1038	977	1008	1062	1109	1125	1109	0	540603
499	977	1008	1062	1109	1125	1109	1132	0	541712
500	1008	1062	1109	1125	1109	1132	1136	0	542837
501	1062	1109	1125	1109	1132	1136	1090	0	543946
502	1109	1125	1109	1132	1136	1090	1073	0	545078
503	1125	1109	1132	1136	1090	1073	1121	0	546214
504	1109	1132	1136	1090	1073	1121	1105	0	547304
505	1132	1136	1090	1073	1121	1105	1129	0	548377
506	1136	1090	1073	1121	1105	1129	1112	0	549498
507	1090	1073	1121	1105	1129	1112	1109	0	550603
508	1073	1121	1105	1129	1112	1109	1086	0	551732
509	1121	1105	1129	1112	1109	1086	1015	0	552844
510	1105	1129	1112	1109	1086	1015	1012	0	553953
511	1129	1112	1109	1086	1015	1012	1031	0	555039
512	1112	1109	1086	1015	1012	1031	1039	0	556054
513	1109	1086	1015	1012	1031	1039	973	0	557066
514	1086	1015	1012	1031	1039	973	1000	0	558097
515	1015	1012	1031	1039	973	1000	1027	0	559136
516	1012	1031	1039	973	1000	1027	1031	0	560109
517	1031	1039	973	1000	1027	1031	1055	0	561109
518	1039	973	1000	1027	1031	1055	1062	0	562136
519	973	1000	1027	1031	1055	1062	1031	0	563167
520	1000	1027	1031	1055	1062	1031	973	0	564222
521	1027	1031	1055	1062	1031	973	1027	0	565284
522	1031	1055	1062	1031	973	1027	1055	0	566315
523	1055	1062	1031	973	1027	1055	1054	0	567288
524	1062	1031	973	1027	1055	1054	1031	0	568315
525	1031	973	1027	1055	1054	1031	1043	0	569370
526	973	1027	1055	1054	1031	1043	1074	0	570424
527	1027	1055	1054	1031	1043	1074	1082	0	571455
528	1055	1054	1031	1043	1074	1082	1120	0	572498
529	1054	1031	1043	1074	1082	1120	1101	0	573572
530	1031	1043	1074	1082	1120	1101	1098	0	574654
531	1043	1074	1082	1120	1101	1098	1074	0	575774
532	1074	1082	1120	1101	1098	1074	1007	0	576875
533	1082	1120	1101	1098	1074	1007	1032	0	577973
534	1120	1101	1098	1074	1007	1032	1046	0	579047
535	1101	1098	1074	1007	1032	1046	1012	0	580054
536	1098	1074	1007	1032	1046	1012	1016	0	581086
537	1074	1007	1032	1046	1012	1016	980	0	582132
538	1007	1032	1046	1012	1016	980	977	0	583144
539	1032	1046	1012	1016	980	977	1031	0	584160
540	1046	1012	1016	980	977	1031	1058	0	585140
541	1012	1016	980	977	1031	1058	1055	0	586117
542	1016	980	977	1031	1058	1055	1155	0	587148
543	980	977	1031	1058	1055	1155	1199	0	588206
544	977	1031	1058	1055	1155	1199	1218	0	589261
545	1031	1058	1055	1155	1199	1218	1159	0	590416
546	1058	1055	1155	1199	1218	1159	1121	0	591615
547	1055	1155	1199	1218	1159	1121	1183	0	592833
548	1155	1199	1218	1159	1121	1183	1085	0	593992
549	1199	1218	1159	1121	1183	1085	1152	0	595113
550	1218	1159	1121	1183	1085	1152	1167	0	596296
551	1159	1121	1183	1085	1152	1167	1039	0	597381
552	1121	1183	1085	1152	1167	1039	1078	0	598533
553	1183	1085	1152	1167	1039	1078	1117	0	599700
554	1085	1152	1167	1039	1078	1117	1117	0	600739
555	1152	1167	1039	1078	1117	1117	1136	0	601817
556	1167	1039	1078	1117	1117	1136	1124	0	602934
557	1039	1078	1117	1117	1136	1124	1129	0	604051
558	1078	1117	1117	1136	1124	1129	1120	0	605187
559	1117	1117	1136	1124	1129	1120	1055	0	606311
560	1117	1136	1124	1129	1120	1055	1054	0	607440
561	1136	1124	1129	1120	1055	1054	1086	0	608560
562	1124	1129	1120	1055	1054	1086	1082	0	609615
563	1129	1120	1055	1054	1086	1082	1089	0	610669
564	1120	1055	1054	1086	1082	1089	1074	0	611755
565	1055	1054	1086	1082	1089	1074	1097	0	612837
566	1054	1086	1082	1089	1074	1097	1078	0	613926
567	1086	1082	1089	1074	1097	1078	1047	0	615000
568	1082	1089	1074	1097	1078	1047	1058	0	616097
569	1089	1074	1097	1078	1047	1058	1070	0	617175
570	1074	1097	1078	1047	1058	1070	1027	0	618222
571	1097	1078	1047	1058	1070	1027	1055	0	619280
572	1078	1047	1058	1070	1027	1055	1039	0	620350
573	1047	1058	1070	1027	1055	1039	1004	0	621377
574	1058	1070	1027	1055	1039	1004	1000	0	622432
575	1070	1027	1055	1039	1004	1000	1046	0	623471
576	1027	1055	1039	1004	1000	1046	1035	0	624475
577	1055	1039	1004	1000	1046	1035	1055	0	625475
578	1039	1004	1000	1046	1035	1055	1023	0	626521
579	1004	1000	1046	1035	1055	1023	992	0	627556
580	1000	1046	1035	1055	1023	992	969	0	628611
581	1046	1035	1055	1023	992	969	958	0	629634
582	1035	1055	1023	992	969	958	961	0	630626
583	1055	1023	992	969	958	961	949	0	631595
584	1023	992	969	958	961	949	946	0	632553
585	992	969	958	961	949	946	961	0	633514
586	969	958	961	949	946	961	980	0	634463
587	958	961	949	946	961	980	1000	0	635409
588	961	949	946	961	980	1000	1020	0	636370
589	949	946	961	980	1000	1020	992	0	637350
590	946	961	980	1000	1020	992	992	0	638350
591	961	980	1000	1020	992	992	985	0	639370
592	980	1000	1020	992	992	985	1003	0	640362
593	1000	1020	992	992	985	1003	997	0	641354
594	1020	992	992	985	1003	997	1023	0	642339
595	992	992	985	1003	997	1023	996	0	643342
596	992	985	1003	997	1023	996	969	0	644339
597	985	1003	997	1023	996	969	969	0	645362
598	1003	997	1023	996	969	969	980	0	646358
599	997	1023	996	969	969	980	973	0	647327
600	1023	996	969	969	980	973	984	0	648296
601	996	969	969	980	973	984	938	0	649276
602	969	969	980	973	984	938	946	0	650249
603	969	980	973	984	938	946	961	0	651233
604	980	973	984	938	946	961	969	0	652171
605	973	984	938	946	961	969	976	0	653117
606	984	938	946	961	969	976	969	0	654078
607	938	946	961	969	976	969	977	0	655047
608	946	961	969	976	969	977	984	0	656023
609	961	969	976	969	977	984	1004	0	656992
610	969	976	969	977	984	1004	938	0	657969
611	976	969	977	984	1004	938	949	0	658953
612	969	977	984	1004	938	949	961	0	659957
613	977	984	1004	938	949	961	962	0	660895
614	984	1004	938	949	961	962	941	0	661844
615	1004	938	949	961	962	941	946	0	662805
616	938	949	961	962	941	946	949	0	663767
617	949	961	962	941	946	949	934	0	664708
618	961	962	941	946	949	934	930	0	665654
619	962	941	946	949	934	930	926	0	666603
620	941	946	949	934	930	926	922	0	667537
621	946	949	934	930	926	922	930	0	668467
622	949	934	930	926	922	930	938	0	669393
623	934	930	926	922	930	938	914	0	670315
624	930	926	922	930	938	914	919	0	671245
625	926	922	930	938	914	919	902	0	672183
626	922	930	938	914	919	902	887	0	673097
627	930	938	914	919	902	887	876	0	674016
628	938	914	919	902	887	876	875	0	674918
629	914	919	902	887	876	875	860	0	675805
630	919	902	887	876	875	860	860	0	676681
631	902	887	876	875	860	860	876	0	677556
632	887	876	875	860	860	876	883	0	678416
633	876	875	860	860	876	883	895	0	679276
634	875	860	860	876	883	895	899	0	680152
635	860	860	876	883	895	899	895	0	681035
636	860	876	883	895	899	895	883	0	681930
637	876	883	895	899	895	883	887	0	682829
638	883	895	899	895	883	887	891	0	683724
639	895	899	895	883	887	891	903	0	684607
640	899	895	883	887	891	903	903	0	685494
641	895	883	887	891	903	903	883	0	686385
642	883	887	891	903	903	883	887	0	687288
643	887	891	903	903	883	887	872	0	688191
644	891	903	903	883	887	872	883	0	689074
645	903	903	883	887	872	883	887	0	689961
646	903	883	887	872	883	887	879	0	690833
647	883	887	872	883	887	879	888	0	691716
648	887	872	883	887	879	888	895	0	692603
649	872	883	887	879	888	895	902	0	693482
650	883	887	879	888	895	902	919	0	694370
651	887	879	888	895	902	919	906	0	695265
652	879	888	895	902	919	906	907	0	696167
653	888	895	902	919	906	907	910	0	697086
654	895	902	919	906	907	910	891	0	697992
655	902	919	906	907	910	891	884	0	698899
656	919	906	907	910	891	884	875	0	699809
657	906	907	910	891	884	875	864	0	700700
658	907	910	891	884	875	864	856	0	701584
659	910	891	884	875	864	856	837	0	702459
660	891	884	875	864	856	837	840	0	703323
661	884	875	864	856	837	840	852	0	704179
662	875	864	856	837	840	852	872	0	705016
663	864	856	837	840	852	872	891	0	705856
664	856	837	840	852	872	891	926	0	706708
665	837	840	852	872	891	926	934	0	707580
666	840	852	872	891	926	934	910	0	708471
667	852	872	891	926	934	910	938	0	709397
668	872	891	926	934	910	938	969	0	710331
669	891	926	934	910	938	969	980	0	711241
670	926	934	910	938	969	980	954	0	712179
671	934	910	938	969	980	954	980	0	713148
672	910	938	969	980	954	980	961	0	714128
673	938	969	980	954	980	961	926	0	715082
674	969	980	954	980	961	926	942	0	716062
675	980	954	980	961	926	942	946	0	717023
676	954	980	961	926	942	946	918	0	717949
677	980	961	926	942	946	918	910	0	718891
678	961	926	942	946	918	910	919	0	719837
679	926	942	946	918	910	919	918	0	720755
680	942	946	918	910	919	918	930	0	721665
681	946	918	910	919	918	930	957	0	722584
682	918	910	919	918	930	957	950	0	723502
683	910	919	918	930	957	950	918	0	724432
684	919	918	930	957	950	918	941	0	725389
685	918	930	957	950	918	941	946	0	726339
686	930	957	950	918	941	946	938	0	727257
687	957	950	918	941	946	938	934	0	728198
688	950	918	941	946	938	934	957	0	729144
689	918	941	946	938	934	957	926	0	730082
690	941	946	938	934	957	926	1000	0	731016
691	946	938	934	957	926	1000	1062	0	731973
692	938	934	957	926	1000	1062	1097	0	732899
693	934	957	926	1000	1062	1097	1063	0	733899
694	957	926	1000	1062	1097	1063	1105	0	734961
695	926	1000	1062	1097	1063	1105	1175	0	736058
696	1000	1062	1097	1063	1105	1175	1132	0	737121
697	1062	1097	1063	1105	1175	1132	1121	0	738226
698	1097	1063	1105	1175	1132	1121	1237	0	739401
699	1063	1105	1175	1132	1121	1237	1257	0	740533
700	1105	1175	1132	1121	1237	1257	1179	0	741654
701	1175	1132	1121	1237	1257	1179	1171	0	742891
702	1132	1121	1237	1257	1179	1171	1288	0	744148
703	1121	1237	1257	1179	1171	1288	1233	0	745327
704	1237	1257	1179	1171	1288	1233	1199	0	746498
705	1257	1179	1171	1288	1233	1199	1167	0	747786
706	1179	1171	1288	1233	1199	1167	1222	0	749019
707	1171	1288	1233	1199	1167	1222	1210	0	750218
708	1288	1233	1199	1167	1222	1210	1167	0	751385
709	1233	1199	1167	1222	1210	1167	1144	0	752607
710	1199	1167	1222	1210	1167	1144	1191	0	753817
711	1167	1222	1210	1167	1144	1191	1097	0	754984
712	1222	1210	1167	1144	1191	1097	1047	0	756128
713	1210	1167	1144	1191	1097	1047	1105	0	757319
714	1167	1144	1191	1097	1047	1105	1105	0	758416
715	1144	1191	1097	1047	1105	1105	1175	0	759463
716	1191	1097	1047	1105	1105	1175	1300	0	760568
717	1097	1047	1105	1105	1175	1300	1299	0	761673
718	1047	1105	1105	1175	1300	1299	1265	0	762848
719	1105	1105	1175	1300	1299	1265	1296	0	764148
720	1105	1175	1300	1299	1265	1296	1369	0	765447
721	1175	1300	1299	1265	1296	1369	1358	0	766712
722	1300	1299	1265	1296	1369	1358	1296	0	768008
723	1299	1265	1296	1369	1358	1296	1362	0	769377
724	1265	1296	1369	1358	1296	1362	1374	0	770735
725	1296	1369	1358	1296	1362	1374	1342	0	772031
726	1369	1358	1296	1362	1374	1342	1311	0	773393
727	1358	1296	1362	1374	1342	1311	1389	0	774767
728	1296	1362	1374	1342	1311	1389	1382	0	776109
729	1362	1374	1342	1311	1389	1382	1362	0	777420
730	1374	1342	1311	1389	1382	1362	1334	0	778809
731	1342	1311	1389	1382	1362	1334	1393	0	780191
732	1311	1389	1382	1362	1334	1393	1393	0	781553
733	1389	1382	1362	1334	1393	1393	1370	0	782887
734	1382	1362	1334	1393	1393	1370	1334	0	784280
735	1362	1334	1393	1393	1370	1334	1401	0	785673
736	1334	1393	1393	1370	1334	1401	1413	0	787043
737	1393	1393	1370	1334	1401	1413	1385	0	788377
738	1393	1370	1334	1401	1413	1385	1350	0	789778
739	1370	1334	1401	1413	1385	1350	1416	0	791191
740	1334	1401	1413	1385	1350	1416	1405	0	792576
741	1401	1413	1385	1350	1416	1405	1319	0	793926
742	1413	1385	1350	1416	1405	1319	1378	0	795342
743	1385	1350	1416	1405	1319	1378	1381	0	796747
744	1350	1416	1405	1319	1378	1381	1323	0	798066
745	1416	1405	1319	1378	1381	1323	1323	0	799444
746	1405	1319	1378	1381	1323	1323	1373	0	800825
747	1319	1378	1381	1323	1323	1373	1366	0	802148
748	1378	1381	1323	1323	1373	1366	1319	0	803471
749	1381	1323	1323	1373	1366	1319	1374	0	804844
750	1323	1323	1373	1366	1319	1374	1393	0	806210
751	1323	1373	1366	1319	1374	1393	1315	0	807529
752	1373	1366	1319	1374	1393	1315	1346	0	808903
753	1366	1319	1374	1393	1315	1346	1374	0	810296
754	1319	1374	1393	1315	1346	1374	1369	0	811611
755	1374	1393	1315	1346	1374	1369	1300	0	812957
756	1393	1315	1346	1374	1369	1300	1311	0	814331
757	1315	1346	1374	1369	1300	1311	1354	0	815700
758	1346	1374	1369	1300	1311	1354	1300	0	817000
759	1374	1369	1300	1311	1354	1300	1179	0	818311
760	1369	1300	1311	1354	1300	1179	1300	0	819665
761	1300	1311	1354	1300	1179	1300	1276	0	820965
762	1311	1354	1300	1179	1300	1276	1362	0	822144
763	1354	1300	1179	1300	1276	1362	1432	0	823444
764	1300	1179	1300	1276	1362	1432	1424	0	824720
765	1179	1300	1276	1362	1432	1424	1362	0	826082
766	1300	1276	1362	1432	1424	1362	1381	0	827514
767	1276	1362	1432	1424	1362	1381	1432	0	828938
768	1362	1432	1424	1362	1381	1432	1412	0	830300
769	1432	1424	1362	1381	1432	1412	1358	0	831681
770	1424	1362	1381	1432	1412	1358	1374	0	833113
771	1362	1381	1432	1412	1358	1374	1401	0	834525
772	1381	1432	1412	1358	1374	1401	1369	0	835883
773	1432	1412	1358	1374	1401	1369	1343	0	837257
774	1412	1358	1374	1401	1369	1343	1424	0	838658
775	1358	1374	1401	1369	1343	1424	1428	0	840027
776	1374	1401	1369	1343	1424	1428	1397	0	841370
777	1401	1369	1343	1424	1428	1397	1373	0	842794
778	1369	1343	1424	1428	1397	1373	1428	0	844222
779	1343	1424	1428	1397	1373	1428	1424	0	845619
780	1424	1428	1397	1373	1428	1424	1424	0	846992
781	1428	1397	1373	1428	1424	1424	1351	0	848420
782	1397	1373	1428	1424	1424	1351	1408	0	849844
783	1373	1428	1424	1424	1351	1408	1350	0	851268
784	1428	1424	1424	1351	1408	1350	1281	0	852619
785	1424	1424	1351	1408	1350	1281	1288	0	854027
786	1424	1351	1408	1350	1281	1288	1295	0	855377
787	1351	1408	1350	1281	1288	1295	1195	0	856658
788	1408	1350	1281	1288	1295	1195	1264	0	857946
789	1350	1281	1288	1295	1195	1264	1281	0	859241
790	1281	1288	1295	1195	1264	1281	1241	0	860436
791	1288	1295	1195	1264	1281	1241	1214	0	861700
792	1295	1195	1264	1281	1241	1214	1218	0	862981
793	1195	1264	1281	1241	1214	1218	1237	0	864222
794	1264	1281	1241	1214	1218	1237	1210	0	865436
795	1281	1241	1214	1218	1237	1210	1167	0	866654
796	1241	1214	1218	1237	1210	1167	1090	0	867891
797	1214	1218	1237	1210	1167	1090	1136	0	869101
798	1218	1237	1210	1167	1090	1136	1129	0	870268
799	1237	1210	1167	1090	1136	1129	1136	0	871358
800	1210	1167	1090	1136	1129	1136	1074	0	872494
801	1167	1090	1136	1129	1136	1074	1081	0	873623
802	1090	1136	1129	1136	1074	1081	1125	0	874759
803	1136	1129	1136	1074	1081	1125	1159	0	875833
804	1129	1136	1074	1081	1125	1159	1176	0	876914
805	1136	1074	1081	1125	1159	1176	1175	0	878039
806	1074	1081	1125	1159	1176	1175	1155	0	879198
807	1081	1125	1159	1176	1175	1155	1101	0	880374
808	1125	1159	1176	1175	1155	1101	1109	0	881549
809	1159	1176	1175	1155	1101	1109	1133	0	882704
810	1176	1175	1155	1101	1109	1133	1113	0	883805
811	1175	1155	1101	1109	1133	1113	1147	0	884914
812	1155	1101	1109	1133	1113	1147	1191	0	886047
813	1101	1109	1133	1113	1147	1191	1253	0	887160
814	1109	1133	1113	1147	1191	1253	1222	0	888307
815	1133	1113	1147	1191	1253	1222	1136	0	889498
816	1113	1147	1191	1253	1222	1136	1117	0	890751
817	1147	1191	1253	1222	1136	1117	1183	0	891973
818	1191	1253	1222	1136	1117	1183	1101	0	893109
819	1253	1222	1136	1117	1183	1101	1089	0	894226
820	1222	1136	1117	1183	1101	1089	1051	0	895409
821	1136	1117	1183	1101	1089	1051	1031	0	896510
822	1117	1183	1101	1089	1051	1031	1070	0	897599
823	1183	1101	1089	1051	1031	1070	1136	0	898650
824	1101	1089	1051	1031	1070	1136	1109	0	899681
825	1089	1051	1031	1070	1136	1109	1160	0	900751
826	1051	1031	1070	1136	1109	1160	1175	0	901887
827	1031	1070	1136	1109	1160	1175	1233	0	902996
828	1070	1136	1109	1160	1175	1233	1125	0	904156
829	1136	1109	1160	1175	1233	1125	1140	0	905331
830	1109	1160	1175	1233	1125	1140	1109	0	906564
831	1160	1175	1233	1125	1140	1109	1116	0	907689
832	1175	1233	1125	1140	1109	1116	1071	0	908829
833	1233	1125	1140	1109	1116	1071	1062	0	909938
834	1125	1140	1109	1116	1071	1062	1031	0	911054
835	1140	1109	1116	1071	1062	1031	1012	0	912125
836	1109	1116	1071	1062	1031	1012	1019	0	913187
837	1116	1071	1062	1031	1012	1019	1035	0	914218
838	1071	1062	1031	1012	1019	1035	1020	0	915230
839	1062	1031	1012	1019	1035	1020	1011	0	916249
840	1031	1012	1019	1035	1020	1011	996	0	917284
841	1012	1019	1035	1020	1011	996	1031	0	918304
842	1019	1035	1020	1011	996	1031	1051	0	919315
843	1035	1020	1011	996	1031	1051	1031	0	920311
844	1020	1011	996	1031	1051	1031	1000	0	921342
845	1011	996	1031	1051	1031	1000	1012	0	922393
846	996	1031	1051	1031	1000	1012	1004	0	923424
847	1031	1051	1031	1000	1012	1004	984	0	924424
848	1051	1031	1000	1012	1004	984	946	0	925436
849	1031	1000	1012	1004	984	946	934	0	926440
850	1000	1012	1004	984	946	934	953	0	927424
851	1012	1004	984	946	934	953	914	0	928370
852	1004	984	946	934	953	914	957	0	929304
853	984	946	934	953	914	957	985	0	930257
854	946	934	953	914	957	985	1000	0	931171
855	934	953	914	957	985	1000	992	0	932128
856	953	914	957	985	1000	992	996	0	933113
857	914	957	985	1000	992	996	1047	0	934113
858	957	985	1000	992	996	1047	1082	0	935105
859	985	1000	992	996	1047	1082	1062	0	936101
860	1000	992	996	1047	1082	1062	1074	0	937148
861	992	996	1047	1082	1062	1074	1085	0	938230
862	996	1047	1082	1062	1074	1085	1059	0	939292
863	1047	1082	1062	1074	1085	1059	1109	0	940366
864	1082	1062	1074	1085	1059	1109	1167	0	941451
865	1062	1074	1085	1059	1109	1167	1117	0	942510
866	1074	1085	1059	1109	1167	1117	1171	0	943619
867	1085	1059	1109	1167	1117	1171	1249	0	944786
868	1059	1109	1167	1117	1171	1249	1284	0	945903
869	1109	1167	1117	1171	1249	1284	1198	0	947074
870	1167	1117	1171	1249	1284	1198	1226	0	948323
871	1117	1171	1249	1284	1198	1226	1253	0	949607
872	1171	1249	1284	1198	1226	1253	1234	0	950805
873	1249	1284	1198	1226	1253	1234	1217	0	952031
874	1284	1198	1226	1253	1234	1217	1277	0	953284
875	1198	1226	1253	1234	1217	1277	1260	0	954518
876	1226	1253	1234	1217	1277	1260	1207	0	955735
877	1253	1234	1217	1277	1260	1207	1256	0	957012
878	1234	1217	1277	1260	1207	1256	1246	0	958272
879	1217	1277	1260	1207	1256	1246	1229	0	959479
880	1277	1260	1207	1256	1246	1229	1202	0	960735
881	1260	1207	1256	1246	1229	1202	1261	0	961981
882	1207	1256	1246	1229	1202	1261	1249	0	963210
883	1256	1246	1229	1202	1261	1249	1249	0	964412
884	1246	1229	1202	1261	1249	1249	1210	0	965673
885	1229	1202	1261	1249	1249	1210	1242	0	966922
886	1202	1261	1249	1249	1210	1242	1136	0	968171
887	1261	1249	1249	1210	1242	1136	1136	0	969381
888	1249	1249	1210	1242	1136	1136	1202	0	970623
889	1249	1210	1242	1136	1136	1202	1199	0	971759
890	1210	1242	1136	1136	1202	1199	1210	0	972895
891	1242	1136	1136	1202	1199	1210	1120	0	974097
892	1136	1136	1202	1199	1210	1120	1129	0	975296
893	1136	1202	1199	1210	1120	1129	1226	0	976506
894	1202	1199	1210	1120	1129	1226	1214	0	977626
895	1199	1210	1120	1129	1226	1214	1307	0	978755
896	1210	1120	1129	1226	1214	1307	1358	0	979981
897	1120	1129	1226	1214	1307	1358	1350	0	981195
898	1129	1226	1214	1307	1358	1350	1300	0	982502
899	1226	1214	1307	1358	1350	1300	1334	0	983860
900	1214	1307	1358	1350	1300	1334	1358	0	985210
901	1307	1358	1350	1300	1334	1358	1308	0	986510
902	1358	1350	1300	1334	1358	1308	1292	0	987844
903	1350	1300	1334	1358	1308	1292	1350	0	989202
904	1300	1334	1358	1308	1292	1350	1346	0	990510
905	1334	1358	1308	1292	1350	1346	1284	0	991802
906	1358	1308	1292	1350	1346	1284	1339	0	993152
907	1308	1292	1350	1346	1284	1339	1346	0	994498
908	1292	1350	1346	1284	1339	1346	1366	0	995782
909	1350	1346	1284	1339	1346	1366	1299	0	997121
910	1346	1284	1339	1346	1366	1299	1374	0	998467
911	1284	1339	1346	1366	1299	1374	1377	0	999833
912	1339	1346	1366	1299	1374	1377	1366	0	1001132
913	1346	1366	1299	1374	1377	1366	1311	0	1002506
914	1366	1299	1374	1377	1366	1311	1358	0	1003883
915	1299	1374	1377	1366	1311	1358	1378	0	1005249
916	1374	1377	1366	1311	1358	1378	1358	0	1006560
917	1377	1366	1311	1358	1378	1358	1327	0	1007918
918	1366	1311	1358	1378	1358	1327	1326	0	1009296
919	1311	1358	1378	1358	1327	1326	1366	0	1010654
920	1358	1378	1358	1327	1326	1366	1343	0	1011981
921	1378	1358	1327	1326	1366	1343	1326	0	1013307
922	1358	1327	1326	1366	1343	1326	1319	0	1014673
923	1327	1326	1366	1343	1326	1319	1277	0	1016016
924	1326	1366	1343	1326	1319	1277	1280	0	1017342
925	1366	1343	1326	1319	1277	1280	1319	0	1018661
926	1343	1326	1319	1277	1280	1319	1331	0	1019938
927	1326	1319	1277	1280	1319	1331	1323	0	1021218
928	1319	1277	1280	1319	1331	1323	1288	0	1022537
929	1277	1280	1319	1331	1323	1288	1272	0	1023868
930	1280	1319	1331	1323	1288	1272	1276	0	1025191
931	1319	1331	1323	1288	1272	1276	1269	0	1026479
932	1331	1323	1288	1272	1276	1269	1148	0	1027751
933	1323	1288	1272	1276	1269	1148	1109	0	1029027
934	1288	1272	1276	1269	1148	1109	1214	0	1030296
935	1272	1276	1269	1148	1109	1214	1190	0	1031444
936	1276	1269	1148	1109	1214	1190	1319	0	1032553
937	1269	1148	1109	1214	1190	1319	1389	0	1033767
938	1148	1109	1214	1190	1319	1389	1382	0	1034957
939	1109	1214	1190	1319	1389	1382	1346	0	1036276
940	1214	1190	1319	1389	1382	1346	1416	0	1037665
941	1190	1319	1389	1382	1346	1416	1409	0	1039047
942	1319	1389	1382	1346	1416	1409	1381	0	1040393
943	1389	1382	1346	1416	1409	1381	1312	0	1041809
944	1382	1346	1416	1409	1381	1312	1408	0	1043218
945	1346	1416	1409	1381	1312	1408	1424	0	1044599
946	1416	1409	1381	1312	1408	1424	1401	0	1045911
947	1409	1381	1312	1408	1424	1401	1350	0	1047319
948	1381	1312	1408	1424	1401	1350	1381	0	1048743
949	1312	1408	1424	1401	1350	1381	1362	0	1050144
950	1408	1424	1401	1350	1381	1362	1362	0	1051494
951	1424	1401	1350	1381	1362	1362	1440	0	1052875
952	1401	1350	1381	1362	1362	1440	1416	0	1054237
953	1350	1381	1362	1362	1440	1416	1370	0	1055599
954	1381	1362	1362	1440	1416	1370	1338	0	1057039
955	1362	1362	1440	1416	1370	1338	1393	0	1058455
956	1362	1440	1416	1370	1338	1393	1393	0	1059825
957	1440	1416	1370	1338	1393	1393	1409	0	1061163
958	1416	1370	1338	1393	1393	1409	1381	0	1062556
959	1370	1338	1393	1393	1409	1381	1350	0	1063949
960	1338	1393	1393	1409	1381	1350	1421	0	1065358
961	1393	1393	1409	1381	1350	1421	1412	0	1066739
962	1393	1409	1381	1350	1421	1412	1409	0	1068089
963	1409	1381	1350	1421	1412	1409	1416	0	1069510
964	1381	1350	1421	1412	1409	1416	1381	0	1070922
965	1350	1421	1412	1409	1416	1381	1366	0	1072331
966	1421	1412	1409	1416	1381	1366	1397	0	1073747
967	1412	1409	1416	1381	1366	1397	1377	0	1075128
968	1409	1416	1381	1366	1397	1377	1327	0	1076494
969	1416	1381	1366	1397	1377	1327	1335	0	1077891
970	1381	1366	1397	1377	1327	1335	1370	0	1079268
971	1366	1397	1377	1327	1335	1370	1365	0	1080595
972	1397	1377	1327	1335	1370	1365	1300	0	1081930
973	1377	1327	1335	1370	1365	1300	1366	0	1083300
974	1327	1335	1370	1365	1300	1366	1365	0	1084665
975	1335	1370	1365	1300	1366	1365	1312	0	1085965
976	1370	1365	1300	1366	1365	1312	1366	0	1087331
977	1365	1300	1366	1365	1312	1366	1369	0	1088696
978	1300	1366	1365	1312	1366	1369	1308	0	1090008
979	1366	1365	1312	1366	1369	1308	1315	0	1091374
980	1365	1312	1366	1369	1308	1315	1362	0	1092743
981	1312	1366	1369	1308	1315	1362	1354	0	1094051
982	1366	1369	1308	1315	1362	1354	1330	0	1095366
983	1369	1308	1315	1362	1354	1330	1304	0	1096728
984	1308	1315	1362	1354	1330	1304	1370	0	1098082
985	1315	1362	1354	1330	1304	1370	1377	0	1099412
986	1362	1354	1330	1304	1370	1377	1377	0	1100716
987	1354	1330	1304	1370	1377	1377	1308	0	1102086
988	1330	1304	1370	1377	1377	1308	1389	0	1103463
989	1304	1370	1377	1377	1308	1389	1377	0	1104840
990	1370	1377	1377	1308	1389	1377	1354	0	1106148
991	1377	1377	1308	1389	1377	1354	1331	0	1107537
992	1377	1308	1389	1377	1354	1331	1393	0	1108914
993	1308	1389	1377	1354	1331	1393	1362	0	1110268
994	1389	1377	1354	1331	1393	1362	1335	0	1111599
995	1377	1354	1331	1393	1362	1335	1327	0	1112992
996	1354	1331	1393	1362	1335	1327	1354	0	1114354
997	1331	1393	1362	1335	1327	1354	1365	0	1115689
998	1393	1362	1335	1327	1354	1365	1304	0	1117016
999	1362	1335	1327	1354	1365	1304	1342	0	1118370
1000	1335	1327	1354	1365	1304	1342	1351	0	1119735
1001	1327	1354	1365	1304	1342	1351	1307	0	1121039
1002	1354	1365	1304	1342	1351	1307	1284	0	1122381
1003	1365	1304	1342	1351	1307	1284	1335	0	1123732
1004	1304	1342	1351	1307	1284	1335	1350	0	1125039
1005	1342	1351	1307	1284	1335	1350	1284	0	1126323
1006	1351	1307	1284	1335	1350	1284	1338	0	1127658
1007	1307	1284	1335	1350	1284	1338	1343	0	1129008
1008	1284	1335	1350	1284	1338	1343	1327	0	1130292
1009	1335	1350	1284	1338	1343	1327	1323	0	1131630
1010	1350	1284	1338	1343	1327	1323	1381	0	1132973
1011	1284	1338	1343	1327	1323	1381	1377	0	1134300
1012	1338	1343	1327	1323	1381	1377	1335	0	1135623
1013	1343	1327	1323	1381	1377	1335	1346	0	1137004
1014	1327	1323	1381	1377	1335	1346	1378	0	1138381
1015	1323	1381	1377	1335	1346	1378	1354	0	1139716
1016	1381	1377	1335	1346	1378	1354	1315	0	1141062
1017	1377	1335	1346	1378	1354	1315	1323	0	1142440
1018	1335	1346	1378	1354	1315	1323	1362	0	1143794
1019	1346	1378	1354	1315	1323	1362	1358	0	1145109
1020	1378	1354	1315	1323	1362	1358	1311	0	1146432
1021	1354	1315	1323	1362	1358	1311	1315	0	1147794
1022	1315	1323	1362	1358	1311	1315	1354	0	1149152
1023	1323	1362	1358	1311	1315	1354	1343	0	1150463
1024	1362	1358	1311	1315	1354	1343	1295	0	1151778
1025	1358	1311	1315	1354	1343	1295	1355	0	1153132
1026	1311	1315	1354	1343	1295	1355	1369	0	1154475
1027	1315	1354	1343	1295	1355	1369	1366	0	1155770
1028	1354	1343	1295	1355	1369	1366	1315	0	1157125
1029	1343	1295	1355	1369	1366	1315	1366	0	1158494
1030	1295	1355	1369	1366	1315	1366	1373	0	1159860
1031	1355	1369	1366	1315	1366	1373	1351	0	1161175
1032	1369	1366	1315	1366	1373	1351	1323	0	1162541
1033	1366	1315	1366	1373	1351	1323	1377	0	1163914
1034	1315	1366	1373	1351	1323	1377	1362	0	1165265
1035	1366	1373	1351	1323	1377	1362	1319	0	1166588
1036	1373	1351	1323	1377	1362	1319	1335	0	1167965
1037	1351	1323	1377	1362	1319	1335	1315	0	1169327
1038	1323	1377	1362	1319	1335	1315	1253	0	1170646
1039	1377	1362	1319	1335	1315	1253	1183	0	1171981
1040	1362	1319	1335	1315	1253	1183	1151	0	1173296
1041	1319	1335	1315	1253	1183	1151	1265	0	1174549
1042	1335	1315	1253	1183	1151	1265	1319	0	1175732
1043	1315	1253	1183	1151	1265	1319	1311	0	1176883
1044	1253	1183	1151	1265	1319	1311	1315	0	1178148
1045	1183	1151	1265	1319	1311	1315	1374	0	1179467
1046	1151	1265	1319	1311	1315	1374	1389	0	1180778
1047	1265	1319	1311	1315	1374	1389	1358	0	1182093
1048	1319	1311	1315	1374	1389	1358	1366	0	1183467
1049	1311	1315	1374	1389	1358	1366	1412	0	1184856
1050	1315	1374	1389	1358	1366	1412	1413	0	1186214
1051	1374	1389	1358	1366	1412	1413	1346	0	1187580
1052	1389	1358	1366	1412	1413	1346	1385	0	1188992
1053	1358	1366	1412	1413	1346	1385	1413	0	1190405
1054	1366	1412	1413	1346	1385	1413	1408	0	1191751
1055	1412	1413	1346	1385	1413	1408	1335	0	1193136
1056	1413	1346	1385	1413	1408	1335	1404	0	1194549
1057	1346	1385	1413	1408	1335	1404	1417	0	1195957
1058	1385	1413	1408	1335	1404	1417	1412	0	1197292
1059	1413	1408	1335	1404	1417	1412	1389	0	1198696
1060	1408	1335	1404	1417	1412	1389	1362	0	1200113
1061	1335	1404	1417	1412	1389	1362	1428	0	1201525
1062	1404	1417	1412	1389	1362	1428	1424	0	1202914
1063	1417	1412	1389	1362	1428	1424	1417	0	1204276
1064	1412	1389	1362	1428	1424	1417	1358	0	1205704
1065	1389	1362	1428	1424	1417	1358	1397	0	1207128
1066	1362	1428	1424	1417	1358	1397	1420	0	1208545
1067	1428	1424	1417	1358	1397	1420	1420	0	1209903
1068	1424	1417	1358	1397	1420	1420	1413	0	1211300
1069	1417	1358	1397	1420	1420	1413	1350	0	1212720
1070	1358	1397	1420	1420	1413	1350	1408	0	1214140
1071	1397	1420	1420	1413	1350	1408	1428	0	1215553
1072	1420	1420	1413	1350	1408	1428	1421	0	1216903
1073	1420	1413	1350	1408	1428	1421	1377	0	1218311
1074	1413	1350	1408	1428	1421	1377	1338	0	1219739
1075	1350	1408	1428	1421	1377	1338	1382	0	1221160
1076	1408	1428	1421	1377	1338	1382	1377	0	1222537
1077	1428	1421	1377	1338	1382	1377	1382	0	1223875
1078	1421	1377	1338	1382	1377	1382	1307	0	1225257
1079	1377	1338	1382	1377	1382	1307	1381	0	1226634
1080	1338	1382	1377	1382	1307	1381	1389	0	1228016
1081	1382	1377	1382	1307	1381	1389	1386	0	1229323
1082	1377	1382	1307	1381	1389	1386	1330	0	1230704
1083	1382	1307	1381	1389	1386	1330	1374	0	1232093
1084	1307	1381	1389	1386	1330	1374	1323	0	1233479
1085	1381	1389	1386	1330	1374	1323	1280	0	1234809
1086	1389	1386	1330	1374	1323	1280	1346	0	1236183
1087	1386	1330	1374	1323	1280	1346	1354	0	1237506
1088	1330	1374	1323	1280	1346	1354	1331	0	1238786
1089	1374	1323	1280	1346	1354	1331	1327	0	1240132
1090	1323	1280	1346	1354	1331	1327	1362	0	1241486
1091	1280	1346	1354	1331	1327	1362	1334	0	1242817
1092	1346	1354	1331	1327	1362	1334	1288	0	1244144
1093	1354	1331	1327	1362	1334	1288	1362	0	1245506
1094	1331	1327	1362	1334	1288	1362	1350	0	1246840
1095	1327	1362	1334	1288	1362	1350	1347	0	1248128
1096	1362	1334	1288	1362	1350	1347	1288	0	1249490
1097	1334	1288	1362	1350	1347	1288	1346	0	1250840
1098	1288	1362	1350	1347	1288	1346	1362	0	1252187
1099	1362	1350	1347	1288	1346	1362	1331	0	1253475
1100	1350	1347	1288	1346	1362	1331	1268	0	1254821
1101	1347	1288	1346	1362	1331	1268	1339	0	1256183
1102	1288	1346	1362	1331	1268	1339	1334	0	1257514
1103	1346	1362	1331	1268	1339	1334	1343	0	1258782
1104	1362	1331	1268	1339	1334	1343	1319	0	1260121
1105	1331	1268	1339	1334	1343	1319	1288	0	1261455
1106	1268	1339	1334	1343	1319	1288	1342	0	1262798
1107	1339	1334	1343	1319	1288	1342	1350	0	1264117
1108	1334	1343	1319	1288	1342	1350	1335	0	1265405
1109	1343	1319	1288	1342	1350	1335	1288	0	1266747
1110	1319	1288	1342	1350	1335	1288	1354	0	1268097
1111	1288	1342	1350	1335	1288	1354	1342	0	1269432
1112	1342	1350	1335	1288	1354	1342	1316	0	1270720
1113	1350	1335	1288	1354	1342	1316	1322	0	1272074
1114	1335	1288	1354	1342	1316	1322	1351	0	1273416
1115	1288	1354	1342	1316	1322	1351	1346	0	1274732
1116	1354	1342	1316	1322	1351	1346	1307	0	1276054
1117	1342	1316	1322	1351	1346	1307	1288	0	1277405
1118	1316	1322	1351	1346	1307	1288	1331	0	1278751
1119	1322	1351	1346	1307	1288	1331	1304	0	1280058
1120	1351	1346	1307	1288	1331	1304	1167	0	1281346
1121	1346	1307	1288	1331	1304	1167	1226	0	1282677
1122	1307	1288	1331	1304	1167	1226	1221	0	1283981
1123	1288	1331	1304	1167	1226	1221	1308	0	1285148
1124	1331	1304	1167	1226	1221	1308	1334	0	1286374
1125	1304	1167	1226	1221	1308	1334	1339	0	1287595
1126	1167	1226	1221	1308	1334	1339	1284	0	1288903
1127	1226	1221	1308	1334	1339	1284	1307	0	1290237
1128	1221	1308	1334	1339	1284	1307	1327	0	1291576
1129	1308	1334	1339	1284	1307	1327	1327	0	1292860
1130	1334	1339	1284	1307	1327	1327	1288	0	1294167
1131	1339	1284	1307	1327	1327	1288	1323	0	1295494
1132	1284	1307	1327	1327	1288	1323	1346	0	1296821
1133	1307	1327	1327	1288	1323	1346	1339	0	1298109
1134	1327	1327	1288	1323	1346	1339	1311	0	1299432
1135	1327	1288	1323	1346	1339	1311	1323	0	1300778
1136	1288	1323	1346	1339	1311	1323	1366	0	1302117
1137	1323	1346	1339	1311	1323	1366	1350	0	1303428
1138	1346	1339	1311	1323	1366	1350	1327	0	1304751
1139	1339	1311	1323	1366	1350	1327	1319	0	1306117
1140	1311	1323	1366	1350	1327	1319	1381	0	1307467
1141	1323	1366	1350	1327	1319	1381	1401	0	1308794
1142	1366	1350	1327	1319	1381	1401	1389	0	1310113
1143	1350	1327	1319	1381	1401	1389	1339	0	1311494
1144	1327	1319	1381	1401	1389	1339	1377	0	1312895
1145	1319	1381	1401	1389	1339	1377	1381	0	1314284
1146	1381	1401	1389	1339	1377	1381	1401	0	1315623
1147	1401	1389	1339	1377	1381	1401	1397	0	1317000
1148	1389	1339	1377	1381	1401	1397	1315	0	1318381
1149	1339	1377	1381	1401	1397	1315	1385	0	1319782
1150	1377	1381	1401	1397	1315	1385	1370	0	1321179
1151	1381	1401	1397	1315	1385	1370	1377	0	1322494
1152	1401	1397	1315	1385	1370	1377	1366	0	1323879
1153	1397	1315	1385	1370	1377	1366	1323	0	1325249
1154	1315	1385	1370	1377	1366	1323	1397	0	1326626
1155	1385	1370	1377	1366	1323	1397	1397	0	1327992
1156	1370	1377	1366	1323	1397	1397	1389	0	1329315
1157	1377	1366	1323	1397	1397	1389	1385	0	1330712
1158	1366	1323	1397	1397	1389	1385	1319	0	1332109
1159	1323	1397	1397	1389	1385	1319	1366	0	1333498
1160	1397	1397	1389	1385	1319	1366	1389	0	1334883
1161	1397	1389	1385	1319	1366	1389	1378	0	1336202
1162	1389	1385	1319	1366	1389	1378	1369	0	1337568
1163	1385	1319	1366	1389	1378	1369	1347	0	1338957
1164	1319	1366	1389	1378	1369	1347	1338	0	1340335
1165	1366	1389	1378	1369	1347	1338	1389	0	1341704
1166	1389	1378	1369	1347	1338	1389	1389	0	1343051
1167	1378	1369	1347	1338	1389	1389	1397	0	1344389
1168	1369	1347	1338	1389	1389	1397	1362	0	1345778
1169	1347	1338	1389	1389	1397	1362	1323	0	1347167
1170	1338	1389	1389	1397	1362	1323	1389	0	1348564
1171	1389	1389	1397	1362	1323	1389	1381	0	1349926
1172	1389	1397	1362	1323	1389	1381	1390	0	1351249
1173	1397	1362	1323	1389	1381	1390	1358	0	1352638
1174	1362	1323	1389	1381	1390	1358	1319	0	1354019
1175	1323	1389	1381	1390	1358	1319	1381	0	1355409
1176	1389	1381	1390	1358	1319	1381	1370	0	1356767
1177	1381	1390	1358	1319	1381	1370	1369	0	1358086
1178	1390	1358	1319	1381	1370	1369	1304	0	1359467
1179	1358	1319	1381	1370	1369	1304	1385	0	1360837
1180	1319	1381	1370	1369	1304	1385	1389	0	1362206
1181	1381	1370	1369	1304	1385	1389	1381	0	1363510
1182	1370	1369	1304	1385	1389	1381	1319	0	1364895
1183	1369	1304	1385	1389	1381	1319	1386	0	1366284
1184	1304	1385	1389	1381	1319	1386	1412	0	1367665
1185	1385	1389	1381	1319	1386	1412	1393	0	1368984
1186	1389	1381	1319	1386	1412	1393	1335	0	1370370
1187	1381	1319	1386	1412	1393	1335	1385	0	1371782
1188	1319	1386	1412	1393	1335	1385	1377	0	1373175
1189	1386	1412	1393	1335	1385	1377	1382	0	1374510
1190	1412	1393	1335	1385	1377	1382	1408	0	1375895
1191	1393	1335	1385	1377	1382	1408	1315	0	1377272
1192	1335	1385	1377	1382	1408	1315	1378	0	1378654
1193	1385	1377	1382	1408	1315	1378	1381	0	1380062
1194	1377	1382	1408	1315	1378	1381	1370	0	1381377
1195	1382	1408	1315	1378	1381	1370	1327	0	1382755
1196	1408	1315	1378	1381	1370	1327	1315	0	1384136
1197	1315	1378	1381	1370	1327	1315	1354	0	1385506
1198	1378	1381	1370	1327	1315	1354	1342	0	1386833
1199	1381	1370	1327	1315	1354	1342	1347	0	1388148
1200	1370	1327	1315	1354	1342	1347	1288	0	1389502
1201	1327	1315	1354	1342	1347	1288	1358	0	1390844
1202	1315	1354	1342	1347	1288	1358	1342	0	1392191
1203	1354	1342	1347	1288	1358	1342	1335	0	1393479
1204	1342	1347	1288	1358	1342	1335	1288	0	1394837
1205	1347	1288	1358	1342	1335	1288	1311	0	1396179
1206	1288	1358	1342	1335	1288	1311	1338	0	1397514
1207	1358	1342	1335	1288	1311	1338	1335	0	1398802
1208	1342	1335	1288	1311	1338	1335	1331	0	1400113
1209	1335	1288	1311	1338	1335	1331	1323	0	1401451
1210	1288	1311	1338	1335	1331	1323	1315	0	1402786
1211	1311	1338	1335	1331	1323	1315	1264	0	1404117
1212	1338	1335	1331	1323	1315	1264	1183	0	1405440
1213	1335	1331	1323	1315	1264	1183	1304	0	1406755
1214	1331	1323	1315	1264	1183	1304	1303	0	1408019
1215	1323	1315	1264	1183	1304	1303	1312	0	1409202
1216	1315	1264	1183	1304	1303	1312	1315	0	1410506
1217	1264	1183	1304	1303	1312	1315	1260	0	1411809
1218	1183	1304	1303	1312	1315	1260	1288	0	1413121
1219	1304	1303	1312	1315	1260	1288	1320	0	1414436
1220	1303	1312	1315	1260	1288	1320	1284	0	1415696
1221	1312	1315	1260	1288	1320	1284	1276	0	1416984
1222	1315	1260	1288	1320	1284	1276	1249	0	1418304
1223	1260	1288	1320	1284	1276	1249	1280	0	1419588
1224	1288	1320	1284	1276	1249	1280	1311	0	1420864
1225	1320	1284	1276	1249	1280	1311	1300	0	1422113
1226	1284	1276	1249	1280	1311	1300	1237	0	1423393
1227	1276	1249	1280	1311	1300	1237	1218	0	1424704
1228	1249	1280	1311	1300	1237	1218	1206	0	1426004
1229	1280	1311	1300	1237	1218	1206	1172	0	1427241
1230	1311	1300	1237	1218	1206	1172	1167	0	1428459
1231	1300	1237	1218	1206	1172	1167	1175	0	1429665
1232	1237	1218	1206	1172	1167	1175	1132	0	1430837
1233	1218	1206	1172	1167	1175	1132	1152	0	1432004
1234	1206	1172	1167	1175	1132	1152	1136	0	1433179
1235	1172	1167	1175	1132	1152	1136	1066	0	1434311
1236	1167	1175	1132	1152	1136	1066	1067	0	1435463
1237	1175	1132	1152	1136	1066	1067	1046	0	1436599
1238	1132	1152	1136	1066	1067	1046	1090	0	1437665
1239	1152	1136	1066	1067	1046	1090	1171	0	1438732
1240	1136	1066	1067	1046	1090	1171	1124	0	1439778
1241	1066	1067	1046	1090	1171	1124	1230	0	1440868
1242	1067	1046	1090	1171	1124	1230	1276	0	1442039
1243	1046	1090	1171	1124	1230	1276	1319	0	1443163
1244	1090	1171	1124	1230	1276	1319	1253	0	1444393
1245	1171	1124	1230	1276	1319	1253	1319	0	1445669
1246	1124	1230	1276	1319	1253	1319	1347	0	1446988
1247	1230	1276	1319	1253	1319	1347	1330	0	1448241
1248	1276	1319	1253	1319	1347	1330	1308	0	1449560
1249	1319	1253	1319	1347	1330	1308	1292	0	1450907
1250	1253	1319	1347	1330	1308	1292	1342	0	1452237
1251	1319	1347	1330	1308	1292	1342	1377	0	1453545
1252	1347	1330	1308	1292	1342	1377	1382	0	1454837
1253	1330	1308	1292	1342	1377	1382	1338	0	1456179
1254	1308	1292	1342	1377	1382	1338	1385	0	1457556
1255	1292	1342	1377	1382	1338	1385	1393	0	1458938
1256	1342	1377	1382	1338	1385	1393	1401	0	1460276
1257	1377	1382	1338	1385	1393	1401	1397	0	1461661
1258	1382	1338	1385	1393	1401	1397	1401	0	1463054
1259	1338	1385	1393	1401	1397	1401	1405	0	1464455
1260	1385	1393	1401	1397	1401	1405	1361	0	1465852
1261	1393	1401	1397	1401	1405	1361	1409	0	1467253
1262	1401	1397	1401	1405	1361	1409	1401	0	1468658
1263	1397	1401	1405	1361	1409	1401	1381	0	1470019
1264	1401	1405	1361	1409	1401	1381	1413	0	1471428
1265	1405	1361	1409	1401	1381	1413	1428	0	1472829
1266	1361	1409	1401	1381	1413	1428	1420	0	1474210
1267	1409	1401	1381	1413	1428	1420	1401	0	1475623
1268	1401	1381	1413	1428	1420	1401	1365	0	1477051
1269	1381	1413	1428	1420	1401	1365	1409	0	1478471
1270	1413	1428	1420	1401	1365	1409	1405	0	1479872
1271	1428	1420	1401	1365	1409	1405	1377	0	1481237
1272	1420	1401	1365	1409	1405	1377	1366	0	1482646
1273	1401	1365	1409	1405	1377	1366	1401	0	1484051
1274	1365	1409	1405	1377	1366	1401	1389	0	1485428
1275	1409	1405	1377	1366	1401	1389	1397	0	1486794
1276	1405	1377	1366	1401	1389	1397	1373	0	1488195
1277	1377	1366	1401	1389	1397	1373	1339	0	1489584
1278	1366	1401	1389	1397	1373	1339	1416	0	1490981
1279	1401	1389	1397	1373	1339	1416	1405	0	1492354
1280	1389	1397	1373	1339	1416	1405	1350	0	1493693
1281	1397	1373	1339	1416	1405	1350	1358	0	1495109
1282	1373	1339	1416	1405	1350	1358	1366	0	1496514
1283	1339	1416	1405	1350	1358	1366	1311	0	1497864
1284	1416	1405	1350	1358	1366	1311	1342	0	1499222
1285	1405	1350	1358	1366	1311	1342	1382	0	1500588
1286	1350	1358	1366	1311	1342	1382	1326	0	1501899
1287	1358	1366	1311	1342	1382	1326	1335	0	1503241
1288	1366	1311	1342	1382	1326	1335	1409	0	1504623
1289	1311	1342	1382	1326	1335	1409	1385	0	1505949
1290	1342	1382	1326	1335	1409	1385	1338	0	1507284
1291	1382	1326	1335	1409	1385	1338	1339	0	1508693
1292	1326	1335	1409	1385	1338	1339	1397	0	1510078
1293	1335	1409	1385	1338	1339	1397	1373	0	1511416
1294	1409	1385	1338	1339	1397	1373	1401	0	1512755
1295	1385	1338	1339	1397	1373	1401	1335	0	1514152
1296	1338	1339	1397	1373	1401	1335	1400	0	1515525
1297	1339	1397	1373	1401	1335	1400	1401	0	1516926
1298	1397	1373	1401	1335	1400	1401	1424	0	1518261
1299	1373	1401	1335	1400	1401	1424	1366	0	1519661
1300	1401	1335	1400	1401	1424	1366	1378	0	1521062
1301	1335	1400	1401	1424	1366	1378	1404	0	1522486
1302	1400	1401	1424	1366	1378	1404	1417	0	1523852
1303	1401	1424	1366	1378	1404	1417	1393	0	1525230
1304	1424	1366	1378	1404	1417	1393	1354	0	1526634
1305	1366	1378	1404	1417	1393	1354	1365	0	1528051
1306	1378	1404	1417	1393	1354	1365	1409	0	1529444
1307	1404	1417	1393	1354	1365	1409	1405	0	1530798
1308	1417	1393	1354	1365	1409	1405	1443	0	1532163
1309	1393	1354	1365	1409	1405	1443	1413	0	1533572
1310	1354	1365	1409	1405	1443	1413	1330	0	1534977
1311	1365	1409	1405	1443	1413	1330	1370	0	1536420
1312	1409	1405	1443	1413	1330	1370	1378	0	1537833
1313	1405	1443	1413	1330	1370	1378	1381	0	1539163
1314	1443	1413	1330	1370	1378	1381	1323	0	1540533
1315	1413	1330	1370	1378	1381	1323	1362	0	1541911
1316	1330	1370	1378	1381	1323	1362	1389	0	1543292
1317	1370	1378	1381	1323	1362	1389	1393	0	1544615
1318	1378	1381	1323	1362	1389	1393	1342	0	1545977
1319	1381	1323	1362	1389	1393	1342	1335	0	1547366
1320	1323	1362	1389	1393	1342	1335	1358	0	1548759
1321	1362	1389	1393	1342	1335	1358	1358	0	1550101
1322	1389	1393	1342	1335	1358	1358	1358	0	1551436
1323	1393	1342	1335	1358	1358	1358	1292	0	1552794
1324	1342	1335	1358	1358	1358	1292	1346	0	1554152
1325	1335	1358	1358	1358	1292	1346	1354	0	1555510
1326	1358	1358	1358	1292	1346	1354	1362	0	1556802
1327	1358	1358	1292	1346	1354	1362	1327	0	1558148
1328	1358	1292	1346	1354	1362	1327	1342	0	1559502
1329	1292	1346	1354	1362	1327	1342	1389	0	1560864
1330	1346	1354	1362	1327	1342	1389	1389	0	1562191
1331	1354	1362	1327	1342	1389	1389	1374	0	1563533
1332	1362	1327	1342	1389	1389	1374	1350	0	1564922
1333	1327	1342	1389	1389	1374	1350	1335	0	1566311
1334	1342	1389	1389	1374	1350	1335	1385	0	1567685
1335	1389	1389	1374	1350	1335	1385	1377	0	1569035
1336	1389	1374	1350	1335	1385	1377	1257	0	1570370
1337	1374	1350	1335	1385	1377	1257	1284	0	1571755
1338	1350	1335	1385	1377	1257	1284	1245	0	1573132
1339	1335	1385	1377	1257	1284	1245	1171	0	1574389
1340	1385	1377	1257	1284	1245	1171	1109	0	1575673
1341	1377	1257	1284	1245	1171	1109	1141	0	1576918
1342	1257	1284	1245	1171	1109	1141	1147	0	1578089
1343	1284	1245	1171	1109	1141	1147	1277	0	1579198
1344	1245	1171	1109	1141	1147	1277	1307	0	1580339
1345	1171	1109	1141	1147	1277	1307	1327	0	1581486
1346	1109	1141	1147	1277	1307	1327	1335	0	1582763
1347	1141	1147	1277	1307	1327	1335	1315	0	1584070
1348	1147	1277	1307	1327	1335	1315	1377	0	1585397
1349	1277	1307	1327	1335	1315	1377	1381	0	1586732
1350	1307	1327	1335	1315	1377	1381	1386	0	1588047
1351	1327	1335	1315	1377	1381	1386	1327	0	1589424
1352	1335	1315	1377	1381	1386	1327	1299	0	1590805
1353	1315	1377	1381	1386	1327	1299	1354	0	1592191
1354	1377	1381	1386	1327	1299	1354	1382	0	1593518
1355	1381	1386	1327	1299	1354	1382	1400	0	1594817
1356	1386	1327	1299	1354	1382	1400	1347	0	1596171
1357	1327	1299	1354	1382	1400	1347	1358	0	1597553
1358	1299	1354	1382	1400	1347	1358	1420	0	1598953
1359	1354	1382	1400	1347	1358	1420	1401	0	1600300
1360	1382	1400	1347	1358	1420	1401	1396	0	1601658
1361	1400	1347	1358	1420	1401	1396	1382	0	1603078
1362	1347	1358	1420	1401	1396	1382	1354	0	1604479
1363	1358	1420	1401	1396	1382	1354	1416	0	1605875
1364	1420	1401	1396	1382	1354	1416	1405	0	1607257
1365	1401	1396	1382	1354	1416	1405	1405	0	1608611
1366	1396	1382	1354	1416	1405	1405	1346	0	1610027
1367	1382	1354	1416	1405	1405	1346	1428	0	1611432
1368	1354	1416	1405	1405	1346	1428	1436	0	1612837
1369	1416	1405	1405	1346	1428	1436	1389	0	1614183
1370	1405	1405	1346	1428	1436	1389	1350	0	1615611
1371	1405	1346	1428	1436	1389	1350	1416	0	1617047
1372	1346	1428	1436	1389	1350	1416	1421	0	1618436
1373	1428	1436	1389	1350	1416	1421	1373	0	1619786
1374	1436	1389	1350	1416	1421	1373	1346	0	1621202
1375	1389	1350	1416	1421	1373	1346	1421	0	1622623
1376	1350	1416	1421	1373	1346	1421	1369	0	1623996
1377	1416	1421	1373	1346	1421	1369	1319	0	1625342
1378	1421	1373	1346	1421	1369	1319	1397	0	1626763
1379	1373	1346	1421	1369	1319	1397	1374	0	1628132
1380	1346	1421	1369	1319	1397	1374	1323	0	1629451
1381	1421	1369	1319	1397	1374	1323	1342	0	1630848
1382	1369	1319	1397	1374	1323	1342	1378	0	1632222
1383	1319	1397	1374	1323	1342	1378	1323	0	1633545
1384	1397	1374	1323	1342	1378	1323	1330	0	1634887
1385	1374	1323	1342	1378	1323	1330	1374	0	1636265
1386	1323	1342	1378	1323	1330	1374	1377	0	1637588
1387	1342	1378	1323	1330	1374	1377	1343	0	1638918
1388	1378	1323	1330	1374	1377	1343	1389	0	1640292
1389	1323	1330	1374	1377	1343	1389	1408	0	1641669
1390	1330	1374	1377	1343	1389	1408	1386	0	1643012
1391	1374	1377	1343	1389	1408	1386	1358	0	1644401
1392	1377	1343	1389	1408	1386	1358	1396	0	1645809
1393	1343	1389	1408	1386	1358	1396	1390	0	1647195
1394	1389	1408	1386	1358	1396	1390	1342	0	1648553
1395	1408	1386	1358	1396	1390	1342	1393	0	1649949
1396	1386	1358	1396	1390	1342	1393	1428	0	1651339
1397	1358	1396	1390	1342	1393	1428	1338	0	1652681
1398	1396	1390	1342	1393	1428	1338	1386	0	1654074
1399	1390	1342	1393	1428	1338	1386	1373	0	1655502
1400	1342	1393	1428	1338	1386	1373	1315	0	1656840
1401	1393	1428	1338	1386	1373	1315	1331	0	1658226
1402	1428	1338	1386	1373	1315	1331	1354	0	1659599
1403	1338	1386	1373	1315	1331	1354	1308	0	1660914
1404	1386	1373	1315	1331	1354	1308	1295	0	1662245
1405	1373	1315	1331	1354	1308	1295	1378	0	1663599
1406	1315	1331	1354	1308	1295	1378	1373	0	1664907
1407	1331	1354	1308	1295	1378	1373	1312	0	1666202
1408	1354	1308	1295	1378	1373	1312	1369	0	1667580
1409	1308	1295	1378	1373	1312	1369	1366	0	1668953
1410	1295	1378	1373	1312	1369	1366	1319	0	1670265
1411	1378	1373	1312	1369	1366	1319	1354	0	1671634
1412	1373	1312	1369	1366	1319	1354	1374	0	1673000
1413	1312	1369	1366	1319	1354	1374	1358	0	1674319
1414	1369	1366	1319	1354	1374	1358	1307	0	1675673
1415	1366	1319	1354	1374	1358	1307	1370	0	1677047
1416	1319	1354	1374	1358	1307	1370	1369	0	1678405
1417	1354	1374	1358	1307	1370	1369	1327	0	1679712
1418	1374	1358	1307	1370	1369	1327	1331	0	1681082
1419	1358	1307	1370	1369	1327	1331	1381	0	1682451
1420	1307	1370	1369	1327	1331	1381	1350	0	1683778
1421	1370	1369	1327	1331	1381	1350	1300	0	1685109
1422	1369	1327	1331	1381	1350	1300	1370	0	1686490
1423	1327	1331	1381	1350	1300	1370	1389	0	1687840
1424	1331	1381	1350	1300	1370	1389	1405	0	1689140
1425	1381	1350	1300	1370	1389	1405	1396	0	1690510
1426	1350	1300	1370	1389	1405	1396	1343	0	1691899
1427	1300	1370	1389	1405	1396	1343	1408	0	1693304
1428	1370	1389	1405	1396	1343	1408	1413	0	1694700
1429	1389	1405	1396	1343	1408	1413	1373	0	1696043
1430	1405	1396	1343	1408	1413	1373	1343	0	1697451
1431	1396	1343	1408	1413	1373	1343	1416	0	1698864
1432	1343	1408	1413	1373	1343	1416	1428	0	1700237
1433	1408	1413	1373	1343	1416	1428	1378	0	1701580
1434	1413	1373	1343	1416	1428	1378	1428	0	1702996
1435	1373	1343	1416	1428	1378	1428	1400	0	1704424
1436	1343	1416	1428	1378	1428	1400	1323	0	1705802
1437	1416	1428	1378	1428	1400	1323	1405	0	1707230
1438	1428	1378	1428	1400	1323	1405	1393	0	1708630
1439	1378	1428	1400	1323	1405	1393	1303	0	1709953
1440	1428	1400	1323	1405	1393	1303	1386	0	1711358
1441	1400	1323	1405	1393	1303	1386	1373	0	1712751
1442	1323	1405	1393	1303	1386	1373	1296	0	1714054
1443	1405	1393	1303	1386	1373	1296	1366	0	1715440
1444	1393	1303	1386	1373	1296	1366	1400	0	1716813
1445	1303	1386	1373	1296	1366	1400	1343	0	1718109
1446	1386	1373	1296	1366	1400	1343	1393	0	1719475
1447	1373	1296	1366	1400	1343	1393	1401	0	1720875
1448	1296	1366	1400	1343	1393	1401	1358	0	1722218
1449	1366	1400	1343	1393	1401	1358	1397	0	1723611
1450	1400	1343	1393	1401	1358	1397	1404	0	1725012
1451	1343	1393	1401	1358	1397	1404	1374	0	1726370
1452	1393	1401	1358	1397	1404	1374	1404	0	1727767
1453	1401	1358	1397	1404	1374	1404	1417	0	1729171
1454	1358	1397	1404	1374	1404	1417	1420	0	1730545
1455	1397	1404	1374	1404	1417	1420	1389	0	1731949
1456	1404	1374	1404	1417	1420	1389	1436	0	1733366
1457	1374	1404	1417	1420	1389	1436	1008	0	1734786
1458	1404	1417	1420	1389	1436	1008	1031	0	1736175
1459	1417	1420	1389	1436	1008	1031	630	0	1737611
1460	1420	1389	1436	1008	1031	630	977	0	1738619
1461	1389	1436	1008	1031	630	977	591	0	1739650
1462	1436	1008	1031	630	977	591	514	1	1740280
1463	1008	1031	630	977	591	514	545	0	1741257
1464	1031	630	977	591	514	545	502	1	1741848
1465	630	977	591	514	545	502	502	1	1742362
1466	977	591	514	545	502	502	1268	1	1742907
1467	591	514	545	502	502	1268	1689	1	1743409
1468	514	545	502	502	1268	1689	1486	1	1743911
1469	545	502	502	1268	1689	1486	1444	0	1745179
1470	502	502	1268	1689	1486	1444	1451	0	1746868
1471	502	1268	1689	1486	1444	1451	1397	0	1748354
1472	1268	1689	1486	1444	1451	1397	1292	0	1749798
1473	1689	1486	1444	1451	1397	1292	1346	0	1751249
1474	1486	1444	1451	1397	1292	1346	1327	0	1752646
1475	1444	1451	1397	1292	1346	1327	1300	0	1753938
1476	1451	1397	1292	1346	1327	1300	1272	0	1755284
1477	1397	1292	1346	1327	1300	1272	1354	0	1756611
1478	1292	1346	1327	1300	1272	1354	1358	0	1757911
1479	1346	1327	1300	1272	1354	1358	1358	0	1759183
1480	1327	1300	1272	1354	1358	1358	1307	0	1760537
1481	1300	1272	1354	1358	1358	1307	1382	0	1761895
1482	1272	1354	1358	1358	1307	1382	1389	0	1763253
1483	1354	1358	1358	1307	1382	1389	1401	0	1764560
1484	1358	1358	1307	1382	1389	1401	1389	0	1765942
1485	1358	1307	1382	1389	1401	1389	1393	0	1767331
1486	1307	1382	1389	1401	1389	1393	1397	0	1768732
1487	1382	1389	1401	1389	1393	1397	1385	0	1770121
1488	1389	1401	1389	1393	1397	1385	1385	0	1771514
1489	1401	1389	1393	1397	1385	1385	1346	0	1772911
1490	1389	1393	1397	1385	1385	1346	1393	0	1774296
1491	1393	1397	1385	1385	1346	1393	1362	0	1775681
1492	1397	1385	1385	1346	1393	1362	1331	0	1777027
1493	1385	1385	1346	1393	1362	1331	1408	0	1778420
1494	1385	1346	1393	1362	1331	1408	1401	0	1779782
1495	1346	1393	1362	1331	1408	1401	1350	0	1781113
1496	1393	1362	1331	1408	1401	1350	1413	0	1782521
1497	1362	1331	1408	1401	1350	1413	1381	0	1783922
1498	1331	1408	1401	1350	1413	1381	1331	0	1785272
1499	1408	1401	1350	1413	1381	1331	1428	0	1786685
1500	1401	1350	1413	1381	1331	1428	1366	0	1788066
1501	1350	1413	1381	1331	1428	1366	1354	0	1789397
1502	1413	1381	1331	1428	1366	1354	1416	0	1790825
1503	1381	1331	1428	1366	1354	1416	1300	0	1792191
1504	1331	1428	1366	1354	1416	1300	1350	0	1793545
1505	1428	1366	1354	1416	1300	1350	1358	0	1794961
