i-3	i-2	i-1	i+0	i+1	i+2	i+3	Filter
455	638	421	867	635	416	879	0
638	421	867	635	416	879	452	0
421	867	635	416	879	452	863	1
867	635	416	879	452	863	487	0
635	416	879	452	863	487	817	1
416	879	452	863	487	817	455	0
879	452	863	487	817	455	930	1
452	863	487	817	455	930	424	0
863	487	817	455	930	424	930	1
487	817	455	930	424	930	654	0
817	455	930	424	930	654	420	1
455	930	424	930	654	420	930	0
930	424	930	654	420	930	654	0
424	930	654	420	930	654	424	1
930	654	420	930	654	424	965	0
654	420	930	654	424	965	665	0
420	930	654	424	965	665	424	1
930	654	424	965	665	424	1012	0
654	424	965	665	424	1012	689	0
424	965	665	424	1012	689	416	1
965	665	424	1012	689	416	1055	0
665	424	1012	689	416	1055	700	0
424	1012	689	416	1055	700	420	1
1012	689	416	1055	700	420	996	0
689	416	1055	700	420	996	677	0
416	1055	700	420	996	677	417	1
1055	700	420	996	677	417	976	0
700	420	996	677	417	976	681	0
420	996	677	417	976	681	417	1
996	677	417	976	681	417	984	0
677	417	976	681	417	984	673	0
417	976	681	417	984	673	424	1
976	681	417	984	673	424	997	0
681	417	984	673	424	997	669	0
417	984	673	424	997	669	420	1
984	673	424	997	669	420	977	0
673	424	997	669	420	977	673	0
424	997	669	420	977	673	420	1
997	669	420	977	673	420	973	0
669	420	977	673	420	973	681	0
420	977	673	420	973	681	416	1
977	673	420	973	681	416	1000	0
673	420	973	681	416	1000	662	0
420	973	681	416	1000	662	416	1
973	681	416	1000	662	416	926	0
681	416	1000	662	416	926	646	0
416	1000	662	416	926	646	424	1
1000	662	416	926	646	424	852	0
662	416	926	646	424	852	638	0
416	926	646	424	852	638	424	1
926	646	424	852	638	424	798	0
646	424	852	638	424	798	611	0
424	852	638	424	798	611	591	1
852	638	424	798	611	591	417	0
638	424	798	611	591	417	805	0
424	798	611	591	417	805	611	0
798	611	591	417	805	611	615	1
611	591	417	805	611	615	412	0
591	417	805	611	615	412	965	0
417	805	611	615	412	965	670	0
805	611	615	412	965	670	424	1
611	615	412	965	670	424	988	0
615	412	965	670	424	988	673	0
412	965	670	424	988	673	417	1
965	670	424	988	673	417	957	0
670	424	988	673	417	957	650	0
424	988	673	417	957	650	424	1
988	673	417	957	650	424	930	0
673	417	957	650	424	930	657	0
417	957	650	424	930	657	413	1
957	650	424	930	657	413	895	0
650	424	930	657	413	895	646	0
424	930	657	413	895	646	420	1
930	657	413	895	646	420	895	0
657	413	895	646	420	895	649	0
413	895	646	420	895	649	425	1
895	646	420	895	649	425	930	0
646	420	895	649	425	930	669	0
420	895	649	425	930	669	412	1
895	649	425	930	669	412	895	0
649	425	930	669	412	895	650	0
425	930	669	412	895	650	416	1
930	669	412	895	650	416	899	0
669	412	895	650	416	899	654	0
412	895	650	416	899	654	412	1
895	650	416	899	654	412	876	0
650	416	899	654	412	876	638	0
416	899	654	412	876	638	642	1
899	654	412	876	638	642	397	0
654	412	876	638	642	397	938	0
412	876	638	642	397	938	646	0
876	638	642	397	938	646	649	1
638	642	397	938	646	649	681	0
642	397	938	646	649	681	405	0
397	938	646	649	681	405	1016	0
938	646	649	681	405	1016	680	0
646	649	681	405	1016	680	413	1
649	681	405	1016	680	413	953	0
681	405	1016	680	413	953	642	0
405	1016	680	413	953	642	440	1
1016	680	413	953	642	440	895	0
680	413	953	642	440	895	646	0
413	953	642	440	895	646	439	1
953	642	440	895	646	439	892	0
642	440	895	646	439	892	649	0
440	895	646	439	892	649	421	1
895	646	439	892	649	421	937	0
646	439	892	649	421	937	658	0
439	892	649	421	937	658	420	1
892	649	421	937	658	420	930	0
649	421	937	658	420	930	634	0
421	937	658	420	930	634	658	1
937	658	420	930	634	658	405	0
658	420	930	634	658	405	980	0
420	930	634	658	405	980	642	0
930	634	658	405	980	642	681	1
634	658	405	980	642	681	697	0
658	405	980	642	681	697	408	0
405	980	642	681	697	408	1020	0
980	642	681	697	408	1020	681	0
642	681	697	408	1020	681	408	1
681	697	408	1020	681	408	946	0
697	408	1020	681	408	946	646	0
408	1020	681	408	946	646	424	1
1020	681	408	946	646	424	934	0
681	408	946	646	424	934	649	0
408	946	646	424	934	649	417	1
946	646	424	934	649	417	871	0
646	424	934	649	417	871	650	0
424	934	649	417	871	650	413	1
934	649	417	871	650	413	883	0
649	417	871	650	413	883	642	0
417	871	650	413	883	642	416	1
871	650	413	883	642	416	883	0
650	413	883	642	416	883	635	0
413	883	642	416	883	635	428	1
883	642	416	883	635	428	875	0
642	416	883	635	428	875	662	0
416	883	635	428	875	662	412	1
883	635	428	875	662	412	953	0
635	428	875	662	412	953	670	0
428	875	662	412	953	670	412	1
875	662	412	953	670	412	942	0
662	412	953	670	412	942	650	0
412	953	670	412	942	650	424	1
953	670	412	942	650	424	930	0
670	412	942	650	424	930	657	0
412	942	650	424	930	657	420	1
942	650	424	930	657	420	911	0
650	424	930	657	420	911	654	0
424	930	657	420	911	654	416	1
930	657	420	911	654	416	907	0
657	420	911	654	416	907	653	0
420	911	654	416	907	653	424	1
911	654	416	907	653	424	903	0
654	416	907	653	424	903	650	0
416	907	653	424	903	650	436	1
907	653	424	903	650	436	941	0
653	424	903	650	436	941	689	0
424	903	650	436	941	689	409	1
903	650	436	941	689	409	945	0
650	436	941	689	409	945	669	0
436	941	689	409	945	669	417	1
941	689	409	945	669	417	918	0
689	409	945	669	417	918	662	0
409	945	669	417	918	662	420	1
945	669	417	918	662	420	918	0
669	417	918	662	420	918	665	0
417	918	662	420	918	665	421	1
918	662	420	918	665	421	902	0
662	420	918	665	421	902	666	0
420	918	665	421	902	666	412	1
918	665	421	902	666	412	899	0
665	421	902	666	412	899	654	0
421	902	666	412	899	654	432	1
902	666	412	899	654	432	895	0
666	412	899	654	432	895	649	0
412	899	654	432	895	649	432	1
899	654	432	895	649	432	950	0
654	432	895	649	432	950	681	0
432	895	649	432	950	681	412	1
895	649	432	950	681	412	969	0
649	432	950	681	412	969	677	0
432	950	681	412	969	677	412	1
950	681	412	969	677	412	927	0
681	412	969	677	412	927	642	0
412	969	677	412	927	642	669	1
969	677	412	927	642	669	405	0
677	412	927	642	669	405	949	0
412	927	642	669	405	949	642	0
927	642	669	405	949	642	681	1
642	669	405	949	642	681	405	0
669	405	949	642	681	405	1031	0
405	949	642	681	405	1031	681	0
949	642	681	405	1031	681	428	1
642	681	405	1031	681	428	1000	0
681	405	1031	681	428	1000	673	0
405	1031	681	428	1000	673	416	1
1031	681	428	1000	673	416	969	0
681	428	1000	673	416	969	685	0
428	1000	673	416	969	685	412	1
1000	673	416	969	685	412	942	0
673	416	969	685	412	942	673	0
416	969	685	412	942	673	420	1
969	685	412	942	673	420	934	0
685	412	942	673	420	934	642	0
412	942	673	420	934	642	428	1
942	673	420	934	642	428	915	0
673	420	934	642	428	915	661	0
420	934	642	428	915	661	409	1
934	642	428	915	661	409	891	0
642	428	915	661	409	891	642	0
428	915	661	409	891	642	416	1
915	661	409	891	642	416	911	0
661	409	891	642	416	911	657	0
409	891	642	416	911	657	416	1
891	642	416	911	657	416	923	0
642	416	911	657	416	923	649	0
416	911	657	416	923	649	421	1
911	657	416	923	649	421	930	0
657	416	923	649	421	930	638	0
416	923	649	421	930	638	650	1
923	649	421	930	638	650	408	0
649	421	930	638	650	408	965	0
421	930	638	650	408	965	638	0
930	638	650	408	965	638	654	1
638	650	408	965	638	654	405	0
650	408	965	638	654	405	941	0
408	965	638	654	405	941	635	0
965	638	654	405	941	635	634	1
638	654	405	941	635	634	626	0
654	405	941	635	634	626	420	0
405	941	635	634	626	420	845	0
941	635	634	626	420	845	611	0
635	634	626	420	845	611	614	1
634	626	420	845	611	614	607	0
626	420	845	611	614	607	627	0
420	845	611	614	607	627	405	0
845	611	614	607	627	405	836	0
611	614	607	627	405	836	631	0
614	607	627	405	836	631	607	1
607	627	405	836	631	607	408	0
627	405	836	631	607	408	817	0
405	836	631	607	408	817	417	0
836	631	607	408	817	417	793	1
631	607	408	817	417	793	592	0
607	408	817	417	793	592	576	1
408	817	417	793	592	576	432	0
817	417	793	592	576	432	743	0
417	793	592	576	432	743	412	0
793	592	576	432	743	412	724	1
592	576	432	743	412	724	412	0
576	432	743	412	724	412	759	1
432	743	412	724	412	759	603	0
743	412	724	412	759	603	615	1
412	724	412	759	603	615	409	0
724	412	759	603	615	409	914	0
412	759	603	615	409	914	650	0
759	603	615	409	914	650	424	1
603	615	409	914	650	424	872	0
615	409	914	650	424	872	638	0
409	914	650	424	872	638	634	1
914	650	424	872	638	634	408	0
650	424	872	638	634	408	923	0
424	872	638	634	408	923	622	0
872	638	634	408	923	622	646	1
638	634	408	923	622	646	405	0
634	408	923	622	646	405	903	0
408	923	622	646	405	903	653	0
923	622	646	405	903	653	634	1
622	646	405	903	653	634	413	0
646	405	903	653	634	413	942	0
405	903	653	634	413	942	665	0
903	653	634	413	942	665	424	1
653	634	413	942	665	424	984	0
634	413	942	665	424	984	678	0
413	942	665	424	984	678	416	1
942	665	424	984	678	416	945	0
665	424	984	678	416	945	642	0
424	984	678	416	945	642	436	1
984	678	416	945	642	436	876	0
678	416	945	642	436	876	618	0
416	945	642	436	876	618	631	1
945	642	436	876	618	631	412	0
642	436	876	618	631	412	813	0
436	876	618	631	412	813	421	0
876	618	631	412	813	421	809	1
618	631	412	813	421	809	428	0
631	412	813	421	809	428	782	1
412	813	421	809	428	782	416	0
813	421	809	428	782	416	767	1
421	809	428	782	416	767	416	0
809	428	782	416	767	416	759	1
428	782	416	767	416	759	413	0
782	416	767	416	759	413	766	1
416	767	416	759	413	766	416	0
767	416	759	413	766	416	759	1
416	759	413	766	416	759	595	0
759	413	766	416	759	595	611	1
413	766	416	759	595	611	417	0
766	416	759	595	611	417	914	0
416	759	595	611	417	914	662	0
759	595	611	417	914	662	677	1
595	611	417	914	662	677	400	0
611	417	914	662	677	400	993	0
417	914	662	677	400	993	665	0
914	662	677	400	993	665	420	1
662	677	400	993	665	420	996	0
677	400	993	665	420	996	658	0
400	993	665	420	996	658	416	1
993	665	420	996	658	416	954	0
665	420	996	658	416	954	681	0
420	996	658	416	954	681	408	1
996	658	416	954	681	408	981	0
658	416	954	681	408	981	688	0
416	954	681	408	981	688	413	1
954	681	408	981	688	413	1046	0
681	408	981	688	413	1046	674	0
408	981	688	413	1046	674	408	1
981	688	413	1046	674	408	1012	0
688	413	1046	674	408	1012	696	0
413	1046	674	408	1012	696	413	1
1046	674	408	1012	696	413	1039	0
674	408	1012	696	413	1039	704	0
408	1012	696	413	1039	704	409	1
1012	696	413	1039	704	409	1035	0
696	413	1039	704	409	1035	673	0
413	1039	704	409	1035	673	408	1
1039	704	409	1035	673	408	1012	0
704	409	1035	673	408	1012	681	0
409	1035	673	408	1012	681	408	1
1035	673	408	1012	681	408	989	0
673	408	1012	681	408	989	685	0
408	1012	681	408	989	685	408	1
1012	681	408	989	685	408	992	0
681	408	989	685	408	992	642	0
408	989	685	408	992	642	413	1
989	685	408	992	642	413	910	0
685	408	992	642	413	910	650	0
408	992	642	413	910	650	413	1
992	642	413	910	650	413	914	0
642	413	910	650	413	914	662	0
413	910	650	413	914	662	404	1
910	650	413	914	662	404	1027	0
650	413	914	662	404	1027	674	0
413	914	662	404	1027	674	408	1
914	662	404	1027	674	408	969	0
662	404	1027	674	408	969	642	0
404	1027	674	408	969	642	409	1
1027	674	408	969	642	409	945	0
674	408	969	642	409	945	634	0
408	969	642	409	945	634	413	1
969	642	409	945	634	413	840	0
642	409	945	634	413	840	615	0
409	945	634	413	840	615	420	1
945	634	413	840	615	420	884	0
634	413	840	615	420	884	645	0
413	840	615	420	884	645	405	1
840	615	420	884	645	405	860	0
615	420	884	645	405	860	634	0
420	884	645	405	860	634	413	1
884	645	405	860	634	413	840	0
645	405	860	634	413	840	611	0
405	860	634	413	840	611	428	1
860	634	413	840	611	428	833	0
634	413	840	611	428	833	630	0
413	840	611	428	833	630	413	1
840	611	428	833	630	413	856	0
611	428	833	630	413	856	638	0
428	833	630	413	856	638	412	1
833	630	413	856	638	412	930	0
630	413	856	638	412	930	658	0
413	856	638	412	930	658	408	1
856	638	412	930	658	408	954	0
638	412	930	658	408	954	665	0
412	930	658	408	954	665	665	1
930	658	408	954	665	665	413	0
658	408	954	665	665	413	1000	0
408	954	665	665	413	1000	673	0
954	665	665	413	1000	673	677	1
665	665	413	1000	673	677	724	0
665	413	1000	673	677	724	751	0
413	1000	673	677	724	751	782	0
1000	673	677	724	751	782	825	0
673	677	724	751	782	825	840	0
677	724	751	782	825	840	821	0
724	751	782	825	840	821	833	0
751	782	825	840	821	833	844	0
782	825	840	821	833	844	810	0
825	840	821	833	844	810	782	0
840	821	833	844	810	782	778	0
821	833	844	810	782	778	778	0
833	844	810	782	778	778	732	0
844	810	782	778	778	732	727	0
810	782	778	778	732	727	743	0
782	778	778	732	727	743	748	0
778	778	732	727	743	748	751	0
778	732	727	743	748	751	723	0
732	727	743	748	751	723	778	0
727	743	748	751	723	778	775	0
743	748	751	723	778	775	786	0
748	751	723	778	775	786	762	0
751	723	778	775	786	762	755	0
723	778	775	786	762	755	755	0
778	775	786	762	755	755	747	0
775	786	762	755	755	747	712	0
786	762	755	755	747	712	755	0
762	755	755	747	712	755	732	0
755	755	747	712	755	732	731	0
755	747	712	755	732	731	697	0
747	712	755	732	731	697	747	0
712	755	732	731	697	747	731	0
755	732	731	697	747	731	697	0
732	731	697	747	731	697	708	0
731	697	747	731	697	708	724	0
697	747	731	697	708	724	708	0
747	731	697	708	724	708	685	0
731	697	708	724	708	685	692	0
697	708	724	708	685	692	720	0
708	724	708	685	692	720	712	0
724	708	685	692	720	712	720	0
708	685	692	720	712	720	693	0
685	692	720	712	720	693	712	0
692	720	712	720	693	712	712	0
720	712	720	693	712	712	727	0
712	720	693	712	712	727	705	0
720	693	712	712	727	705	704	0
693	712	712	727	705	704	708	0
712	712	727	705	704	708	689	0
712	727	705	704	708	689	650	0
727	705	704	708	689	650	673	0
705	704	708	689	650	673	665	0
704	708	689	650	673	665	666	0
708	689	650	673	665	666	669	0
689	650	673	665	666	669	661	0
650	673	665	666	669	661	662	0
673	665	666	669	661	662	681	0
665	666	669	661	662	681	669	0
666	669	661	662	681	669	661	0
669	661	662	681	669	661	677	0
661	662	681	669	661	677	689	0
662	681	669	661	677	689	712	0
681	669	661	677	689	712	705	0
669	661	677	689	712	705	704	0
661	677	689	712	705	704	704	0
677	689	712	705	704	704	685	0
689	712	705	704	704	685	681	0
712	705	704	704	685	681	689	0
705	704	704	685	681	689	688	0
704	704	685	681	689	688	654	0
704	685	681	689	688	654	416	0
685	681	689	688	654	416	926	0
681	689	688	654	416	926	646	0
689	688	654	416	926	646	424	1
688	654	416	926	646	424	860	0
654	416	926	646	424	860	638	0
416	926	646	424	860	638	425	1
926	646	424	860	638	425	879	0
646	424	860	638	425	879	650	0
424	860	638	425	879	650	424	1
860	638	425	879	650	424	961	0
638	425	879	650	424	961	689	0
425	879	650	424	961	689	708	1
879	650	424	961	689	708	416	0
650	424	961	689	708	416	1031	0
424	961	689	708	416	1031	705	0
961	689	708	416	1031	705	712	1
689	708	416	1031	705	712	420	0
708	416	1031	705	712	420	1035	0
416	1031	705	712	420	1035	704	0
1031	705	712	420	1035	704	420	1
705	712	420	1035	704	420	1008	0
712	420	1035	704	420	1008	673	0
420	1035	704	420	1008	673	425	1
1035	704	420	1008	673	425	953	0
704	420	1008	673	425	953	677	0
420	1008	673	425	953	677	424	1
1008	673	425	953	677	424	961	0
673	425	953	677	424	961	681	0
425	953	677	424	961	681	424	1
953	677	424	961	681	424	1012	0
677	424	961	681	424	1012	677	0
424	961	681	424	1012	677	424	1
961	681	424	1012	677	424	992	0
681	424	1012	677	424	992	693	0
424	1012	677	424	992	693	412	1
1012	677	424	992	693	412	996	0
677	424	992	693	412	996	697	0
424	992	693	412	996	697	416	1
992	693	412	996	697	416	981	0
693	412	996	697	416	981	661	0
412	996	697	416	981	661	436	1
996	697	416	981	661	436	903	0
697	416	981	661	436	903	661	0
416	981	661	436	903	661	428	1
981	661	436	903	661	428	884	0
661	436	903	661	428	884	657	0
436	903	661	428	884	657	424	1
903	661	428	884	657	424	1008	0
661	428	884	657	424	1008	689	0
428	884	657	424	1008	689	420	1
884	657	424	1008	689	420	1051	0
657	424	1008	689	420	1051	727	0
424	1008	689	420	1051	727	420	1
1008	689	420	1051	727	420	1051	0
689	420	1051	727	420	1051	716	0
420	1051	727	420	1051	716	420	1
1051	727	420	1051	716	420	1043	0
727	420	1051	716	420	1043	700	0
420	1051	716	420	1043	700	421	1
1051	716	420	1043	700	421	1000	0
716	420	1043	700	421	1000	696	0
420	1043	700	421	1000	696	424	1
1043	700	421	1000	696	424	985	0
700	421	1000	696	424	985	688	0
421	1000	696	424	985	688	425	1
1000	696	424	985	688	425	1019	0
696	424	985	688	425	1019	693	0
424	985	688	425	1019	693	420	1
985	688	425	1019	693	420	1039	0
688	425	1019	693	420	1039	716	0
425	1019	693	420	1039	716	428	1
1019	693	420	1039	716	428	1000	0
693	420	1039	716	428	1000	696	0
420	1039	716	428	1000	696	420	1
1039	716	428	1000	696	420	985	0
716	428	1000	696	420	985	669	0
428	1000	696	420	985	669	420	1
1000	696	420	985	669	420	915	0
696	420	985	669	420	915	665	0
420	985	669	420	915	665	424	1
985	669	420	915	665	424	950	0
669	420	915	665	424	950	688	0
420	915	665	424	950	688	705	1
915	665	424	950	688	705	420	0
665	424	950	688	705	420	1062	0
424	950	688	705	420	1062	712	0
950	688	705	420	1062	712	716	1
688	705	420	1062	712	716	743	0
705	420	1062	712	716	743	732	0
420	1062	712	716	743	732	743	0
1062	712	716	743	732	743	732	0
712	716	743	732	743	732	712	0
716	743	732	743	732	712	708	0
743	732	743	732	712	708	735	0
732	743	732	712	708	735	743	0
743	732	712	708	735	743	732	0
732	712	708	735	743	732	689	0
712	708	735	743	732	689	684	0
708	735	743	732	689	684	689	0
735	743	732	689	684	689	693	0
743	732	689	684	689	693	692	0
732	689	684	689	693	692	716	0
689	684	689	693	692	716	740	0
684	689	693	692	716	740	758	0
689	693	692	716	740	758	759	0
693	692	716	740	758	759	755	0
692	716	740	758	759	755	767	0
716	740	758	759	755	767	778	0
740	758	759	755	767	778	766	0
758	759	755	767	778	766	751	0
759	755	767	778	766	751	755	0
755	767	778	766	751	755	763	0
767	778	766	751	755	763	770	0
778	766	751	755	763	770	724	0
766	751	755	763	770	724	735	0
751	755	763	770	724	735	724	0
755	763	770	724	735	724	728	0
763	770	724	735	724	728	723	0
770	724	735	724	728	723	713	0
724	735	724	728	723	713	715	0
735	724	728	723	713	715	728	0
724	728	723	713	715	728	743	0
728	723	713	715	728	743	755	0
723	713	715	728	743	755	728	0
713	715	728	743	755	728	735	0
715	728	743	755	728	735	732	0
728	743	755	728	735	732	735	0
743	755	728	735	732	735	720	0
755	728	735	732	735	720	716	0
728	735	732	735	720	716	712	0
735	732	735	720	716	712	731	0
732	735	720	716	712	731	724	0
735	720	716	712	731	724	720	0
720	716	712	731	724	720	732	0
716	712	731	724	720	732	743	0
712	731	724	720	732	743	712	0
731	724	720	732	743	712	704	0
724	720	732	743	712	704	708	0
720	732	743	712	704	708	740	0
732	743	712	704	708	740	719	0
743	712	704	708	740	719	705	0
712	704	708	740	719	705	700	0
704	708	740	719	705	700	712	0
708	740	719	705	700	712	708	0
740	719	705	700	712	708	720	0
719	705	700	712	708	720	732	0
705	700	712	708	720	732	751	0
700	712	708	720	732	751	735	0
712	708	720	732	751	735	751	0
708	720	732	751	735	751	767	0
720	732	751	735	751	767	743	0
732	751	735	751	767	743	727	0
751	735	751	767	743	727	728	0
735	751	767	743	727	728	743	0
751	767	743	727	728	743	728	0
767	743	727	728	743	728	743	0
743	727	728	743	728	743	767	0
727	728	743	728	743	767	770	0
728	743	728	743	767	770	755	0
743	728	743	767	770	755	759	0
728	743	767	770	755	759	770	0
743	767	770	755	759	770	763	0
767	770	755	759	770	763	735	0
770	755	759	770	763	735	736	0
755	759	770	763	735	736	743	0
759	770	763	735	736	743	743	0
770	763	735	736	743	743	720	0
763	735	736	743	743	720	723	0
735	736	743	743	720	723	736	0
736	743	743	720	723	736	731	0
743	743	720	723	736	731	697	0
743	720	723	736	731	697	704	0
720	723	736	731	697	704	716	0
723	736	731	697	704	716	704	0
736	731	697	704	716	704	697	0
731	697	704	716	704	697	704	0
697	704	716	704	697	704	724	0
704	716	704	697	704	724	724	0
716	704	697	704	724	724	696	0
704	697	704	724	724	696	697	0
697	704	724	724	696	697	692	0
704	724	724	696	697	692	716	0
724	724	696	697	692	716	740	0
724	696	697	692	716	740	719	0
696	697	692	716	740	719	732	0
697	692	716	740	719	732	759	0
692	716	740	719	732	759	778	0
716	740	719	732	759	778	755	0
740	719	732	759	778	755	766	0
719	732	759	778	755	766	771	0
732	759	778	755	766	771	786	0
759	778	755	766	771	786	735	0
778	755	766	771	786	735	732	0
755	766	771	786	735	732	712	0
766	771	786	735	732	712	704	0
771	786	735	732	712	704	424	0
786	735	732	712	704	424	977	0
735	732	712	704	424	977	688	0
732	712	704	424	977	688	681	1
712	704	424	977	688	681	440	0
704	424	977	688	681	440	942	0
424	977	688	681	440	942	692	0
977	688	681	440	942	692	428	1
688	681	440	942	692	428	989	0
681	440	942	692	428	989	677	0
440	942	692	428	989	677	432	1
942	692	428	989	677	432	961	0
692	428	989	677	432	961	692	0
428	989	677	432	961	692	432	1
989	677	432	961	692	432	1012	0
677	432	961	692	432	1012	708	0
432	961	692	432	1012	708	428	1
961	692	432	1012	708	428	1070	0
692	432	1012	708	428	1070	712	0
432	1012	708	428	1070	712	428	1
1012	708	428	1070	712	428	1047	0
708	428	1070	712	428	1047	704	0
428	1070	712	428	1047	704	428	1
1070	712	428	1047	704	428	1000	0
712	428	1047	704	428	1000	681	0
428	1047	704	428	1000	681	673	1
1047	704	428	1000	681	673	432	0
704	428	1000	681	673	432	821	0
428	1000	681	673	432	821	627	0
1000	681	673	432	821	627	451	1
681	673	432	821	627	451	825	0
673	432	821	627	451	825	638	0
432	821	627	451	825	638	619	1
821	627	451	825	638	619	630	0
627	451	825	638	619	630	634	0
451	825	638	619	630	634	631	0
825	638	619	630	634	631	412	0
638	619	630	634	631	412	825	0
619	630	634	631	412	825	623	0
630	634	631	412	825	623	595	1
634	631	412	825	623	595	615	0
631	412	825	623	595	615	560	0
412	825	623	595	615	560	603	0
825	623	595	615	560	603	451	0
623	595	615	560	603	451	697	0
595	615	560	603	451	697	572	0
615	560	603	451	697	572	412	1
560	603	451	697	572	412	736	0
603	451	697	572	412	736	576	0
451	697	572	412	736	576	416	1
697	572	412	736	576	416	747	0
572	412	736	576	416	747	592	0
412	736	576	416	747	592	420	1
736	576	416	747	592	420	840	0
576	416	747	592	420	840	471	0
416	747	592	420	840	471	798	1
747	592	420	840	471	798	642	0
592	420	840	471	798	642	416	1
420	840	471	798	642	416	899	0
840	471	798	642	416	899	436	0
471	798	642	416	899	436	875	1
798	642	416	899	436	875	432	0
642	416	899	436	875	432	876	1
416	899	436	875	432	876	649	0
899	436	875	432	876	649	662	1
436	875	432	876	649	662	416	0
875	432	876	649	662	416	1113	0
432	876	649	662	416	1113	747	0
876	649	662	416	1113	747	420	1
649	662	416	1113	747	420	1059	0
662	416	1113	747	420	1059	688	0
416	1113	747	420	1059	688	409	1
1113	747	420	1059	688	409	934	0
747	420	1059	688	409	934	650	0
420	1059	688	409	934	650	428	1
1059	688	409	934	650	428	910	0
688	409	934	650	428	910	662	0
409	934	650	428	910	662	428	1
934	650	428	910	662	428	949	0
650	428	910	662	428	949	677	0
428	910	662	428	949	677	420	1
910	662	428	949	677	420	973	0
662	428	949	677	420	973	689	0
428	949	677	420	973	689	412	1
949	677	420	973	689	412	1020	0
677	420	973	689	412	1020	677	0
420	973	689	412	1020	677	412	1
973	689	412	1020	677	412	934	0
689	412	1020	677	412	934	662	0
412	1020	677	412	934	662	432	1
1020	677	412	934	662	432	926	0
677	412	934	662	432	926	661	0
412	934	662	432	926	661	424	1
934	662	432	926	661	424	938	0
662	432	926	661	424	938	673	0
432	926	661	424	938	673	416	1
926	661	424	938	673	416	977	0
661	424	938	673	416	977	681	0
424	938	673	416	977	681	412	1
938	673	416	977	681	412	969	0
673	416	977	681	412	969	670	0
416	977	681	412	969	670	416	1
977	681	412	969	670	416	965	0
681	412	969	670	416	965	681	0
412	969	670	416	965	681	412	1
969	670	416	965	681	412	993	0
670	416	965	681	412	993	680	0
416	965	681	412	993	680	417	1
965	681	412	993	680	417	984	0
681	412	993	680	417	984	677	0
412	993	680	417	984	677	421	1
993	680	417	984	677	421	968	0
680	417	984	677	421	968	685	0
417	984	677	421	968	685	413	1
984	677	421	968	685	413	984	0
677	421	968	685	413	984	685	0
421	968	685	413	984	685	405	1
968	685	413	984	685	405	902	0
685	413	984	685	405	902	650	0
413	984	685	405	902	650	424	1
984	685	405	902	650	424	915	0
685	405	902	650	424	915	661	0
405	902	650	424	915	661	420	1
902	650	424	915	661	420	958	0
650	424	915	661	420	958	680	0
424	915	661	420	958	680	413	1
915	661	420	958	680	413	969	0
661	420	958	680	413	969	677	0
420	958	680	413	969	677	416	1
958	680	413	969	677	416	953	0
680	413	969	677	416	953	670	0
413	969	677	416	953	670	420	1
969	677	416	953	670	420	934	0
677	416	953	670	420	934	650	0
416	953	670	420	934	650	432	1
953	670	420	934	650	432	933	0
670	420	934	650	432	933	677	0
420	934	650	432	933	677	413	1
934	650	432	933	677	413	965	0
650	432	933	677	413	965	681	0
432	933	677	413	965	681	416	1
933	677	413	965	681	416	996	0
677	413	965	681	416	996	681	0
413	965	681	416	996	681	417	1
965	681	416	996	681	417	976	0
681	416	996	681	417	976	689	0
416	996	681	417	976	689	416	1
996	681	417	976	689	416	938	0
681	417	976	689	416	938	642	0
417	976	689	416	938	642	444	1
976	689	416	938	642	444	914	0
689	416	938	642	444	914	669	0
416	938	642	444	914	669	420	1
938	642	444	914	669	420	927	0
642	444	914	669	420	927	673	0
444	914	669	420	927	673	420	1
914	669	420	927	673	420	926	0
669	420	927	673	420	926	669	0
420	927	673	420	926	669	421	1
927	673	420	926	669	421	941	0
673	420	926	669	421	941	677	0
420	926	669	421	941	677	420	1
926	669	421	941	677	420	938	0
669	421	941	677	420	938	681	0
421	941	677	420	938	681	420	1
941	677	420	938	681	420	969	0
677	420	938	681	420	969	689	0
420	938	681	420	969	689	416	1
938	681	420	969	689	416	1004	0
681	420	969	689	416	1004	693	0
420	969	689	416	1004	693	416	1
969	689	416	1004	693	416	977	0
689	416	1004	693	416	977	688	0
416	1004	693	416	977	688	417	1
1004	693	416	977	688	417	988	0
693	416	977	688	417	988	708	0
416	977	688	417	988	708	409	1
977	688	417	988	708	409	1023	0
688	417	988	708	409	1023	701	0
417	988	708	409	1023	701	412	1
988	708	409	1023	701	412	992	0
708	409	1023	701	412	992	689	0
409	1023	701	412	992	689	420	1
1023	701	412	992	689	420	954	0
701	412	992	689	420	954	688	0
412	992	689	420	954	688	417	1
992	689	420	954	688	417	918	0
689	420	954	688	417	918	665	0
420	954	688	417	918	665	440	1
954	688	417	918	665	440	883	0
688	417	918	665	440	883	662	0
417	918	665	440	883	662	435	1
918	665	440	883	662	435	892	0
665	440	883	662	435	892	649	0
440	883	662	435	892	649	666	1
883	662	435	892	649	666	400	0
662	435	892	649	666	400	973	0
435	892	649	666	400	973	685	0
892	649	666	400	973	685	436	1
649	666	400	973	685	436	984	0
666	400	973	685	436	984	705	0
400	973	685	436	984	705	412	1
973	685	436	984	705	412	1012	0
685	436	984	705	412	1012	696	0
436	984	705	412	1012	696	413	1
984	705	412	1012	696	413	965	0
705	412	1012	696	413	965	684	0
412	1012	696	413	965	684	417	1
1012	696	413	965	684	417	945	0
696	413	965	684	417	945	681	0
413	965	684	417	945	681	420	1
965	684	417	945	681	420	927	0
684	417	945	681	420	927	661	0
417	945	681	420	927	661	420	1
945	681	420	927	661	420	895	0
681	420	927	661	420	895	646	0
420	927	661	420	895	646	654	1
927	661	420	895	646	654	405	0
661	420	895	646	654	405	937	0
420	895	646	654	405	937	666	0
895	646	654	405	937	666	673	1
646	654	405	937	666	673	408	0
654	405	937	666	673	408	1066	0
405	937	666	673	408	1066	709	0
937	666	673	408	1066	709	424	1
666	673	408	1066	709	424	1011	0
673	408	1066	709	424	1011	705	0
408	1066	709	424	1011	705	416	1
1066	709	424	1011	705	416	973	0
709	424	1011	705	416	973	689	0
424	1011	705	416	973	689	416	1
1011	705	416	973	689	416	953	0
705	416	973	689	416	953	662	0
416	973	689	416	953	662	428	1
973	689	416	953	662	428	922	0
689	416	953	662	428	922	677	0
416	953	662	428	922	677	416	1
953	662	428	922	677	416	942	0
662	428	922	677	416	942	669	0
428	922	677	416	942	669	416	1
922	677	416	942	669	416	915	0
677	416	942	669	416	915	665	0
416	942	669	416	915	665	420	1
942	669	416	915	665	420	946	0
669	416	915	665	420	946	681	0
416	915	665	420	946	681	424	1
915	665	420	946	681	424	973	0
665	420	946	681	424	973	696	0
420	946	681	424	973	696	417	1
946	681	424	973	696	417	984	0
681	424	973	696	417	984	701	0
424	973	696	417	984	701	412	1
973	696	417	984	701	412	1004	0
696	417	984	701	412	1004	692	0
417	984	701	412	1004	692	417	1
984	701	412	1004	692	417	961	0
701	412	1004	692	417	961	681	0
412	1004	692	417	961	681	416	1
1004	692	417	961	681	416	930	0
692	417	961	681	416	930	665	0
417	961	681	416	930	665	421	1
961	681	416	930	665	421	930	0
681	416	930	665	421	930	673	0
416	930	665	421	930	673	424	1
930	665	421	930	673	424	965	0
665	421	930	673	424	965	685	0
421	930	673	424	965	685	420	1
930	673	424	965	685	420	977	0
673	424	965	685	420	977	684	0
424	965	685	420	977	684	417	1
965	685	420	977	684	417	973	0
685	420	977	684	417	973	684	0
420	977	684	417	973	684	417	1
977	684	417	973	684	417	980	0
684	417	973	684	417	980	701	0
417	973	684	417	980	701	412	1
973	684	417	980	701	412	1000	0
684	417	980	701	412	1000	689	0
417	980	701	412	1000	689	416	1
980	701	412	1000	689	416	989	0
701	412	1000	689	416	989	692	0
412	1000	689	416	989	692	409	1
1000	689	416	989	692	409	965	0
689	416	989	692	409	965	684	0
416	989	692	409	965	684	413	1
989	692	409	965	684	413	969	0
692	409	965	684	413	969	673	0
409	965	684	413	969	673	420	1
965	684	413	969	673	420	969	0
684	413	969	673	420	969	673	0
413	969	673	420	969	673	420	1
969	673	420	969	673	420	946	0
673	420	969	673	420	946	677	0
420	969	673	420	946	677	412	1
969	673	420	946	677	412	934	0
673	420	946	677	412	934	670	0
420	946	677	412	934	670	420	1
946	677	412	934	670	420	945	0
677	412	934	670	420	945	662	0
412	934	670	420	945	662	428	1
934	670	420	945	662	428	969	0
670	420	945	662	428	969	692	0
420	945	662	428	969	692	405	1
945	662	428	969	692	405	992	0
662	428	969	692	405	992	701	0
428	969	692	405	992	701	404	1
969	692	405	992	701	404	1000	0
692	405	992	701	404	1000	689	0
405	992	701	404	1000	689	412	1
992	701	404	1000	689	412	969	0
701	404	1000	689	412	969	673	0
404	1000	689	412	969	673	413	1
1000	689	412	969	673	413	945	0
689	412	969	673	413	945	677	0
412	969	673	413	945	677	417	1
969	673	413	945	677	417	973	0
673	413	945	677	417	973	704	0
413	945	677	417	973	704	405	1
945	677	417	973	704	405	984	0
677	417	973	704	405	984	669	0
417	973	704	405	984	669	417	1
973	704	405	984	669	417	875	0
704	405	984	669	417	875	650	0
405	984	669	417	875	650	432	1
984	669	417	875	650	432	864	0
669	417	875	650	432	864	657	0
417	875	650	432	864	657	428	1
875	650	432	864	657	428	953	0
650	432	864	657	428	953	674	0
432	864	657	428	953	674	420	1
864	657	428	953	674	420	945	0
657	428	953	674	420	945	677	0
428	953	674	420	945	677	417	1
953	674	420	945	677	417	941	0
674	420	945	677	417	941	689	0
420	945	677	417	941	689	416	1
945	677	417	941	689	416	985	0
677	417	941	689	416	985	689	0
417	941	689	416	985	689	420	1
941	689	416	985	689	420	1004	0
689	416	985	689	420	1004	708	0
416	985	689	420	1004	708	412	1
985	689	420	1004	708	412	1024	0
689	420	1004	708	412	1024	704	0
420	1004	708	412	1024	704	412	1
1004	708	412	1024	704	412	1004	0
708	412	1024	704	412	1004	689	0
412	1024	704	412	1004	689	416	1
1024	704	412	1004	689	416	1000	0
704	412	1004	689	416	1000	709	0
412	1004	689	416	1000	709	412	1
1004	689	416	1000	709	412	1008	0
689	416	1000	709	412	1008	700	0
416	1000	709	412	1008	700	417	1
1000	709	412	1008	700	417	1011	0
709	412	1008	700	417	1011	689	0
412	1008	700	417	1011	689	416	1
1008	700	417	1011	689	416	989	0
700	417	1011	689	416	989	684	0
417	1011	689	416	989	684	417	1
1011	689	416	989	684	417	965	0
689	416	989	684	417	965	673	0
416	989	684	417	965	673	416	1
989	684	417	965	673	416	989	0
684	417	965	673	416	989	692	0
417	965	673	416	989	692	417	1
965	673	416	989	692	417	1038	0
673	416	989	692	417	1038	709	0
416	989	692	417	1038	709	412	1
989	692	417	1038	709	412	1004	0
692	417	1038	709	412	1004	696	0
417	1038	709	412	1004	696	413	1
1038	709	412	1004	696	413	945	0
709	412	1004	696	413	945	670	0
412	1004	696	413	945	670	420	1
1004	696	413	945	670	420	903	0
696	413	945	670	420	903	653	0
413	945	670	420	903	653	440	1
945	670	420	903	653	440	903	0
670	420	903	653	440	903	673	0
420	903	653	440	903	673	416	1
903	653	440	903	673	416	942	0
653	440	903	673	416	942	677	0
440	903	673	416	942	677	412	1
903	673	416	942	677	412	942	0
673	416	942	677	412	942	673	0
416	942	677	412	942	673	416	1
942	677	412	942	673	416	927	0
677	412	942	673	416	927	673	0
412	942	673	416	927	673	420	1
942	673	416	927	673	420	945	0
673	416	927	673	420	945	681	0
416	927	673	420	945	681	417	1
927	673	420	945	681	417	980	0
673	420	945	681	417	980	681	0
420	945	681	417	980	681	417	1
945	681	417	980	681	417	968	0
681	417	980	681	417	968	693	0
417	980	681	417	968	693	413	1
980	681	417	968	693	413	961	0
681	417	968	693	413	961	677	0
417	968	693	413	961	677	416	1
968	693	413	961	677	416	949	0
693	413	961	677	416	949	681	0
413	961	677	416	949	681	417	1
961	677	416	949	681	417	969	0
677	416	949	681	417	969	684	0
416	949	681	417	969	684	413	1
949	681	417	969	684	413	988	0
681	417	969	684	413	988	697	0
417	969	684	413	988	697	412	1
969	684	413	988	697	412	996	0
684	413	988	697	412	996	697	0
413	988	697	412	996	697	416	1
988	697	412	996	697	416	981	0
697	412	996	697	416	981	688	0
412	996	697	416	981	688	417	1
996	697	416	981	688	417	953	0
697	416	981	688	417	953	685	0
416	981	688	417	953	685	420	1
981	688	417	953	685	420	984	0
688	417	953	685	420	984	685	0
417	953	685	420	984	685	417	1
953	685	420	984	685	417	968	0
685	420	984	685	417	968	685	0
420	984	685	417	968	685	417	1
984	685	417	968	685	417	957	0
685	417	968	685	417	957	689	0
417	968	685	417	957	689	416	1
968	685	417	957	689	416	961	0
685	417	957	689	416	961	685	0
417	957	689	416	961	685	416	1
957	689	416	961	685	416	922	0
689	416	961	685	416	922	658	0
416	961	685	416	922	658	436	1
961	685	416	922	658	436	899	0
685	416	922	658	436	899	653	0
416	922	658	436	899	653	432	1
922	658	436	899	653	432	876	0
658	436	899	653	432	876	642	0
436	899	653	432	876	642	451	1
899	653	432	876	642	451	841	0
653	432	876	642	451	841	657	0
432	876	642	451	841	657	448	1
876	642	451	841	657	448	922	0
642	451	841	657	448	922	681	0
451	841	657	448	922	681	424	1
841	657	448	922	681	424	945	0
657	448	922	681	424	945	677	0
448	922	681	424	945	677	421	1
922	681	424	945	677	421	992	0
681	424	945	677	421	992	696	0
424	945	677	421	992	696	417	1
945	677	421	992	696	417	1000	0
677	421	992	696	417	1000	696	0
421	992	696	417	1000	696	417	1
992	696	417	1000	696	417	992	0
696	417	1000	696	417	992	696	0
417	1000	696	417	992	696	413	1
1000	696	417	992	696	413	1004	0
696	417	992	696	413	1004	688	0
417	992	696	413	1004	688	421	1
992	696	413	1004	688	421	1003	0
696	413	1004	688	421	1003	709	0
413	1004	688	421	1003	709	416	1
1004	688	421	1003	709	416	1000	0
688	421	1003	709	416	1000	693	0
421	1003	709	416	1000	693	420	1
1003	709	416	1000	693	420	1000	0
709	416	1000	693	420	1000	685	0
416	1000	693	420	1000	685	424	1
1000	693	420	1000	685	424	976	0
693	420	1000	685	424	976	701	0
420	1000	685	424	976	701	420	1
1000	685	424	976	701	420	1016	0
685	424	976	701	420	1016	712	0
424	976	701	420	1016	712	416	1
976	701	420	1016	712	416	1027	0
701	420	1016	712	416	1027	693	0
420	1016	712	416	1027	693	424	1
1016	712	416	1027	693	424	984	0
712	416	1027	693	424	984	689	0
416	1027	693	424	984	689	420	1
1027	693	424	984	689	420	965	0
693	424	984	689	420	965	689	0
424	984	689	420	965	689	412	1
984	689	420	965	689	412	969	0
689	420	965	689	412	969	685	0
420	965	689	412	969	685	416	1
965	689	412	969	685	416	989	0
689	412	969	685	416	989	689	0
412	969	685	416	989	689	420	1
969	685	416	989	689	420	976	0
685	416	989	689	420	976	689	0
416	989	689	420	976	689	416	1
989	689	420	976	689	416	946	0
689	420	976	689	416	946	681	0
420	976	689	416	946	681	420	1
976	689	416	946	681	420	915	0
689	416	946	681	420	915	669	0
416	946	681	420	915	669	440	1
946	681	420	915	669	440	910	0
681	420	915	669	440	910	669	0
420	915	669	440	910	669	424	1
915	669	440	910	669	424	915	0
669	440	910	669	424	915	661	0
440	910	669	424	915	661	440	1
910	669	424	915	661	440	852	0
669	424	915	661	440	852	630	0
424	915	661	440	852	630	623	1
915	661	440	852	630	623	412	0
661	440	852	630	623	412	818	0
440	852	630	623	412	818	618	0
852	630	623	412	818	618	619	1
630	623	412	818	618	619	634	0
623	412	818	618	619	634	646	0
412	818	618	619	634	646	409	0
818	618	619	634	646	409	871	0
618	619	634	646	409	871	642	0
619	634	646	409	871	642	627	1
634	646	409	871	642	627	404	0
646	409	871	642	627	404	888	0
409	871	642	627	404	888	653	0
871	642	627	404	888	653	650	1
642	627	404	888	653	650	413	0
627	404	888	653	650	413	926	0
404	888	653	650	413	926	661	0
888	653	650	413	926	661	658	1
653	650	413	926	661	658	408	0
650	413	926	661	658	408	934	0
413	926	661	658	408	934	665	0
926	661	658	408	934	665	662	1
661	658	408	934	665	662	408	0
658	408	934	665	662	408	969	0
408	934	665	662	408	969	674	0
934	665	662	408	969	674	692	1
665	662	408	969	674	692	409	0
662	408	969	674	692	409	1031	0
408	969	674	692	409	1031	704	0
969	674	692	409	1031	704	436	1
674	692	409	1031	704	436	988	0
692	409	1031	704	436	988	697	0
409	1031	704	436	988	697	424	1
1031	704	436	988	697	424	945	0
704	436	988	697	424	945	677	0
436	988	697	424	945	677	650	1
988	697	424	945	677	650	417	0
697	424	945	677	650	417	937	0
424	945	677	650	417	937	662	0
945	677	650	417	937	662	673	1
677	650	417	937	662	673	412	0
650	417	937	662	673	412	1098	0
417	937	662	673	412	1098	704	0
937	662	673	412	1098	704	447	1
662	673	412	1098	704	447	1024	0
673	412	1098	704	447	1024	696	0
412	1098	704	447	1024	696	424	1
1098	704	447	1024	696	424	985	0
704	447	1024	696	424	985	696	0
447	1024	696	424	985	696	424	1
1024	696	424	985	696	424	993	0
696	424	985	696	424	993	692	0
424	985	696	424	993	692	420	1
985	696	424	993	692	420	993	0
696	424	993	692	420	993	692	0
424	993	692	420	993	692	421	1
993	692	420	993	692	421	937	0
692	420	993	692	421	937	666	0
420	993	692	421	937	666	443	1
993	692	421	937	666	443	884	0
692	421	937	666	443	884	653	0
421	937	666	443	884	653	432	1
937	666	443	884	653	432	891	0
666	443	884	653	432	891	669	0
443	884	653	432	891	669	428	1
884	653	432	891	669	428	930	0
653	432	891	669	428	930	681	0
432	891	669	428	930	681	424	1
891	669	428	930	681	424	985	0
669	428	930	681	424	985	693	0
428	930	681	424	985	693	420	1
930	681	424	985	693	420	1008	0
681	424	985	693	420	1008	708	0
424	985	693	420	1008	708	412	1
985	693	420	1008	708	412	1004	0
693	420	1008	708	412	1004	700	0
420	1008	708	412	1004	700	409	1
1008	708	412	1004	700	409	981	0
708	412	1004	700	409	981	673	0
412	1004	700	409	981	673	424	1
1004	700	409	981	673	424	938	0
700	409	981	673	424	938	673	0
409	981	673	424	938	673	420	1
981	673	424	938	673	420	957	0
673	424	938	673	420	957	685	0
424	938	673	420	957	685	416	1
938	673	420	957	685	416	981	0
673	420	957	685	416	981	689	0
420	957	685	416	981	689	420	1
957	685	416	981	689	420	1004	0
685	416	981	689	420	1004	688	0
416	981	689	420	1004	688	421	1
981	689	420	1004	688	421	961	0
689	420	1004	688	421	961	692	0
420	1004	688	421	961	692	413	1
1004	688	421	961	692	413	957	0
688	421	961	692	413	957	681	0
421	961	692	413	957	681	420	1
961	692	413	957	681	420	938	0
692	413	957	681	420	938	673	0
413	957	681	420	938	673	428	1
957	681	420	938	673	428	911	0
681	420	938	673	428	911	653	0
420	938	673	428	911	653	432	1
938	673	428	911	653	432	868	0
673	428	911	653	432	868	650	0
428	911	653	432	868	650	634	1
911	653	432	868	650	634	412	0
653	432	868	650	634	412	888	0
432	868	650	634	412	888	642	0
868	650	634	412	888	642	649	1
650	634	412	888	642	649	401	0
634	412	888	642	649	401	891	0
412	888	642	649	401	891	658	0
888	642	649	401	891	658	642	1
642	649	401	891	658	642	408	0
649	401	891	658	642	408	895	0
401	891	658	642	408	895	662	0
891	658	642	408	895	662	657	1
658	642	408	895	662	657	409	0
642	408	895	662	657	409	949	0
408	895	662	657	409	949	666	0
895	662	657	409	949	666	447	1
662	657	409	949	666	447	911	0
657	409	949	666	447	911	673	0
409	949	666	447	911	673	428	1
949	666	447	911	673	428	949	0
666	447	911	673	428	949	681	0
447	911	673	428	949	681	417	1
911	673	428	949	681	417	926	0
673	428	949	681	417	926	665	0
428	949	681	417	926	665	436	1
949	681	417	926	665	436	879	0
681	417	926	665	436	879	662	0
417	926	665	436	879	662	649	1
926	665	436	879	662	649	409	0
665	436	879	662	649	409	911	0
436	879	662	649	409	911	657	0
879	662	649	409	911	657	642	1
662	649	409	911	657	642	409	0
649	409	911	657	642	409	922	0
409	911	657	642	409	922	654	0
911	657	642	409	922	654	657	1
657	642	409	922	654	657	401	0
642	409	922	654	657	401	949	0
409	922	654	657	401	949	677	0
922	654	657	401	949	677	674	1
654	657	401	949	677	674	408	0
657	401	949	677	674	408	977	0
401	949	677	674	408	977	688	0
949	677	674	408	977	688	678	1
677	674	408	977	688	678	408	0
674	408	977	688	678	408	981	0
408	977	688	678	408	981	681	0
977	688	678	408	981	681	677	1
688	678	408	981	681	677	408	0
678	408	981	681	677	408	977	0
408	981	681	677	408	977	689	0
981	681	677	408	977	689	439	1
681	677	408	977	689	439	946	0
677	408	977	689	439	946	681	0
408	977	689	439	946	681	424	1
977	689	439	946	681	424	914	0
689	439	946	681	424	914	662	0
439	946	681	424	914	662	451	1
946	681	424	914	662	451	833	0
681	424	914	662	451	833	642	0
424	914	662	451	833	642	642	1
914	662	451	833	642	642	412	0
662	451	833	642	642	412	907	0
451	833	642	642	412	907	654	0
833	642	642	412	907	654	661	1
642	642	412	907	654	661	409	0
642	412	907	654	661	409	1023	0
412	907	654	661	409	1023	700	0
907	654	661	409	1023	700	708	1
654	661	409	1023	700	708	409	0
661	409	1023	700	708	409	1027	0
409	1023	700	708	409	1027	685	0
1023	700	708	409	1027	685	673	1
700	708	409	1027	685	673	409	0
708	409	1027	685	673	409	973	0
409	1027	685	673	409	973	677	0
1027	685	673	409	973	677	677	1
685	673	409	973	677	677	408	0
673	409	973	677	677	408	1004	0
409	973	677	677	408	1004	681	0
973	677	677	408	1004	681	448	1
677	677	408	1004	681	448	953	0
677	408	1004	681	448	953	689	0
408	1004	681	448	953	689	416	1
1004	681	448	953	689	416	957	0
681	448	953	689	416	957	677	0
448	953	689	416	957	677	420	1
953	689	416	957	677	420	934	0
689	416	957	677	420	934	669	0
416	957	677	420	934	669	425	1
957	677	420	934	669	425	910	0
677	420	934	669	425	910	665	0
420	934	669	425	910	665	444	1
934	669	425	910	665	444	918	0
669	425	910	665	444	918	670	0
425	910	665	444	918	670	420	1
910	665	444	918	670	420	910	0
665	444	918	670	420	910	658	0
444	918	670	420	910	658	424	1
918	670	420	910	658	424	876	0
670	420	910	658	424	876	657	0
420	910	658	424	876	657	444	1
910	658	424	876	657	444	832	0
658	424	876	657	444	832	642	0
424	876	657	444	832	642	639	1
876	657	444	832	642	639	630	0
657	444	832	642	639	630	657	0
444	832	642	639	630	657	650	0
832	642	639	630	657	650	654	0
642	639	630	657	650	654	685	0
639	630	657	650	654	685	412	0
630	657	650	654	685	412	1024	0
657	650	654	685	412	1024	696	0
650	654	685	412	1024	696	420	1
654	685	412	1024	696	420	969	0
685	412	1024	696	420	969	673	0
412	1024	696	420	969	673	444	1
1024	696	420	969	673	444	914	0
696	420	969	673	444	914	673	0
420	969	673	444	914	673	428	1
969	673	444	914	673	428	934	0
673	444	914	673	428	934	674	0
444	914	673	428	934	674	424	1
914	673	428	934	674	424	937	0
673	428	934	674	424	937	666	0
428	934	674	424	937	666	432	1
934	674	424	937	666	432	914	0
674	424	937	666	432	914	665	0
424	937	666	432	914	665	436	1
937	666	432	914	665	436	899	0
666	432	914	665	436	899	669	0
432	914	665	436	899	669	440	1
914	665	436	899	669	440	926	0
665	436	899	669	440	926	677	0
436	899	669	440	926	677	436	1
899	669	440	926	677	436	957	0
669	440	926	677	436	957	681	0
440	926	677	436	957	681	428	1
926	677	436	957	681	428	942	0
677	436	957	681	428	942	681	0
436	957	681	428	942	681	428	1
957	681	428	942	681	428	961	0
681	428	942	681	428	961	681	0
428	942	681	428	961	681	432	1
942	681	428	961	681	432	910	0
681	428	961	681	432	910	665	0
428	961	681	432	910	665	642	1
961	681	432	910	665	642	409	0
681	432	910	665	642	409	953	0
432	910	665	642	409	953	670	0
910	665	642	409	953	670	661	1
665	642	409	953	670	661	405	0
642	409	953	670	661	405	1015	0
409	953	670	661	405	1015	689	0
953	670	661	405	1015	689	685	1
670	661	405	1015	689	685	408	0
661	405	1015	689	685	408	1059	0
405	1015	689	685	408	1059	700	0
1015	689	685	408	1059	700	689	1
689	685	408	1059	700	689	408	0
685	408	1059	700	689	408	1032	0
408	1059	700	689	408	1032	680	0
1059	700	689	408	1032	680	693	1
700	689	408	1032	680	693	401	0
689	408	1032	680	693	401	1023	0
408	1032	680	693	401	1023	689	0
1032	680	693	401	1023	689	440	1
680	693	401	1023	689	440	996	0
693	401	1023	689	440	996	696	0
401	1023	689	440	996	696	420	1
1023	689	440	996	696	420	997	0
689	440	996	696	420	997	708	0
440	996	696	420	997	708	416	1
996	696	420	997	708	416	981	0
696	420	997	708	416	981	681	0
420	997	708	416	981	681	424	1
997	708	416	981	681	424	930	0
708	416	981	681	424	930	673	0
416	981	681	424	930	673	432	1
981	681	424	930	673	432	926	0
681	424	930	673	432	926	685	0
424	930	673	432	926	685	416	1
930	673	432	926	685	416	1008	0
673	432	926	685	416	1008	692	0
432	926	685	416	1008	692	417	1
926	685	416	1008	692	417	988	0
685	416	1008	692	417	988	685	0
416	1008	692	417	988	685	424	1
1008	692	417	988	685	424	992	0
692	417	988	685	424	992	689	0
417	988	685	424	992	689	416	1
988	685	424	992	689	416	965	0
685	424	992	689	416	965	677	0
424	992	689	416	965	677	424	1
992	689	416	965	677	424	958	0
689	416	965	677	424	958	684	0
416	965	677	424	958	684	421	1
965	677	424	958	684	421	949	0
677	424	958	684	421	949	677	0
424	958	684	421	949	677	432	1
958	684	421	949	677	432	949	0
684	421	949	677	432	949	681	0
421	949	677	432	949	681	421	1
949	677	432	949	681	421	930	0
677	432	949	681	421	930	669	0
432	949	681	421	930	669	432	1
949	681	421	930	669	432	941	0
681	421	930	669	432	941	685	0
421	930	669	432	941	685	420	1
930	669	432	941	685	420	993	0
669	432	941	685	420	993	684	0
432	941	685	420	993	684	421	1
941	685	420	993	684	421	972	0
685	420	993	684	421	972	677	0
420	993	684	421	972	677	425	1
993	684	421	972	677	425	949	0
684	421	972	677	425	949	681	0
421	972	677	425	949	681	424	1
972	677	425	949	681	424	946	0
677	425	949	681	424	946	673	0
425	949	681	424	946	673	432	1
949	681	424	946	673	432	949	0
681	424	946	673	432	949	697	0
424	946	673	432	949	697	416	1
946	673	432	949	697	416	1035	0
673	432	949	697	416	1035	696	0
432	949	697	416	1035	696	421	1
949	697	416	1035	696	421	992	0
697	416	1035	696	421	992	677	0
416	1035	696	421	992	677	436	1
1035	696	421	992	677	436	965	0
696	421	992	677	436	965	688	0
421	992	677	436	965	688	425	1
992	677	436	965	688	425	961	0
677	436	965	688	425	961	681	0
436	965	688	425	961	681	420	1
965	688	425	961	681	420	980	0
688	425	961	681	420	980	677	0
425	961	681	420	980	677	428	1
961	681	420	980	677	428	962	0
681	420	980	677	428	962	684	0
420	980	677	428	962	684	424	1
980	677	428	962	684	424	965	0
677	428	962	684	424	965	685	0
428	962	684	424	965	685	428	1
962	684	424	965	685	428	989	0
684	424	965	685	428	989	688	0
424	965	685	428	989	688	424	1
965	685	428	989	688	424	981	0
685	428	989	688	424	981	685	0
428	989	688	424	981	685	432	1
989	688	424	981	685	432	926	0
688	424	981	685	432	926	661	0
424	981	685	432	926	661	638	1
981	685	432	926	661	638	413	0
685	432	926	661	638	413	903	0
432	926	661	638	413	903	657	0
926	661	638	413	903	657	650	1
661	638	413	903	657	650	409	0
638	413	903	657	650	409	972	0
413	903	657	650	409	972	673	0
903	657	650	409	972	673	677	1
657	650	409	972	673	677	409	0
650	409	972	673	677	409	977	0
409	972	673	677	409	977	692	0
972	673	677	409	977	692	440	1
673	677	409	977	692	440	953	0
677	409	977	692	440	953	701	0
409	977	692	440	953	701	420	1
977	692	440	953	701	420	984	0
692	440	953	701	420	984	685	0
440	953	701	420	984	685	424	1
953	701	420	984	685	424	934	0
701	420	984	685	424	934	673	0
420	984	685	424	934	673	428	1
984	685	424	934	673	428	938	0
685	424	934	673	428	938	681	0
424	934	673	428	938	681	420	1
934	673	428	938	681	420	965	0
673	428	938	681	420	965	681	0
428	938	681	420	965	681	428	1
938	681	420	965	681	428	953	0
681	420	965	681	428	953	685	0
420	965	681	428	953	685	424	1
965	681	428	953	685	424	958	0
681	428	953	685	424	958	684	0
428	953	685	424	958	684	425	1
953	685	424	958	684	425	961	0
685	424	958	684	425	961	685	0
424	958	684	425	961	685	431	1
958	684	425	961	685	431	958	0
684	425	961	685	431	958	681	0
425	961	685	431	958	681	431	1
961	685	431	958	681	431	942	0
685	431	958	681	431	942	681	0
431	958	681	431	942	681	432	1
958	681	431	942	681	432	934	0
681	431	942	681	432	934	681	0
431	942	681	432	934	681	432	1
942	681	432	934	681	432	895	0
681	432	934	681	432	895	661	0
432	934	681	432	895	661	642	1
934	681	432	895	661	642	662	0
681	432	895	661	642	662	677	0
432	895	661	642	662	677	692	0
895	661	642	662	677	692	420	0
661	642	662	677	692	420	973	0
642	662	677	692	420	973	689	0
662	677	692	420	973	689	436	1
677	692	420	973	689	436	926	0
692	420	973	689	436	926	665	0
420	973	689	436	926	665	658	1
973	689	436	926	665	658	404	0
689	436	926	665	658	404	895	0
436	926	665	658	404	895	646	0
926	665	658	404	895	646	642	1
665	658	404	895	646	642	405	0
658	404	895	646	642	405	883	0
404	895	646	642	405	883	642	0
895	646	642	405	883	642	650	1
646	642	405	883	642	650	405	0
642	405	883	642	650	405	934	0
405	883	642	650	405	934	665	0
883	642	650	405	934	665	661	1
642	650	405	934	665	661	409	0
650	405	934	665	661	409	938	0
405	934	665	661	409	938	657	0
934	665	661	409	938	657	658	1
665	661	409	938	657	658	408	0
661	409	938	657	658	408	911	0
409	938	657	658	408	911	432	0
938	657	658	408	911	432	891	1
657	658	408	911	432	891	646	0
658	408	911	432	891	646	634	1
408	911	432	891	646	634	413	0
911	432	891	646	634	413	906	0
432	891	646	634	413	906	666	0
891	646	634	413	906	666	661	1
646	634	413	906	666	661	401	0
634	413	906	666	661	401	926	0
413	906	666	661	401	926	669	0
906	666	661	401	926	669	654	1
666	661	401	926	669	654	408	0
661	401	926	669	654	408	926	0
401	926	669	654	408	926	425	0
926	669	654	408	926	425	848	1
669	654	408	926	425	848	436	0
654	408	926	425	848	436	840	1
408	926	425	848	436	840	638	0
926	425	848	436	840	638	615	1
425	848	436	840	638	615	416	0
848	436	840	638	615	416	852	0
436	840	638	615	416	852	650	0
840	638	615	416	852	650	658	1
638	615	416	852	650	658	408	0
615	416	852	650	658	408	958	0
416	852	650	658	408	958	673	0
852	650	658	408	958	673	677	1
650	658	408	958	673	677	412	0
658	408	958	673	677	412	989	0
408	958	673	677	412	989	677	0
958	673	677	412	989	677	673	1
673	677	412	989	677	673	412	0
677	412	989	677	673	412	1004	0
412	989	677	673	412	1004	677	0
989	677	673	412	1004	677	677	1
677	673	412	1004	677	677	413	0
673	412	1004	677	677	413	965	0
412	1004	677	677	413	965	673	0
1004	677	677	413	965	673	673	1
677	677	413	965	673	673	412	0
677	413	965	673	673	412	954	0
413	965	673	673	412	954	681	0
965	673	673	412	954	681	673	1
673	673	412	954	681	673	408	0
673	412	954	681	673	408	973	0
412	954	681	673	408	973	685	0
954	681	673	408	973	685	685	1
681	673	408	973	685	685	412	0
673	408	973	685	685	412	985	0
408	973	685	685	412	985	688	0
973	685	685	412	985	688	448	1
685	685	412	985	688	448	945	0
685	412	985	688	448	945	697	0
412	985	688	448	945	697	424	1
985	688	448	945	697	424	938	0
688	448	945	697	424	938	665	0
448	945	697	424	938	665	665	1
945	697	424	938	665	665	405	0
697	424	938	665	665	405	992	0
424	938	665	665	405	992	673	0
938	665	665	405	992	673	689	1
665	665	405	992	673	689	712	0
665	405	992	673	689	712	417	0
405	992	673	689	712	417	1116	0
992	673	689	712	417	1116	716	0
673	689	712	417	1116	716	424	1
689	712	417	1116	716	424	1020	0
712	417	1116	716	424	1020	704	0
417	1116	716	424	1020	704	420	1
1116	716	424	1020	704	420	969	0
716	424	1020	704	420	969	689	0
424	1020	704	420	969	689	424	1
1020	704	420	969	689	424	946	0
704	420	969	689	424	946	681	0
420	969	689	424	946	681	439	1
969	689	424	946	681	439	919	0
689	424	946	681	439	919	680	0
424	946	681	439	919	680	425	1
946	681	439	919	680	425	926	0
681	439	919	680	425	926	677	0
439	919	680	425	926	677	432	1
919	680	425	926	677	432	922	0
680	425	926	677	432	922	673	0
425	926	677	432	922	673	669	1
926	677	432	922	673	669	405	0
677	432	922	673	669	405	965	0
432	922	673	669	405	965	673	0
922	673	669	405	965	673	654	1
673	669	405	965	673	654	642	0
669	405	965	673	654	642	428	0
405	965	673	654	642	428	856	0
965	673	654	642	428	856	642	0
673	654	642	428	856	642	622	1
654	642	428	856	642	622	631	0
642	428	856	642	622	631	611	0
428	856	642	622	631	611	614	0
856	642	622	631	611	614	611	0
642	622	631	611	614	611	611	0
622	631	611	614	611	611	623	0
631	611	614	611	611	623	611	0
611	614	611	611	623	611	424	0
614	611	611	623	611	424	801	0
611	611	623	611	424	801	611	0
611	623	611	424	801	611	596	1
623	611	424	801	611	596	412	0
611	424	801	611	596	412	763	0
424	801	611	596	412	763	579	0
801	611	596	412	763	579	584	1
611	596	412	763	579	584	409	0
596	412	763	579	584	409	719	0
412	763	579	584	409	719	429	0
763	579	584	409	719	429	712	1
579	584	409	719	429	712	568	0
584	409	719	429	712	568	568	1
409	719	429	712	568	568	420	0
719	429	712	568	568	420	720	0
429	712	568	568	420	720	580	0
712	568	568	420	720	580	579	1
568	568	420	720	580	579	588	0
568	420	720	580	579	588	595	0
420	720	580	579	588	595	599	0
720	580	579	588	595	599	604	0
580	579	588	595	599	604	603	0
579	588	595	599	604	603	607	0
588	595	599	604	603	607	614	0
595	599	604	603	607	614	623	0
599	604	603	607	614	623	619	0
604	603	607	614	623	619	630	0
603	607	614	623	619	630	405	0
607	614	623	619	630	405	860	0
614	623	619	630	405	860	630	0
623	619	630	405	860	630	630	1
619	630	405	860	630	630	405	0
630	405	860	630	630	405	837	0
405	860	630	630	405	837	439	0
860	630	630	405	837	439	790	1
630	630	405	837	439	790	615	0
630	405	837	439	790	615	409	1
405	837	439	790	615	409	770	0
837	439	790	615	409	770	455	0
439	790	615	409	770	455	732	1
790	615	409	770	455	732	591	0
615	409	770	455	732	591	420	1
409	770	455	732	591	420	779	0
770	455	732	591	420	779	439	0
455	732	591	420	779	439	806	1
732	591	420	779	439	806	432	0
591	420	779	439	806	432	856	1
420	779	439	806	432	856	649	0
779	439	806	432	856	649	650	1
439	806	432	856	649	650	405	0
806	432	856	649	650	405	953	0
432	856	649	650	405	953	658	0
856	649	650	405	953	658	661	1
649	650	405	953	658	661	405	0
650	405	953	658	661	405	1000	0
405	953	658	661	405	1000	677	0
953	658	661	405	1000	677	697	1
658	661	405	1000	677	697	766	0
661	405	1000	677	697	766	416	0
405	1000	677	697	766	416	1218	0
1000	677	697	766	416	1218	755	0
677	697	766	416	1218	755	428	1
697	766	416	1218	755	428	1074	0
766	416	1218	755	428	1074	712	0
416	1218	755	428	1074	712	428	1
1218	755	428	1074	712	428	969	0
755	428	1074	712	428	969	693	0
428	1074	712	428	969	693	447	1
1074	712	428	969	693	447	953	0
712	428	969	693	447	953	709	0
428	969	693	447	953	709	653	1
969	693	447	953	709	653	681	0
693	447	953	709	653	681	673	0
447	953	709	653	681	673	405	0
953	709	653	681	673	405	950	0
709	653	681	673	405	950	661	0
653	681	673	405	950	661	654	1
681	673	405	950	661	654	408	0
673	405	950	661	654	408	934	0
405	950	661	654	408	934	677	0
950	661	654	408	934	677	685	1
661	654	408	934	677	685	409	0
654	408	934	677	685	409	1007	0
408	934	677	685	409	1007	693	0
934	677	685	409	1007	693	700	1
677	685	409	1007	693	700	716	0
685	409	1007	693	700	716	432	0
409	1007	693	700	716	432	1070	0
1007	693	700	716	432	1070	732	0
693	700	716	432	1070	732	416	1
700	716	432	1070	732	416	1062	0
716	432	1070	732	416	1062	712	0
432	1070	732	416	1062	712	425	1
1070	732	416	1062	712	425	992	0
732	416	1062	712	425	992	685	0
416	1062	712	425	992	685	661	1
1062	712	425	992	685	661	409	0
712	425	992	685	661	409	988	0
425	992	685	661	409	988	681	0
992	685	661	409	988	681	677	1
685	661	409	988	681	677	693	0
661	409	988	681	677	693	424	0
409	988	681	677	693	424	1046	0
988	681	677	693	424	1046	701	0
681	677	693	424	1046	701	428	1
677	693	424	1046	701	428	984	0
693	424	1046	701	428	984	685	0
424	1046	701	428	984	685	447	1
1046	701	428	984	685	447	954	0
701	428	984	685	447	954	685	0
428	984	685	447	954	685	431	1
984	685	447	954	685	431	958	0
685	447	954	685	431	958	688	0
447	954	685	431	958	688	425	1
954	685	431	958	688	425	968	0
685	431	958	688	425	968	685	0
431	958	688	425	968	685	424	1
958	688	425	968	685	424	973	0
688	425	968	685	424	973	681	0
425	968	685	424	973	681	700	1
968	685	424	973	681	700	771	0
685	424	973	681	700	771	895	0
424	973	681	700	771	895	864	0
973	681	700	771	895	864	898	0
681	700	771	895	864	898	892	0
700	771	895	864	898	892	844	0
771	895	864	898	892	844	840	0
895	864	898	892	844	840	821	0
864	898	892	844	840	821	782	0
898	892	844	840	821	782	783	0
892	844	840	821	782	783	770	0
844	840	821	782	783	770	786	0
840	821	782	783	770	786	770	0
821	782	783	770	786	770	779	0
782	783	770	786	770	779	782	0
783	770	786	770	779	782	786	0
770	786	770	779	782	786	762	0
786	770	779	782	786	762	767	0
770	779	782	786	762	767	763	0
779	782	786	762	767	763	747	0
782	786	762	767	763	747	739	0
786	762	767	763	747	739	743	0
762	767	763	747	739	743	755	0
767	763	747	739	743	755	731	0
763	747	739	743	755	731	705	0
747	739	743	755	731	705	692	0
739	743	755	731	705	692	693	0
743	755	731	705	692	693	685	0
755	731	705	692	693	685	416	0
731	705	692	693	685	416	946	0
705	692	693	685	416	946	665	0
692	693	685	416	946	665	444	1
693	685	416	946	665	444	852	0
685	416	946	665	444	852	642	0
416	946	665	444	852	642	638	1
946	665	444	852	642	638	638	0
665	444	852	642	638	638	650	0
444	852	642	638	638	650	657	0
852	642	638	638	650	657	674	0
642	638	638	650	657	674	700	0
638	638	650	657	674	700	412	0
638	650	657	674	700	412	1055	0
650	657	674	700	412	1055	693	0
657	674	700	412	1055	693	428	1
674	700	412	1055	693	428	1003	0
700	412	1055	693	428	1003	712	0
412	1055	693	428	1003	712	421	1
1055	693	428	1003	712	421	1004	0
693	428	1003	712	421	1004	696	0
428	1003	712	421	1004	696	424	1
1003	712	421	1004	696	424	1000	0
712	421	1004	696	424	1000	701	0
421	1004	696	424	1000	701	428	1
1004	696	424	1000	701	428	1007	0
696	424	1000	701	428	1007	697	0
424	1000	701	428	1007	697	432	1
1000	701	428	1007	697	432	988	0
701	428	1007	697	432	988	708	0
428	1007	697	432	988	708	424	1
1007	697	432	988	708	424	1047	0
697	432	988	708	424	1047	716	0
432	988	708	424	1047	716	428	1
988	708	424	1047	716	428	1031	0
708	424	1047	716	428	1031	685	0
424	1047	716	428	1031	685	689	1
1047	716	428	1031	685	689	704	0
716	428	1031	685	689	704	428	0
428	1031	685	689	704	428	1066	0
1031	685	689	704	428	1066	708	0
685	689	704	428	1066	708	444	1
689	704	428	1066	708	444	1047	0
704	428	1066	708	444	1047	700	0
428	1066	708	444	1047	700	700	1
1066	708	444	1047	700	700	736	0
708	444	1047	700	700	736	420	0
444	1047	700	700	736	420	1125	0
1047	700	700	736	420	1125	747	0
700	700	736	420	1125	747	428	1
700	736	420	1125	747	428	1058	0
736	420	1125	747	428	1058	716	0
420	1125	747	428	1058	716	440	1
1125	747	428	1058	716	440	988	0
747	428	1058	716	440	988	708	0
428	1058	716	440	988	708	436	1
1058	716	440	988	708	436	977	0
716	440	988	708	436	977	700	0
440	988	708	436	977	700	448	1
988	708	436	977	700	448	964	0
708	436	977	700	448	964	685	0
436	977	700	448	964	685	693	1
977	700	448	964	685	693	712	0
700	448	964	685	693	712	424	0
448	964	685	693	712	424	1086	0
964	685	693	712	424	1086	712	0
685	693	712	424	1086	712	471	1
693	712	424	1086	712	471	1035	0
712	424	1086	712	471	1035	731	0
424	1086	712	471	1035	731	428	1
1086	712	471	1035	731	428	1047	0
712	471	1035	731	428	1047	720	0
471	1035	731	428	1047	720	432	1
1035	731	428	1047	720	432	1015	0
731	428	1047	720	432	1015	704	0
428	1047	720	432	1015	704	444	1
1047	720	432	1015	704	444	1000	0
720	432	1015	704	444	1000	704	0
432	1015	704	444	1000	704	712	1
1015	704	444	1000	704	712	744	0
704	444	1000	704	712	744	424	0
444	1000	704	712	744	424	1144	0
1000	704	712	744	424	1144	739	0
704	712	744	424	1144	739	432	1
712	744	424	1144	739	432	1043	0
744	424	1144	739	432	1043	700	0
424	1144	739	432	1043	700	693	1
1144	739	432	1043	700	693	424	0
739	432	1043	700	693	424	1008	0
432	1043	700	693	424	1008	684	0
1043	700	693	424	1008	684	681	1
700	693	424	1008	684	681	421	0
693	424	1008	684	681	421	1003	0
424	1008	684	681	421	1003	697	0
1008	684	681	421	1003	697	700	1
684	681	421	1003	697	700	417	0
681	421	1003	697	700	417	1046	0
421	1003	697	700	417	1046	712	0
1003	697	700	417	1046	712	709	1
697	700	417	1046	712	709	416	0
700	417	1046	712	709	416	1054	0
417	1046	712	709	416	1054	716	0
1046	712	709	416	1054	716	436	1
712	709	416	1054	716	436	1027	0
709	416	1054	716	436	1027	712	0
416	1054	716	436	1027	712	425	1
1054	716	436	1027	712	425	988	0
716	436	1027	712	425	988	689	0
436	1027	712	425	988	689	447	1
1027	712	425	988	689	447	926	0
712	425	988	689	447	926	673	0
425	988	689	447	926	673	436	1
988	689	447	926	673	436	930	0
689	447	926	673	436	930	673	0
447	926	673	436	930	673	654	1
926	673	436	930	673	654	677	0
673	436	930	673	654	677	424	0
436	930	673	654	677	424	950	0
930	673	654	677	424	950	673	0
673	654	677	424	950	673	673	1
654	677	424	950	673	673	700	0
677	424	950	673	673	700	420	0
424	950	673	673	700	420	1059	0
950	673	673	700	420	1059	704	0
673	673	700	420	1059	704	428	1
673	700	420	1059	704	428	996	0
700	420	1059	704	428	996	681	0
420	1059	704	428	996	681	681	1
1059	704	428	996	681	681	708	0
704	428	996	681	681	708	420	0
428	996	681	681	708	420	1063	0
996	681	681	708	420	1063	704	0
681	681	708	420	1063	704	428	1
681	708	420	1063	704	428	992	0
708	420	1063	704	428	992	697	0
420	1063	704	428	992	697	428	1
1063	704	428	992	697	428	992	0
704	428	992	697	428	992	696	0
428	992	697	428	992	696	428	1
992	697	428	992	696	428	965	0
697	428	992	696	428	965	685	0
428	992	696	428	965	685	428	1
992	696	428	965	685	428	977	0
696	428	965	685	428	977	681	0
428	965	685	428	977	681	689	1
965	685	428	977	681	689	712	0
685	428	977	681	689	712	420	0
428	977	681	689	712	420	1089	0
977	681	689	712	420	1089	720	0
681	689	712	420	1089	720	424	1
689	712	420	1089	720	424	1039	0
712	420	1089	720	424	1039	693	0
420	1089	720	424	1039	693	428	1
1089	720	424	1039	693	428	949	0
720	424	1039	693	428	949	670	0
424	1039	693	428	949	670	435	1
1039	693	428	949	670	435	907	0
693	428	949	670	435	907	665	0
428	949	670	435	907	665	658	1
949	670	435	907	665	658	685	0
670	435	907	665	658	685	432	0
435	907	665	658	685	432	1097	0
907	665	658	685	432	1097	759	0
665	658	685	432	1097	759	762	1
658	685	432	1097	759	762	421	0
685	432	1097	759	762	421	1085	0
432	1097	759	762	421	1085	732	0
1097	759	762	421	1085	732	424	1
759	762	421	1085	732	424	1008	0
762	421	1085	732	424	1008	704	0
421	1085	732	424	1008	704	424	1
1085	732	424	1008	704	424	973	0
732	424	1008	704	424	973	681	0
424	1008	704	424	973	681	708	1
1008	704	424	973	681	708	817	0
704	424	973	681	708	817	875	0
424	973	681	708	817	875	825	0
973	681	708	817	875	825	868	0
681	708	817	875	825	868	879	0
708	817	875	825	868	879	829	0
817	875	825	868	879	829	841	0
875	825	868	879	829	841	844	0
825	868	879	829	841	844	841	0
868	879	829	841	844	841	817	0
879	829	841	844	841	817	817	0
829	841	844	841	817	817	840	0
841	844	841	817	817	840	817	0
844	841	817	817	840	817	802	0
841	817	817	840	817	802	763	0
817	817	840	817	802	763	758	0
817	840	817	802	763	758	747	0
840	817	802	763	758	747	740	0
817	802	763	758	747	740	747	0
802	763	758	747	740	747	751	0
763	758	747	740	747	751	743	0
758	747	740	747	751	743	743	0
747	740	747	751	743	743	712	0
740	747	751	743	743	712	701	0
747	751	743	743	712	701	684	0
751	743	743	712	701	684	681	0
743	743	712	701	684	681	421	0
743	712	701	684	681	421	933	0
712	701	684	681	421	933	674	0
701	684	681	421	933	674	428	1
684	681	421	933	674	428	895	0
681	421	933	674	428	895	657	0
421	933	674	428	895	657	646	1
933	674	428	895	657	646	658	0
674	428	895	657	646	658	649	0
428	895	657	646	658	649	681	0
895	657	646	658	649	681	425	0
657	646	658	649	681	425	1019	0
646	658	649	681	425	1019	693	0
658	649	681	425	1019	693	692	1
649	681	425	1019	693	692	712	0
681	425	1019	693	692	712	428	0
425	1019	693	692	712	428	1047	0
1019	693	692	712	428	1047	731	0
693	692	712	428	1047	731	421	1
692	712	428	1047	731	421	996	0
712	428	1047	731	421	996	689	0
428	1047	731	421	996	689	424	1
1047	731	421	996	689	424	972	0
731	421	996	689	424	972	689	0
421	996	689	424	972	689	428	1
996	689	424	972	689	428	1008	0
689	424	972	689	428	1008	700	0
424	972	689	428	1008	700	428	1
972	689	428	1008	700	428	996	0
689	428	1008	700	428	996	701	0
428	1008	700	428	996	701	424	1
1008	700	428	996	701	424	981	0
700	428	996	701	424	981	692	0
428	996	701	424	981	692	424	1
996	701	424	981	692	424	992	0
701	424	981	692	424	992	693	0
424	981	692	424	992	693	432	1
981	692	424	992	693	432	1019	0
692	424	992	693	432	1019	716	0
424	992	693	432	1019	716	425	1
992	693	432	1019	716	425	1050	0
693	432	1019	716	425	1050	716	0
432	1019	716	425	1050	716	428	1
1019	716	425	1050	716	428	1039	0
716	425	1050	716	428	1039	696	0
425	1050	716	428	1039	696	452	1
1050	716	428	1039	696	452	984	0
716	428	1039	696	452	984	705	0
428	1039	696	452	984	705	443	1
1039	696	452	984	705	443	1035	0
696	452	984	705	443	1035	712	0
452	984	705	443	1035	712	432	1
984	705	443	1035	712	432	1012	0
705	443	1035	712	432	1012	704	0
443	1035	712	432	1012	704	448	1
1035	712	432	1012	704	448	980	0
712	432	1012	704	448	980	700	0
432	1012	704	448	980	700	685	1
1012	704	448	980	700	685	724	0
704	448	980	700	685	724	432	0
448	980	700	685	724	432	1054	0
980	700	685	724	432	1054	716	0
700	685	724	432	1054	716	432	1
685	724	432	1054	716	432	1028	0
724	432	1054	716	432	1028	712	0
432	1054	716	432	1028	712	439	1
1054	716	432	1028	712	439	1008	0
716	432	1028	712	439	1008	700	0
432	1028	712	439	1008	700	713	1
1028	712	439	1008	700	713	754	0
712	439	1008	700	713	754	424	0
439	1008	700	713	754	424	1183	0
1008	700	713	754	424	1183	759	0
700	713	754	424	1183	759	428	1
713	754	424	1183	759	428	1066	0
754	424	1183	759	428	1066	720	0
424	1183	759	428	1066	720	436	1
1183	759	428	1066	720	436	1019	0
759	428	1066	720	436	1019	720	0
428	1066	720	436	1019	720	428	1
1066	720	436	1019	720	428	1031	0
720	436	1019	720	428	1031	712	0
436	1019	720	428	1031	712	432	1
1019	720	428	1031	712	432	1000	0
720	428	1031	712	432	1000	689	0
428	1031	712	432	1000	689	689	1
1031	712	432	1000	689	689	412	0
712	432	1000	689	689	412	946	0
432	1000	689	689	412	946	665	0
1000	689	689	412	946	665	669	1
689	689	412	946	665	669	421	0
689	412	946	665	669	421	1062	0
412	946	665	669	421	1062	739	0
946	665	669	421	1062	739	440	1
665	669	421	1062	739	440	1093	0
669	421	1062	739	440	1093	751	0
421	1062	739	440	1093	751	428	1
1062	739	440	1093	751	428	1082	0
739	440	1093	751	428	1082	720	0
440	1093	751	428	1082	720	436	1
1093	751	428	1082	720	436	1000	0
751	428	1082	720	436	1000	712	0
428	1082	720	436	1000	712	428	1
1082	720	436	1000	712	428	996	0
720	436	1000	712	428	996	696	0
436	1000	712	428	996	696	428	1
1000	712	428	996	696	428	1039	0
712	428	996	696	428	1039	704	0
428	996	696	428	1039	704	436	1
996	696	428	1039	704	436	1055	0
696	428	1039	704	436	1055	727	0
428	1039	704	436	1055	727	425	1
1039	704	436	1055	727	425	1046	0
704	436	1055	727	425	1046	708	0
436	1055	727	425	1046	708	428	1
1055	727	425	1046	708	428	1004	0
727	425	1046	708	428	1004	701	0
425	1046	708	428	1004	701	439	1
1046	708	428	1004	701	439	1012	0
708	428	1004	701	439	1012	712	0
428	1004	701	439	1012	712	432	1
1004	701	439	1012	712	432	1043	0
701	439	1012	712	432	1043	720	0
439	1012	712	432	1043	720	424	1
1012	712	432	1043	720	424	1046	0
712	432	1043	720	424	1046	709	0
432	1043	720	424	1046	709	428	1
1043	720	424	1046	709	428	1019	0
720	424	1046	709	428	1019	708	0
424	1046	709	428	1019	708	436	1
1046	709	428	1019	708	436	1058	0
709	428	1019	708	436	1058	728	0
428	1019	708	436	1058	728	424	1
1019	708	436	1058	728	424	1047	0
708	436	1058	728	424	1047	716	0
436	1058	728	424	1047	716	420	1
1058	728	424	1047	716	420	1031	0
728	424	1047	716	420	1031	689	0
424	1047	716	420	1031	689	436	1
1047	716	420	1031	689	436	953	0
716	420	1031	689	436	953	673	0
420	1031	689	436	953	673	673	1
1031	689	436	953	673	673	413	0
689	436	953	673	673	413	980	0
436	953	673	673	413	980	685	0
953	673	673	413	980	685	681	1
673	673	413	980	685	681	420	0
673	413	980	685	681	420	1024	0
413	980	685	681	420	1024	723	0
980	685	681	420	1024	723	421	1
685	681	420	1024	723	421	1015	0
681	420	1024	723	421	1015	708	0
420	1024	723	421	1015	708	424	1
1024	723	421	1015	708	424	1016	0
723	421	1015	708	424	1016	697	0
421	1015	708	424	1016	697	431	1
1015	708	424	1016	697	431	973	0
708	424	1016	697	431	973	685	0
424	1016	697	431	973	685	432	1
1016	697	431	973	685	432	957	0
697	431	973	685	432	957	701	0
431	973	685	432	957	701	424	1
973	685	432	957	701	424	1031	0
685	432	957	701	424	1031	712	0
432	957	701	424	1031	712	424	1
957	701	424	1031	712	424	1035	0
701	424	1031	712	424	1035	704	0
424	1031	712	424	1035	704	428	1
1031	712	424	1035	704	428	1012	0
712	424	1035	704	428	1012	712	0
424	1035	704	428	1012	712	428	1
1035	704	428	1012	712	428	1035	0
704	428	1012	712	428	1035	712	0
428	1012	712	428	1035	712	428	1
1012	712	428	1035	712	428	1047	0
712	428	1035	712	428	1047	743	0
428	1035	712	428	1047	743	424	1
1035	712	428	1047	743	424	1074	0
712	428	1047	743	424	1074	735	0
428	1047	743	424	1074	735	425	1
1047	743	424	1074	735	425	1050	0
743	424	1074	735	425	1050	697	0
424	1074	735	425	1050	697	432	1
1074	735	425	1050	697	432	980	0
735	425	1050	697	432	980	697	0
425	1050	697	432	980	697	435	1
1050	697	432	980	697	435	989	0
697	432	980	697	435	989	700	0
432	980	697	435	989	700	428	1
980	697	435	989	700	428	981	0
697	435	989	700	428	981	692	0
435	989	700	428	981	692	452	1
989	700	428	981	692	452	1023	0
700	428	981	692	452	1023	704	0
428	981	692	452	1023	704	436	1
981	692	452	1023	704	436	1016	0
692	452	1023	704	436	1016	700	0
452	1023	704	436	1016	700	440	1
1023	704	436	1016	700	440	984	0
704	436	1016	700	440	984	708	0
436	1016	700	440	984	708	428	1
1016	700	440	984	708	428	1028	0
700	440	984	708	428	1028	712	0
440	984	708	428	1028	712	432	1
984	708	428	1028	712	432	1038	0
708	428	1028	712	432	1038	716	0
428	1028	712	432	1038	716	432	1
1028	712	432	1038	716	432	1016	0
712	432	1038	716	432	1016	708	0
432	1038	716	432	1016	708	428	1
1038	716	432	1016	708	428	1008	0
716	432	1016	708	428	1008	696	0
432	1016	708	428	1008	696	440	1
1016	708	428	1008	696	440	973	0
708	428	1008	696	440	973	692	0
428	1008	696	440	973	692	444	1
1008	696	440	973	692	444	1023	0
696	440	973	692	444	1023	716	0
440	973	692	444	1023	716	432	1
973	692	444	1023	716	432	1059	0
692	444	1023	716	432	1059	723	0
444	1023	716	432	1059	723	424	1
1023	716	432	1059	723	424	1020	0
716	432	1059	723	424	1020	700	0
432	1059	723	424	1020	700	693	1
1059	723	424	1020	700	693	728	0
723	424	1020	700	693	728	420	0
424	1020	700	693	728	420	1167	0
1020	700	693	728	420	1167	739	0
700	693	728	420	1167	739	432	1
693	728	420	1167	739	432	1074	0
728	420	1167	739	432	1074	728	0
420	1167	739	432	1074	728	428	1
1167	739	432	1074	728	428	1019	0
739	432	1074	728	428	1019	716	0
432	1074	728	428	1019	716	428	1
1074	728	428	1019	716	428	1035	0
728	428	1019	716	428	1035	712	0
428	1019	716	428	1035	712	432	1
1019	716	428	1035	712	432	1074	0
716	428	1035	712	432	1074	739	0
428	1035	712	432	1074	739	429	1
1035	712	432	1074	739	429	1077	0
712	432	1074	739	429	1077	744	0
432	1074	739	429	1077	744	428	1
1074	739	429	1077	744	428	1085	0
739	429	1077	744	428	1085	720	0
429	1077	744	428	1085	720	432	1
1077	744	428	1085	720	432	980	0
744	428	1085	720	432	980	681	0
428	1085	720	432	980	681	666	1
1085	720	432	980	681	666	416	0
720	432	980	681	666	416	981	0
432	980	681	666	416	981	708	0
980	681	666	416	981	708	428	1
681	666	416	981	708	428	1070	0
666	416	981	708	428	1070	716	0
416	981	708	428	1070	716	424	1
981	708	428	1070	716	424	1039	0
708	428	1070	716	424	1039	720	0
428	1070	716	424	1039	720	424	1
1070	716	424	1039	720	424	1043	0
716	424	1039	720	424	1043	712	0
424	1039	720	424	1043	712	424	1
1039	720	424	1043	712	424	1011	0
720	424	1043	712	424	1011	713	0
424	1043	712	424	1011	713	424	1
1043	712	424	1011	713	424	1031	0
712	424	1011	713	424	1031	716	0
424	1011	713	424	1031	716	720	1
1011	713	424	1031	716	720	424	0
713	424	1031	716	720	424	1081	0
424	1031	716	720	424	1081	728	0
1031	716	720	424	1081	728	732	1
716	720	424	1081	728	732	754	0
720	424	1081	728	732	754	767	0
424	1081	728	732	754	767	790	0
1081	728	732	754	767	790	825	0
728	732	754	767	790	825	821	0
732	754	767	790	825	821	786	0
754	767	790	825	821	786	794	0
767	790	825	821	786	794	797	0
790	825	821	786	794	797	790	0
825	821	786	794	797	790	739	0
821	786	794	797	790	739	724	0
786	794	797	790	739	724	708	0
794	797	790	739	724	708	705	0
797	790	739	724	708	705	420	0
790	739	724	708	705	420	949	0
739	724	708	705	420	949	650	0
724	708	705	420	949	650	459	1
708	705	420	949	650	459	848	0
705	420	949	650	459	848	650	0
420	949	650	459	848	650	638	1
949	650	459	848	650	638	642	0
650	459	848	650	638	642	662	0
459	848	650	638	642	662	432	0
848	650	638	642	662	432	957	0
650	638	642	662	432	957	685	0
638	642	662	432	957	685	432	1
642	662	432	957	685	432	926	0
662	432	957	685	432	926	669	0
432	957	685	432	926	669	440	1
957	685	432	926	669	440	860	0
685	432	926	669	440	860	649	0
432	926	669	440	860	649	642	1
926	669	440	860	649	642	421	0
669	440	860	649	642	421	844	0
440	860	649	642	421	844	646	0
860	649	642	421	844	646	619	1
649	642	421	844	646	619	420	0
642	421	844	646	619	420	848	0
421	844	646	619	420	848	642	0
844	646	619	420	848	642	638	1
646	619	420	848	642	638	421	0
619	420	848	642	638	421	902	0
420	848	642	638	421	902	662	0
848	642	638	421	902	662	657	1
642	638	421	902	662	657	417	0
638	421	902	662	657	417	902	0
421	902	662	657	417	902	436	0
902	662	657	417	902	436	883	1
662	657	417	902	436	883	666	0
657	417	902	436	883	666	661	1
417	902	436	883	666	661	424	0
902	436	883	666	661	424	942	0
436	883	666	661	424	942	685	0
883	666	661	424	942	685	689	1
666	661	424	942	685	689	420	0
661	424	942	685	689	420	1011	0
424	942	685	689	420	1011	701	0
942	685	689	420	1011	701	708	1
685	689	420	1011	701	708	420	0
689	420	1011	701	708	420	1043	0
420	1011	701	708	420	1043	440	0
1011	701	708	420	1043	440	961	1
701	708	420	1043	440	961	685	0
708	420	1043	440	961	685	669	1
420	1043	440	961	685	669	432	0
1043	440	961	685	669	432	906	0
440	961	685	669	432	906	452	0
961	685	669	432	906	452	856	1
685	669	432	906	452	856	638	0
669	432	906	452	856	638	416	1
432	906	452	856	638	416	817	0
906	452	856	638	416	817	619	0
452	856	638	416	817	619	416	1
856	638	416	817	619	416	821	0
638	416	817	619	416	821	627	0
416	817	619	416	821	627	416	1
817	619	416	821	627	416	841	0
619	416	821	627	416	841	642	0
416	821	627	416	841	642	412	1
821	627	416	841	642	412	880	0
627	416	841	642	412	880	443	0
416	841	642	412	880	443	860	1
841	642	412	880	443	860	440	0
642	412	880	443	860	440	891	1
412	880	443	860	440	891	669	0
880	443	860	440	891	669	677	1
443	860	440	891	669	677	420	0
860	440	891	669	677	420	1000	0
440	891	669	677	420	1000	701	0
891	669	677	420	1000	701	708	1
669	677	420	1000	701	708	416	0
677	420	1000	701	708	416	1063	0
420	1000	701	708	416	1063	715	0
1000	701	708	416	1063	715	724	1
701	708	416	1063	715	724	755	0
708	416	1063	715	724	755	428	0
416	1063	715	724	755	428	1090	0
1063	715	724	755	428	1090	754	0
715	724	755	428	1090	754	432	1
724	755	428	1090	754	432	1063	0
755	428	1090	754	432	1063	700	0
428	1090	754	432	1063	700	677	1
1090	754	432	1063	700	677	413	0
754	432	1063	700	677	413	968	0
432	1063	700	677	413	968	436	0
1063	700	677	413	968	436	930	1
700	677	413	968	436	930	432	0
677	413	968	436	930	432	907	1
413	968	436	930	432	907	435	0
968	436	930	432	907	435	899	1
436	930	432	907	435	899	662	0
930	432	907	435	899	662	669	1
432	907	435	899	662	669	416	0
907	435	899	662	669	416	1032	0
435	899	662	669	416	1032	723	0
899	662	669	416	1032	723	436	1
662	669	416	1032	723	436	1086	0
669	416	1032	723	436	1086	743	0
416	1032	723	436	1086	743	424	1
1032	723	436	1086	743	424	1070	0
723	436	1086	743	424	1070	720	0
436	1086	743	424	1070	720	424	1
1086	743	424	1070	720	424	1012	0
743	424	1070	720	424	1012	704	0
424	1070	720	424	1012	704	424	1
1070	720	424	1012	704	424	1004	0
720	424	1012	704	424	1004	712	0
424	1012	704	424	1004	712	420	1
1012	704	424	1004	712	420	1082	0
704	424	1004	712	420	1082	731	0
424	1004	712	420	1082	731	425	1
1004	712	420	1082	731	425	1089	0
712	420	1082	731	425	1089	720	0
420	1082	731	425	1089	720	420	1
1082	731	425	1089	720	420	985	0
731	425	1089	720	420	985	684	0
425	1089	720	420	985	684	428	1
1089	720	420	985	684	428	919	0
720	420	985	684	428	919	673	0
420	985	684	428	919	673	646	1
985	684	428	919	673	646	408	0
684	428	919	673	646	408	923	0
428	919	673	646	408	923	657	0
919	673	646	408	923	657	650	1
673	646	408	923	657	650	401	0
646	408	923	657	650	401	879	0
408	923	657	650	401	879	654	0
923	657	650	401	879	654	646	1
657	650	401	879	654	646	657	0
650	401	879	654	646	657	681	0
401	879	654	646	657	681	704	0
879	654	646	657	681	704	413	0
654	646	657	681	704	413	1008	0
646	657	681	704	413	1008	696	0
657	681	704	413	1008	696	420	1
681	704	413	1008	696	420	938	0
704	413	1008	696	420	938	669	0
413	1008	696	420	938	669	460	1
1008	696	420	938	669	460	910	0
696	420	938	669	460	910	685	0
420	938	669	460	910	685	424	1
938	669	460	910	685	424	1012	0
669	460	910	685	424	1012	696	0
460	910	685	424	1012	696	424	1
910	685	424	1012	696	424	1016	0
685	424	1012	696	424	1016	689	0
424	1012	696	424	1016	689	424	1
1012	696	424	1016	689	424	965	0
696	424	1016	689	424	965	669	0
424	1016	689	424	965	669	669	1
1016	689	424	965	669	669	677	0
689	424	965	669	669	677	424	0
424	965	669	669	677	424	1020	0
965	669	669	677	424	1020	700	0
669	669	677	424	1020	700	424	1
669	677	424	1020	700	424	1000	0
677	424	1020	700	424	1000	693	0
424	1020	700	424	1000	693	432	1
1020	700	424	1000	693	432	977	0
700	424	1000	693	432	977	700	0
424	1000	693	432	977	700	424	1
1000	693	432	977	700	424	977	0
693	432	977	700	424	977	688	0
432	977	700	424	977	688	425	1
977	700	424	977	688	425	968	0
700	424	977	688	425	968	693	0
424	977	688	425	968	693	428	1
977	688	425	968	693	428	1004	0
688	425	968	693	428	1004	704	0
425	968	693	428	1004	704	428	1
968	693	428	1004	704	428	1020	0
693	428	1004	704	428	1020	692	0
428	1004	704	428	1020	692	421	1
1004	704	428	1020	692	421	965	0
704	428	1020	692	421	965	684	0
428	1020	692	421	965	684	428	1
1020	692	421	965	684	428	977	0
692	421	965	684	428	977	693	0
421	965	684	428	977	693	432	1
965	684	428	977	693	432	984	0
684	428	977	693	432	984	689	0
428	977	693	432	984	689	700	1
977	693	432	984	689	700	751	0
693	432	984	689	700	751	416	0
432	984	689	700	751	416	1148	0
984	689	700	751	416	1148	743	0
689	700	751	416	1148	743	425	1
700	751	416	1148	743	425	1062	0
751	416	1148	743	425	1062	712	0
416	1148	743	425	1062	712	440	1
1148	743	425	1062	712	440	996	0
743	425	1062	712	440	996	708	0
425	1062	712	440	996	708	424	1
1062	712	440	996	708	424	961	0
712	440	996	708	424	961	677	0
440	996	708	424	961	677	436	1
996	708	424	961	677	436	969	0
708	424	961	677	436	969	692	0
424	961	677	436	969	692	432	1
961	677	436	969	692	432	996	0
677	436	969	692	432	996	685	0
436	969	692	432	996	685	705	1
969	692	432	996	685	705	735	0
692	432	996	685	705	735	420	0
432	996	685	705	735	420	1113	0
996	685	705	735	420	1113	728	0
685	705	735	420	1113	728	420	1
705	735	420	1113	728	420	1015	0
735	420	1113	728	420	1015	697	0
420	1113	728	420	1015	697	447	1
1113	728	420	1015	697	447	993	0
728	420	1015	697	447	993	708	0
420	1015	697	447	993	708	424	1
1015	697	447	993	708	424	1004	0
697	447	993	708	424	1004	700	0
447	993	708	424	1004	700	428	1
993	708	424	1004	700	428	1024	0
708	424	1004	700	428	1024	700	0
424	1004	700	428	1024	700	428	1
1004	700	428	1024	700	428	1008	0
700	428	1024	700	428	1008	696	0
428	1024	700	428	1008	696	440	1
1024	700	428	1008	696	440	1035	0
700	428	1008	696	440	1035	724	0
428	1008	696	440	1035	724	420	1
1008	696	440	1035	724	420	1015	0
696	440	1035	724	420	1015	697	0
440	1035	724	420	1015	697	428	1
1035	724	420	1015	697	428	984	0
724	420	1015	697	428	984	689	0
420	1015	697	428	984	689	448	1
1015	697	428	984	689	448	980	0
697	428	984	689	448	980	697	0
428	984	689	448	980	697	424	1
984	689	448	980	697	424	969	0
689	448	980	697	424	969	673	0
448	980	697	424	969	673	443	1
980	697	424	969	673	443	891	0
697	424	969	673	443	891	662	0
424	969	673	443	891	662	661	1
969	673	443	891	662	661	674	0
673	443	891	662	661	674	692	0
443	891	662	661	674	692	732	0
891	662	661	674	692	732	416	0
662	661	674	692	732	416	1132	0
661	674	692	732	416	1132	759	0
674	692	732	416	1132	759	420	1
692	732	416	1132	759	420	1086	0
732	416	1132	759	420	1086	728	0
416	1132	759	420	1086	728	420	1
1132	759	420	1086	728	420	1031	0
759	420	1086	728	420	1031	720	0
420	1086	728	420	1031	720	420	1
1086	728	420	1031	720	420	1004	0
728	420	1031	720	420	1004	696	0
420	1031	720	420	1004	696	424	1
1031	720	420	1004	696	424	993	0
720	420	1004	696	424	993	696	0
420	1004	696	424	993	696	428	1
1004	696	424	993	696	428	1016	0
696	424	993	696	428	1016	692	0
424	993	696	428	1016	692	421	1
