index	i-3	i-2	i-1	i+0	i+1	i+2	i+3	Filter	Time
3	409	1217	1172	1077	1082	1129	1046	0	3875
4	1217	1172	1077	1082	1129	1046	969	0	4957
5	1172	1077	1082	1129	1046	969	1055	0	6086
6	1077	1082	1129	1046	969	1055	1097	0	7132
7	1082	1129	1046	969	1055	1097	1101	0	8101
8	1129	1046	969	1055	1097	1101	1027	0	9156
9	1046	969	1055	1097	1101	1027	1035	0	10253
10	969	1055	1097	1101	1027	1035	1082	0	11354
11	1055	1097	1101	1027	1035	1082	988	0	12381
12	1097	1101	1027	1035	1082	988	1067	0	13416
13	1101	1027	1035	1082	988	1067	1132	0	14498
14	1027	1035	1082	988	1067	1132	1035	0	15486
15	1035	1082	988	1067	1132	1035	930	0	16553
16	1082	988	1067	1132	1035	930	988	0	17685
17	988	1067	1132	1035	930	988	1070	0	18720
18	1067	1132	1035	930	988	1070	1008	0	19650
19	1132	1035	930	988	1070	1008	1082	0	20638
20	1035	930	988	1070	1008	1082	1214	0	21708
21	930	988	1070	1008	1082	1214	1035	0	22716
22	988	1070	1008	1082	1214	1035	996	0	23798
23	1070	1008	1082	1214	1035	996	1011	0	25012
24	1008	1082	1214	1035	996	1011	958	0	26047
25	1082	1214	1035	996	1011	958	910	0	27043
26	1214	1035	996	1011	958	910	1000	0	28054
27	1035	996	1011	958	910	1000	1140	0	29012
28	996	1011	958	910	1000	1140	1117	0	29922
29	1011	958	910	1000	1140	1117	996	0	30922
30	958	910	1000	1140	1117	996	1070	0	32062
31	910	1000	1140	1117	996	1070	1156	0	33179
32	1000	1140	1117	996	1070	1156	1101	0	34175
33	1140	1117	996	1070	1156	1101	1117	0	35245
34	1117	996	1070	1156	1101	1117	1175	0	36401
35	996	1070	1156	1101	1117	1175	1163	0	37502
36	1070	1156	1101	1117	1175	1163	1179	0	38619
37	1156	1101	1117	1175	1163	1179	1175	0	39794
38	1101	1117	1175	1163	1179	1175	1148	0	40957
39	1117	1175	1163	1179	1175	1148	1199	0	42136
40	1175	1163	1179	1175	1148	1199	1003	0	43311
41	1163	1179	1175	1148	1199	1003	1160	0	44459
42	1179	1175	1148	1199	1003	1160	1167	0	45658
43	1175	1148	1199	1003	1160	1167	1094	0	46661
44	1148	1199	1003	1160	1167	1094	1007	0	47821
45	1199	1003	1160	1167	1094	1007	1036	0	48988
46	1003	1160	1167	1094	1007	1036	1093	0	50082
47	1160	1167	1094	1007	1036	1093	988	0	51089
48	1167	1094	1007	1036	1093	988	973	0	52125
49	1094	1007	1036	1093	988	973	1074	0	53218
50	1007	1036	1093	988	973	1074	1179	0	54206
51	1036	1093	988	973	1074	1179	1062	0	55179
52	1093	988	973	1074	1179	1062	969	0	56253
53	988	973	1074	1179	1062	969	1035	0	57432
54	973	1074	1179	1062	969	1035	1206	0	58494
55	1074	1179	1062	969	1035	1206	1105	0	59463
56	1179	1062	969	1035	1206	1105	1028	0	60498
57	1062	969	1035	1206	1105	1028	1124	0	61704
58	969	1035	1206	1105	1028	1124	1160	0	62809
59	1035	1206	1105	1028	1124	1160	1019	0	63837
60	1206	1105	1028	1124	1160	1019	946	0	64961
61	1105	1028	1124	1160	1019	946	910	0	66121
62	1028	1124	1160	1019	946	910	864	0	67140
63	1124	1160	1019	946	910	864	833	0	68086
64	1160	1019	946	910	864	833	840	0	68996
65	1019	946	910	864	833	840	809	0	69860
66	946	910	864	833	840	809	825	0	70693
67	910	864	833	840	809	825	806	0	71533
68	864	833	840	809	825	806	794	0	72342
69	833	840	809	825	806	794	762	0	73167
70	840	809	825	806	794	762	775	0	73973
71	809	825	806	794	762	775	770	0	74767
72	825	806	794	762	775	770	763	0	75529
73	806	794	762	775	770	763	747	0	76304
74	794	762	775	770	763	747	731	0	77074
75	762	775	770	763	747	731	755	0	77837
76	775	770	763	747	731	755	739	0	78584
77	770	763	747	731	755	739	747	0	79315
78	763	747	731	755	739	747	771	0	80070
79	747	731	755	739	747	771	813	0	80809
80	731	755	739	747	771	813	879	0	81556
81	755	739	747	771	813	879	954	0	82327
82	739	747	771	813	879	954	961	0	83140
83	747	771	813	879	954	961	1039	0	84019
84	771	813	879	954	961	1039	1085	0	84973
85	813	879	954	961	1039	1085	1175	0	85934
86	879	954	961	1039	1085	1175	1098	0	86973
87	954	961	1039	1085	1175	1098	1085	0	88058
88	961	1039	1085	1175	1098	1085	1152	0	89233
89	1039	1085	1175	1098	1085	1152	1070	0	90331
90	1085	1175	1098	1085	1152	1070	1082	0	91416
91	1175	1098	1085	1152	1070	1082	1050	0	92568
92	1098	1085	1152	1070	1082	1050	1105	0	93638
93	1085	1152	1070	1082	1050	1105	1141	0	94720
94	1152	1070	1082	1050	1105	1141	1109	0	95770
95	1070	1082	1050	1105	1141	1109	957	0	96875
96	1082	1050	1105	1141	1109	957	972	0	98016
97	1050	1105	1141	1109	957	972	1032	0	99125
98	1105	1141	1109	957	972	1032	1039	0	100082
99	1141	1109	957	972	1032	1039	933	0	101054
100	1109	957	972	1032	1039	933	993	0	102086
101	957	972	1032	1039	933	993	996	0	103125
102	972	1032	1039	933	993	996	1011	0	104058
103	1032	1039	933	993	996	1011	938	0	105051
104	1039	933	993	996	1011	938	985	0	106047
105	933	993	996	1011	938	985	1046	0	107058
106	993	996	1011	938	985	1046	1055	0	107996
107	996	1011	938	985	1046	1055	961	0	108981
108	1011	938	985	1046	1055	961	965	0	110027
109	938	985	1046	1055	961	965	1066	0	111082
110	985	1046	1055	961	965	1066	1156	0	112043
111	1046	1055	961	965	1066	1156	984	0	113008
112	1055	961	965	1066	1156	984	992	0	114074
113	961	965	1066	1156	984	992	1144	0	115230
114	965	1066	1156	984	992	1144	1105	0	116214
115	1066	1156	984	992	1144	1105	880	0	117206
116	1156	984	992	1144	1105	880	965	0	118350
117	984	992	1144	1105	880	965	1097	0	119455
118	992	1144	1105	880	965	1097	1082	0	120335
119	1144	1105	880	965	1097	1082	883	0	121300
120	1105	880	965	1097	1082	883	949	0	122397
121	880	965	1097	1082	883	949	957	0	123479
122	965	1097	1082	883	949	957	1059	0	124362
123	1097	1082	883	949	957	1059	930	0	125311
124	1082	883	949	957	1059	930	1004	0	126268
125	883	949	957	1059	930	1004	1186	0	127327
126	949	957	1059	930	1004	1186	1249	0	128257
127	957	1059	930	1004	1186	1249	1098	0	129261
128	1059	930	1004	1186	1249	1098	1101	0	130447
129	930	1004	1186	1249	1098	1101	1117	0	131696
130	1004	1186	1249	1098	1101	1117	1066	0	132794
131	1186	1249	1098	1101	1117	1066	1144	0	133895
132	1249	1098	1101	1117	1066	1144	1058	0	135012
133	1098	1101	1117	1066	1144	1058	1066	0	136078
134	1101	1117	1066	1144	1058	1066	1024	0	137222
135	1117	1066	1144	1058	1066	1024	1175	0	138280
136	1066	1144	1058	1066	1024	1175	1116	0	139346
137	1144	1058	1066	1024	1175	1116	1090	0	140370
138	1058	1066	1024	1175	1116	1090	1082	0	141545
139	1066	1024	1175	1116	1090	1082	1042	0	142661
140	1024	1175	1116	1090	1082	1042	915	0	143751
141	1175	1116	1090	1082	1042	915	1105	0	144833
142	1116	1090	1082	1042	915	1105	1089	0	145875
143	1090	1082	1042	915	1105	1089	1063	0	146790
144	1082	1042	915	1105	1089	1063	1058	0	147895
145	1042	915	1105	1089	1063	1058	1144	0	148984
146	915	1105	1089	1063	1058	1144	1195	0	150047
147	1105	1089	1063	1058	1144	1195	1147	0	151105
148	1089	1063	1058	1144	1195	1147	888	0	152249
149	1063	1058	1144	1195	1147	888	902	0	153444
150	1058	1144	1195	1147	888	902	860	0	154591
151	1144	1195	1147	888	902	860	817	0	155479
152	1195	1147	888	902	860	817	790	0	156381
153	1147	888	902	860	817	790	786	0	157241
154	888	902	860	817	790	786	825	0	158058
155	902	860	817	790	786	825	872	0	158848
156	860	817	790	786	825	872	879	0	159634
157	817	790	786	825	872	879	1245	0	160459
158	790	786	825	872	879	1245	1136	0	161331
159	786	825	872	879	1245	1136	1253	0	162210
160	825	872	879	1245	1136	1253	1152	0	163455
161	872	879	1245	1136	1253	1152	1308	0	164591
162	879	1245	1136	1253	1152	1308	1194	0	165844
163	1245	1136	1253	1152	1308	1194	1035	0	166996
164	1136	1253	1152	1308	1194	1035	1101	0	168304
165	1253	1152	1308	1194	1035	1101	1206	0	169498
166	1152	1308	1194	1035	1101	1206	1102	0	170533
167	1308	1194	1035	1101	1206	1102	922	0	171634
168	1194	1035	1101	1206	1102	922	1187	0	172840
169	1035	1101	1206	1102	922	1187	1120	0	173942
170	1101	1206	1102	922	1187	1120	1074	0	174864
171	1206	1102	922	1187	1120	1074	926	0	176051
172	1102	922	1187	1120	1074	926	1125	0	177171
173	922	1187	1120	1074	926	1125	1089	0	178245
174	1187	1120	1074	926	1125	1089	915	0	179171
175	1120	1074	926	1125	1089	915	968	0	180296
176	1074	926	1125	1089	915	968	1008	0	181385
177	926	1125	1089	915	968	1008	1121	0	182300
178	1125	1089	915	968	1008	1121	875	0	183268
179	1089	915	968	1008	1121	875	981	0	184276
180	915	968	1008	1121	875	981	1101	0	185397
181	968	1008	1121	875	981	1101	1097	0	186272
182	1008	1121	875	981	1101	1097	923	0	187253
183	1121	875	981	1101	1097	923	1089	0	188354
184	875	981	1101	1097	923	1089	1101	0	189451
185	981	1101	1097	923	1089	1101	1074	0	190374
186	1101	1097	923	1089	1101	1074	938	0	191463
187	1097	923	1089	1101	1074	938	1105	0	192564
188	923	1089	1101	1074	938	1105	1086	0	193638
189	1089	1101	1074	938	1105	1086	1062	0	194576
190	1101	1074	938	1105	1086	1062	891	0	195681
191	1074	938	1105	1086	1062	891	1089	0	196767
192	938	1105	1086	1062	891	1089	1070	0	197829
193	1105	1086	1062	891	1089	1070	926	0	198720
194	1086	1062	891	1089	1070	926	965	0	199809
195	1062	891	1089	1070	926	965	1094	0	200879
196	891	1089	1070	926	965	1094	1066	0	201805
197	1089	1070	926	965	1094	1066	899	0	202770
198	1070	926	965	1094	1066	899	922	0	203864
199	926	965	1094	1066	899	922	992	0	204930
200	965	1094	1066	899	922	992	1109	0	205829
201	1094	1066	899	922	992	1109	1047	0	206751
202	1066	899	922	992	1109	1047	895	0	207743
203	899	922	992	1109	1047	895	1046	0	208852
204	922	992	1109	1047	895	1046	1094	0	209899
205	992	1109	1047	895	1046	1094	1089	0	210794
206	1109	1047	895	1046	1094	1089	1035	0	211840
207	1047	895	1046	1094	1089	1035	903	0	212934
208	895	1046	1094	1089	1035	903	1062	0	214023
209	1046	1094	1089	1035	903	1062	1063	0	215058
210	1094	1089	1035	903	1062	1063	953	0	215961
211	1089	1035	903	1062	1063	953	1015	0	217023
212	1035	903	1062	1063	953	1015	1004	0	218086
213	903	1062	1063	953	1015	1004	1028	0	219039
214	1062	1063	953	1015	1004	1028	957	0	220054
215	1063	953	1015	1004	1028	957	976	0	221058
216	953	1015	1004	1028	957	976	1012	0	222086
217	1015	1004	1028	957	976	1012	1023	0	223043
218	1004	1028	957	976	1012	1023	973	0	224019
219	1028	957	976	1012	1023	973	922	0	225031
220	957	976	1012	1023	973	922	1020	0	226054
221	976	1012	1023	973	922	1020	1008	0	227027
222	1012	1023	973	922	1020	1008	969	0	227949
223	1023	973	922	1020	1008	969	910	0	228969
224	973	922	1020	1008	969	910	1004	0	229977
225	922	1020	1008	969	910	1004	1097	0	230946
226	1020	1008	969	910	1004	1097	1024	0	231856
227	1008	969	910	1004	1097	1024	898	0	232860
228	969	910	1004	1097	1024	898	907	0	233957
229	910	1004	1097	1024	898	907	930	0	234981
230	1004	1097	1024	898	907	930	942	0	235879
231	1097	1024	898	907	930	942	996	0	236786
232	1024	898	907	930	942	996	1097	0	237716
233	898	907	930	942	996	1097	1144	0	238658
234	907	930	942	996	1097	1144	1035	0	239654
235	930	942	996	1097	1144	1035	1019	0	240751
236	942	996	1097	1144	1035	1019	1082	0	241895
237	996	1097	1144	1035	1019	1082	1109	0	242930
238	1097	1144	1035	1019	1082	1109	1020	0	243949
239	1144	1035	1019	1082	1109	1020	1035	0	245031
240	1035	1019	1082	1109	1020	1035	1093	0	246140
241	1019	1082	1109	1020	1035	1093	1070	0	247160
242	1082	1109	1020	1035	1093	1070	922	0	248195
243	1109	1020	1035	1093	1070	922	1047	0	249288
244	1020	1035	1093	1070	922	1047	1039	0	250358
245	1035	1093	1070	922	1047	1039	1023	0	251280
246	1093	1070	922	1047	1039	1023	915	0	252327
247	1070	922	1047	1039	1023	915	972	0	253366
248	922	1047	1039	1023	915	972	1004	0	254389
249	1047	1039	1023	915	972	1004	1016	0	255304
250	1039	1023	915	972	1004	1016	972	0	256276
251	1023	915	972	1004	1016	972	977	0	257280
252	915	972	1004	1016	972	977	1008	0	258296
253	972	1004	1016	972	977	1008	1066	0	259268
254	1004	1016	972	977	1008	1066	1090	0	260245
255	1016	972	977	1008	1066	1090	1015	0	261253
256	972	977	1008	1066	1090	1015	1090	0	262319
257	977	1008	1066	1090	1015	1090	1167	0	263409
258	1008	1066	1090	1015	1090	1167	1047	0	264424
259	1066	1090	1015	1090	1167	1047	976	0	265514
260	1090	1015	1090	1167	1047	976	1020	0	266681
261	1015	1090	1167	1047	976	1020	1140	0	267728
262	1090	1167	1047	976	1020	1140	1120	0	268704
263	1167	1047	976	1020	1140	1120	915	0	269724
264	1047	976	1020	1140	1120	915	1117	0	270864
265	976	1020	1140	1120	915	1117	1124	0	271984
266	1020	1140	1120	915	1117	1124	946	0	272899
267	1140	1120	915	1117	1124	946	992	0	274016
268	1120	915	1117	1124	946	992	1109	0	275140
269	915	1117	1124	946	992	1109	1097	0	276086
270	1117	1124	946	992	1109	1097	1074	0	277078
271	1124	946	992	1109	1097	1074	918	0	278187
272	946	992	1109	1097	1074	918	1074	0	279284
273	992	1109	1097	1074	918	1074	1082	0	280358
274	1109	1097	1074	918	1074	1082	953	0	281276
275	1097	1074	918	1074	1082	953	919	0	282350
276	1074	918	1074	1082	953	919	906	0	283432
277	918	1074	1082	953	919	906	872	0	284385
278	1074	1082	953	919	906	872	817	0	285304
279	1082	953	919	906	872	817	794	0	286210
280	953	919	906	872	817	794	782	0	287082
281	919	906	872	817	794	782	801	0	287899
282	906	872	817	794	782	801	778	0	288693
283	872	817	794	782	801	778	779	0	289475
284	817	794	782	801	778	779	770	0	290276
285	794	782	801	778	779	770	771	0	291054
286	782	801	778	779	770	771	758	0	291833
287	801	778	779	770	771	758	740	0	292603
288	778	779	770	771	758	740	735	0	293374
289	779	770	771	758	740	735	735	0	294132
290	770	771	758	740	735	735	712	0	294872
291	771	758	740	735	735	712	716	0	295607
292	758	740	735	735	712	716	712	0	296342
293	740	735	735	712	716	712	701	0	297054
294	735	735	712	716	712	701	696	0	297770
295	735	712	716	712	701	696	693	0	298482
296	712	716	712	701	696	693	482	0	299183
297	716	712	701	696	693	482	903	0	299879
298	712	701	696	693	482	903	708	0	300572
299	701	696	693	482	903	708	705	1	301054
300	696	693	482	903	708	705	735	0	301957
301	693	482	903	708	705	735	770	0	302665
302	482	903	708	705	735	770	806	0	303370
303	903	708	705	735	770	806	899	0	304105
304	708	705	735	770	806	899	1152	0	304875
305	705	735	770	806	899	1152	1097	0	305681
306	735	770	806	899	1152	1097	1144	0	306580
307	770	806	899	1152	1097	1144	1183	0	307732
308	806	899	1152	1097	1144	1183	1167	0	308829
309	899	1152	1097	1144	1183	1167	1206	0	309973
310	1152	1097	1144	1183	1167	1206	1152	0	311156
311	1097	1144	1183	1167	1206	1152	1175	0	312323
312	1144	1183	1167	1206	1152	1175	1055	0	313529
313	1183	1167	1206	1152	1175	1055	1210	0	314681
314	1167	1206	1152	1175	1055	1210	1198	0	315856
315	1206	1152	1175	1055	1210	1198	1101	0	316911
316	1152	1175	1055	1210	1198	1101	1051	0	318121
317	1175	1055	1210	1198	1101	1051	1276	0	319319
318	1055	1210	1198	1101	1051	1276	1206	0	320420
319	1210	1198	1101	1051	1276	1206	1024	0	321471
320	1198	1101	1051	1276	1206	1024	1004	0	322747
321	1101	1051	1276	1206	1024	1004	1054	0	323953
322	1051	1276	1206	1024	1004	1054	1202	0	324977
323	1276	1206	1024	1004	1054	1202	1102	0	325981
324	1206	1024	1004	1054	1202	1102	961	0	327035
325	1024	1004	1054	1202	1102	961	1186	0	328237
326	1004	1054	1202	1102	961	1186	1140	0	329339
327	1054	1202	1102	961	1186	1140	1218	0	330300
328	1202	1102	961	1186	1140	1218	1121	0	331486
329	1102	961	1186	1140	1218	1121	1109	0	332626
330	961	1186	1140	1218	1121	1109	1128	0	333844
331	1186	1140	1218	1121	1109	1128	911	0	334965
332	1140	1218	1121	1109	1128	911	1136	0	336074
333	1218	1121	1109	1128	911	1136	1078	0	337202
334	1121	1109	1128	911	1136	1078	1097	0	338113
335	1109	1128	911	1136	1078	1097	1062	0	339249
336	1128	911	1136	1078	1097	1062	1059	0	340327
337	911	1136	1078	1097	1062	1059	1155	0	341424
338	1136	1078	1097	1062	1059	1155	1129	0	342486
339	1078	1097	1062	1059	1155	1129	1214	0	343545
340	1097	1062	1059	1155	1129	1214	1210	0	344700
341	1062	1059	1155	1129	1214	1210	1167	0	345829
342	1059	1155	1129	1214	1210	1167	1000	0	347043
343	1155	1129	1214	1210	1167	1000	1199	0	348253
344	1129	1214	1210	1167	1000	1199	1148	0	349420
345	1214	1210	1167	1000	1199	1148	992	0	350420
346	1210	1167	1000	1199	1148	992	1089	0	351619
347	1167	1000	1199	1148	992	1089	1319	0	352767
348	1000	1199	1148	992	1089	1319	1121	0	353759
349	1199	1148	992	1089	1319	1121	1218	0	354848
350	1148	992	1089	1319	1121	1218	1206	0	356167
351	992	1089	1319	1121	1218	1206	1175	0	357288
352	1089	1319	1121	1218	1206	1175	1090	0	358506
353	1319	1121	1218	1206	1175	1090	1237	0	359712
354	1121	1218	1206	1175	1090	1237	1222	0	360887
355	1218	1206	1175	1090	1237	1222	1113	0	361977
356	1206	1175	1090	1237	1222	1113	1085	0	363214
357	1175	1090	1237	1222	1113	1085	1203	0	364436
358	1090	1237	1222	1113	1085	1203	1120	0	365549
359	1237	1222	1113	1085	1203	1120	895	0	366634
360	1222	1113	1085	1203	1120	895	864	0	367837
361	1113	1085	1203	1120	895	864	840	0	368957
362	1085	1203	1120	895	864	840	829	0	369852
363	1203	1120	895	864	840	829	841	0	370716
364	1120	895	864	840	829	841	1078	0	371556
365	895	864	840	829	841	1078	1443	0	372385
366	864	840	829	841	1078	1443	1471	0	373226
367	840	829	841	1078	1443	1471	1292	0	374304
368	829	841	1078	1443	1471	1292	1393	0	375747
369	841	1078	1443	1471	1292	1393	1350	0	377218
370	1078	1443	1471	1292	1393	1350	1198	0	378510
371	1443	1471	1292	1393	1350	1198	1284	0	379903
372	1471	1292	1393	1350	1198	1284	1238	0	381253
373	1292	1393	1350	1198	1284	1238	1159	0	382451
374	1393	1350	1198	1284	1238	1159	1020	0	383735
375	1350	1198	1284	1238	1159	1020	1035	0	384973
376	1198	1284	1238	1159	1020	1035	1132	0	386132
377	1284	1238	1159	1020	1035	1132	1218	0	387152
378	1238	1159	1020	1035	1132	1218	1113	0	388187
379	1159	1020	1035	1132	1218	1113	1183	0	389319
380	1020	1035	1132	1218	1113	1183	1132	0	390537
381	1035	1132	1218	1113	1183	1132	1261	0	391650
382	1132	1218	1113	1183	1132	1261	1148	0	392833
383	1218	1113	1183	1132	1261	1148	918	0	393965
384	1113	1183	1132	1261	1148	918	1179	0	395226
385	1183	1132	1261	1148	918	1179	1167	0	396374
386	1132	1261	1148	918	1179	1167	1058	0	397292
387	1261	1148	918	1179	1167	1058	1086	0	398471
388	1148	918	1179	1167	1058	1086	1234	0	399638
389	918	1179	1167	1058	1086	1234	1190	0	400696
390	1179	1167	1058	1086	1234	1190	1027	0	401782
391	1167	1058	1086	1234	1190	1027	1141	0	403016
392	1058	1086	1234	1190	1027	1141	1233	0	404206
393	1086	1234	1190	1027	1141	1233	1054	0	405233
394	1234	1190	1027	1141	1233	1054	973	0	406374
395	1190	1027	1141	1233	1054	973	1098	0	407607
396	1027	1141	1233	1054	973	1098	1214	0	408661
397	1141	1233	1054	973	1098	1214	996	0	409634
398	1233	1054	973	1098	1214	996	957	0	410732
399	1054	973	1098	1214	996	957	976	0	411946
400	973	1098	1214	996	957	976	1265	0	412942
401	1098	1214	996	957	976	1265	1202	0	413899
402	1214	996	957	976	1265	1202	1238	0	414875
403	996	957	976	1265	1202	1238	1327	0	416140
404	957	976	1265	1202	1238	1327	1198	0	417342
405	976	1265	1202	1238	1327	1198	1245	0	418580
406	1265	1202	1238	1327	1198	1245	1156	0	419907
407	1202	1238	1327	1198	1245	1156	1210	0	421105
408	1238	1327	1198	1245	1156	1210	1043	0	422350
409	1327	1198	1245	1156	1210	1043	1109	0	423506
410	1198	1245	1156	1210	1043	1109	1241	0	424716
411	1245	1156	1210	1043	1109	1241	1101	0	425759
412	1156	1210	1043	1109	1241	1101	1101	0	426868
413	1210	1043	1109	1241	1101	1101	1109	0	428109
414	1043	1109	1241	1101	1101	1109	1035	0	429210
415	1109	1241	1101	1101	1109	1035	981	0	430311
416	1241	1101	1101	1109	1035	981	1101	0	431420
417	1101	1101	1109	1035	981	1101	1296	0	432455
418	1101	1109	1035	981	1101	1296	1151	0	433436
419	1109	1035	981	1101	1296	1151	1191	0	434537
420	1035	981	1101	1296	1151	1191	1160	0	435833
421	981	1101	1296	1151	1191	1160	1132	0	436984
422	1101	1296	1151	1191	1160	1132	1015	0	438175
423	1296	1151	1191	1160	1132	1015	1016	0	439335
424	1151	1191	1160	1132	1015	1016	1125	0	440467
425	1191	1160	1132	1015	1016	1125	1182	0	441482
426	1160	1132	1015	1016	1125	1182	1121	0	442498
427	1132	1015	1016	1125	1182	1121	1039	0	443623
428	1015	1016	1125	1182	1121	1039	1191	0	444805
429	1016	1125	1182	1121	1039	1191	1190	0	445926
430	1125	1182	1121	1039	1191	1190	1066	0	446965
431	1182	1121	1039	1191	1190	1066	1086	0	448156
432	1121	1039	1191	1190	1066	1086	1265	0	449346
433	1039	1191	1190	1066	1086	1265	1120	0	450412
434	1191	1190	1066	1086	1265	1120	1059	0	451498
435	1190	1066	1086	1265	1120	1059	1237	0	452763
436	1066	1086	1265	1120	1059	1237	1198	0	453883
437	1086	1265	1120	1059	1237	1198	1043	0	454942
438	1265	1120	1059	1237	1198	1043	1125	0	456179
439	1120	1059	1237	1198	1043	1125	1268	0	457377
440	1059	1237	1198	1043	1125	1268	1109	0	458420
441	1237	1198	1043	1125	1268	1109	1082	0	459545
442	1198	1043	1125	1268	1109	1082	1163	0	460813
443	1043	1125	1268	1109	1082	1163	1164	0	461922
444	1125	1268	1109	1082	1163	1164	1015	0	463004
445	1268	1109	1082	1163	1164	1015	1012	0	464167
446	1109	1082	1163	1164	1015	1012	918	0	465331
447	1082	1163	1164	1015	1012	918	864	0	466346
448	1163	1164	1015	1012	918	864	864	0	467358
449	1164	1015	1012	918	864	864	973	0	468276
450	1015	1012	918	864	864	973	1342	0	469140
451	1012	918	864	864	973	1342	1276	0	470004
452	918	864	864	973	1342	1276	1273	0	470977
453	864	864	973	1342	1276	1273	1299	0	472319
454	864	973	1342	1276	1273	1299	1218	0	473595
455	973	1342	1276	1273	1299	1218	1210	0	474868
456	1342	1276	1273	1299	1218	1210	1098	0	476167
457	1276	1273	1299	1218	1210	1098	1210	0	477385
458	1273	1299	1218	1210	1098	1210	1140	0	478595
459	1299	1218	1210	1098	1210	1140	1031	0	479693
460	1218	1210	1098	1210	1140	1031	1089	0	480903
461	1210	1098	1210	1140	1031	1089	1168	0	482043
462	1098	1210	1140	1031	1089	1168	1046	0	483074
463	1210	1140	1031	1089	1168	1046	1063	0	484163
464	1140	1031	1089	1168	1046	1063	1124	0	485331
465	1031	1089	1168	1046	1063	1124	1113	0	486377
466	1089	1168	1046	1063	1124	1113	1023	0	487440
467	1168	1046	1063	1124	1113	1023	1070	0	488564
468	1046	1063	1124	1113	1023	1070	1164	0	489677
469	1063	1124	1113	1023	1070	1164	1132	0	490700
470	1124	1113	1023	1070	1164	1132	1012	0	491770
471	1113	1023	1070	1164	1132	1012	1039	0	492934
472	1023	1070	1164	1132	1012	1039	1004	0	494066
473	1070	1164	1132	1012	1039	1004	988	0	495078
474	1164	1132	1012	1039	1004	988	1054	0	496117
475	1132	1012	1039	1004	988	1054	1203	0	497121
476	1012	1039	1004	988	1054	1203	1085	0	498109
477	1039	1004	988	1054	1203	1085	1094	0	499163
478	1004	988	1054	1203	1085	1094	1268	0	500366
479	988	1054	1203	1085	1094	1268	1218	0	501451
480	1054	1203	1085	1094	1268	1218	1140	0	502545
481	1203	1085	1094	1268	1218	1140	1117	0	503813
482	1085	1094	1268	1218	1140	1117	1191	0	505031
483	1094	1268	1218	1140	1117	1191	1074	0	506171
484	1268	1218	1140	1117	1191	1074	1003	0	507288
485	1218	1140	1117	1191	1074	1003	1078	0	508479
486	1140	1117	1191	1074	1003	1078	1191	0	509553
487	1117	1191	1074	1003	1078	1191	1183	0	510556
488	1191	1074	1003	1078	1191	1183	1105	0	511634
489	1074	1003	1078	1191	1183	1105	1268	0	512825
490	1003	1078	1191	1183	1105	1268	1210	0	514008
491	1078	1191	1183	1105	1268	1210	1067	0	515113
492	1191	1183	1105	1268	1210	1067	1046	0	516381
493	1183	1105	1268	1210	1067	1046	1210	0	517591
494	1105	1268	1210	1067	1046	1210	1195	0	518658
495	1268	1210	1067	1046	1210	1195	1062	0	519704
496	1210	1067	1046	1210	1195	1062	1269	0	520914
497	1067	1046	1210	1195	1062	1269	1256	0	522109
498	1046	1210	1195	1062	1269	1256	1176	0	523171
499	1210	1195	1062	1269	1256	1176	1105	0	524440
500	1195	1062	1269	1256	1176	1105	1245	0	525696
501	1062	1269	1256	1176	1105	1245	1194	0	526872
502	1269	1256	1176	1105	1245	1194	1043	0	527977
503	1256	1176	1105	1245	1194	1043	1078	0	529222
504	1176	1105	1245	1194	1043	1078	1156	0	530416
505	1105	1245	1194	1043	1078	1156	1011	0	531459
506	1245	1194	1043	1078	1156	1011	926	0	532537
507	1194	1043	1078	1156	1011	926	969	0	533693
508	1043	1078	1156	1011	926	969	1144	0	534704
509	1078	1156	1011	926	969	1144	1132	0	535630
510	1156	1011	926	969	1144	1132	1214	0	536599
511	1011	926	969	1144	1132	1214	1187	0	537743
512	926	969	1144	1132	1214	1187	1222	0	538875
513	969	1144	1132	1214	1187	1222	1125	0	540089
514	1144	1132	1214	1187	1222	1125	1217	0	541276
515	1132	1214	1187	1222	1125	1217	1141	0	542498
516	1214	1187	1222	1125	1217	1141	984	0	543623
517	1187	1222	1125	1217	1141	984	1039	0	544840
518	1222	1125	1217	1141	984	1039	1159	0	545981
519	1125	1217	1141	984	1039	1159	1032	0	546965
520	1217	1141	984	1039	1159	1032	1000	0	548004
521	1141	984	1039	1159	1032	1000	1066	0	549163
522	984	1039	1159	1032	1000	1066	1105	0	550195
523	1039	1159	1032	1000	1066	1105	1035	0	551195
524	1159	1032	1000	1066	1105	1035	1035	0	552261
525	1032	1000	1066	1105	1035	1035	1268	0	553366
526	1000	1066	1105	1035	1035	1268	1164	0	554401
527	1066	1105	1035	1035	1268	1164	1186	0	555436
528	1105	1035	1035	1268	1164	1186	1179	0	556704
529	1035	1035	1268	1164	1186	1179	1156	0	557868
530	1035	1268	1164	1186	1179	1156	1210	0	559054
531	1268	1164	1186	1179	1156	1210	1129	0	560233
532	1164	1186	1179	1156	1210	1129	1175	0	561389
533	1186	1179	1156	1210	1129	1175	1132	0	562599
534	1179	1156	1210	1129	1175	1132	1082	0	563728
535	1156	1210	1129	1175	1132	1082	1148	0	564903
536	1210	1129	1175	1132	1082	1148	1085	0	566035
537	1129	1175	1132	1082	1148	1085	1164	0	567117
538	1175	1132	1082	1148	1085	1164	1132	0	568265
539	1132	1082	1148	1085	1164	1132	984	0	569350
540	1082	1148	1085	1164	1132	984	996	0	570514
541	1148	1085	1164	1132	984	996	1059	0	571646
542	1085	1164	1132	984	996	1059	965	0	572630
543	1164	1132	984	996	1059	965	980	0	573626
544	1132	984	996	1059	965	980	961	0	574685
545	984	996	1059	965	980	961	954	0	575650
546	996	1059	965	980	961	954	945	0	576630
547	1059	965	980	961	954	945	1218	0	577591
548	965	980	961	954	945	1218	1296	0	578545
549	980	961	954	945	1218	1296	1210	0	579490
550	961	954	945	1218	1296	1210	1175	0	580708
551	954	945	1218	1296	1210	1175	1164	0	582004
552	945	1218	1296	1210	1175	1164	1241	0	583214
553	1218	1296	1210	1175	1164	1241	1124	0	584389
554	1296	1210	1175	1164	1241	1124	1327	0	585553
555	1210	1175	1164	1241	1124	1327	1276	0	586794
556	1175	1164	1241	1124	1327	1276	1172	0	587918
557	1164	1241	1124	1327	1276	1172	1171	0	589245
558	1241	1124	1327	1276	1172	1171	1272	0	590521
559	1124	1327	1276	1172	1171	1272	1156	0	591693
560	1327	1276	1172	1171	1272	1156	1097	0	592864
561	1276	1172	1171	1272	1156	1097	1292	0	594136
562	1172	1171	1272	1156	1097	1292	1241	0	595292
563	1171	1272	1156	1097	1292	1241	1175	0	596389
564	1272	1156	1097	1292	1241	1175	1043	0	597681
565	1156	1097	1292	1241	1175	1043	1164	0	598922
566	1097	1292	1241	1175	1043	1164	1260	0	600097
567	1292	1241	1175	1043	1164	1260	1164	0	601140
568	1241	1175	1043	1164	1260	1164	1031	0	602304
569	1175	1043	1164	1260	1164	1031	1163	0	603564
570	1043	1164	1260	1164	1031	1163	1132	0	604728
571	1164	1260	1164	1031	1163	1132	1098	0	605759
572	1260	1164	1031	1163	1132	1098	1058	0	606922
573	1164	1031	1163	1132	1098	1058	1187	0	608054
574	1031	1163	1132	1098	1058	1187	1144	0	609152
575	1163	1132	1098	1058	1187	1144	1179	0	610210
576	1132	1098	1058	1187	1144	1179	1152	0	611397
577	1098	1058	1187	1144	1179	1152	980	0	612541
578	1058	1187	1144	1179	1152	980	907	0	613720
579	1187	1144	1179	1152	980	907	902	0	614872
580	1144	1179	1152	980	907	902	973	0	615852
581	1179	1152	980	907	902	973	1284	0	616759
582	1152	980	907	902	973	1284	1191	0	617661
583	980	907	902	973	1284	1191	1218	0	618634
584	907	902	973	1284	1191	1218	1280	0	619918
585	902	973	1284	1191	1218	1280	1167	0	621109
586	973	1284	1191	1218	1280	1167	1175	0	622327
587	1284	1191	1218	1280	1167	1175	1207	0	623607
588	1191	1218	1280	1167	1175	1207	1198	0	624774
589	1218	1280	1167	1175	1207	1198	1179	0	625949
590	1280	1167	1175	1207	1198	1179	1214	0	627156
591	1167	1175	1207	1198	1179	1214	1128	0	628354
592	1175	1207	1198	1179	1214	1128	950	0	629533
593	1207	1198	1179	1214	1128	950	938	0	630747
594	1198	1179	1214	1128	950	938	953	0	631875
595	1179	1214	1128	950	938	953	1148	0	632825
596	1214	1128	950	938	953	1148	1331	0	633763
597	1128	950	938	953	1148	1331	1221	0	634716
598	950	938	953	1148	1331	1221	1261	0	635864
599	938	953	1148	1331	1221	1261	1187	0	637195
600	953	1148	1331	1221	1261	1187	1222	0	638416
601	1148	1331	1221	1261	1187	1222	1186	0	639677
602	1331	1221	1261	1187	1222	1186	1129	0	640864
603	1221	1261	1187	1222	1186	1129	1054	0	642086
604	1261	1187	1222	1186	1129	1054	1039	0	643272
605	1187	1222	1186	1129	1054	1039	1167	0	644401
606	1222	1186	1129	1054	1039	1167	1152	0	645455
607	1186	1129	1054	1039	1167	1152	1059	0	646494
608	1129	1054	1039	1167	1152	1059	1089	0	647661
609	1054	1039	1167	1152	1059	1089	1156	0	648813
610	1039	1167	1152	1059	1089	1156	1097	0	649872
611	1167	1152	1059	1089	1156	1097	1058	0	650961
612	1152	1059	1089	1156	1097	1058	1191	0	652117
613	1059	1089	1156	1097	1058	1191	1175	0	653214
614	1089	1156	1097	1058	1191	1175	1047	0	654272
615	1156	1097	1058	1191	1175	1047	1148	0	655463
616	1097	1058	1191	1175	1047	1148	1221	0	656638
617	1058	1191	1175	1047	1148	1221	1032	0	657685
618	1191	1175	1047	1148	1221	1032	902	0	658833
619	1175	1047	1148	1221	1032	902	891	0	660054
620	1047	1148	1221	1032	902	891	919	0	661086
621	1148	1221	1032	902	891	919	1058	0	661988
622	1221	1032	902	891	919	1058	1218	0	662879
623	1032	902	891	919	1058	1218	1315	0	663798
624	902	891	919	1058	1218	1315	1405	0	664856
625	891	919	1058	1218	1315	1405	1249	0	666074
626	919	1058	1218	1315	1405	1249	1214	0	667389
627	1058	1218	1315	1405	1249	1214	1311	0	668794
628	1218	1315	1405	1249	1214	1311	1148	0	670043
629	1315	1405	1249	1214	1311	1148	1027	0	671257
630	1405	1249	1214	1311	1148	1027	1024	0	672568
631	1249	1214	1311	1148	1027	1024	1011	0	673716
632	1214	1311	1148	1027	1024	1011	957	0	674743
633	1311	1148	1027	1024	1011	957	1043	0	675767
634	1148	1027	1024	1011	957	1043	1175	0	676778
635	1027	1024	1011	957	1043	1175	1020	0	677735
636	1024	1011	957	1043	1175	1020	1008	0	678778
637	1011	957	1043	1175	1020	1008	1147	0	679953
638	957	1043	1175	1020	1008	1147	1152	0	680973
639	1043	1175	1020	1008	1147	1152	1156	0	681981
640	1175	1020	1008	1147	1152	1156	1148	0	683128
641	1020	1008	1147	1152	1156	1148	1019	0	684280
642	1008	1147	1152	1156	1148	1019	1086	0	685436
643	1147	1152	1156	1148	1019	1086	1225	0	686584
644	1152	1156	1148	1019	1086	1225	1032	0	687603
645	1156	1148	1019	1086	1225	1032	1046	0	688689
646	1148	1019	1086	1225	1032	1046	1195	0	689914
647	1019	1086	1225	1032	1046	1195	1163	0	690946
648	1086	1225	1032	1046	1195	1163	1043	0	691992
649	1225	1032	1046	1195	1163	1043	1152	0	693187
650	1032	1046	1195	1163	1043	1152	1280	0	694350
651	1046	1195	1163	1043	1152	1280	1105	0	695393
652	1195	1163	1043	1152	1280	1105	1183	0	696545
653	1163	1043	1152	1280	1105	1183	1237	0	697825
654	1043	1152	1280	1105	1183	1237	1136	0	698930
655	1152	1280	1105	1183	1237	1136	1032	0	700113
656	1280	1105	1183	1237	1136	1032	992	0	701350
657	1105	1183	1237	1136	1032	992	949	0	702486
658	1183	1237	1136	1032	992	949	1008	0	703518
659	1237	1136	1032	992	949	1008	1179	0	704510
660	1136	1032	992	949	1008	1179	1284	0	705459
661	1032	992	949	1008	1179	1284	1342	0	706467
662	992	949	1008	1179	1284	1342	1234	0	707646
663	949	1008	1179	1284	1342	1234	1214	0	708930
664	1008	1179	1284	1342	1234	1214	1331	0	710272
665	1179	1284	1342	1234	1214	1331	1194	0	711506
666	1284	1342	1234	1214	1331	1194	1152	0	712720
667	1342	1234	1214	1331	1194	1152	1296	0	714051
668	1234	1214	1331	1194	1152	1296	1175	0	715245
669	1214	1331	1194	1152	1296	1175	1058	0	716397
670	1331	1194	1152	1296	1175	1058	1093	0	717693
671	1194	1152	1296	1175	1058	1093	1242	0	718868
672	1152	1296	1175	1058	1093	1242	1070	0	719926
673	1296	1175	1058	1093	1242	1070	1035	0	721019
674	1175	1058	1093	1242	1070	1035	1089	0	722261
675	1058	1093	1242	1070	1035	1089	1152	0	723331
676	1093	1242	1070	1035	1089	1152	1035	0	724366
677	1242	1070	1035	1089	1152	1035	1128	0	725455
678	1070	1035	1089	1152	1035	1128	1160	0	726607
679	1035	1089	1152	1035	1128	1160	1051	0	727642
680	1089	1152	1035	1128	1160	1051	1003	0	728770
681	1152	1035	1128	1160	1051	1003	985	0	729930
682	1035	1128	1160	1051	1003	985	1136	0	730981
683	1128	1160	1051	1003	985	1136	1226	0	731984
684	1160	1051	1003	985	1136	1226	1015	0	732969
685	1051	1003	985	1136	1226	1015	1082	0	734105
686	1003	985	1136	1226	1015	1082	1183	0	735331
687	985	1136	1226	1015	1082	1183	1109	0	736346
688	1136	1226	1015	1082	1183	1109	1136	0	737428
689	1226	1015	1082	1183	1109	1136	1222	0	738611
690	1015	1082	1183	1109	1136	1222	1136	0	739720
691	1082	1183	1109	1136	1222	1136	984	0	740856
692	1183	1109	1136	1222	1136	984	1070	0	742078
693	1109	1136	1222	1136	984	1070	1137	0	743214
694	1136	1222	1136	984	1070	1137	1066	0	744198
695	1222	1136	984	1070	1137	1066	957	0	745268
696	1136	984	1070	1137	1066	957	953	0	746405
697	984	1070	1137	1066	957	953	981	0	747471
698	1070	1137	1066	957	953	981	1019	0	748428
699	1137	1066	957	953	981	1019	1016	0	749381
700	1066	957	953	981	1019	1016	1156	0	750362
701	957	953	981	1019	1016	1156	1237	0	751381
702	953	981	1019	1016	1156	1237	1148	0	752397
703	981	1019	1016	1156	1237	1148	1202	0	753553
704	1019	1016	1156	1237	1148	1202	1062	0	754790
705	1016	1156	1237	1148	1202	1062	1020	0	755938
706	1156	1237	1148	1202	1062	1020	1093	0	757140
707	1237	1148	1202	1062	1020	1093	1024	0	758202
708	1148	1202	1062	1020	1093	1024	980	0	759222
709	1202	1062	1020	1093	1024	980	1144	0	760315
710	1062	1020	1093	1024	980	1144	1269	0	761339
711	1020	1093	1024	980	1144	1269	1136	0	762319
712	1093	1024	980	1144	1269	1136	1054	0	763463
713	1024	980	1144	1269	1136	1054	1121	0	764732
714	980	1144	1269	1136	1054	1121	1117	0	765868
715	1144	1269	1136	1054	1121	1117	918	0	766922
716	1269	1136	1054	1121	1117	918	895	0	768043
717	1136	1054	1121	1117	918	895	914	0	769160
718	1054	1121	1117	918	895	914	1202	0	770078
719	1121	1117	918	895	914	1202	1234	0	770973
720	1117	918	895	914	1202	1234	1284	0	771887
721	918	895	914	1202	1234	1284	1276	0	773089
722	895	914	1202	1234	1284	1276	1234	0	774323
723	914	1202	1234	1284	1276	1234	1214	0	775607
724	1202	1234	1284	1276	1234	1214	1225	0	776883
725	1234	1284	1276	1234	1214	1225	1273	0	778117
726	1284	1276	1234	1214	1225	1273	1159	0	779331
727	1276	1234	1214	1225	1273	1159	1133	0	780556
728	1234	1214	1225	1273	1159	1133	1128	0	781829
729	1214	1225	1273	1159	1133	1128	1187	0	782988
730	1225	1273	1159	1133	1128	1187	1015	0	784121
731	1273	1159	1133	1128	1187	1015	1024	0	785249
732	1159	1133	1128	1187	1015	1024	1043	0	786436
733	1133	1128	1187	1015	1024	1043	961	0	787451
734	1128	1187	1015	1024	1043	961	1015	0	788475
735	1187	1015	1024	1043	961	1015	1284	0	789518
736	1015	1024	1043	961	1015	1284	1199	0	790479
737	1024	1043	961	1015	1284	1199	1221	0	791494
738	1043	961	1015	1284	1199	1221	1121	0	792778
739	961	1015	1284	1199	1221	1121	1284	0	793977
740	1015	1284	1199	1221	1121	1284	1129	0	795198
741	1284	1199	1221	1121	1284	1129	1147	0	796319
742	1199	1221	1121	1284	1129	1147	1082	0	797603
743	1221	1121	1284	1129	1147	1082	985	0	798732
744	1121	1284	1129	1147	1082	985	1011	0	799879
745	1284	1129	1147	1082	985	1011	1152	0	800961
746	1129	1147	1082	985	1011	1152	1206	0	801946
747	1147	1082	985	1011	1152	1206	1047	0	802957
748	1082	985	1011	1152	1206	1047	1194	0	804109
749	985	1011	1152	1206	1047	1194	1051	0	805315
750	1011	1152	1206	1047	1194	1051	1031	0	806362
751	1152	1206	1047	1194	1051	1031	988	0	807556
752	1206	1047	1194	1051	1031	988	1070	0	808607
753	1047	1194	1051	1031	988	1070	1176	0	809638
754	1194	1051	1031	988	1070	1176	1046	0	810626
755	1051	1031	988	1070	1176	1046	1035	0	811696
756	1031	988	1070	1176	1046	1035	1109	0	812872
757	988	1070	1176	1046	1035	1109	1179	0	813918
758	1070	1176	1046	1035	1109	1179	1024	0	814953
759	1176	1046	1035	1109	1179	1024	1062	0	816062
760	1046	1035	1109	1179	1024	1062	1268	0	817241
761	1035	1109	1179	1024	1062	1268	1094	0	818265
762	1109	1179	1024	1062	1268	1094	1190	0	819327
763	1179	1024	1062	1268	1094	1190	1047	0	820595
764	1024	1062	1268	1094	1190	1047	907	0	821689
765	1062	1268	1094	1190	1047	907	899	0	822879
766	1268	1094	1190	1047	907	899	976	0	823926
767	1094	1190	1047	907	899	976	1257	0	824833
768	1190	1047	907	899	976	1257	1163	0	825732
769	1047	907	899	976	1257	1163	1148	0	826708
770	907	899	976	1257	1163	1148	1191	0	827965
771	899	976	1257	1163	1148	1191	1233	0	829128
772	976	1257	1163	1148	1191	1233	1168	0	830276
773	1257	1163	1148	1191	1233	1168	1198	0	831467
774	1163	1148	1191	1233	1168	1198	1226	0	832700
775	1148	1191	1233	1168	1198	1226	1113	0	833868
776	1191	1233	1168	1198	1226	1113	1039	0	835066
777	1233	1168	1198	1226	1113	1039	1058	0	836292
778	1168	1198	1226	1113	1039	1058	1031	0	837405
779	1198	1226	1113	1039	1058	1031	973	0	838444
780	1226	1113	1039	1058	1031	973	1012	0	839502
781	1113	1039	1058	1031	973	1012	1116	0	840533
782	1039	1058	1031	973	1012	1116	1090	0	841506
783	1058	1031	973	1012	1116	1090	1008	0	842518
784	1031	973	1012	1116	1090	1008	1031	0	843634
785	973	1012	1116	1090	1008	1031	922	0	844724
786	1012	1116	1090	1008	1031	922	868	0	845732
787	1116	1090	1008	1031	922	868	859	0	846763
788	1090	1008	1031	922	868	859	911	0	847685
789	1008	1031	922	868	859	911	1195	0	848553
790	1031	922	868	859	911	1195	1206	0	849412
791	922	868	859	911	1195	1206	1315	0	850323
792	868	859	911	1195	1206	1315	1241	0	851518
793	859	911	1195	1206	1315	1241	1253	0	852724
794	911	1195	1206	1315	1241	1253	1175	0	854039
795	1195	1206	1315	1241	1253	1175	1039	0	855280
796	1206	1315	1241	1253	1175	1039	1004	0	856533
797	1315	1241	1253	1175	1039	1004	1054	0	857708
798	1241	1253	1175	1039	1004	1054	1051	0	858747
799	1253	1175	1039	1004	1054	1051	1043	0	859751
800	1175	1039	1004	1054	1051	1043	1167	0	860805
801	1039	1004	1054	1051	1043	1167	1105	0	861856
802	1004	1054	1051	1043	1167	1105	996	0	862899
803	1054	1051	1043	1167	1105	996	1086	0	864066
804	1051	1043	1167	1105	996	1086	1206	0	865171
805	1043	1167	1105	996	1086	1206	1055	0	866167
806	1167	1105	996	1086	1206	1055	1050	0	867253
807	1105	996	1086	1206	1055	1050	1249	0	868459
808	996	1086	1206	1055	1050	1249	1199	0	869514
809	1086	1206	1055	1050	1249	1199	984	0	870564
810	1206	1055	1050	1249	1199	984	1012	0	871813
811	1055	1050	1249	1199	984	1012	1093	0	873012
812	1050	1249	1199	984	1012	1093	1136	0	873996
813	1249	1199	984	1012	1093	1136	1012	0	875008
814	1199	984	1012	1093	1136	1012	1016	0	876101
815	984	1012	1093	1136	1012	1016	1120	0	877237
816	1012	1093	1136	1012	1016	1120	1031	0	878249
817	1093	1136	1012	1016	1120	1031	1055	0	879265
818	1136	1012	1016	1120	1031	1055	1179	0	880385
819	1012	1016	1120	1031	1055	1179	1124	0	881416
820	1016	1120	1031	1055	1179	1124	1113	0	882471
821	1120	1031	1055	1179	1124	1113	1024	0	883650
822	1031	1055	1179	1124	1113	1024	1035	0	884774
823	1055	1179	1124	1113	1024	1035	992	0	885887
824	1179	1124	1113	1024	1035	992	1085	0	886911
825	1124	1113	1024	1035	992	1085	1253	0	887946
826	1113	1024	1035	992	1085	1253	1051	0	888938
827	1024	1035	992	1085	1253	1051	1015	0	890023
828	1035	992	1085	1253	1051	1015	1137	0	891276
829	992	1085	1253	1051	1015	1137	1140	0	892327
830	1085	1253	1051	1015	1137	1140	1050	0	893342
831	1253	1051	1015	1137	1140	1050	1164	0	894479
832	1051	1015	1137	1140	1050	1164	1074	0	895619
833	1015	1137	1140	1050	1164	1074	984	0	896669
834	1137	1140	1050	1164	1074	984	1163	0	897833
835	1140	1050	1164	1074	984	1163	1082	0	898907
836	1050	1164	1074	984	1163	1082	1179	0	899891
837	1164	1074	984	1163	1082	1179	1101	0	901054
838	1074	984	1163	1082	1179	1101	1148	0	902136
839	984	1163	1082	1179	1101	1148	1140	0	903315
840	1163	1082	1179	1101	1148	1140	1074	0	904416
841	1082	1179	1101	1148	1140	1074	1074	0	905564
842	1179	1101	1148	1140	1074	1074	1148	0	906704
843	1101	1148	1140	1074	1074	1148	1117	0	907778
844	1148	1140	1074	1074	1148	1117	1031	0	908852
845	1140	1074	1074	1148	1117	1031	949	0	910000
846	1074	1074	1148	1117	1031	949	930	0	911117
847	1074	1148	1117	1031	949	930	876	0	912148
848	1148	1117	1031	949	930	876	887	0	913097
849	1117	1031	949	930	876	887	980	0	914027
850	1031	949	930	876	887	980	1355	0	914903
851	949	930	876	887	980	1355	1416	0	915790
852	930	876	887	980	1355	1416	1229	0	916770
853	876	887	980	1355	1416	1229	1351	0	918125
854	887	980	1355	1416	1229	1351	1291	0	919541
855	980	1355	1416	1229	1351	1291	1129	0	920770
856	1355	1416	1229	1351	1291	1129	1015	0	922121
857	1416	1229	1351	1291	1129	1015	1090	0	923412
858	1229	1351	1291	1129	1015	1090	1214	0	924541
859	1351	1291	1129	1015	1090	1214	1093	0	925556
860	1291	1129	1015	1090	1214	1093	1012	0	926646
861	1129	1015	1090	1214	1093	1012	1035	0	927860
862	1015	1090	1214	1093	1012	1035	1066	0	928953
863	1090	1214	1093	1012	1035	1066	1059	0	929965
864	1214	1093	1012	1035	1066	1059	1023	0	931000
865	1093	1012	1035	1066	1059	1023	1117	0	932066
866	1012	1035	1066	1059	1023	1117	1163	0	933125
867	1035	1066	1059	1023	1117	1163	1054	0	934148
868	1066	1059	1023	1117	1163	1054	1086	0	935265
869	1059	1023	1117	1163	1054	1086	1167	0	936428
870	1023	1117	1163	1054	1086	1167	1144	0	937482
871	1117	1163	1054	1086	1167	1144	1039	0	938568
872	1163	1054	1086	1167	1144	1039	1055	0	939735
873	1054	1086	1167	1144	1039	1055	1043	0	940879
874	1086	1167	1144	1039	1055	1043	980	0	941918
875	1167	1144	1039	1055	1043	980	992	0	942973
876	1144	1039	1055	1043	980	992	1047	0	944016
877	1039	1055	1043	980	992	1047	1039	0	944996
878	1055	1043	980	992	1047	1039	973	0	945988
879	1043	980	992	1047	1039	973	1019	0	947035
880	980	992	1047	1039	973	1019	1051	0	948074
881	992	1047	1039	973	1019	1051	1023	0	949047
882	1047	1039	973	1019	1051	1023	1031	0	950066
883	1039	973	1019	1051	1023	1031	965	0	951117
884	973	1019	1051	1023	1031	965	981	0	952140
885	1019	1051	1023	1031	965	981	1039	0	953171
886	1051	1023	1031	965	981	1039	961	0	954136
887	1023	1031	965	981	1039	961	883	0	955117
888	1031	965	981	1039	961	883	899	0	956156
889	965	981	1039	961	883	899	969	0	957117
890	981	1039	961	883	899	969	1113	0	958000
891	1039	961	883	899	969	1113	1058	0	958899
892	961	883	899	969	1113	1058	1050	0	959868
893	883	899	969	1113	1058	1050	1187	0	960981
894	899	969	1113	1058	1050	1187	1273	0	962039
895	969	1113	1058	1050	1187	1273	1097	0	963089
896	1113	1058	1050	1187	1273	1097	1089	0	964276
897	1058	1050	1187	1273	1097	1089	1168	0	965549
898	1050	1187	1273	1097	1089	1168	1054	0	966646
899	1187	1273	1097	1089	1168	1054	1090	0	967735
900	1273	1097	1089	1168	1054	1090	1066	0	968903
901	1097	1089	1168	1054	1090	1066	1015	0	969957
902	1089	1168	1054	1090	1066	1015	1000	0	971047
903	1168	1054	1090	1066	1015	1000	1070	0	972113
904	1054	1090	1066	1015	1000	1070	1070	0	973128
905	1090	1066	1015	1000	1070	1070	981	0	974128
906	1066	1015	1000	1070	1070	981	1000	0	975198
907	1015	1000	1070	1070	981	1000	1035	0	976268
908	1000	1070	1070	981	1000	1035	1012	0	977249
909	1070	1070	981	1000	1035	1012	969	0	978249
910	1070	981	1000	1035	1012	969	1003	0	979284
911	981	1000	1035	1012	969	1003	1106	0	980296
912	1000	1035	1012	969	1003	1106	996	0	981265
913	1035	1012	969	1003	1106	996	1000	0	982268
914	1012	969	1003	1106	996	1000	1023	0	983374
915	969	1003	1106	996	1000	1023	1027	0	984370
916	1003	1106	996	1000	1023	1027	1024	0	985370
917	1106	996	1000	1023	1027	1024	1074	0	986393
918	996	1000	1023	1027	1024	1074	1042	0	987420
919	1000	1023	1027	1024	1074	1042	985	0	988444
920	1023	1027	1024	1074	1042	985	1050	0	989518
921	1027	1024	1074	1042	985	1050	1090	0	990560
922	1024	1074	1042	985	1050	1090	976	0	991545
923	1074	1042	985	1050	1090	976	1000	0	992595
924	1042	985	1050	1090	976	1000	1074	0	993685
925	985	1050	1090	976	1000	1074	1000	0	994661
926	1050	1090	976	1000	1074	1000	930	0	995661
927	1090	976	1000	1074	1000	930	954	0	996735
928	976	1000	1074	1000	930	954	918	0	997735
929	1000	1074	1000	930	954	918	875	0	998665
930	1074	1000	930	954	918	875	892	0	999619
931	1000	930	954	918	875	892	945	0	1000537
932	930	954	918	875	892	945	1008	0	1001412
933	954	918	875	892	945	1008	996	0	1002304
934	918	875	892	945	1008	996	965	0	1003249
935	875	892	945	1008	996	965	984	0	1004257
936	892	945	1008	996	965	984	1055	0	1005253
937	945	1008	996	965	984	1055	1066	0	1006218
938	1008	996	965	984	1055	1066	1097	0	1007202
939	996	965	984	1055	1066	1097	1082	0	1008257
940	965	984	1055	1066	1097	1082	1144	0	1009323
941	984	1055	1066	1097	1082	1144	1031	0	1010420
942	1055	1066	1097	1082	1144	1031	1035	0	1011502
943	1066	1097	1082	1144	1031	1035	977	0	1012646
944	1097	1082	1144	1031	1035	977	976	0	1013677
945	1082	1144	1031	1035	977	976	989	0	1014712
946	1144	1031	1035	977	976	989	1023	0	1015689
947	1031	1035	977	976	989	1023	973	0	1016665
948	1035	977	976	989	1023	973	945	0	1017654
949	977	976	989	1023	973	945	981	0	1018677
950	976	989	1023	973	945	981	988	0	1019650
951	989	1023	973	945	981	988	992	0	1020595
952	1023	973	945	981	988	992	926	0	1021576
953	973	945	981	988	992	926	930	0	1022564
954	945	981	988	992	926	930	969	0	1023556
955	981	988	992	926	930	969	1098	0	1024482
956	988	992	926	930	969	1098	961	0	1025412
957	992	926	930	969	1098	961	972	0	1026381
958	926	930	969	1098	961	972	962	0	1027479
959	930	969	1098	961	972	962	891	0	1028440
960	969	1098	961	972	962	891	871	0	1029412
961	1098	961	972	962	891	871	922	0	1030374
962	961	972	962	891	871	922	1168	0	1031265
963	972	962	891	871	922	1168	1167	0	1032136
964	962	891	871	922	1168	1167	1113	0	1033058
965	891	871	922	1168	1167	1113	1144	0	1034226
966	871	922	1168	1167	1113	1144	1179	0	1035393
967	922	1168	1167	1113	1144	1179	1031	0	1036506
968	1168	1167	1113	1144	1179	1031	1140	0	1037650
969	1167	1113	1144	1179	1031	1140	1070	0	1038829
970	1113	1144	1179	1031	1140	1070	1023	0	1039860
971	1144	1179	1031	1140	1070	1023	1172	0	1041000
972	1179	1031	1140	1070	1023	1172	1081	0	1042070
973	1031	1140	1070	1023	1172	1081	996	0	1043093
974	1140	1070	1023	1172	1081	996	1012	0	1044265
975	1070	1023	1172	1081	996	1012	1023	0	1045346
976	1023	1172	1081	996	1012	1023	985	0	1046342
977	1172	1081	996	1012	1023	985	969	0	1047354
978	1081	996	1012	1023	985	969	992	0	1048377
979	996	1012	1023	985	969	992	1012	0	1049362
980	1012	1023	985	969	992	1012	930	0	1050331
981	1023	985	969	992	1012	930	992	0	1051323
982	985	969	992	1012	930	992	976	0	1052335
983	969	992	1012	930	992	976	899	0	1053265
984	992	1012	930	992	976	899	895	0	1054257
985	1012	930	992	976	899	895	915	0	1055233
986	930	992	976	899	895	915	1000	0	1056132
987	992	976	899	895	915	1000	1046	0	1057027
988	976	899	895	915	1000	1046	989	0	1057942
989	899	895	915	1000	1046	989	1004	0	1058942
990	895	915	1000	1046	989	1004	1038	0	1059988
991	915	1000	1046	989	1004	1038	977	0	1060977
992	1000	1046	989	1004	1038	977	973	0	1061981
993	1046	989	1004	1038	977	973	996	0	1063019
994	989	1004	1038	977	973	996	895	0	1063996
995	1004	1038	977	973	996	895	872	0	1064969
996	1038	977	973	996	895	872	832	0	1065965
997	977	973	996	895	872	832	810	0	1066860
998	973	996	895	872	832	810	778	0	1067732
999	996	895	872	832	810	778	759	0	1068564
1000	895	872	832	810	778	759	750	0	1069374
1001	872	832	810	778	759	750	759	0	1070152
1002	832	810	778	759	750	759	751	0	1070911
1003	810	778	759	750	759	751	736	0	1071661
1004	778	759	750	759	751	736	731	0	1072420
1005	759	750	759	751	736	731	716	0	1073171
1006	750	759	751	736	731	716	712	0	1073907
1007	759	751	736	731	716	712	704	0	1074638
1008	751	736	731	716	712	704	689	0	1075354
1009	736	731	716	712	704	689	693	0	1076066
1010	731	716	712	704	689	693	692	0	1076770
1011	716	712	704	689	693	692	689	0	1077459
1012	712	704	689	693	692	689	693	0	1078152
1013	704	689	693	692	689	693	704	0	1078844
1014	689	693	692	689	693	704	731	0	1079533
1015	693	692	689	693	704	731	767	0	1080226
1016	692	689	693	704	731	767	825	0	1080930
1017	689	693	704	731	767	825	836	0	1081661
1018	693	704	731	767	825	836	825	0	1082428
1019	704	731	767	825	836	825	856	0	1083253
1020	731	767	825	836	825	856	934	0	1084089
1021	767	825	836	825	856	934	973	0	1084914
1022	825	836	825	856	934	973	926	0	1085770
1023	836	825	856	934	973	926	1016	0	1086704
1024	825	856	934	973	926	1016	1124	0	1087677
1025	856	934	973	926	1016	1124	1051	0	1088603
1026	934	973	926	1016	1124	1051	1105	0	1089619
1027	973	926	1016	1124	1051	1105	1167	0	1090743
1028	926	1016	1124	1051	1105	1167	1055	0	1091794
1029	1016	1124	1051	1105	1167	1055	992	0	1092899
1030	1124	1051	1105	1167	1055	992	1031	0	1094066
1031	1051	1105	1167	1055	992	1031	1035	0	1095121
1032	1105	1167	1055	992	1031	1035	969	0	1096113
1033	1167	1055	992	1031	1035	969	1035	0	1097144
1034	1055	992	1031	1035	969	1035	1156	0	1098179
1035	992	1031	1035	969	1035	1156	1015	0	1099148
1036	1031	1035	969	1035	1156	1015	1051	0	1100183
1037	1035	969	1035	1156	1015	1051	1054	0	1101339
1038	969	1035	1156	1015	1051	1054	1043	0	1102354
1039	1035	1156	1015	1051	1054	1043	1043	0	1103405
1040	1156	1015	1051	1054	1043	1043	1027	0	1104459
1041	1015	1051	1054	1043	1043	1027	1000	0	1105502
1042	1051	1054	1043	1043	1027	1000	1035	0	1106545
1043	1054	1043	1043	1027	1000	1035	1152	0	1107572
1044	1043	1043	1027	1000	1035	1152	1085	0	1108572
1045	1043	1027	1000	1035	1152	1085	1070	0	1109607
1046	1027	1000	1035	1152	1085	1070	1043	0	1110759
1047	1000	1035	1152	1085	1070	1043	1074	0	1111844
1048	1035	1152	1085	1070	1043	1074	973	0	1112914
1049	1152	1085	1070	1043	1074	973	907	0	1113957
1050	1085	1070	1043	1074	973	907	914	0	1115031
1051	1070	1043	1074	973	907	914	996	0	1116004
1052	1043	1074	973	907	914	996	973	0	1116911
1053	1074	973	907	914	996	973	973	0	1117825
1054	973	907	914	996	973	973	1217	0	1118821
1055	907	914	996	973	973	1217	1226	0	1119794
1056	914	996	973	973	1217	1226	1074	0	1120767
1057	996	973	973	1217	1226	1074	1097	0	1121984
1058	973	973	1217	1226	1074	1097	1148	0	1123210
1059	973	1217	1226	1074	1097	1148	992	0	1124284
1060	1217	1226	1074	1097	1148	992	1047	0	1125381
1061	1226	1074	1097	1148	992	1047	1113	0	1126529
1062	1074	1097	1148	992	1047	1113	1031	0	1127521
1063	1097	1148	992	1047	1113	1031	1008	0	1128568
1064	1148	992	1047	1113	1031	1008	1066	0	1129681
1065	992	1047	1113	1031	1008	1066	1058	0	1130712
1066	1047	1113	1031	1008	1066	1058	946	0	1131720
1067	1113	1031	1008	1066	1058	946	953	0	1132786
1068	1031	1008	1066	1058	946	953	1016	0	1133844
1069	1008	1066	1058	946	953	1016	1035	0	1134790
1070	1066	1058	946	953	1016	1035	996	0	1135743
1071	1058	946	953	1016	1035	996	1050	0	1136759
1072	946	953	1016	1035	996	1050	1179	0	1137794
1073	953	1016	1035	996	1050	1179	1051	0	1138790
1074	1016	1035	996	1050	1179	1051	1093	0	1139840
1075	1035	996	1050	1179	1051	1093	1012	0	1141019
1076	996	1050	1179	1051	1093	1012	1082	0	1142070
1077	1050	1179	1051	1093	1012	1082	1027	0	1143163
1078	1179	1051	1093	1012	1082	1027	992	0	1144175
1079	1051	1093	1012	1082	1027	992	1024	0	1145257
1080	1093	1012	1082	1027	992	1024	941	0	1146284
1081	1012	1082	1027	992	1024	941	887	0	1147276
1082	1082	1027	992	1024	941	887	876	0	1148300
1083	1027	992	1024	941	887	876	871	0	1149241
1084	992	1024	941	887	876	871	860	0	1150128
1085	1024	941	887	876	871	860	907	0	1151004
1086	941	887	876	871	860	907	1023	0	1151875
1087	887	876	871	860	907	1023	1098	0	1152735
1088	876	871	860	907	1023	1098	976	0	1153642
1089	871	860	907	1023	1098	976	1063	0	1154665
1090	860	907	1023	1098	976	1063	1050	0	1155763
1091	907	1023	1098	976	1063	1050	930	0	1156739
1092	1023	1098	976	1063	1050	930	895	0	1157802
1093	1098	976	1063	1050	930	895	879	0	1158852
1094	976	1063	1050	930	895	879	853	0	1159782
1095	1063	1050	930	895	879	853	832	0	1160677
1096	1050	930	895	879	853	832	845	0	1161556
1097	930	895	879	853	832	845	930	0	1162409
1098	895	879	853	832	845	930	1210	0	1163241
1099	879	853	832	845	930	1210	1066	0	1164086
1100	853	832	845	930	1210	1066	938	0	1165016
1101	832	845	930	1210	1066	938	988	0	1166226
1102	845	930	1210	1066	938	988	1015	0	1167292
1103	930	1210	1066	938	988	1015	1035	0	1168230
1104	1210	1066	938	988	1015	1035	946	0	1169218
1105	1066	938	988	1015	1035	946	981	0	1170233
1106	938	988	1015	1035	946	981	1073	0	1171268
1107	988	1015	1035	946	981	1073	1071	0	1172214
1108	1015	1035	946	981	1073	1071	988	0	1173195
1109	1035	946	981	1073	1071	988	1027	0	1174268
1110	946	981	1073	1071	988	1027	1031	0	1175339
1111	981	1073	1071	988	1027	1031	985	0	1176327
1112	1073	1071	988	1027	1031	985	1027	0	1177354
1113	1071	988	1027	1031	985	1027	1105	0	1178385
1114	988	1027	1031	985	1027	1105	996	0	1179370
1115	1027	1031	985	1027	1105	996	984	0	1180397
1116	1031	985	1027	1105	996	984	1020	0	1181502
1117	985	1027	1105	996	984	1020	1031	0	1182498
1118	1027	1105	996	984	1020	1031	911	0	1183482
1119	1105	996	984	1020	1031	911	887	0	1184502
1120	996	984	1020	1031	911	887	895	0	1185533
1121	984	1020	1031	911	887	895	949	0	1186444
1122	1020	1031	911	887	895	949	942	0	1187331
1123	1031	911	887	895	949	942	930	0	1188226
1124	911	887	895	949	942	930	1031	0	1189175
1125	887	895	949	942	930	1031	1190	0	1190117
1126	895	949	942	930	1031	1190	1051	0	1191047
1127	949	942	930	1031	1190	1051	942	0	1192078
1128	942	930	1031	1190	1051	942	1011	0	1193268
1129	930	1031	1190	1051	942	1011	1140	0	1194319
1130	1031	1190	1051	942	1011	1140	1133	0	1195261
1131	1190	1051	942	1011	1140	1133	988	0	1196272
1132	1051	942	1011	1140	1133	988	1051	0	1197412
1133	942	1011	1140	1133	988	1051	1144	0	1198545
1134	1011	1140	1133	988	1051	1144	1042	0	1199533
1135	1140	1133	988	1051	1144	1042	993	0	1200584
1136	1133	988	1051	1144	1042	993	1031	0	1201728
1137	988	1051	1144	1042	993	1031	1062	0	1202770
1138	1051	1144	1042	993	1031	1062	1058	0	1203763
1139	1144	1042	993	1031	1062	1058	1000	0	1204794
1140	1042	993	1031	1062	1058	1000	981	0	1205856
1141	993	1031	1062	1058	1000	981	922	0	1206914
1142	1031	1062	1058	1000	981	922	946	0	1207914
1143	1062	1058	1000	981	922	946	1000	0	1208895
1144	1058	1000	981	922	946	1000	1077	0	1209817
1145	1000	981	922	946	1000	1077	1113	0	1210763
1146	981	922	946	1000	1077	1113	1105	0	1211763
1147	922	946	1000	1077	1113	1105	1078	0	1212840
1148	946	1000	1077	1113	1105	1078	996	0	1213953
1149	1000	1077	1113	1105	1078	996	1070	0	1215058
1150	1077	1113	1105	1078	996	1070	1051	0	1216136
1151	1113	1105	1078	996	1070	1051	1078	0	1217132
1152	1105	1078	996	1070	1051	1078	1031	0	1218202
1153	1078	996	1070	1051	1078	1031	1070	0	1219253
1154	996	1070	1051	1078	1031	1070	1074	0	1220331
1155	1070	1051	1078	1031	1070	1074	988	0	1221362
1156	1051	1078	1031	1070	1074	988	1024	0	1222432
1157	1078	1031	1070	1074	988	1024	1062	0	1223506
1158	1031	1070	1074	988	1024	1062	984	0	1224494
1159	1070	1074	988	1024	1062	984	981	0	1225518
1160	1074	988	1024	1062	984	981	1015	0	1226580
1161	988	1024	1062	984	981	1015	977	0	1227564
1162	1024	1062	984	981	1015	977	887	0	1228545
1163	1062	984	981	1015	977	887	903	0	1229560
1164	984	981	1015	977	887	903	883	0	1230537
1165	981	1015	977	887	903	883	856	0	1231424
1166	1015	977	887	903	883	856	837	0	1232327
1167	977	887	903	883	856	837	821	0	1233210
1168	887	903	883	856	837	821	879	0	1234066
1169	903	883	856	837	821	879	1245	0	1234903
1170	883	856	837	821	879	1245	1226	0	1235724
1171	856	837	821	879	1245	1226	1035	0	1236603
1172	837	821	879	1245	1226	1035	1136	0	1237848
1173	821	879	1245	1226	1035	1136	1148	0	1239074
1174	879	1245	1226	1035	1136	1148	1171	0	1240109
1175	1245	1226	1035	1136	1148	1171	1070	0	1241245
1176	1226	1035	1136	1148	1171	1070	1136	0	1242393
1177	1035	1136	1148	1171	1070	1136	1090	0	1243564
1178	1136	1148	1171	1070	1136	1090	1012	0	1244634
1179	1148	1171	1070	1136	1090	1012	1031	0	1245770
1180	1171	1070	1136	1090	1012	1031	1081	0	1246860
1181	1070	1136	1090	1012	1031	1081	1008	0	1247872
1182	1136	1090	1012	1031	1081	1008	981	0	1248903
1183	1090	1012	1031	1081	1008	981	1039	0	1249984
1184	1012	1031	1081	1008	981	1039	1058	0	1250992
1185	1031	1081	1008	981	1039	1058	1004	0	1251973
1186	1081	1008	981	1039	1058	1004	992	0	1253012
1187	1008	981	1039	1058	1004	992	1074	0	1254070
1188	981	1039	1058	1004	992	1074	1074	0	1255074
1189	1039	1058	1004	992	1074	1074	1004	0	1256066
1190	1058	1004	992	1074	1074	1004	988	0	1257140
1191	1004	992	1074	1074	1004	988	1074	0	1258214
1192	992	1074	1074	1004	988	1074	1094	0	1259218
1193	1074	1074	1004	988	1074	1094	996	0	1260206
1194	1074	1004	988	1074	1094	996	996	0	1261280
1195	1004	988	1074	1094	996	996	1035	0	1262374
1196	988	1074	1094	996	996	1035	1019	0	1263370
1197	1074	1094	996	996	1035	1019	1027	0	1264366
1198	1094	996	996	1035	1019	1027	1012	0	1265401
1199	996	996	1035	1019	1027	1012	1043	0	1266420
1200	996	1035	1019	1027	1012	1043	1023	0	1267447
1201	1035	1019	1027	1012	1043	1023	965	0	1268459
1202	1019	1027	1012	1043	1023	965	1008	0	1269502
1203	1027	1012	1043	1023	965	1008	1043	0	1270525
1204	1012	1043	1023	965	1008	1043	988	0	1271490
1205	1043	1023	965	1008	1043	988	938	0	1272498
1206	1023	965	1008	1043	988	938	922	0	1273541
1207	965	1008	1043	988	938	922	879	0	1274529
1208	1008	1043	988	938	922	879	837	0	1275467
1209	1043	988	938	922	879	837	829	0	1276389
1210	988	938	922	879	837	829	844	0	1277268
1211	938	922	879	837	829	844	1055	0	1278105
1212	922	879	837	829	844	1055	1019	0	1278934
1213	879	837	829	844	1055	1019	1031	0	1279778
1214	837	829	844	1055	1019	1031	1140	0	1280833
1215	829	844	1055	1019	1031	1140	1144	0	1281852
1216	844	1055	1019	1031	1140	1144	1129	0	1282883
1217	1055	1019	1031	1140	1144	1129	1214	0	1284023
1218	1019	1031	1140	1144	1129	1214	1151	0	1285167
1219	1031	1140	1144	1129	1214	1151	1078	0	1286296
1220	1140	1144	1129	1214	1151	1078	1117	0	1287510
1221	1144	1129	1214	1151	1078	1117	1148	0	1288661
1222	1129	1214	1151	1078	1117	1148	1031	0	1289739
1223	1214	1151	1078	1117	1148	1031	1035	0	1290856
1224	1151	1078	1117	1148	1031	1035	1160	0	1292004
1225	1078	1117	1148	1031	1035	1160	1089	0	1293035
1226	1117	1148	1031	1035	1160	1089	996	0	1294070
1227	1148	1031	1035	1160	1089	996	1020	0	1295230
1228	1031	1035	1160	1089	996	1020	1124	0	1296319
1229	1035	1160	1089	996	1020	1124	1070	0	1297315
1230	1160	1089	996	1020	1124	1070	981	0	1298335
1231	1089	996	1020	1124	1070	981	1004	0	1299459
1232	996	1020	1124	1070	981	1004	941	0	1300529
1233	1020	1124	1070	981	1004	941	942	0	1301510
1234	1124	1070	981	1004	941	942	957	0	1302514
1235	1070	981	1004	941	942	957	1128	0	1303455
1236	981	1004	941	942	957	1128	1242	0	1304397
1237	1004	941	942	957	1128	1242	1081	0	1305354
1238	941	942	957	1128	1242	1081	1024	0	1306482
1239	942	957	1128	1242	1081	1024	1159	0	1307724
1240	957	1128	1242	1081	1024	1159	1203	0	1308805
1241	1128	1242	1081	1024	1159	1203	1023	0	1309829
1242	1242	1081	1024	1159	1203	1023	973	0	1310988
1243	1081	1024	1159	1203	1023	973	996	0	1312191
1244	1024	1159	1203	1023	973	996	1019	0	1313214
1245	1159	1203	1023	973	996	1019	954	0	1314187
1246	1203	1023	973	996	1019	954	961	0	1315183
1247	1023	973	996	1019	954	961	914	0	1316202
1248	973	996	1019	954	961	914	880	0	1317156
1249	996	1019	954	961	914	880	856	0	1318117
1250	1019	954	961	914	880	856	859	0	1319031
1251	954	961	914	880	856	859	892	0	1319911
1252	961	914	880	856	859	892	1003	0	1320767
1253	914	880	856	859	892	1003	1226	0	1321626
1254	880	856	859	892	1003	1226	1148	0	1322518
1255	856	859	892	1003	1226	1148	1012	0	1323521
1256	859	892	1003	1226	1148	1012	1093	0	1324747
1257	892	1003	1226	1148	1012	1093	1175	0	1325895
1258	1003	1226	1148	1012	1093	1175	1058	0	1326907
1259	1226	1148	1012	1093	1175	1058	989	0	1328000
1260	1148	1012	1093	1175	1058	989	1019	0	1329175
1261	1012	1093	1175	1058	989	1019	1039	0	1330233
1262	1093	1175	1058	989	1019	1039	1000	0	1331222
1263	1175	1058	989	1019	1039	1000	988	0	1332241
1264	1058	989	1019	1039	1000	988	1055	0	1333280
1265	989	1019	1039	1000	988	1055	1027	0	1334280
1266	1019	1039	1000	988	1055	1027	954	0	1335268
1267	1039	1000	988	1055	1027	954	980	0	1336323
1268	1000	988	1055	1027	954	980	1016	0	1337350
1269	988	1055	1027	954	980	1016	1011	0	1338304
1270	1055	1027	954	980	1016	1011	1012	0	1339284
1271	1027	954	980	1016	1011	1012	1058	0	1340300
1272	954	980	1016	1011	1012	1058	1055	0	1341311
1273	980	1016	1011	1012	1058	1055	969	0	1342323
1274	1016	1011	1012	1058	1055	969	965	0	1343381
1275	1011	1012	1058	1055	969	965	1004	0	1344436
1276	1012	1058	1055	969	965	1004	1011	0	1345405
1277	1058	1055	969	965	1004	1011	973	0	1346370
1278	1055	969	965	1004	1011	973	961	0	1347374
1279	969	965	1004	1011	973	961	1016	0	1348385
1280	965	1004	1011	973	961	1016	1042	0	1349358
1281	1004	1011	973	961	1016	1042	1016	0	1350319
1282	1011	973	961	1016	1042	1016	1027	0	1351335
1283	973	961	1016	1042	1016	1027	1027	0	1352377
1284	961	1016	1042	1016	1027	1027	1028	0	1353393
1285	1016	1042	1016	1027	1027	1028	1054	0	1354420
1286	1042	1016	1027	1027	1028	1054	989	0	1355447
1287	1016	1027	1027	1028	1054	989	1000	0	1356475
1288	1027	1027	1028	1054	989	1000	1038	0	1357529
1289	1027	1028	1054	989	1000	1038	973	0	1358518
1290	1028	1054	989	1000	1038	973	965	0	1359518
1291	1054	989	1000	1038	973	965	1004	0	1360556
1292	989	1000	1038	973	965	1004	992	0	1361529
1293	1000	1038	973	965	1004	992	992	0	1362494
1294	1038	973	965	1004	992	992	1012	0	1363498
1295	973	965	1004	992	992	1012	992	0	1364490
1296	965	1004	992	992	1012	992	969	0	1365482
1297	1004	992	992	1012	992	969	1004	0	1366494
1298	992	992	1012	992	969	1004	1062	0	1367486
1299	992	1012	992	969	1004	1062	977	0	1368455
1300	1012	992	969	1004	1062	977	957	0	1369459
1301	992	969	1004	1062	977	957	973	0	1370521
1302	969	1004	1062	977	957	973	953	0	1371498
1303	1004	1062	977	957	973	953	934	0	1372455
1304	1062	977	957	973	953	934	957	0	1373428
1305	977	957	973	953	934	957	985	0	1374381
1306	957	973	953	934	957	985	953	0	1375315
1307	973	953	934	957	985	953	953	0	1376272
1308	953	934	957	985	953	953	989	0	1377257
1309	934	957	985	953	953	989	1023	0	1378210
1310	957	985	953	953	989	1023	996	0	1379163
1311	985	953	953	989	1023	996	989	0	1380152
1312	953	953	989	1023	996	989	1116	0	1381175
1313	953	989	1023	996	989	1116	1098	0	1382171
1314	989	1023	996	989	1116	1098	1011	0	1383160
1315	1023	996	989	1116	1098	1011	1031	0	1384276
1316	996	989	1116	1098	1011	1031	1039	0	1385374
1317	989	1116	1098	1011	1031	1039	957	0	1386385
1318	1116	1098	1011	1031	1039	957	985	0	1387416
1319	1098	1011	1031	1039	957	985	1004	0	1388455
1320	1011	1031	1039	957	985	1004	941	0	1389412
1321	1031	1039	957	985	1004	941	962	0	1390397
1322	1039	957	985	1004	941	962	953	0	1391401
1323	957	985	1004	941	962	953	973	0	1392342
1324	985	1004	941	962	953	973	930	0	1393304
1325	1004	941	962	953	973	930	926	0	1394257
1326	941	962	953	973	930	926	898	0	1395230
1327	962	953	973	930	926	898	880	0	1396160
1328	953	973	930	926	898	880	832	0	1397086
1329	973	930	926	898	880	832	860	0	1397984
1330	930	926	898	880	832	860	989	0	1398864
1331	926	898	880	832	860	989	1058	0	1399696
1332	898	880	832	860	989	1058	992	0	1400556
1333	880	832	860	989	1058	992	1164	0	1401545
1334	832	860	989	1058	992	1164	1159	0	1402603
1335	860	989	1058	992	1164	1159	1066	0	1403595
1336	989	1058	992	1164	1159	1066	1020	0	1404759
1337	1058	992	1164	1159	1066	1020	1015	0	1405918
1338	992	1164	1159	1066	1020	1015	985	0	1406984
1339	1164	1159	1066	1020	1015	985	945	0	1408004
1340	1159	1066	1020	1015	985	945	969	0	1409019
1341	1066	1020	1015	985	945	969	1004	0	1410004
1342	1020	1015	985	945	969	1004	965	0	1410949
1343	1015	985	945	969	1004	965	1000	0	1411918
1344	985	945	969	1004	965	1000	1047	0	1412922
1345	945	969	1004	965	1000	1047	1054	0	1413887
1346	969	1004	965	1000	1047	1054	1031	0	1414887
1347	1004	965	1000	1047	1054	1031	1028	0	1415934
1348	965	1000	1047	1054	1031	1028	1113	0	1416988
1349	1000	1047	1054	1031	1028	1113	1058	0	1418019
1350	1047	1054	1031	1028	1113	1058	1070	0	1419047
1351	1054	1031	1028	1113	1058	1070	1054	0	1420160
1352	1031	1028	1113	1058	1070	1054	1043	0	1421218
1353	1028	1113	1058	1070	1054	1043	996	0	1422288
1354	1113	1058	1070	1054	1043	996	1016	0	1423342
1355	1058	1070	1054	1043	996	1016	1066	0	1424385
1356	1070	1054	1043	996	1016	1066	1163	0	1425381
1357	1054	1043	996	1016	1066	1163	1074	0	1426397
1358	1043	996	1016	1066	1163	1074	1121	0	1427463
1359	996	1016	1066	1163	1074	1121	1167	0	1428626
1360	1016	1066	1163	1074	1121	1167	1055	0	1429700
1361	1066	1163	1074	1121	1167	1055	1124	0	1430821
1362	1163	1074	1121	1167	1055	1124	1117	0	1431988
1363	1074	1121	1167	1055	1124	1117	1016	0	1433043
1364	1121	1167	1055	1124	1117	1016	1066	0	1434167
1365	1167	1055	1124	1117	1016	1066	1019	0	1435284
1366	1055	1124	1117	1016	1066	1019	1012	0	1436300
1367	1124	1117	1016	1066	1019	1012	1078	0	1437366
1368	1117	1016	1066	1019	1012	1078	1058	0	1438385
1369	1016	1066	1019	1012	1078	1058	1043	0	1439397
1370	1066	1019	1012	1078	1058	1043	1035	0	1440475
1371	1019	1012	1078	1058	1043	1035	988	0	1441533
1372	1012	1078	1058	1043	1035	988	954	0	1442576
1373	1078	1058	1043	1035	988	954	1000	0	1443611
1374	1058	1043	1035	988	954	1000	1023	0	1444599
1375	1043	1035	988	954	1000	1023	1031	0	1445553
1376	1035	988	954	1000	1023	1031	1004	0	1446553
1377	988	954	1000	1023	1031	1004	996	0	1447576
1378	954	1000	1023	1031	1004	996	981	0	1448607
1379	1000	1023	1031	1004	996	981	941	0	1449611
1380	1023	1031	1004	996	981	941	895	0	1450607
1381	1031	1004	996	981	941	895	922	0	1451588
1382	1004	996	981	941	895	922	993	0	1452529
1383	996	981	941	895	922	993	992	0	1453424
1384	981	941	895	922	993	992	1031	0	1454346
1385	941	895	922	993	992	1031	1082	0	1455339
1386	895	922	993	992	1031	1082	1093	0	1456331
1387	922	993	992	1031	1082	1093	1191	0	1457362
1388	993	992	1031	1082	1093	1191	1035	0	1458444
1389	992	1031	1082	1093	1191	1035	988	0	1459537
1390	1031	1082	1093	1191	1035	988	984	0	1460728
1391	1082	1093	1191	1035	988	984	969	0	1461763
1392	1093	1191	1035	988	984	969	977	0	1462751
1393	1191	1035	988	984	969	977	977	0	1463735
1394	1035	988	984	969	977	977	1011	0	1464704
1395	988	984	969	977	977	1011	957	0	1465681
1396	984	969	977	977	1011	957	965	0	1466658
1397	969	977	977	1011	957	965	965	0	1467669
1398	977	977	1011	957	965	965	911	0	1468626
1399	977	1011	957	965	965	911	868	0	1469591
1400	1011	957	965	965	911	868	863	0	1470556
1401	957	965	965	911	868	863	833	0	1471467
1402	965	965	911	868	863	833	798	0	1472335
1403	965	911	868	863	833	798	794	0	1473198
1404	911	868	863	833	798	794	848	0	1474031
1405	868	863	833	798	794	848	1120	0	1474829
1406	863	833	798	794	848	1120	1000	0	1475623
1407	833	798	794	848	1120	1000	1047	0	1476471
1408	798	794	848	1120	1000	1047	957	0	1477591
1409	794	848	1120	1000	1047	957	887	0	1478591
1410	848	1120	1000	1047	957	887	899	0	1479638
1411	1120	1000	1047	957	887	899	860	0	1480595
1412	1000	1047	957	887	899	860	837	0	1481482
1413	1047	957	887	899	860	837	821	0	1482381
1414	957	887	899	860	837	821	786	0	1483241
1415	887	899	860	837	821	786	774	0	1484078
1416	899	860	837	821	786	774	774	0	1484899
1417	860	837	821	786	774	774	751	0	1485685
1418	837	821	786	774	774	751	755	0	1486459
1419	821	786	774	774	751	755	736	0	1487233
1420	786	774	774	751	755	736	751	0	1487984
1421	774	774	751	755	736	751	735	0	1488739
1422	774	751	755	736	751	735	681	0	1489475
1423	751	755	736	751	735	681	739	0	1490226
1424	755	736	751	735	681	739	720	0	1490961
1425	736	751	735	681	739	720	693	0	1491642
1426	751	735	681	739	720	693	720	0	1492381
1427	735	681	739	720	693	720	696	0	1493101
1428	681	739	720	693	720	696	677	0	1493794
1429	739	720	693	720	696	677	689	0	1494514
1430	720	693	720	696	677	689	685	0	1495210
1431	693	720	696	677	689	685	685	0	1495887
1432	720	696	677	689	685	685	669	0	1496576
1433	696	677	689	685	685	669	478	0	1497261
1434	677	689	685	685	669	478	938	0	1497946
1435	689	685	685	669	478	938	681	0	1498615
1436	685	685	669	478	938	681	463	1	1499093
1437	685	669	478	938	681	463	918	0	1500031
1438	669	478	938	681	463	918	685	0	1500712
1439	478	938	681	463	918	685	704	1	1501175
1440	938	681	463	918	685	704	1141	0	1502093
1441	681	463	918	685	704	1141	1089	0	1502778
1442	463	918	685	704	1141	1089	1187	0	1503482
1443	918	685	704	1141	1089	1187	1124	0	1504623
1444	685	704	1141	1089	1187	1124	1051	0	1505712
1445	704	1141	1089	1187	1124	1051	1272	0	1506899
1446	1141	1089	1187	1124	1051	1272	1304	0	1508023
1447	1089	1187	1124	1051	1272	1304	1163	0	1509074
1448	1187	1124	1051	1272	1304	1163	919	0	1510346
1449	1124	1051	1272	1304	1163	919	953	0	1511650
1450	1051	1272	1304	1163	919	953	455	0	1512813
1451	1272	1304	1163	919	953	455	1393	0	1513732
1452	1304	1163	919	953	455	1393	934	0	1514685
1453	1163	919	953	455	1393	934	903	1	1515140
1454	919	953	455	1393	934	903	1062	0	1516533
1455	953	455	1393	934	903	1062	1362	0	1517467
1456	455	1393	934	903	1062	1362	1350	0	1518370
1457	1393	934	903	1062	1362	1350	1054	0	1519432
1458	934	903	1062	1362	1350	1054	1121	0	1520794
1459	903	1062	1362	1350	1054	1121	1230	0	1522144
1460	1062	1362	1350	1054	1121	1230	1089	0	1523198
1461	1362	1350	1054	1121	1230	1089	1117	0	1524319
1462	1350	1054	1121	1230	1089	1117	1148	0	1525549
1463	1054	1121	1230	1089	1117	1148	996	0	1526638
1464	1121	1230	1089	1117	1148	996	941	0	1527755
1465	1230	1089	1117	1148	996	941	1067	0	1528903
1466	1089	1117	1148	996	941	1067	1330	0	1529899
1467	1117	1148	996	941	1067	1330	1226	0	1530840
1468	1148	996	941	1067	1330	1226	1381	0	1531907
1469	996	941	1067	1330	1226	1381	1296	0	1533237
1470	941	1067	1330	1226	1381	1296	1066	0	1534463
1471	1067	1330	1226	1381	1296	1066	1284	0	1535844
1472	1330	1226	1381	1296	1066	1284	1047	0	1537140
1473	1226	1381	1296	1066	1284	1047	973	0	1538206
1474	1381	1296	1066	1284	1047	973	1035	0	1539490
1475	1296	1066	1284	1047	973	1035	1062	0	1540537
1476	1066	1284	1047	973	1035	1062	907	0	1541510
1477	1284	1047	973	1035	1062	907	879	0	1542545
1478	1047	973	1035	1062	907	879	891	0	1543607
1479	973	1035	1062	907	879	891	907	0	1544514
1480	1035	1062	907	879	891	907	918	0	1545393
1481	1062	907	879	891	907	918	977	0	1546284
1482	907	879	891	907	918	977	1264	0	1547191
1483	879	891	907	918	977	1264	957	0	1548109
1484	891	907	918	977	1264	957	915	0	1549086
1485	907	918	977	1264	957	915	1175	0	1550350
1486	918	977	1264	957	915	1175	1299	0	1551307
1487	977	1264	957	915	1175	1299	1222	0	1552222
1488	1264	957	915	1175	1299	1222	1086	0	1553397
1489	957	915	1175	1299	1222	1086	1144	0	1554696
1490	915	1175	1299	1222	1086	1144	1136	0	1555918
1491	1175	1299	1222	1086	1144	1136	1055	0	1557004
1492	1299	1222	1086	1144	1136	1055	949	0	1558148
1493	1222	1086	1144	1136	1055	949	992	0	1559284
1494	1086	1144	1136	1055	949	992	1129	0	1560339
1495	1144	1136	1055	949	992	1129	1163	0	1561288
1496	1136	1055	949	992	1129	1163	1008	0	1562280
1497	1055	949	992	1129	1163	1008	945	0	1563409
1498	949	992	1129	1163	1008	945	981	0	1564572
1499	992	1129	1163	1008	945	981	1187	0	1565580
1500	1129	1163	1008	945	981	1187	1249	0	1566525
1501	1163	1008	945	981	1187	1249	1144	0	1567506
1502	1008	945	981	1187	1249	1144	1062	0	1568693
1503	945	981	1187	1249	1144	1062	1078	0	1569942
1504	981	1187	1249	1144	1062	1078	1062	0	1571086
1505	1187	1249	1144	1062	1078	1062	957	0	1572148
1506	1249	1144	1062	1078	1062	957	1016	0	1573226
1507	1144	1062	1078	1062	957	1016	1058	0	1574288
1508	1062	1078	1062	957	1016	1058	1086	0	1575245
1509	1078	1062	957	1016	1058	1086	1007	0	1576261
1510	1062	957	1016	1058	1086	1007	1020	0	1577319
1511	957	1016	1058	1086	1007	1020	1070	0	1578405
1512	1016	1058	1086	1007	1020	1070	1121	0	1579412
1513	1058	1086	1007	1020	1070	1121	1050	0	1580432
1514	1086	1007	1020	1070	1121	1050	1012	0	1581502
1515	1007	1020	1070	1121	1050	1012	980	0	1582623
1516	1020	1070	1121	1050	1012	980	926	0	1583673
1517	1070	1121	1050	1012	980	926	915	0	1584685
1518	1121	1050	1012	980	926	915	973	0	1585665
1519	1050	1012	980	926	915	973	1124	0	1586591
1520	1012	980	926	915	973	1124	1175	0	1587506
1521	980	926	915	973	1124	1175	1024	0	1588479
1522	926	915	973	1124	1175	1024	1038	0	1589603
1523	915	973	1124	1175	1024	1038	1028	0	1590778
1524	973	1124	1175	1024	1038	1028	1128	0	1591802
1525	1124	1175	1024	1038	1028	1128	1055	0	1592840
1526	1175	1024	1038	1028	1128	1055	1062	0	1593868
1527	1024	1038	1028	1128	1055	1062	1117	0	1594996
1528	1038	1028	1128	1055	1062	1117	1109	0	1596051
1529	1028	1128	1055	1062	1117	1109	957	0	1597113
1530	1128	1055	1062	1117	1109	957	957	0	1598230
1531	1055	1062	1117	1109	957	957	1000	0	1599339
1532	1062	1117	1109	957	957	1000	1132	0	1600296
1533	1117	1109	957	957	1000	1132	1117	0	1601253
1534	1109	957	957	1000	1132	1117	988	0	1602253
1535	957	957	1000	1132	1117	988	1035	0	1603385
1536	957	1000	1132	1117	988	1035	1094	0	1604502
1537	1000	1132	1117	988	1035	1094	976	0	1605490
1538	1132	1117	988	1035	1094	976	981	0	1606525
1539	1117	988	1035	1094	976	981	1047	0	1607619
1540	988	1035	1094	976	981	1047	1105	0	1608595
1541	1035	1094	976	981	1047	1105	1089	0	1609576
1542	1094	976	981	1047	1105	1089	938	0	1610623
1543	976	981	1047	1105	1089	938	988	0	1611728
1544	981	1047	1105	1089	938	988	1090	0	1612817
1545	1047	1105	1089	938	988	1090	1136	0	1613755
1546	1105	1089	938	988	1090	1136	984	0	1614743
1547	1089	938	988	1090	1136	984	996	0	1615833
1548	938	988	1090	1136	984	996	1078	0	1616969
1549	988	1090	1136	984	996	1078	1066	0	1617953
1550	1090	1136	984	996	1078	1066	981	0	1618949
1551	1136	984	996	1078	1066	981	996	0	1620027
1552	984	996	1078	1066	981	996	914	0	1621093
1553	996	1078	1066	981	996	914	872	0	1622074
1554	1078	1066	981	996	914	872	872	0	1623070
1555	1066	981	996	914	872	872	972	0	1623984
1556	981	996	914	872	872	972	1172	0	1624856
1557	996	914	872	872	972	1172	996	0	1625728
1558	914	872	872	972	1172	996	906	0	1626700
1559	872	872	972	1172	996	906	946	0	1627872
1560	872	972	1172	996	906	946	996	0	1628868
1561	972	1172	996	906	946	996	1004	0	1629774
1562	1172	996	906	946	996	1004	953	0	1630720
1563	996	906	946	996	1004	953	1249	0	1631716
1564	906	946	996	1004	953	1249	1393	0	1632720
1565	946	996	1004	953	1249	1393	1191	0	1633673
1566	996	1004	953	1249	1393	1191	1054	0	1634922
1567	1004	953	1249	1393	1191	1054	1059	0	1636315
1568	953	1249	1393	1191	1054	1059	1081	0	1637506
1569	1249	1393	1191	1054	1059	1081	1020	0	1638560
1570	1393	1191	1054	1059	1081	1020	992	0	1639619
1571	1191	1054	1059	1081	1020	992	1078	0	1640700
1572	1054	1059	1081	1020	992	1078	1179	0	1641720
1573	1059	1081	1020	992	1078	1179	1066	0	1642712
1574	1081	1020	992	1078	1179	1066	1078	0	1643790
1575	1020	992	1078	1179	1066	1078	1210	0	1644969
1576	992	1078	1179	1066	1078	1210	1210	0	1646035
1577	1078	1179	1066	1078	1210	1210	1086	0	1647113
1578	1179	1066	1078	1210	1210	1086	1015	0	1648323
1579	1066	1078	1210	1210	1086	1015	1074	0	1649533
1580	1078	1210	1210	1086	1015	1074	1195	0	1650619
1581	1210	1210	1086	1015	1074	1195	1155	0	1651634
1582	1210	1086	1015	1074	1195	1155	985	0	1652708
1583	1086	1015	1074	1195	1155	985	1190	0	1653903
1584	1015	1074	1195	1155	985	1190	1086	0	1655058
1585	1074	1195	1155	985	1190	1086	996	0	1656043
1586	1195	1155	985	1190	1086	996	1047	0	1657233
1587	1155	985	1190	1086	996	1047	1132	0	1658319
1588	985	1190	1086	996	1047	1132	1183	0	1659315
1589	1190	1086	996	1047	1132	1183	1082	0	1660362
1590	1086	996	1047	1132	1183	1082	1043	0	1661494
1591	996	1047	1132	1183	1082	1043	1085	0	1662677
1592	1047	1132	1183	1082	1043	1085	1105	0	1663759
1593	1132	1183	1082	1043	1085	1105	934	0	1664802
1594	1183	1082	1043	1085	1105	934	1055	0	1665887
1595	1082	1043	1085	1105	934	1055	1066	0	1666992
1596	1043	1085	1105	934	1055	1066	1062	0	1667926
1597	1085	1105	934	1055	1066	1062	977	0	1668981
1598	1105	934	1055	1066	1062	977	1011	0	1670047
1599	934	1055	1066	1062	977	1011	989	0	1671109
1600	1055	1066	1062	977	1011	989	1085	0	1672086
1601	1066	1062	977	1011	989	1085	1082	0	1673097
1602	1062	977	1011	989	1085	1082	1015	0	1674086
1603	977	1011	989	1085	1082	1015	1008	0	1675171
1604	1011	989	1085	1082	1015	1008	1148	0	1676253
1605	989	1085	1082	1015	1008	1148	1004	0	1677268
1606	1085	1082	1015	1008	1148	1004	953	0	1678276
1607	1082	1015	1008	1148	1004	953	996	0	1679424
1608	1015	1008	1148	1004	953	996	1070	0	1680428
1609	1008	1148	1004	953	996	1070	1109	0	1681381
1610	1148	1004	953	996	1070	1109	1000	0	1682377
1611	1004	953	996	1070	1109	1000	1222	0	1683447
1612	953	996	1070	1109	1000	1222	1245	0	1684556
1613	996	1070	1109	1000	1222	1245	1265	0	1685556
1614	1070	1109	1000	1222	1245	1265	1128	0	1686778
1615	1109	1000	1222	1245	1265	1128	1242	0	1688023
1616	1000	1222	1245	1265	1128	1242	1202	0	1689288
1617	1222	1245	1265	1128	1242	1202	1144	0	1690416
1618	1245	1265	1128	1242	1202	1144	1050	0	1691658
1619	1265	1128	1242	1202	1144	1050	1121	0	1692860
1620	1128	1242	1202	1144	1050	1121	1117	0	1694004
1621	1242	1202	1144	1050	1121	1117	1035	0	1695054
1622	1202	1144	1050	1121	1117	1035	1027	0	1696175
1623	1144	1050	1121	1117	1035	1027	1237	0	1697292
1624	1050	1121	1117	1035	1027	1237	1195	0	1698327
1625	1121	1117	1035	1027	1237	1195	1058	0	1699354
1626	1117	1035	1027	1237	1195	1058	1031	0	1700591
1627	1035	1027	1237	1195	1058	1031	1094	0	1701786
1628	1027	1237	1195	1058	1031	1094	1222	0	1702844
1629	1237	1195	1058	1031	1094	1222	1062	0	1703875
1630	1195	1058	1031	1094	1222	1062	988	0	1704969
1631	1058	1031	1094	1222	1062	988	1020	0	1706191
1632	1031	1094	1222	1062	988	1020	1066	0	1707253
1633	1094	1222	1062	988	1020	1066	1047	0	1708241
1634	1222	1062	988	1020	1066	1047	1151	0	1709261
1635	1062	988	1020	1066	1047	1151	1207	0	1710327
1636	988	1020	1066	1047	1151	1207	1066	0	1711374
1637	1020	1066	1047	1151	1207	1066	976	0	1712525
1638	1066	1047	1151	1207	1066	976	1028	0	1713732
1639	1047	1151	1207	1066	976	1028	1050	0	1714798
1640	1151	1207	1066	976	1028	1050	1164	0	1715774
1641	1207	1066	976	1028	1050	1164	1050	0	1716802
1642	1066	976	1028	1050	1164	1050	1070	0	1717852
1643	976	1028	1050	1164	1050	1070	1055	0	1719016
1644	1028	1050	1164	1050	1070	1055	1046	0	1720066
1645	1050	1164	1050	1070	1055	1046	930	0	1721136
1646	1164	1050	1070	1055	1046	930	934	0	1722191
1647	1050	1070	1055	1046	930	934	1097	0	1723237
1648	1070	1055	1046	930	934	1097	1273	0	1724167
1649	1055	1046	930	934	1097	1273	1206	0	1725101
1650	1046	930	934	1097	1273	1206	1245	0	1726198
1651	930	934	1097	1273	1206	1245	1152	0	1727471
1652	934	1097	1273	1206	1245	1152	1222	0	1728677
1653	1097	1273	1206	1245	1152	1222	1179	0	1729922
1654	1273	1206	1245	1152	1222	1179	1210	0	1731074
1655	1206	1245	1152	1222	1179	1210	1159	0	1732296
1656	1245	1152	1222	1179	1210	1159	1059	0	1733475
1657	1152	1222	1179	1210	1159	1059	1004	0	1734685
1658	1222	1179	1210	1159	1059	1004	1120	0	1735844
1659	1179	1210	1159	1059	1004	1120	1129	0	1736903
1660	1210	1159	1059	1004	1120	1129	961	0	1737907
1661	1159	1059	1004	1120	1129	961	930	0	1739027
1662	1059	1004	1120	1129	961	930	1004	0	1740156
1663	1004	1120	1129	961	930	1004	1237	0	1741117
1664	1120	1129	961	930	1004	1237	1097	0	1742047
1665	1129	961	930	1004	1237	1097	1230	0	1743051
1666	961	930	1004	1237	1097	1230	1144	0	1744288
1667	930	1004	1237	1097	1230	1144	1167	0	1745385
1668	1004	1237	1097	1230	1144	1167	992	0	1746615
1669	1237	1097	1230	1144	1167	992	981	0	1747759
1670	1097	1230	1144	1167	992	981	1047	0	1748926
1671	1230	1144	1167	992	981	1047	1042	0	1749918
1672	1144	1167	992	981	1047	1042	1261	0	1750899
1673	1167	992	981	1047	1042	1261	1222	0	1751946
1674	992	981	1047	1042	1261	1222	1152	0	1752988
1675	981	1047	1042	1261	1222	1152	1140	0	1754249
1676	1047	1042	1261	1222	1152	1140	1194	0	1755471
1677	1042	1261	1222	1152	1140	1194	1179	0	1756623
1678	1261	1222	1152	1140	1194	1179	1113	0	1757763
1679	1222	1152	1140	1194	1179	1113	1051	0	1758957
1680	1152	1140	1194	1179	1113	1051	1245	0	1760136
1681	1140	1194	1179	1113	1051	1245	1187	0	1761249
1682	1194	1179	1113	1051	1245	1187	1023	0	1762300
1683	1179	1113	1051	1245	1187	1023	1008	0	1763545
1684	1113	1051	1245	1187	1023	1008	1023	0	1764732
1685	1051	1245	1187	1023	1008	1023	992	0	1765755
1686	1245	1187	1023	1008	1023	992	926	0	1766763
1687	1187	1023	1008	1023	992	926	981	0	1767786
1688	1023	1008	1023	992	926	981	1179	0	1768778
1689	1008	1023	992	926	981	1179	1206	0	1769704
1690	1023	992	926	981	1179	1206	1097	0	1770685
1691	992	926	981	1179	1206	1097	1160	0	1771864
1692	926	981	1179	1206	1097	1160	1191	0	1773070
1693	981	1179	1206	1097	1160	1191	1089	0	1774167
1694	1179	1206	1097	1160	1191	1089	1016	0	1775327
1695	1206	1097	1160	1191	1089	1016	1085	0	1776518
1696	1097	1160	1191	1089	1016	1085	1183	0	1777607
1697	1160	1191	1089	1016	1085	1183	1027	0	1778623
1698	1191	1089	1016	1085	1183	1027	1004	0	1779708
1699	1089	1016	1085	1183	1027	1004	1059	0	1780891
1700	1016	1085	1183	1027	1004	1059	945	0	1781918
1701	1085	1183	1027	1004	1059	945	903	0	1782922
1702	1183	1027	1004	1059	945	903	938	0	1783981
1703	1027	1004	1059	945	903	938	949	0	1784926
1704	1004	1059	945	903	938	949	965	0	1785829
1705	1059	945	903	938	949	965	1058	0	1786767
1706	945	903	938	949	965	1058	1323	0	1787716
1707	903	938	949	965	1058	1323	1335	0	1788681
1708	938	949	965	1058	1323	1335	1167	0	1789739
1709	949	965	1058	1323	1335	1167	1160	0	1791062
1710	965	1058	1323	1335	1167	1160	1260	0	1792397
1711	1058	1323	1335	1167	1160	1260	1078	0	1793564
1712	1323	1335	1167	1160	1260	1078	1051	0	1794724
1713	1335	1167	1160	1260	1078	1051	1066	0	1795984
