i-3	i-2	i-1	i+0	i+1	i+2	i+3	Filter
47	1042	845	887	1016	1182	1265	0
1042	845	887	1016	1182	1265	1230	0
845	887	1016	1182	1265	1230	1245	0
887	1016	1182	1265	1230	1245	1179	0
1016	1182	1265	1230	1245	1179	1070	0
1182	1265	1230	1245	1179	1070	622	0
1265	1230	1245	1179	1070	622	1265	0
1230	1245	1179	1070	622	1265	1000	0
1245	1179	1070	622	1265	1000	549	1
1179	1070	622	1265	1000	549	1202	0
1070	622	1265	1000	549	1202	1019	0
622	1265	1000	549	1202	1019	557	1
1265	1000	549	1202	1019	557	1276	0
1000	549	1202	1019	557	1276	685	0
549	1202	1019	557	1276	685	1490	1
1202	1019	557	1276	685	1490	576	0
1019	557	1276	685	1490	576	1377	1
557	1276	685	1490	576	1377	580	0
1276	685	1490	576	1377	580	1370	1
685	1490	576	1377	580	1370	607	0
1490	576	1377	580	1370	607	1370	1
576	1377	580	1370	607	1370	677	0
1377	580	1370	607	1370	677	1618	1
580	1370	607	1370	677	1618	1670	0
1370	607	1370	677	1618	1670	1525	1
607	1370	677	1618	1670	1525	1338	0
1370	677	1618	1670	1525	1338	1210	0
677	1618	1670	1525	1338	1210	549	0
1618	1670	1525	1338	1210	549	1245	0
1670	1525	1338	1210	549	1245	1008	0
1525	1338	1210	549	1245	1008	568	1
1338	1210	549	1245	1008	568	1164	0
1210	549	1245	1008	568	1164	957	0
549	1245	1008	568	1164	957	544	1
1245	1008	568	1164	957	544	1187	0
1008	568	1164	957	544	1187	1035	0
568	1164	957	544	1187	1035	557	1
1164	957	544	1187	1035	557	1284	0
957	544	1187	1035	557	1284	653	0
544	1187	1035	557	1284	653	1370	1
1187	1035	557	1284	653	1370	630	0
1035	557	1284	653	1370	630	1374	1
557	1284	653	1370	630	1374	658	0
1284	653	1370	630	1374	658	1463	1
653	1370	630	1374	658	1463	568	0
1370	630	1374	658	1463	568	1338	1
630	1374	658	1463	568	1338	638	0
1374	658	1463	568	1338	638	1417	1
658	1463	568	1338	638	1417	587	0
1463	568	1338	638	1417	587	1347	1
568	1338	638	1417	587	1347	1295	0
1338	638	1417	587	1347	1295	1179	1
638	1417	587	1347	1295	1179	1222	0
1417	587	1347	1295	1179	1222	556	0
587	1347	1295	1179	1222	556	1261	0
1347	1295	1179	1222	556	1261	1125	0
1295	1179	1222	556	1261	1125	556	1
1179	1222	556	1261	1125	556	1199	0
1222	556	1261	1125	556	1199	1011	0
556	1261	1125	556	1199	1011	568	1
1261	1125	556	1199	1011	568	1226	0
1125	556	1199	1011	568	1226	1058	0
556	1199	1011	568	1226	1058	561	1
1199	1011	568	1226	1058	561	1225	0
1011	568	1226	1058	561	1225	1039	0
568	1226	1058	561	1225	1039	557	1
1226	1058	561	1225	1039	557	1171	0
1058	561	1225	1039	557	1171	996	0
561	1225	1039	557	1171	996	576	1
1225	1039	557	1171	996	576	1241	0
1039	557	1171	996	576	1241	669	0
557	1171	996	576	1241	669	1428	1
1171	996	576	1241	669	1428	576	0
996	576	1241	669	1428	576	1354	1
576	1241	669	1428	576	1354	619	0
1241	669	1428	576	1354	619	1339	1
669	1428	576	1354	619	1339	739	0
1428	576	1354	619	1339	739	1467	1
576	1354	619	1339	739	1467	568	0
1354	619	1339	739	1467	568	1257	1
619	1339	739	1467	568	1257	1046	0
1339	739	1467	568	1257	1046	553	1
739	1467	568	1257	1046	553	1233	0
1467	568	1257	1046	553	1233	1043	0
568	1257	1046	553	1233	1043	580	1
1257	1046	553	1233	1043	580	1249	0
1046	553	1233	1043	580	1249	1144	0
553	1233	1043	580	1249	1144	564	1
1233	1043	580	1249	1144	564	1253	0
1043	580	1249	1144	564	1253	1171	0
580	1249	1144	564	1253	1171	553	1
1249	1144	564	1253	1171	553	1264	0
1144	564	1253	1171	553	1264	728	0
564	1253	1171	553	1264	728	1323	1
1253	1171	553	1264	728	1323	1058	0
1171	553	1264	728	1323	1058	564	1
553	1264	728	1323	1058	564	1238	0
1264	728	1323	1058	564	1238	1210	0
728	1323	1058	564	1238	1210	556	1
1323	1058	564	1238	1210	556	1238	0
1058	564	1238	1210	556	1238	1159	0
564	1238	1210	556	1238	1159	1148	1
1238	1210	556	1238	1159	1148	1035	0
1210	556	1238	1159	1148	1035	1070	0
556	1238	1159	1148	1035	1070	1070	0
1238	1159	1148	1035	1070	1070	1066	0
1159	1148	1035	1070	1070	1066	1047	0
1148	1035	1070	1070	1066	1047	556	0
1035	1070	1070	1066	1047	556	1215	0
1070	1070	1066	1047	556	1215	976	0
1070	1066	1047	556	1215	976	560	1
1066	1047	556	1215	976	560	1172	0
1047	556	1215	976	560	1172	937	0
556	1215	976	560	1172	937	565	1
1215	976	560	1172	937	565	1241	0
976	560	1172	937	565	1241	1089	0
560	1172	937	565	1241	1089	568	1
1172	937	565	1241	1089	568	1327	0
937	565	1241	1089	568	1327	592	0
565	1241	1089	568	1327	592	1354	1
1241	1089	568	1327	592	1354	642	0
1089	568	1327	592	1354	642	1280	1
568	1327	592	1354	642	1280	965	0
1327	592	1354	642	1280	965	556	1
592	1354	642	1280	965	556	1222	0
1354	642	1280	965	556	1222	977	0
642	1280	965	556	1222	977	564	1
1280	965	556	1222	977	564	1210	0
965	556	1222	977	564	1210	1086	0
556	1222	977	564	1210	1086	564	1
1222	977	564	1210	1086	564	1206	0
977	564	1210	1086	564	1206	1059	0
564	1210	1086	564	1206	1059	568	1
1210	1086	564	1206	1059	568	1210	0
1086	564	1206	1059	568	1210	1074	0
564	1206	1059	568	1210	1074	556	1
1206	1059	568	1210	1074	556	1226	0
1059	568	1210	1074	556	1226	1070	0
568	1210	1074	556	1226	1070	576	1
1210	1074	556	1226	1070	576	1272	0
1074	556	1226	1070	576	1272	619	0
556	1226	1070	576	1272	619	1362	1
1226	1070	576	1272	619	1362	626	0
1070	576	1272	619	1362	626	1366	1
576	1272	619	1362	626	1366	622	0
1272	619	1362	626	1366	622	1374	1
619	1362	626	1366	622	1374	661	0
1362	626	1366	622	1374	661	1417	1
626	1366	622	1374	661	1417	583	0
1366	622	1374	661	1417	583	1323	1
622	1374	661	1417	583	1323	1218	0
1374	661	1417	583	1323	1218	557	1
661	1417	583	1323	1218	557	1237	0
1417	583	1323	1218	557	1237	1132	0
583	1323	1218	557	1237	1132	565	1
1323	1218	557	1237	1132	565	1221	0
1218	557	1237	1132	565	1221	1067	0
557	1237	1132	565	1221	1067	552	1
1237	1132	565	1221	1067	552	1230	0
1132	565	1221	1067	552	1230	1159	0
565	1221	1067	552	1230	1159	557	1
1221	1067	552	1230	1159	557	1229	0
1067	552	1230	1159	557	1229	1140	0
552	1230	1159	557	1229	1140	557	1
1230	1159	557	1229	1140	557	1284	0
1159	557	1229	1140	557	1284	572	0
557	1229	1140	557	1284	572	1264	1
1229	1140	557	1284	572	1264	1101	0
1140	557	1284	572	1264	1101	576	1
557	1284	572	1264	1101	576	1249	0
1284	572	1264	1101	576	1249	1179	0
572	1264	1101	576	1249	1179	584	1
1264	1101	576	1249	1179	584	1296	0
1101	576	1249	1179	584	1296	591	0
576	1249	1179	584	1296	591	1343	1
1249	1179	584	1296	591	1343	626	0
1179	584	1296	591	1343	626	1342	1
584	1296	591	1343	626	1342	767	0
1296	591	1343	626	1342	767	1549	1
591	1343	626	1342	767	1549	591	0
1343	626	1342	767	1549	591	1327	1
626	1342	767	1549	591	1327	654	0
1342	767	1549	591	1327	654	1326	1
767	1549	591	1327	654	1326	1051	0
1549	591	1327	654	1326	1051	584	1
591	1327	654	1326	1051	584	1284	0
1327	654	1326	1051	584	1284	1019	0
654	1326	1051	584	1284	1019	576	1
1326	1051	584	1284	1019	576	1183	0
1051	584	1284	1019	576	1183	945	0
584	1284	1019	576	1183	945	569	1
1284	1019	576	1183	945	569	1163	0
1019	576	1183	945	569	1163	910	0
576	1183	945	569	1163	910	576	1
1183	945	569	1163	910	576	1207	0
945	569	1163	910	576	1207	933	0
569	1163	910	576	1207	933	576	1
1163	910	576	1207	933	576	1253	0
910	576	1207	933	576	1253	1090	0
576	1207	933	576	1253	1090	572	1
1207	933	576	1253	1090	572	1260	0
933	576	1253	1090	572	1260	1257	0
576	1253	1090	572	1260	1257	1230	1
1253	1090	572	1260	1257	1230	1202	0
1090	572	1260	1257	1230	1202	564	0
572	1260	1257	1230	1202	564	1245	0
1260	1257	1230	1202	564	1245	1032	0
1257	1230	1202	564	1245	1032	552	1
1230	1202	564	1245	1032	552	1214	0
1202	564	1245	1032	552	1214	992	0
564	1245	1032	552	1214	992	580	1
1245	1032	552	1214	992	580	1214	0
1032	552	1214	992	580	1214	961	0
552	1214	992	580	1214	961	568	1
1214	992	580	1214	961	568	1242	0
992	580	1214	961	568	1242	1260	0
580	1214	961	568	1242	1260	1206	1
1214	961	568	1242	1260	1206	1323	0
961	568	1242	1260	1206	1323	1300	0
568	1242	1260	1206	1323	1300	1233	0
1242	1260	1206	1323	1300	1233	553	0
1260	1206	1323	1300	1233	553	1288	0
1206	1323	1300	1233	553	1288	665	0
1323	1300	1233	553	1288	665	1331	1
1300	1233	553	1288	665	1331	1105	0
1233	553	1288	665	1331	1105	572	1
553	1288	665	1331	1105	572	1265	0
1288	665	1331	1105	572	1265	1221	0
665	1331	1105	572	1265	1221	553	1
1331	1105	572	1265	1221	553	1241	0
1105	572	1265	1221	553	1241	1183	0
572	1265	1221	553	1241	1183	553	1
1265	1221	553	1241	1183	553	1233	0
1221	553	1241	1183	553	1233	1023	0
553	1241	1183	553	1233	1023	557	1
1241	1183	553	1233	1023	557	1237	0
1183	553	1233	1023	557	1237	1066	0
553	1233	1023	557	1237	1066	561	1
1233	1023	557	1237	1066	561	1260	0
1023	557	1237	1066	561	1260	1203	0
557	1237	1066	561	1260	1203	572	1
1237	1066	561	1260	1203	572	1245	0
1066	561	1260	1203	572	1245	1187	0
561	1260	1203	572	1245	1187	572	1
1260	1203	572	1245	1187	572	1284	0
1203	572	1245	1187	572	1284	642	0
572	1245	1187	572	1284	642	1443	1
1245	1187	572	1284	642	1443	584	0
1187	572	1284	642	1443	584	1327	1
572	1284	642	1443	584	1327	766	0
1284	642	1443	584	1327	766	1498	1
642	1443	584	1327	766	1498	592	0
1443	584	1327	766	1498	592	1268	1
584	1327	766	1498	592	1268	1179	0
1327	766	1498	592	1268	1179	549	1
766	1498	592	1268	1179	549	1210	0
1498	592	1268	1179	549	1210	1086	0
592	1268	1179	549	1210	1086	556	1
1268	1179	549	1210	1086	556	1249	0
1179	549	1210	1086	556	1249	1237	0
549	1210	1086	556	1249	1237	1331	1
1210	1086	556	1249	1237	1331	1374	0
1086	556	1249	1237	1331	1374	1334	0
556	1249	1237	1331	1374	1334	1140	0
1249	1237	1331	1374	1334	1140	549	0
1237	1331	1374	1334	1140	549	1202	0
1331	1374	1334	1140	549	1202	934	0
1374	1334	1140	549	1202	934	623	1
1334	1140	549	1202	934	623	1261	0
1140	549	1202	934	623	1261	906	0
549	1202	934	623	1261	906	545	1
1202	934	623	1261	906	545	1082	0
934	623	1261	906	545	1082	856	0
623	1261	906	545	1082	856	657	1
1261	906	545	1082	856	657	1000	0
906	545	1082	856	657	1000	848	0
545	1082	856	657	1000	848	864	1
1082	856	657	1000	848	864	526	0
856	657	1000	848	864	526	988	0
657	1000	848	864	526	988	887	0
1000	848	864	526	988	887	817	1
848	864	526	988	887	817	798	0
864	526	988	887	817	798	786	0
526	988	887	817	798	786	778	0
988	887	817	798	786	778	763	0
887	817	798	786	778	763	758	0
817	798	786	778	763	758	755	0
798	786	778	763	758	755	755	0
786	778	763	758	755	755	751	0
778	763	758	755	755	751	778	0
763	758	755	755	751	778	495	0
758	755	755	751	778	495	1027	0
755	755	751	778	495	1027	864	0
755	751	778	495	1027	864	673	1
751	778	495	1027	864	673	1210	0
778	495	1027	864	673	1210	1031	0
495	1027	864	673	1210	1031	514	1
1027	864	673	1210	1031	514	1241	0
864	673	1210	1031	514	1241	1229	0
673	1210	1031	514	1241	1229	1230	1
1210	1031	514	1241	1229	1230	1183	0
1031	514	1241	1229	1230	1183	1144	0
514	1241	1229	1230	1183	1144	1078	0
1241	1229	1230	1183	1144	1078	595	0
1229	1230	1183	1144	1078	595	1179	0
1230	1183	1144	1078	595	1179	957	0
1183	1144	1078	595	1179	957	525	1
1144	1078	595	1179	957	525	1156	0
1078	595	1179	957	525	1156	934	0
595	1179	957	525	1156	934	514	1
1179	957	525	1156	934	514	1159	0
957	525	1156	934	514	1159	942	0
525	1156	934	514	1159	942	533	1
1156	934	514	1159	942	533	1128	0
934	514	1159	942	533	1128	903	0
514	1159	942	533	1128	903	510	1
1159	942	533	1128	903	510	1109	0
942	533	1128	903	510	1109	895	0
533	1128	903	510	1109	895	630	1
1128	903	510	1109	895	630	1175	0
903	510	1109	895	630	1175	973	0
510	1109	895	630	1175	973	529	1
1109	895	630	1175	973	529	1233	0
895	630	1175	973	529	1233	1070	0
630	1175	973	529	1233	1070	1020	1
1175	973	529	1233	1070	1020	977	0
973	529	1233	1070	1020	977	976	0
529	1233	1070	1020	977	976	973	0
1233	1070	1020	977	976	973	961	0
1070	1020	977	976	973	961	938	0
1020	977	976	973	961	938	887	0
977	976	973	961	938	887	891	0
976	973	961	938	887	891	514	0
973	961	938	887	891	514	1062	0
961	938	887	891	514	1062	817	0
938	887	891	514	1062	817	833	1
887	891	514	1062	817	833	790	0
891	514	1062	817	833	790	797	0
514	1062	817	833	790	797	813	0
1062	817	833	790	797	813	849	0
817	833	790	797	813	849	638	0
833	790	797	813	849	638	1031	0
790	797	813	849	638	1031	887	0
797	813	849	638	1031	887	891	1
813	849	638	1031	887	891	498	0
849	638	1031	887	891	498	1078	0
638	1031	887	891	498	1078	879	0
1031	887	891	498	1078	879	530	1
887	891	498	1078	879	530	1085	0
891	498	1078	879	530	1085	848	0
498	1078	879	530	1085	848	884	1
1078	879	530	1085	848	884	525	0
879	530	1085	848	884	525	1230	0
530	1085	848	884	525	1230	1077	0
1085	848	884	525	1230	1077	1440	1
848	884	525	1230	1077	1440	1405	0
884	525	1230	1077	1440	1405	1331	0
525	1230	1077	1440	1405	1331	1303	0
1230	1077	1440	1405	1331	1303	1230	0
1077	1440	1405	1331	1303	1230	1225	0
1440	1405	1331	1303	1230	1225	549	0
1405	1331	1303	1230	1225	549	1222	0
1331	1303	1230	1225	549	1222	1120	0
1303	1230	1225	549	1222	1120	545	1
1230	1225	549	1222	1120	545	1191	0
1225	549	1222	1120	545	1191	1074	0
549	1222	1120	545	1191	1074	560	1
1222	1120	545	1191	1074	560	1226	0
1120	545	1191	1074	560	1226	1163	0
545	1191	1074	560	1226	1163	553	1
1191	1074	560	1226	1163	553	1256	0
1074	560	1226	1163	553	1256	1378	0
560	1226	1163	553	1256	1378	1377	1
1226	1163	553	1256	1378	1377	1218	0
1163	553	1256	1378	1377	1218	541	0
553	1256	1378	1377	1218	541	1222	0
1256	1378	1377	1218	541	1222	1027	0
1378	1377	1218	541	1222	1027	549	1
1377	1218	541	1222	1027	549	1124	0
1218	541	1222	1027	549	1124	895	0
541	1222	1027	549	1124	895	576	1
1222	1027	549	1124	895	576	1222	0
1027	549	1124	895	576	1222	945	0
549	1124	895	576	1222	945	572	1
1124	895	576	1222	945	572	1199	0
895	576	1222	945	572	1199	1054	0
576	1222	945	572	1199	1054	561	1
1222	945	572	1199	1054	561	1276	0
945	572	1199	1054	561	1276	1132	0
572	1199	1054	561	1276	1132	549	1
1199	1054	561	1276	1132	549	1155	0
1054	561	1276	1132	549	1155	962	0
561	1276	1132	549	1155	962	529	1
1276	1132	549	1155	962	529	1151	0
1132	549	1155	962	529	1151	899	0
549	1155	962	529	1151	899	576	1
1155	962	529	1151	899	576	1226	0
962	529	1151	899	576	1226	1008	0
529	1151	899	576	1226	1008	568	1
1151	899	576	1226	1008	568	1253	0
899	576	1226	1008	568	1253	634	0
576	1226	1008	568	1253	634	1323	1
1226	1008	568	1253	634	1323	654	0
1008	568	1253	634	1323	654	1361	1
568	1253	634	1323	654	1361	1242	0
1253	634	1323	654	1361	1242	548	1
634	1323	654	1361	1242	548	1222	0
1323	654	1361	1242	548	1222	1097	0
654	1361	1242	548	1222	1097	561	1
1361	1242	548	1222	1097	561	1241	0
1242	548	1222	1097	561	1241	1117	0
548	1222	1097	561	1241	1117	552	1
1222	1097	561	1241	1117	552	1273	0
1097	561	1241	1117	552	1273	626	0
561	1241	1117	552	1273	626	1300	1
1241	1117	552	1273	626	1300	1198	0
1117	552	1273	626	1300	1198	549	1
552	1273	626	1300	1198	549	1334	0
1273	626	1300	1198	549	1334	817	0
626	1300	1198	549	1334	817	1534	1
1300	1198	549	1334	817	1534	571	0
1198	549	1334	817	1534	571	1335	1
549	1334	817	1534	571	1335	599	0
1334	817	1534	571	1335	599	1323	1
817	1534	571	1335	599	1323	1249	0
1534	571	1335	599	1323	1249	549	1
571	1335	599	1323	1249	549	1233	0
1335	599	1323	1249	549	1233	1129	0
599	1323	1249	549	1233	1129	545	1
1323	1249	549	1233	1129	545	1249	0
1249	549	1233	1129	545	1249	1202	0
549	1233	1129	545	1249	1202	556	1
1233	1129	545	1249	1202	556	1222	0
1129	545	1249	1202	556	1222	1214	0
545	1249	1202	556	1222	1214	1331	1
1249	1202	556	1222	1214	1331	1288	0
1202	556	1222	1214	1331	1288	1280	0
556	1222	1214	1331	1288	1280	1163	0
1222	1214	1331	1288	1280	1163	549	0
1214	1331	1288	1280	1163	549	1187	0
1331	1288	1280	1163	549	1187	996	0
1288	1280	1163	549	1187	996	564	1
1280	1163	549	1187	996	564	1187	0
1163	549	1187	996	564	1187	980	0
549	1187	996	564	1187	980	561	1
1187	996	564	1187	980	561	1144	0
996	564	1187	980	561	1144	984	0
564	1187	980	561	1144	984	560	1
1187	980	561	1144	984	560	1172	0
980	561	1144	984	560	1172	1019	0
561	1144	984	560	1172	1019	576	1
1144	984	560	1172	1019	576	1241	0
984	560	1172	1019	576	1241	701	0
560	1172	1019	576	1241	701	1400	1
1172	1019	576	1241	701	1400	619	0
1019	576	1241	701	1400	619	1346	1
576	1241	701	1400	619	1346	1191	0
1241	701	1400	619	1346	1191	556	1
701	1400	619	1346	1191	556	1250	0
1400	619	1346	1191	556	1250	1066	0
619	1346	1191	556	1250	1066	572	1
1346	1191	556	1250	1066	572	1241	0
1191	556	1250	1066	572	1241	1039	0
556	1250	1066	572	1241	1039	583	1
1250	1066	572	1241	1039	583	1320	0
1066	572	1241	1039	583	1320	622	0
572	1241	1039	583	1320	622	1292	1
1241	1039	583	1320	622	1292	1008	0
1039	583	1320	622	1292	1008	568	1
583	1320	622	1292	1008	568	1284	0
1320	622	1292	1008	568	1284	1222	0
622	1292	1008	568	1284	1222	1171	1
1292	1008	568	1284	1222	1171	1078	0
1008	568	1284	1222	1171	1078	544	0
568	1284	1222	1171	1078	544	1191	0
1284	1222	1171	1078	544	1191	911	0
1222	1171	1078	544	1191	911	533	1
1171	1078	544	1191	911	533	1101	0
1078	544	1191	911	533	1101	871	0
544	1191	911	533	1101	871	541	1
1191	911	533	1101	871	541	1063	0
911	533	1101	871	541	1063	848	0
533	1101	871	541	1063	848	580	1
1101	871	541	1063	848	580	1038	0
871	541	1063	848	580	1038	841	0
541	1063	848	580	1038	841	572	1
1063	848	580	1038	841	572	1039	0
848	580	1038	841	572	1039	844	0
580	1038	841	572	1039	844	634	1
1038	841	572	1039	844	634	1117	0
841	572	1039	844	634	1117	915	0
572	1039	844	634	1117	915	521	0
1039	844	634	1117	915	521	1124	0
844	634	1117	915	521	1124	950	0
634	1117	915	521	1124	950	533	1
1117	915	521	1124	950	533	1117	0
915	521	1124	950	533	1117	899	0
521	1124	950	533	1117	899	575	1
1124	950	533	1117	899	575	1277	0
950	533	1117	899	575	1277	1081	0
533	1117	899	575	1277	1081	557	1
1117	899	575	1277	1081	557	1237	0
899	575	1277	1081	557	1237	669	0
575	1277	1081	557	1237	669	1436	1
1277	1081	557	1237	669	1436	561	0
1081	557	1237	669	1436	561	1319	1
557	1237	669	1436	561	1319	727	0
1237	669	1436	561	1319	727	1467	1
669	1436	561	1319	727	1467	560	0
1436	561	1319	727	1467	560	1331	1
561	1319	727	1467	560	1331	786	0
1319	727	1467	560	1331	786	1560	1
727	1467	560	1331	786	1560	565	0
1467	560	1331	786	1560	565	1272	1
560	1331	786	1560	565	1272	977	0
1331	786	1560	565	1272	977	583	1
786	1560	565	1272	977	583	1281	0
1560	565	1272	977	583	1281	1101	0
565	1272	977	583	1281	1101	533	1
1272	977	583	1281	1101	533	1218	0
977	583	1281	1101	533	1218	727	0
583	1281	1101	533	1218	727	1358	1
1281	1101	533	1218	727	1358	1098	0
1101	533	1218	727	1358	1098	560	1
533	1218	727	1358	1098	560	1156	0
1218	727	1358	1098	560	1156	922	0
727	1358	1098	560	1156	922	548	1
1358	1098	560	1156	922	548	1121	0
1098	560	1156	922	548	1121	895	0
560	1156	922	548	1121	895	595	1
1156	922	548	1121	895	595	1195	0
922	548	1121	895	595	1195	957	0
548	1121	895	595	1195	957	556	1
1121	895	595	1195	957	556	1183	0
895	595	1195	957	556	1183	1063	0
595	1195	957	556	1183	1063	544	1
1195	957	556	1183	1063	544	1218	0
957	556	1183	1063	544	1218	1090	0
556	1183	1063	544	1218	1090	544	1
1183	1063	544	1218	1090	544	1226	0
1063	544	1218	1090	544	1226	1132	0
544	1218	1090	544	1226	1132	553	1
1218	1090	544	1226	1132	553	1202	0
1090	544	1226	1132	553	1202	1094	0
544	1226	1132	553	1202	1094	552	1
1226	1132	553	1202	1094	552	1214	0
1132	553	1202	1094	552	1214	666	0
553	1202	1094	552	1214	666	1381	1
1202	1094	552	1214	666	1381	591	0
1094	552	1214	666	1381	591	1304	1
552	1214	666	1381	591	1304	1105	0
1214	666	1381	591	1304	1105	549	1
666	1381	591	1304	1105	549	1206	0
1381	591	1304	1105	549	1206	1101	0
591	1304	1105	549	1206	1101	560	1
1304	1105	549	1206	1101	560	1187	0
1105	549	1206	1101	560	1187	1089	0
549	1206	1101	560	1187	1089	541	1
1206	1101	560	1187	1089	541	1187	0
1101	560	1187	1089	541	1187	1062	0
560	1187	1089	541	1187	1062	537	1
1187	1089	541	1187	1062	537	1148	0
1089	541	1187	1062	537	1148	1012	0
541	1187	1062	537	1148	1012	556	1
1187	1062	537	1148	1012	556	1160	0
1062	537	1148	1012	556	1160	988	0
537	1148	1012	556	1160	988	545	1
1148	1012	556	1160	988	545	1191	0
1012	556	1160	988	545	1191	1027	0
556	1160	988	545	1191	1027	552	1
1160	988	545	1191	1027	552	1210	0
988	545	1191	1027	552	1210	1035	0
545	1191	1027	552	1210	1035	541	1
1191	1027	552	1210	1035	541	1160	0
1027	552	1210	1035	541	1160	1000	0
552	1210	1035	541	1160	1000	548	1
1210	1035	541	1160	1000	548	1160	0
1035	541	1160	1000	548	1160	996	0
541	1160	1000	548	1160	996	549	1
1160	1000	548	1160	996	549	1214	0
1000	548	1160	996	549	1214	1190	0
548	1160	996	549	1214	1190	1300	1
1160	996	549	1214	1190	1300	1280	0
996	549	1214	1190	1300	1280	1257	0
549	1214	1190	1300	1280	1257	1187	0
1214	1190	1300	1280	1257	1187	1128	0
1190	1300	1280	1257	1187	1128	1020	0
1300	1280	1257	1187	1128	1020	953	0
1280	1257	1187	1128	1020	953	549	0
1257	1187	1128	1020	953	549	1074	0
1187	1128	1020	953	549	1074	875	0
1128	1020	953	549	1074	875	525	1
1020	953	549	1074	875	525	1078	0
953	549	1074	875	525	1078	868	0
549	1074	875	525	1078	868	548	1
1074	875	525	1078	868	548	1152	0
875	525	1078	868	548	1152	973	0
525	1078	868	548	1152	973	576	1
1078	868	548	1152	973	576	1226	0
868	548	1152	973	576	1226	1229	0
548	1152	973	576	1226	1229	553	1
1152	973	576	1226	1229	553	1179	0
973	576	1226	1229	553	1179	976	0
576	1226	1229	553	1179	976	529	1
1226	1229	553	1179	976	529	1179	0
1229	553	1179	976	529	1179	958	0
553	1179	976	529	1179	958	540	1
1179	976	529	1179	958	540	1199	0
976	529	1179	958	540	1199	1015	0
529	1179	958	540	1199	1015	557	1
1179	958	540	1199	1015	557	1194	0
958	540	1199	1015	557	1194	1152	0
540	1199	1015	557	1194	1152	549	1
1199	1015	557	1194	1152	549	1245	0
1015	557	1194	1152	549	1245	669	0
557	1194	1152	549	1245	669	1374	1
1194	1152	549	1245	669	1374	591	0
1152	549	1245	669	1374	591	1304	1
549	1245	669	1374	591	1304	1054	0
1245	669	1374	591	1304	1054	580	1
669	1374	591	1304	1054	580	1280	0
1374	591	1304	1054	580	1280	1016	0
591	1304	1054	580	1280	1016	560	1
1304	1054	580	1280	1016	560	1175	0
1054	580	1280	1016	560	1175	961	0
580	1280	1016	560	1175	961	545	1
1280	1016	560	1175	961	545	1183	0
1016	560	1175	961	545	1183	949	0
560	1175	961	545	1183	949	584	1
1175	961	545	1183	949	584	1214	0
961	545	1183	949	584	1214	1070	0
545	1183	949	584	1214	1070	541	1
1183	949	584	1214	1070	541	1253	0
949	584	1214	1070	541	1253	1241	0
584	1214	1070	541	1253	1241	1241	1
1214	1070	541	1253	1241	1241	1179	0
1070	541	1253	1241	1241	1179	545	0
541	1253	1241	1241	1179	545	1163	0
1253	1241	1241	1179	545	1163	961	0
1241	1241	1179	545	1163	961	545	1
1241	1179	545	1163	961	545	1132	0
1179	545	1163	961	545	1132	942	0
545	1163	961	545	1132	942	553	1
1163	961	545	1132	942	553	1276	0
961	545	1132	942	553	1276	658	0
545	1132	942	553	1276	658	1295	1
1132	942	553	1276	658	1295	1020	0
942	553	1276	658	1295	1020	1105	1
553	1276	658	1295	1020	1105	1124	0
1276	658	1295	1020	1105	1124	549	0
658	1295	1020	1105	1124	549	1187	0
1295	1020	1105	1124	549	1187	980	0
1020	1105	1124	549	1187	980	549	1
1105	1124	549	1187	980	549	1155	0
1124	549	1187	980	549	1155	1000	0
549	1187	980	549	1155	1000	553	1
1187	980	549	1155	1000	553	1156	0
980	549	1155	1000	553	1156	969	0
549	1155	1000	553	1156	969	564	1
1155	1000	553	1156	969	564	1136	0
1000	553	1156	969	564	1136	938	0
553	1156	969	564	1136	938	556	1
1156	969	564	1136	938	556	1156	0
969	564	1136	938	556	1156	949	0
564	1136	938	556	1156	949	541	1
1136	938	556	1156	949	541	1175	0
938	556	1156	949	541	1175	996	0
556	1156	949	541	1175	996	553	1
1156	949	541	1175	996	553	1198	0
949	541	1175	996	553	1198	992	0
541	1175	996	553	1198	992	600	1
1175	996	553	1198	992	600	1245	0
996	553	1198	992	600	1245	941	0
553	1198	992	600	1245	941	537	1
1198	992	600	1245	941	537	1098	0
992	600	1245	941	537	1098	879	0
600	1245	941	537	1098	879	568	1
1245	941	537	1098	879	568	1164	0
941	537	1098	879	568	1164	879	0
537	1098	879	568	1164	879	568	1
1098	879	568	1164	879	568	1179	0
879	568	1164	879	568	1179	903	0
568	1164	879	568	1179	903	587	1
1164	879	568	1179	903	587	1183	0
879	568	1179	903	587	1183	915	0
568	1179	903	587	1183	915	544	1
1179	903	587	1183	915	544	1152	0
903	587	1183	915	544	1152	918	0
587	1183	915	544	1152	918	557	1
1183	915	544	1152	918	557	1062	0
915	544	1152	918	557	1062	883	0
544	1152	918	557	1062	883	864	1
1152	918	557	1062	883	864	556	0
918	557	1062	883	864	556	1000	0
557	1062	883	864	556	1000	845	0
1062	883	864	556	1000	845	798	1
883	864	556	1000	845	798	494	0
864	556	1000	845	798	494	899	0
556	1000	845	798	494	899	766	0
1000	845	798	494	899	766	794	1
845	798	494	899	766	794	829	0
798	494	899	766	794	829	805	0
494	899	766	794	829	805	802	0
899	766	794	829	805	802	782	0
766	794	829	805	802	782	813	0
794	829	805	802	782	813	778	0
829	805	802	782	813	778	774	0
805	802	782	813	778	774	814	0
802	782	813	778	774	814	521	0
782	813	778	774	814	521	1094	0
813	778	774	814	521	1094	700	0
778	774	814	521	1094	700	689	1
774	814	521	1094	700	689	1081	0
814	521	1094	700	689	1081	849	1
521	1094	700	689	1081	849	544	0
1094	700	689	1081	849	544	1230	0
700	689	1081	849	544	1230	918	0
689	1081	849	544	1230	918	541	1
1081	849	544	1230	918	541	1304	0
849	544	1230	918	541	1304	1019	0
544	1230	918	541	1304	1019	549	1
1230	918	541	1304	1019	549	1365	0
918	541	1304	1019	549	1365	600	0
541	1304	1019	549	1365	600	1451	1
1304	1019	549	1365	600	1451	568	0
1019	549	1365	600	1451	568	1342	1
549	1365	600	1451	568	1342	584	0
1365	600	1451	568	1342	584	1440	1
600	1451	568	1342	584	1440	1206	0
1451	568	1342	584	1440	1206	1241	1
568	1342	584	1440	1206	1241	564	0
1342	584	1440	1206	1241	564	1257	0
584	1440	1206	1241	564	1257	603	0
1440	1206	1241	564	1257	603	1425	1
1206	1241	564	1257	603	1425	583	0
1241	564	1257	603	1425	583	1378	1
564	1257	603	1425	583	1378	587	0
1257	603	1425	583	1378	587	1339	1
603	1425	583	1378	587	1339	992	0
1425	583	1378	587	1339	992	622	1
583	1378	587	1339	992	622	1502	0
1378	587	1339	992	622	1502	596	0
587	1339	992	622	1502	596	1366	1
1339	992	622	1502	596	1366	665	0
992	622	1502	596	1366	665	1486	1
622	1502	596	1366	665	1486	588	0
1502	596	1366	665	1486	588	1412	1
596	1366	665	1486	588	1412	584	0
1366	665	1486	588	1412	584	1408	1
665	1486	588	1412	584	1408	615	0
1486	588	1412	584	1408	615	1440	1
588	1412	584	1408	615	1440	595	0
1412	584	1408	615	1440	595	1358	1
584	1408	615	1440	595	1358	1179	0
1408	615	1440	595	1358	1179	1280	1
615	1440	595	1358	1179	1280	1218	0
1440	595	1358	1179	1280	1218	565	0
595	1358	1179	1280	1218	565	1315	0
1358	1179	1280	1218	565	1315	622	0
1179	1280	1218	565	1315	622	1471	1
1280	1218	565	1315	622	1471	595	0
1218	565	1315	622	1471	595	1452	1
565	1315	622	1471	595	1452	1443	0
1315	622	1471	595	1452	1443	1471	1
622	1471	595	1452	1443	1471	1234	0
1471	595	1452	1443	1471	1234	1264	0
595	1452	1443	1471	1234	1264	1339	0
1452	1443	1471	1234	1264	1339	1272	0
1443	1471	1234	1264	1339	1272	1241	0
1471	1234	1264	1339	1272	1241	565	0
1234	1264	1339	1272	1241	565	1311	0
1264	1339	1272	1241	565	1311	681	0
1339	1272	1241	565	1311	681	1471	1
1272	1241	565	1311	681	1471	591	0
1241	565	1311	681	1471	591	1459	1
565	1311	681	1471	591	1459	1323	0
1311	681	1471	591	1459	1323	1475	1
681	1471	591	1459	1323	1475	1420	0
1471	591	1459	1323	1475	1420	1339	0
591	1459	1323	1475	1420	1339	1276	0
1459	1323	1475	1420	1339	1276	1385	0
1323	1475	1420	1339	1276	1385	1276	0
1475	1420	1339	1276	1385	1276	1137	0
1420	1339	1276	1385	1276	1137	1147	0
1339	1276	1385	1276	1137	1147	600	0
1276	1385	1276	1137	1147	600	1412	0
1385	1276	1137	1147	600	1412	611	0
1276	1137	1147	600	1412	611	1514	1
1137	1147	600	1412	611	1514	603	0
1147	600	1412	611	1514	603	1474	1
600	1412	611	1514	603	1474	604	0
1412	611	1514	603	1474	604	1498	1
611	1514	603	1474	604	1498	614	0
1514	603	1474	604	1498	614	1495	1
603	1474	604	1498	614	1495	618	0
1474	604	1498	614	1495	618	1417	1
604	1498	614	1495	618	1417	610	0
1498	614	1495	618	1417	610	1537	1
614	1495	618	1417	610	1537	1393	0
1495	618	1417	610	1537	1393	1055	1
618	1417	610	1537	1393	1055	1085	0
1417	610	1537	1393	1055	1085	1312	0
610	1537	1393	1055	1085	1312	1249	0
1537	1393	1055	1085	1312	1249	1194	0
1393	1055	1085	1312	1249	1194	572	0
1055	1085	1312	1249	1194	572	1257	0
1085	1312	1249	1194	572	1257	1097	0
1312	1249	1194	572	1257	1097	588	1
1249	1194	572	1257	1097	588	1292	0
1194	572	1257	1097	588	1292	1214	0
572	1257	1097	588	1292	1214	1323	1
1257	1097	588	1292	1214	1323	1299	0
1097	588	1292	1214	1323	1299	580	0
588	1292	1214	1323	1299	580	1331	0
1292	1214	1323	1299	580	1331	1179	0
1214	1323	1299	580	1331	1179	595	1
1323	1299	580	1331	1179	595	1370	0
1299	580	1331	1179	595	1370	871	0
580	1331	1179	595	1370	871	1619	1
1331	1179	595	1370	871	1619	611	0
1179	595	1370	871	1619	611	1358	1
595	1370	871	1619	611	1358	1265	0
1370	871	1619	611	1358	1265	583	1
871	1619	611	1358	1265	583	1288	0
1619	611	1358	1265	583	1288	1191	0
611	1358	1265	583	1288	1191	576	1
1358	1265	583	1288	1191	576	1334	0
1265	583	1288	1191	576	1334	623	0
583	1288	1191	576	1334	623	1541	1
1288	1191	576	1334	623	1541	607	0
1191	576	1334	623	1541	607	1393	1
576	1334	623	1541	607	1393	607	0
1334	623	1541	607	1393	607	1498	1
623	1541	607	1393	607	1498	603	0
1541	607	1393	607	1498	603	1401	1
607	1393	607	1498	603	1401	774	0
1393	607	1498	603	1401	774	1615	1
607	1498	603	1401	774	1615	615	0
1498	603	1401	774	1615	615	1400	1
603	1401	774	1615	615	1400	650	0
1401	774	1615	615	1400	650	1432	1
774	1615	615	1400	650	1432	1171	0
1615	615	1400	650	1432	1171	568	1
615	1400	650	1432	1171	568	1242	0
1400	650	1432	1171	568	1242	957	0
650	1432	1171	568	1242	957	622	1
1432	1171	568	1242	957	622	1553	0
1171	568	1242	957	622	1553	615	0
568	1242	957	622	1553	615	1416	1
1242	957	622	1553	615	1416	665	0
957	622	1553	615	1416	665	1526	1
622	1553	615	1416	665	1526	1478	0
1553	615	1416	665	1526	1478	1191	1
615	1416	665	1526	1478	1191	1051	0
1416	665	1526	1478	1191	1051	1042	0
665	1526	1478	1191	1051	1042	985	0
1526	1478	1191	1051	1042	985	560	0
1478	1191	1051	1042	985	560	1199	0
1191	1051	1042	985	560	1199	972	0
1051	1042	985	560	1199	972	580	1
1042	985	560	1199	972	580	1272	0
985	560	1199	972	580	1272	1047	0
560	1199	972	580	1272	1047	1483	1
1199	972	580	1272	1047	1483	1362	0
972	580	1272	1047	1483	1362	1186	0
580	1272	1047	1483	1362	1186	568	0
1272	1047	1483	1362	1186	568	1347	0
1047	1483	1362	1186	568	1347	1260	0
1483	1362	1186	568	1347	1260	576	1
1362	1186	568	1347	1260	576	1370	0
1186	568	1347	1260	576	1370	603	0
568	1347	1260	576	1370	603	1424	1
1347	1260	576	1370	603	1424	1401	0
1260	576	1370	603	1424	1401	595	1
576	1370	603	1424	1401	595	1315	0
1370	603	1424	1401	595	1315	1246	0
603	1424	1401	595	1315	1246	1249	1
1424	1401	595	1315	1246	1249	1291	0
1401	595	1315	1246	1249	1291	588	0
595	1315	1246	1249	1291	588	1366	0
1315	1246	1249	1291	588	1366	607	0
1246	1249	1291	588	1366	607	1447	1
1249	1291	588	1366	607	1447	615	0
1291	588	1366	607	1447	615	1533	1
588	1366	607	1447	615	1533	619	0
1366	607	1447	615	1533	619	1560	1
607	1447	615	1533	619	1560	630	0
1447	615	1533	619	1560	630	1467	1
615	1533	619	1560	630	1467	619	0
1533	619	1560	630	1467	619	1533	1
619	1560	630	1467	619	1533	623	0
1560	630	1467	619	1533	623	1467	1
630	1467	619	1533	623	1467	622	0
1467	619	1533	623	1467	622	1518	1
619	1533	623	1467	622	1518	677	0
1533	623	1467	622	1518	677	1556	1
623	1467	622	1518	677	1556	627	0
1467	622	1518	677	1556	627	1521	1
622	1518	677	1556	627	1521	603	0
1518	677	1556	627	1521	603	1311	1
677	1556	627	1521	603	1311	1319	0
1556	627	1521	603	1311	1319	1417	1
627	1521	603	1311	1319	1417	1214	0
1521	603	1311	1319	1417	1214	572	0
603	1311	1319	1417	1214	572	1350	0
1311	1319	1417	1214	572	1350	611	0
1319	1417	1214	572	1350	611	1548	1
1417	1214	572	1350	611	1548	674	0
1214	572	1350	611	1548	674	1626	1
572	1350	611	1548	674	1626	619	0
1350	611	1548	674	1626	619	1471	1
611	1548	674	1626	619	1471	622	0
1548	674	1626	619	1471	622	1572	1
674	1626	619	1471	622	1572	627	0
1626	619	1471	622	1572	627	533	1
619	1471	622	1572	627	533	1116	0
1471	622	1572	627	533	1116	1677	1
622	1572	627	533	1116	1677	1355	1
1572	627	533	1116	1677	1355	1315	0
627	533	1116	1677	1355	1315	1451	0
533	1116	1677	1355	1315	1451	1272	0
1116	1677	1355	1315	1451	1272	1238	0
1677	1355	1315	1451	1272	1238	1163	0
1355	1315	1451	1272	1238	1163	584	0
1315	1451	1272	1238	1163	584	1331	0
1451	1272	1238	1163	584	1331	1112	0
1272	1238	1163	584	1331	1112	572	1
1238	1163	584	1331	1112	572	1335	0
1163	584	1331	1112	572	1335	1148	0
584	1331	1112	572	1335	1148	599	1
1331	1112	572	1335	1148	599	1452	0
1112	572	1335	1148	599	1452	673	0
572	1335	1148	599	1452	673	1611	1
1335	1148	599	1452	673	1611	634	0
1148	599	1452	673	1611	634	1459	1
599	1452	673	1611	634	1459	700	0
1452	673	1611	634	1459	700	1619	1
673	1611	634	1459	700	1619	619	0
1611	634	1459	700	1619	619	1443	1
634	1459	700	1619	619	1443	646	0
1459	700	1619	619	1443	646	1561	1
700	1619	619	1443	646	1561	657	0
1619	619	1443	646	1561	657	1588	1
619	1443	646	1561	657	1588	642	0
1443	646	1561	657	1588	642	1556	1
646	1561	657	1588	642	1556	630	0
1561	657	1588	642	1556	630	1514	1
657	1588	642	1556	630	1514	1514	0
1588	642	1556	630	1514	1514	1241	1
642	1556	630	1514	1514	1241	1288	0
1556	630	1514	1514	1241	1288	576	0
630	1514	1514	1241	1288	576	1292	0
1514	1514	1241	1288	576	1292	1140	0
1514	1241	1288	576	1292	1140	572	1
1241	1288	576	1292	1140	572	1268	0
1288	576	1292	1140	572	1268	1070	0
576	1292	1140	572	1268	1070	560	1
1292	1140	572	1268	1070	560	1347	0
1140	572	1268	1070	560	1347	1455	0
572	1268	1070	560	1347	1455	595	1
1268	1070	560	1347	1455	595	1335	0
1070	560	1347	1455	595	1335	615	0
560	1347	1455	595	1335	615	1424	1
1347	1455	595	1335	615	1424	1261	0
1455	595	1335	615	1424	1261	1186	1
595	1335	615	1424	1261	1186	1078	0
1335	615	1424	1261	1186	1078	1568	0
615	1424	1261	1186	1078	1568	1226	0
1424	1261	1186	1078	1568	1226	584	0
1261	1186	1078	1568	1226	584	1350	0
1186	1078	1568	1226	584	1350	607	0
1078	1568	1226	584	1350	607	1338	1
1568	1226	584	1350	607	1338	1179	0
1226	584	1350	607	1338	1179	580	1
584	1350	607	1338	1179	580	1327	0
1350	607	1338	1179	580	1327	603	0
607	1338	1179	580	1327	603	1428	1
1338	1179	580	1327	603	1428	1377	0
1179	580	1327	603	1428	1377	1281	1
580	1327	603	1428	1377	1281	1389	0
1327	603	1428	1377	1281	1389	1257	0
603	1428	1377	1281	1389	1257	575	0
1428	1377	1281	1389	1257	575	1269	0
1377	1281	1389	1257	575	1269	980	0
1281	1389	1257	575	1269	980	580	1
1389	1257	575	1269	980	580	1335	0
1257	575	1269	980	580	1335	930	0
575	1269	980	580	1335	930	685	1
1269	980	580	1335	930	685	1529	0
980	580	1335	930	685	1529	1350	1
580	1335	930	685	1529	1350	1412	1
1335	930	685	1529	1350	1412	1269	0
930	685	1529	1350	1412	1269	1179	0
685	1529	1350	1412	1269	1179	1245	0
1529	1350	1412	1269	1179	1245	580	0
1350	1412	1269	1179	1245	580	1311	0
1412	1269	1179	1245	580	1311	1331	0
1269	1179	1245	580	1311	1331	1257	1
1179	1245	580	1311	1331	1257	1218	0
1245	580	1311	1331	1257	1218	575	0
580	1311	1331	1257	1218	575	1343	0
1311	1331	1257	1218	575	1343	669	0
1331	1257	1218	575	1343	669	1576	1
1257	1218	575	1343	669	1576	611	0
1218	575	1343	669	1576	611	1377	1
575	1343	669	1576	611	1377	782	0
1343	669	1576	611	1377	782	1642	1
669	1576	611	1377	782	1642	607	0
1576	611	1377	782	1642	607	1386	1
611	1377	782	1642	607	1386	646	0
1377	782	1642	607	1386	646	1521	1
782	1642	607	1386	646	1521	615	0
1642	607	1386	646	1521	615	1408	1
607	1386	646	1521	615	1408	635	0
1386	646	1521	615	1408	635	1540	1
646	1521	615	1408	635	1540	619	0
1521	615	1408	635	1540	619	1385	1
615	1408	635	1540	619	1385	701	0
1408	635	1540	619	1385	701	1622	1
635	1540	619	1385	701	1622	611	0
1540	619	1385	701	1622	611	1346	1
619	1385	701	1622	611	1346	1397	0
1385	701	1622	611	1346	1397	1242	1
701	1622	611	1346	1397	1242	1323	0
1622	611	1346	1397	1242	1323	579	0
611	1346	1397	1242	1323	579	1304	0
1346	1397	1242	1323	579	1304	945	0
1397	1242	1323	579	1304	945	1588	1
1242	1323	579	1304	945	1588	1171	0
1323	579	1304	945	1588	1171	1339	0
579	1304	945	1588	1171	1339	1525	0
1304	945	1588	1171	1339	1525	1257	0
945	1588	1171	1339	1525	1257	1268	0
1588	1171	1339	1525	1257	1268	1214	0
1171	1339	1525	1257	1268	1214	623	0
1339	1525	1257	1268	1214	623	1510	0
1525	1257	1268	1214	623	1510	1287	0
1257	1268	1214	623	1510	1287	580	1
1268	1214	623	1510	1287	580	1323	0
1214	623	1510	1287	580	1323	1164	0
623	1510	1287	580	1323	1164	583	1
1510	1287	580	1323	1164	583	1370	0
1287	580	1323	1164	583	1370	622	0
580	1323	1164	583	1370	622	1514	1
1323	1164	583	1370	622	1514	623	0
1164	583	1370	622	1514	623	1494	1
583	1370	622	1514	623	1494	1342	0
1370	622	1514	623	1494	1342	1300	1
622	1514	623	1494	1342	1300	587	0
1514	623	1494	1342	1300	587	1308	0
623	1494	1342	1300	587	1308	1276	0
1494	1342	1300	587	1308	1276	611	1
1342	1300	587	1308	1276	611	1428	0
1300	587	1308	1276	611	1428	1455	0
587	1308	1276	611	1428	1455	1226	1
1308	1276	611	1428	1455	1226	1440	0
1276	611	1428	1455	1226	1440	1307	0
611	1428	1455	1226	1440	1307	1374	0
1428	1455	1226	1440	1307	1374	1260	0
1455	1226	1440	1307	1374	1260	1238	0
1226	1440	1307	1374	1260	1238	583	0
1440	1307	1374	1260	1238	583	1296	0
1307	1374	1260	1238	583	1296	1206	0
1374	1260	1238	583	1296	1206	599	1
1260	1238	583	1296	1206	599	1362	0
1238	583	1296	1206	599	1362	794	0
583	1296	1206	599	1362	794	1685	1
1296	1206	599	1362	794	1685	634	0
1206	599	1362	794	1685	634	1413	1
599	1362	794	1685	634	1413	622	0
1362	794	1685	634	1413	622	1502	1
794	1685	634	1413	622	1502	615	0
1685	634	1413	622	1502	615	1486	1
634	1413	622	1502	615	1486	1350	0
1413	622	1502	615	1486	1350	588	1
622	1502	615	1486	1350	588	1323	0
1502	615	1486	1350	588	1323	1191	0
615	1486	1350	588	1323	1191	607	1
1486	1350	588	1323	1191	607	1435	0
1350	588	1323	1191	607	1435	611	0
588	1323	1191	607	1435	611	1413	1
1323	1191	607	1435	611	1413	665	0
1191	607	1435	611	1413	665	1568	1
607	1435	611	1413	665	1568	619	0
1435	611	1413	665	1568	619	1362	1
611	1413	665	1568	619	1362	634	0
1413	665	1568	619	1362	634	1486	1
665	1568	619	1362	634	1486	611	0
1568	619	1362	634	1486	611	1405	1
619	1362	634	1486	611	1405	603	0
1362	634	1486	611	1405	603	1413	1
634	1486	611	1405	603	1413	1233	0
1486	611	1405	603	1413	1233	1471	1
611	1405	603	1413	1233	1471	1264	0
1405	603	1413	1233	1471	1264	1526	0
603	1413	1233	1471	1264	1526	1245	0
1413	1233	1471	1264	1526	1245	1253	0
1233	1471	1264	1526	1245	1253	1225	0
1471	1264	1526	1245	1253	1225	1191	0
1264	1526	1245	1253	1225	1191	1218	0
1526	1245	1253	1225	1191	1218	584	0
1245	1253	1225	1191	1218	584	1276	0
1253	1225	1191	1218	584	1276	1113	0
1225	1191	1218	584	1276	1113	599	1
1191	1218	584	1276	1113	599	1358	0
1218	584	1276	1113	599	1358	1276	0
584	1276	1113	599	1358	1276	599	1
1276	1113	599	1358	1276	599	1378	0
1113	599	1358	1276	599	1378	615	0
599	1358	1276	599	1378	615	1529	1
1358	1276	599	1378	615	1529	615	0
1276	599	1378	615	1529	615	1412	1
599	1378	615	1529	615	1412	611	0
1378	615	1529	615	1412	611	1451	1
615	1529	615	1412	611	1451	615	0
1529	615	1412	611	1451	615	1510	1
615	1412	611	1451	615	1510	615	0
1412	611	1451	615	1510	615	1412	1
611	1451	615	1510	615	1412	603	0
1451	615	1510	615	1412	603	1401	1
615	1510	615	1412	603	1401	1148	0
1510	615	1412	603	1401	1148	591	1
615	1412	603	1401	1148	591	1343	0
1412	603	1401	1148	591	1343	1183	0
603	1401	1148	591	1343	1183	614	1
1401	1148	591	1343	1183	614	1463	0
1148	591	1343	1183	614	1463	631	0
591	1343	1183	614	1463	631	1443	1
1343	1183	614	1463	631	1443	619	0
1183	614	1463	631	1443	619	1432	1
614	1463	631	1443	619	1432	622	0
1463	631	1443	619	1432	622	1483	1
631	1443	619	1432	622	1483	611	0
1443	619	1432	622	1483	611	1369	1
619	1432	622	1483	611	1369	794	0
1432	622	1483	611	1369	794	1631	1
622	1483	611	1369	794	1631	618	0
1483	611	1369	794	1631	618	1315	1
611	1369	794	1631	618	1315	1339	0
1369	794	1631	618	1315	1339	1230	1
794	1631	618	1315	1339	1230	1214	0
1631	618	1315	1339	1230	1214	583	0
618	1315	1339	1230	1214	583	1331	0
1315	1339	1230	1214	583	1331	1136	0
1339	1230	1214	583	1331	1136	673	1
1230	1214	583	1331	1136	673	1568	0
1214	583	1331	1136	673	1568	607	0
583	1331	1136	673	1568	607	1312	1
1331	1136	673	1568	607	1312	1151	0
1136	673	1568	607	1312	1151	1144	1
673	1568	607	1312	1151	1144	1218	0
1568	607	1312	1151	1144	1218	1615	0
607	1312	1151	1144	1218	1615	1234	0
1312	1151	1144	1218	1615	1234	1319	0
1151	1144	1218	1615	1234	1319	587	0
1144	1218	1615	1234	1319	587	1304	0
1218	1615	1234	1319	587	1304	638	0
1615	1234	1319	587	1304	638	1517	1
1234	1319	587	1304	638	1517	619	0
1319	587	1304	638	1517	619	1354	1
587	1304	638	1517	619	1354	685	0
1304	638	1517	619	1354	685	1638	1
638	1517	619	1354	685	1638	619	0
1517	619	1354	685	1638	619	1369	1
619	1354	685	1638	619	1369	689	0
1354	685	1638	619	1369	689	1607	1
685	1638	619	1369	689	1607	627	0
1638	619	1369	689	1607	627	1369	1
619	1369	689	1607	627	1369	619	0
1369	689	1607	627	1369	619	1490	1
689	1607	627	1369	619	1490	611	0
1607	627	1369	619	1490	611	1455	1
627	1369	619	1490	611	1455	615	0
1369	619	1490	611	1455	615	1455	1
619	1490	611	1455	615	1455	650	0
1490	611	1455	615	1455	650	1553	1
611	1455	615	1455	650	1553	622	0
1455	615	1455	650	1553	622	1393	1
615	1455	650	1553	622	1393	603	0
1455	650	1553	622	1393	603	942	1
650	1553	622	1393	603	942	1607	0
1553	622	1393	603	942	1607	1393	1
622	1393	603	942	1607	1393	1300	0
1393	603	942	1607	1393	1300	587	0
603	942	1607	1393	1300	587	1315	0
942	1607	1393	1300	587	1315	1160	0
1607	1393	1300	587	1315	1160	595	1
1393	1300	587	1315	1160	595	1296	0
1300	587	1315	1160	595	1296	1105	0
587	1315	1160	595	1296	1105	619	1
1315	1160	595	1296	1105	619	1365	0
1160	595	1296	1105	619	1365	681	0
595	1296	1105	619	1365	681	1576	1
1296	1105	619	1365	681	1576	619	0
1105	619	1365	681	1576	619	1366	1
619	1365	681	1576	619	1366	1404	0
1365	681	1576	619	1366	1404	1292	1
681	1576	619	1366	1404	1292	1304	0
1576	619	1366	1404	1292	1304	587	0
619	1366	1404	1292	1304	587	1300	0
1366	1404	1292	1304	587	1300	1175	0
1404	1292	1304	587	1300	1175	595	1
1292	1304	587	1300	1175	595	1308	0
1304	587	1300	1175	595	1308	1249	0
587	1300	1175	595	1308	1249	587	1
1300	1175	595	1308	1249	587	1304	0
1175	595	1308	1249	587	1304	1218	0
595	1308	1249	587	1304	1218	583	1
1308	1249	587	1304	1218	583	1308	0
1249	587	1304	1218	583	1308	1120	0
587	1304	1218	583	1308	1120	646	1
1304	1218	583	1308	1120	646	1572	0
1218	583	1308	1120	646	1572	615	0
583	1308	1120	646	1572	615	1373	1
1308	1120	646	1572	615	1373	681	0
1120	646	1572	615	1373	681	1541	1
646	1572	615	1373	681	1541	619	0
1572	615	1373	681	1541	619	1362	1
615	1373	681	1541	619	1362	1105	0
1373	681	1541	619	1362	1105	587	1
681	1541	619	1362	1105	587	1343	0
1541	619	1362	1105	587	1343	1066	0
619	1362	1105	587	1343	1066	1206	1
1362	1105	587	1343	1066	1206	1296	0
1105	587	1343	1066	1206	1296	1265	0
587	1343	1066	1206	1296	1265	583	0
1343	1066	1206	1296	1265	583	1300	0
1066	1206	1296	1265	583	1300	1128	0
1206	1296	1265	583	1300	1128	588	1
1296	1265	583	1300	1128	588	1315	0
1265	583	1300	1128	588	1315	988	0
583	1300	1128	588	1315	988	926	1
1300	1128	588	1315	988	926	635	0
1128	588	1315	988	926	635	1529	0
588	1315	988	926	635	1529	1179	0
1315	988	926	635	1529	1179	1439	1
988	926	635	1529	1179	1439	1242	0
926	635	1529	1179	1439	1242	1241	0
635	1529	1179	1439	1242	1241	1175	0
1529	1179	1439	1242	1241	1175	595	0
1179	1439	1242	1241	1175	595	1347	0
1439	1242	1241	1175	595	1347	1109	0
1242	1241	1175	595	1347	1109	599	1
1241	1175	595	1347	1109	599	1393	0
1175	595	1347	1109	599	1393	642	0
595	1347	1109	599	1393	642	1510	1
1347	1109	599	1393	642	1510	626	0
1109	599	1393	642	1510	626	1459	1
599	1393	642	1510	626	1459	631	0
1393	642	1510	626	1459	631	1451	1
642	1510	626	1459	631	1451	626	0
1510	626	1459	631	1451	626	1498	1
626	1459	631	1451	626	1498	627	0
1459	631	1451	626	1498	627	1467	1
631	1451	626	1498	627	1467	634	0
1451	626	1498	627	1467	634	1436	1
626	1498	627	1467	634	1436	646	0
1498	627	1467	634	1436	646	1544	1
627	1467	634	1436	646	1544	627	0
1467	634	1436	646	1544	627	1440	1
634	1436	646	1544	627	1440	634	0
1436	646	1544	627	1440	634	1568	1
646	1544	627	1440	634	1568	623	0
1544	627	1440	634	1568	623	1455	1
627	1440	634	1568	623	1455	618	0
1440	634	1568	623	1455	618	1277	1
634	1568	623	1455	618	1277	976	0
1568	623	1455	618	1277	976	576	1
623	1455	618	1277	976	576	860	0
1455	618	1277	976	576	860	934	0
618	1277	976	576	860	934	1152	1
1277	976	576	860	934	1152	891	0
976	576	860	934	1152	891	860	0
576	860	934	1152	891	860	832	0
860	934	1152	891	860	832	814	0
934	1152	891	860	832	814	790	0
1152	891	860	832	814	790	774	0
891	860	832	814	790	774	759	0
860	832	814	790	774	759	747	0
832	814	790	774	759	747	723	0
814	790	774	759	747	723	716	0
790	774	759	747	723	716	557	0
774	759	747	723	716	557	790	0
759	747	723	716	557	790	669	0
747	723	716	557	790	669	669	1
723	716	557	790	669	669	666	0
716	557	790	669	669	666	544	1
557	790	669	669	666	544	841	1
790	669	669	666	544	841	720	1
669	669	666	544	841	720	961	1
669	666	544	841	720	961	1000	0
666	544	841	720	961	1000	1175	1
544	841	720	961	1000	1175	1179	0
841	720	961	1000	1175	1179	1171	0
720	961	1000	1175	1179	1171	1179	0
961	1000	1175	1179	1171	1179	529	0
1000	1175	1179	1171	1179	529	1132	0
1175	1179	1171	1179	529	1132	1055	0
1179	1171	1179	529	1132	1055	517	1
1171	1179	529	1132	1055	517	1109	0
1179	529	1132	1055	517	1109	958	0
529	1132	1055	517	1109	958	513	1
1132	1055	517	1109	958	513	1191	0
1055	517	1109	958	513	1191	879	0
517	1109	958	513	1191	879	611	1
1109	958	513	1191	879	611	1195	0
958	513	1191	879	611	1195	918	0
513	1191	879	611	1195	918	603	1
1191	879	611	1195	918	603	1179	0
879	611	1195	918	603	1179	907	0
611	1195	918	603	1179	907	517	1
1195	918	603	1179	907	517	1113	0
918	603	1179	907	517	1113	891	0
603	1179	907	517	1113	891	588	1
1179	907	517	1113	891	588	1159	0
907	517	1113	891	588	1159	880	0
517	1113	891	588	1159	880	867	1
1113	891	588	1159	880	867	502	0
891	588	1159	880	867	502	1125	0
588	1159	880	867	502	1125	887	0
1159	880	867	502	1125	887	903	1
880	867	502	1125	887	903	883	0
867	502	1125	887	903	883	926	0
502	1125	887	903	883	926	957	0
1125	887	903	883	926	957	989	0
887	903	883	926	957	989	513	0
903	883	926	957	989	513	1167	0
883	926	957	989	513	1167	911	0
926	957	989	513	1167	911	580	1
957	989	513	1167	911	580	1078	0
989	513	1167	911	580	1078	856	0
513	1167	911	580	1078	856	634	1
1167	911	580	1078	856	634	1085	0
911	580	1078	856	634	1085	872	0
580	1078	856	634	1085	872	891	0
1078	856	634	1085	872	891	514	0
856	634	1085	872	891	514	1151	0
634	1085	872	891	514	1151	903	0
1085	872	891	514	1151	903	646	1
872	891	514	1151	903	646	1128	0
891	514	1151	903	646	1128	892	0
514	1151	903	646	1128	892	684	0
1151	903	646	1128	892	684	1074	0
903	646	1128	892	684	1074	872	0
646	1128	892	684	1074	872	595	1
1128	892	684	1074	872	595	1117	0
892	684	1074	872	595	1117	868	0
684	1074	872	595	1117	868	572	1
1074	872	595	1117	868	572	1085	0
872	595	1117	868	572	1085	868	0
595	1117	868	572	1085	868	891	1
1117	868	572	1085	868	891	514	0
868	572	1085	868	891	514	1074	0
572	1085	868	891	514	1074	875	0
1085	868	891	514	1074	875	556	1
868	891	514	1074	875	556	1055	0
891	514	1074	875	556	1055	825	0
514	1074	875	556	1055	825	852	1
1074	875	556	1055	825	852	541	0
875	556	1055	825	852	541	1124	0
556	1055	825	852	541	1124	891	0
1055	825	852	541	1124	891	821	1
825	852	541	1124	891	821	1284	0
852	541	1124	891	821	1284	1016	0
541	1124	891	821	1284	1016	521	0
1124	891	821	1284	1016	521	1168	0
891	821	1284	1016	521	1168	906	0
821	1284	1016	521	1168	906	596	1
1284	1016	521	1168	906	596	1109	0
1016	521	1168	906	596	1109	879	0
521	1168	906	596	1109	879	564	1
1168	906	596	1109	879	564	1086	0
906	596	1109	879	564	1086	867	0
596	1109	879	564	1086	867	607	1
1109	879	564	1086	867	607	1183	0
879	564	1086	867	607	1183	926	0
564	1086	867	607	1183	926	611	1
1086	867	607	1183	926	611	1230	0
867	607	1183	926	611	1230	957	0
607	1183	926	611	1230	957	553	1
1183	926	611	1230	957	553	1186	0
926	611	1230	957	553	1186	954	0
611	1230	957	553	1186	954	521	1
1230	957	553	1186	954	521	1191	0
957	553	1186	954	521	1191	938	0
553	1186	954	521	1191	938	568	1
1186	954	521	1191	938	568	1182	0
954	521	1191	938	568	1182	888	0
521	1191	938	568	1182	888	541	1
1191	938	568	1182	888	541	1178	0
938	568	1182	888	541	1178	911	0
568	1182	888	541	1178	911	537	1
1182	888	541	1178	911	537	1163	0
888	541	1178	911	537	1163	880	0
541	1178	911	537	1163	880	533	1
1178	911	537	1163	880	533	1113	0
911	537	1163	880	533	1113	875	0
537	1163	880	533	1113	875	880	1
1163	880	533	1113	875	880	517	0
880	533	1113	875	880	517	1097	0
533	1113	875	880	517	1097	872	0
1113	875	880	517	1097	872	568	1
875	880	517	1097	872	568	1113	0
880	517	1097	872	568	1113	864	0
517	1097	872	568	1113	864	591	1
1097	872	568	1113	864	591	1218	0
872	568	1113	864	591	1218	953	0
568	1113	864	591	1218	953	533	1
1113	864	591	1218	953	533	1152	0
864	591	1218	953	533	1152	961	0
591	1218	953	533	1152	961	518	1
1218	953	533	1152	961	518	1116	0
953	533	1152	961	518	1116	892	0
533	1152	961	518	1116	892	653	1
1152	961	518	1116	892	653	1051	0
961	518	1116	892	653	1051	868	0
518	1116	892	653	1051	868	610	0
1116	892	653	1051	868	610	1148	0
892	653	1051	868	610	1148	907	0
653	1051	868	610	1148	907	525	1
1051	868	610	1148	907	525	1140	0
868	610	1148	907	525	1140	903	0
610	1148	907	525	1140	903	914	1
1148	907	525	1140	903	914	522	0
907	525	1140	903	914	522	1101	0
525	1140	903	914	522	1101	883	0
1140	903	914	522	1101	883	537	1
903	914	522	1101	883	537	1097	0
914	522	1101	883	537	1097	876	0
522	1101	883	537	1097	876	872	1
1101	883	537	1097	876	872	509	0
883	537	1097	876	872	509	1136	0
537	1097	876	872	509	1136	884	0
1097	876	872	509	1136	884	614	1
876	872	509	1136	884	614	1257	0
872	509	1136	884	614	1257	942	0
509	1136	884	614	1257	942	949	1
1136	884	614	1257	942	949	526	0
884	614	1257	942	949	526	1155	0
614	1257	942	949	526	1155	919	0
1257	942	949	526	1155	919	525	1
942	949	526	1155	919	525	1152	0
949	526	1155	919	525	1152	871	0
526	1155	919	525	1152	871	549	1
1155	919	525	1152	871	549	1140	0
919	525	1152	871	549	1140	868	0
525	1152	871	549	1140	868	540	1
1152	871	549	1140	868	540	1172	0
871	549	1140	868	540	1172	926	0
549	1140	868	540	1172	926	941	1
1140	868	540	1172	926	941	915	0
868	540	1172	926	941	915	1607	0
540	1172	926	941	915	1607	910	0
1172	926	941	915	1607	910	837	0
926	941	915	1607	910	837	502	0
941	915	1607	910	837	502	1004	0
915	1607	910	837	502	1004	790	0
1607	910	837	502	1004	790	813	1
910	837	502	1004	790	813	517	0
837	502	1004	790	813	517	1082	0
502	1004	790	813	517	1082	868	0
1004	790	813	517	1082	868	529	1
790	813	517	1082	868	529	1202	0
813	517	1082	868	529	1202	919	0
517	1082	868	529	1202	919	525	1
1082	868	529	1202	919	525	1218	0
868	529	1202	919	525	1218	926	0
529	1202	919	525	1218	926	517	1
1202	919	525	1218	926	517	1179	0
919	525	1218	926	517	1179	930	0
525	1218	926	517	1179	930	522	1
1218	926	517	1179	930	522	1144	0
926	517	1179	930	522	1144	926	0
517	1179	930	522	1144	926	529	1
1179	930	522	1144	926	529	1159	0
930	522	1144	926	529	1159	927	0
522	1144	926	529	1159	927	552	1
1144	926	529	1159	927	552	1210	0
926	529	1159	927	552	1210	961	0
529	1159	927	552	1210	961	529	1
1159	927	552	1210	961	529	1199	0
927	552	1210	961	529	1199	1039	0
552	1210	961	529	1199	1039	552	1
1210	961	529	1199	1039	552	1191	0
961	529	1199	1039	552	1191	1035	0
529	1199	1039	552	1191	1035	545	1
1199	1039	552	1191	1035	545	1187	0
1039	552	1191	1035	545	1187	1035	0
552	1191	1035	545	1187	1035	548	1
1191	1035	545	1187	1035	548	1171	0
1035	545	1187	1035	548	1171	1016	0
545	1187	1035	548	1171	1016	545	1
1187	1035	548	1171	1016	545	1144	0
1035	548	1171	1016	545	1144	972	0
548	1171	1016	545	1144	972	533	1
1171	1016	545	1144	972	533	1187	0
1016	545	1144	972	533	1187	957	0
545	1144	972	533	1187	957	541	1
1144	972	533	1187	957	541	1160	0
972	533	1187	957	541	1160	949	0
533	1187	957	541	1160	949	557	1
1187	957	541	1160	949	557	1151	0
957	541	1160	949	557	1151	969	0
541	1160	949	557	1151	969	557	1
1160	949	557	1151	969	557	1163	0
949	557	1151	969	557	1163	996	0
557	1151	969	557	1163	996	561	1
1151	969	557	1163	996	561	1175	0
969	557	1163	996	561	1175	1046	0
557	1163	996	561	1175	1046	549	1
1163	996	561	1175	1046	549	1175	0
996	561	1175	1046	549	1175	1058	0
561	1175	1046	549	1175	1058	549	1
1175	1046	549	1175	1058	549	1183	0
1046	549	1175	1058	549	1183	1008	0
549	1175	1058	549	1183	1008	556	1
1175	1058	549	1183	1008	556	1179	0
1058	549	1183	1008	556	1179	981	0
549	1183	1008	556	1179	981	552	1
1183	1008	556	1179	981	552	1218	0
1008	556	1179	981	552	1218	1039	0
556	1179	981	552	1218	1039	576	1
1179	981	552	1218	1039	576	1187	0
981	552	1218	1039	576	1187	980	0
552	1218	1039	576	1187	980	557	1
1218	1039	576	1187	980	557	1159	0
1039	576	1187	980	557	1159	954	0
576	1187	980	557	1159	954	560	1
1187	980	557	1159	954	560	1128	0
980	557	1159	954	560	1128	895	0
557	1159	954	560	1128	895	549	1
1159	954	560	1128	895	549	1159	0
954	560	1128	895	549	1159	981	0
560	1128	895	549	1159	981	556	1
1128	895	549	1159	981	556	1164	0
895	549	1159	981	556	1164	1023	0
549	1159	981	556	1164	1023	549	1
1159	981	556	1164	1023	549	1202	0
981	556	1164	1023	549	1202	1062	0
556	1164	1023	549	1202	1062	545	1
1164	1023	549	1202	1062	545	1163	0
1023	549	1202	1062	545	1163	977	0
549	1202	1062	545	1163	977	553	1
1202	1062	545	1163	977	553	1151	0
1062	545	1163	977	553	1151	989	0
545	1163	977	553	1151	989	576	1
1163	977	553	1151	989	576	1225	0
977	553	1151	989	576	1225	1082	0
553	1151	989	576	1225	1082	568	1
1151	989	576	1225	1082	568	1292	0
989	576	1225	1082	568	1292	704	0
576	1225	1082	568	1292	704	1498	1
1225	1082	568	1292	704	1498	592	0
1082	568	1292	704	1498	592	1323	1
568	1292	704	1498	592	1323	1268	0
1292	704	1498	592	1323	1268	1218	1
704	1498	592	1323	1268	1218	1160	0
1498	592	1323	1268	1218	1160	568	0
592	1323	1268	1218	1160	568	1218	0
1323	1268	1218	1160	568	1218	1011	0
1268	1218	1160	568	1218	1011	568	1
1218	1160	568	1218	1011	568	1152	0
1160	568	1218	1011	568	1152	926	0
568	1218	1011	568	1152	926	580	1
1218	1011	568	1152	926	580	1152	0
1011	568	1152	926	580	1152	918	0
568	1152	926	580	1152	918	560	1
1152	926	580	1152	918	560	1191	0
926	580	1152	918	560	1191	973	0
580	1152	918	560	1191	973	587	1
1152	918	560	1191	973	587	1249	0
918	560	1191	973	587	1249	1063	0
560	1191	973	587	1249	1063	544	1
1191	973	587	1249	1063	544	1171	0
973	587	1249	1063	544	1171	1020	0
587	1249	1063	544	1171	1020	552	1
1249	1063	544	1171	1020	552	1191	0
1063	544	1171	1020	552	1191	985	0
544	1171	1020	552	1191	985	548	1
1171	1020	552	1191	985	548	1105	0
1020	552	1191	985	548	1105	895	0
552	1191	985	548	1105	895	611	1
1191	985	548	1105	895	611	1144	0
985	548	1105	895	611	1144	930	0
548	1105	895	611	1144	930	549	1
1105	895	611	1144	930	549	1124	0
895	611	1144	930	549	1124	977	0
611	1144	930	549	1124	977	560	1
1144	930	549	1124	977	560	1109	0
930	549	1124	977	560	1109	953	0
549	1124	977	560	1109	953	588	1
1124	977	560	1109	953	588	1268	0
977	560	1109	953	588	1268	1016	0
560	1109	953	588	1268	1016	576	1
1109	953	588	1268	1016	576	1261	0
953	588	1268	1016	576	1261	556	0
588	1268	1016	576	1261	556	1265	1
1268	1016	576	1261	556	1265	968	0
1016	576	1261	556	1265	968	557	1
576	1261	556	1265	968	557	1237	0
1261	556	1265	968	557	1237	1016	0
556	1265	968	557	1237	1016	572	1
1265	968	557	1237	1016	572	1179	0
968	557	1237	1016	572	1179	1046	0
557	1237	1016	572	1179	1046	545	1
1237	1016	572	1179	1046	545	1191	0
1016	572	1179	1046	545	1191	1031	0
572	1179	1046	545	1191	1031	549	1
1179	1046	545	1191	1031	549	1163	0
1046	545	1191	1031	549	1163	988	0
545	1191	1031	549	1163	988	557	1
1191	1031	549	1163	988	557	1218	0
1031	549	1163	988	557	1218	1097	0
549	1163	988	557	1218	1097	545	1
1163	988	557	1218	1097	545	1272	0
988	557	1218	1097	545	1272	1183	0
557	1218	1097	545	1272	1183	584	1
1218	1097	545	1272	1183	584	1190	0
1097	545	1272	1183	584	1190	1055	0
545	1272	1183	584	1190	1055	560	1
1272	1183	584	1190	1055	560	1202	0
1183	584	1190	1055	560	1202	1016	0
584	1190	1055	560	1202	1016	545	1
1190	1055	560	1202	1016	545	1229	0
1055	560	1202	1016	545	1229	1066	0
560	1202	1016	545	1229	1066	545	1
1202	1016	545	1229	1066	545	1210	0
1016	545	1229	1066	545	1210	1024	0
545	1229	1066	545	1210	1024	544	1
1229	1066	545	1210	1024	544	1199	0
1066	545	1210	1024	544	1199	1031	0
545	1210	1024	544	1199	1031	576	1
1210	1024	544	1199	1031	576	1183	0
1024	544	1199	1031	576	1183	992	0
544	1199	1031	576	1183	992	580	1
1199	1031	576	1183	992	580	1206	0
1031	576	1183	992	580	1206	1008	0
576	1183	992	580	1206	1008	568	1
1183	992	580	1206	1008	568	1257	0
992	580	1206	1008	568	1257	1171	0
580	1206	1008	568	1257	1171	548	1
1206	1008	568	1257	1171	548	1269	0
1008	568	1257	1171	548	1269	1117	0
568	1257	1171	548	1269	1117	560	1
1257	1171	548	1269	1117	560	1222	0
1171	548	1269	1117	560	1222	1054	0
548	1269	1117	560	1222	1054	545	1
1269	1117	560	1222	1054	545	1226	0
1117	560	1222	1054	545	1226	1085	0
560	1222	1054	545	1226	1085	561	1
1222	1054	545	1226	1085	561	1206	0
1054	545	1226	1085	561	1206	1035	0
545	1226	1085	561	1206	1035	545	1
1226	1085	561	1206	1035	545	1202	0
1085	561	1206	1035	545	1202	1008	0
561	1206	1035	545	1202	1008	556	1
1206	1035	545	1202	1008	556	1237	0
1035	545	1202	1008	556	1237	1082	0
545	1202	1008	556	1237	1082	553	1
1202	1008	556	1237	1082	553	1206	0
1008	556	1237	1082	553	1206	996	0
556	1237	1082	553	1206	996	564	1
1237	1082	553	1206	996	564	1187	0
1082	553	1206	996	564	1187	914	0
553	1206	996	564	1187	914	537	1
1206	996	564	1187	914	537	1098	0
996	564	1187	914	537	1098	906	0
564	1187	914	537	1098	906	537	1
1187	914	537	1098	906	537	1101	0
914	537	1098	906	537	1101	926	0
537	1098	906	537	1101	926	973	1
1098	906	537	1101	926	973	533	0
906	537	1101	926	973	533	1140	0
537	1101	926	973	533	1140	1016	0
1101	926	973	533	1140	1016	541	1
926	973	533	1140	1016	541	1128	0
973	533	1140	1016	541	1128	969	0
533	1140	1016	541	1128	969	553	1
1140	1016	541	1128	969	553	1186	0
1016	541	1128	969	553	1186	1074	0
541	1128	969	553	1186	1074	565	1
1128	969	553	1186	1074	565	1299	0
969	553	1186	1074	565	1299	1374	0
553	1186	1074	565	1299	1374	1334	1
1186	1074	565	1299	1374	1334	1164	0
1074	565	1299	1374	1334	1164	564	0
565	1299	1374	1334	1164	564	1226	0
1299	1374	1334	1164	564	1226	1042	0
1374	1334	1164	564	1226	1042	561	1
1334	1164	564	1226	1042	561	1214	0
1164	564	1226	1042	561	1214	965	0
564	1226	1042	561	1214	965	564	1
1226	1042	561	1214	965	564	1229	0
1042	561	1214	965	564	1229	1024	0
561	1214	965	564	1229	1024	572	1
1214	965	564	1229	1024	572	1241	0
965	564	1229	1024	572	1241	1171	0
564	1229	1024	572	1241	1171	1078	1
1229	1024	572	1241	1171	1078	1027	0
1024	572	1241	1171	1078	1027	989	0
572	1241	1171	1078	1027	989	564	0
1241	1171	1078	1027	989	564	1171	0
1171	1078	1027	989	564	1171	981	0
1078	1027	989	564	1171	981	556	1
1027	989	564	1171	981	556	1171	0
989	564	1171	981	556	1171	973	0
564	1171	981	556	1171	973	560	1
1171	981	556	1171	973	560	1121	0
981	556	1171	973	560	1121	977	0
556	1171	973	560	1121	977	564	1
1171	973	560	1121	977	564	1117	0
973	560	1121	977	564	1117	906	0
560	1121	977	564	1117	906	529	1
1121	977	564	1117	906	529	1055	0
977	564	1117	906	529	1055	856	0
564	1117	906	529	1055	856	556	1
1117	906	529	1055	856	556	1074	0
906	529	1055	856	556	1074	887	0
529	1055	856	556	1074	887	646	1
1055	856	556	1074	887	646	1245	0
856	556	1074	887	646	1245	997	0
556	1074	887	646	1245	997	1089	1
1074	887	646	1245	997	1089	1140	0
887	646	1245	997	1089	1140	1105	0
646	1245	997	1089	1140	1105	1132	0
1245	997	1089	1140	1105	1132	541	0
997	1089	1140	1105	1132	541	1175	0
1089	1140	1105	1132	541	1175	946	0
1140	1105	1132	541	1175	946	545	1
1105	1132	541	1175	946	545	1093	0
1132	541	1175	946	545	1093	860	0
541	1175	946	545	1093	860	572	1
1175	946	545	1093	860	572	1062	0
946	545	1093	860	572	1062	845	0
545	1093	860	572	1062	845	945	1
1093	860	572	1062	845	945	533	0
860	572	1062	845	945	533	1214	0
572	1062	845	945	533	1214	1055	0
1062	845	945	533	1214	1055	552	1
845	945	533	1214	1055	552	1160	0
945	533	1214	1055	552	1160	930	0
533	1214	1055	552	1160	930	560	1
1214	1055	552	1160	930	560	1171	0
1055	552	1160	930	560	1171	899	0
552	1160	930	560	1171	899	525	1
1160	930	560	1171	899	525	1101	0
930	560	1171	899	525	1101	857	0
560	1171	899	525	1101	857	571	1
1171	899	525	1101	857	571	1179	0
899	525	1101	857	571	1179	884	0
525	1101	857	571	1179	884	525	1
1101	857	571	1179	884	525	1097	0
857	571	1179	884	525	1097	864	0
571	1179	884	525	1097	864	533	1
1179	884	525	1097	864	533	1086	0
884	525	1097	864	533	1086	852	0
525	1097	864	533	1086	852	529	1
1097	864	533	1086	852	529	1043	0
864	533	1086	852	529	1043	825	0
533	1086	852	529	1043	825	622	1
1086	852	529	1043	825	622	926	0
852	529	1043	825	622	926	794	0
529	1043	825	622	926	794	794	1
1043	825	622	926	794	794	502	0
825	622	926	794	794	502	1054	0
622	926	794	794	502	1054	837	0
926	794	794	502	1054	837	537	1
794	794	502	1054	837	537	1039	0
794	502	1054	837	537	1039	798	0
502	1054	837	537	1039	798	778	1
1054	837	537	1039	798	778	759	0
837	537	1039	798	778	759	789	0
537	1039	798	778	759	789	786	0
1039	798	778	759	789	786	775	0
798	778	759	789	786	775	821	0
778	759	789	786	775	821	513	0
759	789	786	775	821	513	1102	0
789	786	775	821	513	1102	836	0
786	775	821	513	1102	836	529	1
775	821	513	1102	836	529	1160	0
821	513	1102	836	529	1160	852	0
513	1102	836	529	1160	852	541	1
1102	836	529	1160	852	541	1284	0
836	529	1160	852	541	1284	1000	0
529	1160	852	541	1284	1000	580	1
1160	852	541	1284	1000	580	1361	0
852	541	1284	1000	580	1361	615	0
541	1284	1000	580	1361	615	1440	1
1284	1000	580	1361	615	1440	572	0
1000	580	1361	615	1440	572	1358	1
580	1361	615	1440	572	1358	1051	0
1361	615	1440	572	1358	1051	1027	1
615	1440	572	1358	1051	1027	568	0
1440	572	1358	1051	1027	568	1272	0
572	1358	1051	1027	568	1272	708	0
1358	1051	1027	568	1272	708	1417	1
1051	1027	568	1272	708	1417	607	0
1027	568	1272	708	1417	607	1424	1
568	1272	708	1417	607	1424	584	0
1272	708	1417	607	1424	584	1408	1
708	1417	607	1424	584	1408	798	0
1417	607	1424	584	1408	798	1459	1
607	1424	584	1408	798	1459	591	0
1424	584	1408	798	1459	591	1440	1
584	1408	798	1459	591	1440	630	0
1408	798	1459	591	1440	630	1382	1
798	1459	591	1440	630	1382	992	0
1459	591	1440	630	1382	992	778	1
591	1440	630	1382	992	778	1245	0
1440	630	1382	992	778	1245	1000	0
630	1382	992	778	1245	1000	561	0
1382	992	778	1245	1000	561	1280	0
992	778	1245	1000	561	1280	945	0
778	1245	1000	561	1280	945	942	1
1245	1000	561	1280	945	942	965	0
1000	561	1280	945	942	965	992	0
561	1280	945	942	965	992	977	0
1280	945	942	965	992	977	922	0
945	942	965	992	977	922	560	0
942	965	992	977	922	560	833	0
965	992	977	922	560	833	805	0
992	977	922	560	833	805	1249	1
977	922	560	833	805	1249	1031	1
922	560	833	805	1249	1031	615	1
560	833	805	1249	1031	615	1432	0
833	805	1249	1031	615	1432	603	0
805	1249	1031	615	1432	603	1452	1
1249	1031	615	1432	603	1452	603	0
1031	615	1432	603	1452	603	1408	1
615	1432	603	1452	603	1408	1105	0
1432	603	1452	603	1408	1105	600	1
