index	i-3	i-2	i-1	i+0	i+1	i+2	i+3	Filter	Time
3	401	1128	1179	1097	1012	1175	1105	0	3805
4	1128	1179	1097	1012	1175	1105	1047	0	4817
5	1179	1097	1012	1175	1105	1047	1233	0	5992
6	1097	1012	1175	1105	1047	1233	1199	0	7097
7	1012	1175	1105	1047	1233	1199	1054	0	8144
8	1175	1105	1047	1233	1199	1054	1148	0	9377
9	1105	1047	1233	1199	1054	1148	1175	0	10576
10	1047	1233	1199	1054	1148	1175	1031	0	11630
11	1233	1199	1054	1148	1175	1031	1059	0	12778
12	1199	1054	1148	1175	1031	1059	1128	0	13953
13	1054	1148	1175	1031	1059	1128	1066	0	14984
14	1148	1175	1031	1059	1128	1066	1039	0	16043
15	1175	1031	1059	1128	1066	1039	1156	0	17171
16	1031	1059	1128	1066	1039	1156	1191	0	18237
17	1059	1128	1066	1039	1156	1191	1070	0	19276
18	1128	1066	1039	1156	1191	1070	1171	0	20432
19	1066	1039	1156	1191	1070	1171	1241	0	21623
20	1039	1156	1191	1070	1171	1241	1132	0	22693
21	1156	1191	1070	1171	1241	1132	1156	0	23864
22	1191	1070	1171	1241	1132	1156	1175	0	25105
23	1070	1171	1241	1132	1156	1175	1125	0	26237
24	1171	1241	1132	1156	1175	1125	1190	0	27393
25	1241	1132	1156	1175	1125	1190	1269	0	28568
26	1132	1156	1175	1125	1190	1269	1093	0	29693
27	1156	1175	1125	1190	1269	1093	1148	0	30883
28	1175	1125	1190	1269	1093	1148	1218	0	32152
29	1125	1190	1269	1093	1148	1218	1082	0	33245
30	1190	1269	1093	1148	1218	1082	1105	0	34393
31	1269	1093	1148	1218	1082	1105	1175	0	35611
32	1093	1148	1218	1082	1105	1175	1097	0	36693
33	1148	1218	1082	1105	1175	1097	1047	0	37798
34	1218	1082	1105	1175	1097	1047	1202	0	38973
35	1082	1105	1175	1097	1047	1202	1128	0	40070
36	1105	1175	1097	1047	1202	1128	1004	0	41117
37	1175	1097	1047	1202	1128	1004	1109	0	42319
38	1097	1047	1202	1128	1004	1109	1094	0	43447
39	1047	1202	1128	1004	1109	1094	1035	0	44451
40	1202	1128	1004	1109	1094	1035	1190	0	45560
41	1128	1004	1109	1094	1035	1190	1105	0	46654
42	1004	1109	1094	1035	1190	1105	1016	0	47689
43	1109	1094	1035	1190	1105	1016	1109	0	48879
44	1094	1035	1190	1105	1016	1109	1167	0	49984
45	1035	1190	1105	1016	1109	1167	1051	0	51000
46	1190	1105	1016	1109	1167	1051	1148	0	52109
47	1105	1016	1109	1167	1051	1148	1202	0	53276
48	1016	1109	1167	1051	1148	1202	1128	0	54327
49	1109	1167	1051	1148	1202	1128	1137	0	55475
50	1167	1051	1148	1202	1128	1137	1186	0	56677
51	1051	1148	1202	1128	1137	1186	1113	0	57805
52	1148	1202	1128	1137	1186	1113	1082	0	58942
53	1202	1128	1137	1186	1113	1082	1128	0	60128
54	1128	1137	1186	1113	1082	1128	1094	0	61241
55	1137	1186	1113	1082	1128	1094	1039	0	62323
56	1186	1113	1082	1128	1094	1039	1171	0	63451
57	1113	1082	1128	1094	1039	1171	1152	0	64545
58	1082	1128	1094	1039	1171	1152	1070	0	65584
59	1128	1094	1039	1171	1152	1070	1183	0	66755
60	1094	1039	1171	1152	1070	1183	1179	0	67907
61	1039	1171	1152	1070	1183	1179	1077	0	68977
62	1171	1152	1070	1183	1179	1077	1094	0	70160
63	1152	1070	1183	1179	1077	1094	1233	0	71339
64	1070	1183	1179	1077	1094	1233	1144	0	72416
65	1183	1179	1077	1094	1233	1144	1078	0	73510
66	1179	1077	1094	1233	1144	1078	1198	0	74743
67	1077	1094	1233	1144	1078	1198	1172	0	75887
68	1094	1233	1144	1078	1198	1172	1062	0	76965
69	1233	1144	1078	1198	1172	1062	1206	0	78163
70	1144	1078	1198	1172	1062	1206	1210	0	79335
71	1078	1198	1172	1062	1206	1210	1094	0	80397
72	1198	1172	1062	1206	1210	1094	1198	0	81603
73	1172	1062	1206	1210	1094	1198	1249	0	82813
74	1062	1206	1210	1094	1198	1249	1121	0	83907
75	1206	1210	1094	1198	1249	1121	1218	0	85105
76	1210	1094	1198	1249	1121	1218	1237	0	86354
77	1094	1198	1249	1121	1218	1237	1128	0	87475
78	1198	1249	1121	1218	1237	1128	1160	0	88693
79	1249	1121	1218	1237	1128	1160	1222	0	89930
80	1121	1218	1237	1128	1160	1222	1116	0	91058
81	1218	1237	1128	1160	1222	1116	1039	0	92218
82	1237	1128	1160	1222	1116	1039	1191	0	93440
83	1128	1160	1222	1116	1039	1191	1121	0	94556
84	1160	1222	1116	1039	1191	1121	1023	0	95595
85	1222	1116	1039	1191	1121	1023	1183	0	96786
86	1116	1039	1191	1121	1023	1183	1191	0	97907
87	1039	1191	1121	1023	1183	1191	1035	0	98930
88	1191	1121	1023	1183	1191	1035	1163	0	100113
89	1121	1023	1183	1191	1035	1163	1202	0	101304
90	1023	1183	1191	1035	1163	1202	1086	0	102339
91	1183	1191	1035	1163	1202	1086	1175	0	103502
92	1191	1035	1163	1202	1086	1175	1222	0	104704
93	1035	1163	1202	1086	1175	1222	1113	0	105790
94	1163	1202	1086	1175	1222	1113	1128	0	106965
95	1202	1086	1175	1222	1113	1128	1113	0	108187
96	1086	1175	1222	1113	1128	1113	1043	0	109300
97	1175	1222	1113	1128	1113	1043	1074	0	110428
98	1222	1113	1128	1113	1043	1074	1175	0	111541
99	1113	1128	1113	1043	1074	1175	1031	0	112584
100	1128	1113	1043	1074	1175	1031	1167	0	113658
101	1113	1043	1074	1175	1031	1167	1195	0	114833
102	1043	1074	1175	1031	1167	1195	1089	0	115864
103	1074	1175	1031	1167	1195	1089	1210	0	117031
104	1175	1031	1167	1195	1089	1210	1171	0	118226
105	1031	1167	1195	1089	1210	1171	1008	0	119315
106	1167	1195	1089	1210	1171	1008	1101	0	120525
107	1195	1089	1210	1171	1008	1101	1144	0	121696
108	1089	1210	1171	1008	1101	1144	1051	0	122704
109	1210	1171	1008	1101	1144	1051	1058	0	123805
110	1171	1008	1101	1144	1051	1058	1172	0	124949
111	1008	1101	1144	1051	1058	1172	1050	0	126000
112	1101	1144	1051	1058	1172	1050	1004	0	127058
113	1144	1051	1058	1172	1050	1004	1097	0	128230
114	1051	1058	1172	1050	1004	1097	1144	0	129280
115	1058	1172	1050	1004	1097	1144	996	0	130284
116	1172	1050	1004	1097	1144	996	1078	0	131381
117	1050	1004	1097	1144	996	1078	1113	0	132525
118	1004	1097	1144	996	1078	1113	1008	0	133521
119	1097	1144	996	1078	1113	1008	1101	0	134599
120	1144	996	1078	1113	1008	1101	1109	0	135712
121	996	1078	1113	1008	1101	1109	1047	0	136720
122	1078	1113	1008	1101	1109	1047	1019	0	137821
123	1113	1008	1101	1109	1047	1019	1074	0	138930
124	1008	1101	1109	1047	1019	1074	1035	0	139977
125	1101	1109	1047	1019	1074	1035	1023	0	140996
126	1109	1047	1019	1074	1035	1023	1129	0	142070
127	1047	1019	1074	1035	1023	1129	1097	0	143105
128	1019	1074	1035	1023	1129	1097	1051	0	144128
129	1074	1035	1023	1129	1097	1051	1186	0	145257
130	1035	1023	1129	1097	1051	1186	1148	0	146354
131	1023	1129	1097	1051	1186	1148	1059	0	147405
132	1129	1097	1051	1186	1148	1059	1155	0	148591
133	1097	1051	1186	1148	1059	1155	1195	0	149739
134	1051	1186	1148	1059	1155	1195	1109	0	150798
135	1186	1148	1059	1155	1195	1109	1066	0	151953
136	1148	1059	1155	1195	1109	1066	1179	0	153148
137	1059	1155	1195	1109	1066	1179	1086	0	154257
138	1155	1195	1109	1066	1179	1086	1144	0	155323
139	1195	1109	1066	1179	1086	1144	1260	0	156502
140	1109	1066	1179	1086	1144	1260	1203	0	157588
141	1066	1179	1086	1144	1260	1203	1155	0	158732
142	1179	1086	1144	1260	1203	1155	1269	0	159992
143	1086	1144	1260	1203	1155	1269	1206	0	161195
144	1144	1260	1203	1155	1269	1206	1097	0	162350
145	1260	1203	1155	1269	1206	1097	1175	0	163619
146	1203	1155	1269	1206	1097	1175	1133	0	164825
147	1155	1269	1206	1097	1175	1133	1031	0	165922
148	1269	1206	1097	1175	1133	1031	1113	0	167097
149	1206	1097	1175	1133	1031	1113	1155	0	168230
150	1097	1175	1133	1031	1113	1155	1039	0	169261
151	1175	1133	1031	1113	1155	1039	1171	0	170374
152	1133	1031	1113	1155	1039	1171	1047	0	171529
153	1031	1113	1155	1039	1171	1047	1043	0	172568
154	1113	1155	1039	1171	1047	1043	1171	0	173739
155	1155	1039	1171	1047	1043	1171	1089	0	174786
156	1039	1171	1047	1043	1171	1089	1078	0	175829
157	1171	1047	1043	1171	1089	1078	1175	0	177000
158	1047	1043	1171	1089	1078	1175	1125	0	178089
159	1043	1171	1089	1078	1175	1125	1004	0	179167
160	1171	1089	1078	1175	1125	1004	1194	0	180342
161	1089	1078	1175	1125	1004	1194	1125	0	181467
162	1078	1175	1125	1004	1194	1125	1031	0	182471
163	1175	1125	1004	1194	1125	1031	1035	0	183665
164	1125	1004	1194	1125	1031	1035	1191	0	184790
165	1004	1194	1125	1031	1035	1191	1116	0	185821
166	1194	1125	1031	1035	1191	1116	1063	0	186856
167	1125	1031	1035	1191	1116	1063	1175	0	188047
168	1031	1035	1191	1116	1063	1175	1124	0	189163
169	1035	1191	1116	1063	1175	1124	1039	0	190226
170	1191	1116	1063	1175	1124	1039	1125	0	191401
171	1116	1063	1175	1124	1039	1125	1140	0	192525
172	1063	1175	1124	1039	1125	1140	1050	0	193564
173	1175	1124	1039	1125	1140	1050	1168	0	194689
174	1124	1039	1125	1140	1050	1168	1151	0	195829
175	1039	1125	1140	1050	1168	1151	1078	0	196879
176	1125	1140	1050	1168	1151	1078	1175	0	198047
177	1140	1050	1168	1151	1078	1175	1133	0	199198
178	1050	1168	1151	1078	1175	1133	1019	0	200276
179	1168	1151	1078	1175	1133	1019	1148	0	201451
180	1151	1078	1175	1133	1019	1148	1206	0	202584
181	1078	1175	1133	1019	1148	1206	1043	0	203603
182	1175	1133	1019	1148	1206	1043	1101	0	204751
183	1133	1019	1148	1206	1043	1101	1094	0	205957
184	1019	1148	1206	1043	1101	1094	1031	0	207000
185	1148	1206	1043	1101	1094	1031	1000	0	208101
186	1206	1043	1101	1094	1031	1000	1151	0	209195
187	1043	1101	1094	1031	1000	1151	1183	0	210226
188	1101	1094	1031	1000	1151	1183	1008	0	211226
189	1094	1031	1000	1151	1183	1008	1179	0	212377
190	1031	1000	1151	1183	1008	1179	1148	0	213560
191	1000	1151	1183	1008	1179	1148	1043	0	214568
192	1151	1183	1008	1179	1148	1043	1074	0	215747
193	1183	1008	1179	1148	1043	1074	1194	0	216895
194	1008	1179	1148	1043	1074	1194	1078	0	217938
195	1179	1148	1043	1074	1194	1078	1167	0	219012
196	1148	1043	1074	1194	1078	1167	1187	0	220206
197	1043	1074	1194	1078	1167	1187	1078	0	221284
198	1074	1194	1078	1167	1187	1078	1031	0	222451
199	1194	1078	1167	1187	1078	1031	1167	0	223638
200	1078	1167	1187	1078	1031	1167	1055	0	224716
201	1167	1187	1078	1031	1167	1055	1117	0	225747
202	1187	1078	1031	1167	1055	1117	1159	0	226914
203	1078	1031	1167	1055	1117	1159	1008	0	227969
204	1031	1167	1055	1117	1159	1008	1148	0	229086
205	1167	1055	1117	1159	1008	1148	1140	0	230245
206	1055	1117	1159	1008	1148	1140	1054	0	231253
207	1117	1159	1008	1148	1140	1054	1175	0	232401
208	1159	1008	1148	1140	1054	1175	1164	0	233541
209	1008	1148	1140	1054	1175	1164	1070	0	234595
210	1148	1140	1054	1175	1164	1070	1101	0	235770
211	1140	1054	1175	1164	1070	1101	1136	0	236934
212	1054	1175	1164	1070	1101	1136	1140	0	238004
213	1175	1164	1070	1101	1136	1140	1020	0	239105
214	1164	1070	1101	1136	1140	1020	1152	0	240241
215	1070	1101	1136	1140	1020	1152	1202	0	241381
216	1101	1136	1140	1020	1152	1202	1101	0	242401
217	1136	1140	1020	1152	1202	1101	1202	0	243553
218	1140	1020	1152	1202	1101	1202	1288	0	244755
219	1020	1152	1202	1101	1202	1288	1117	0	245856
220	1152	1202	1101	1202	1288	1117	1144	0	247058
221	1202	1101	1202	1288	1117	1144	1179	0	248346
222	1101	1202	1288	1117	1144	1179	1074	0	249463
223	1202	1288	1117	1144	1179	1074	1163	0	250607
224	1288	1117	1144	1179	1074	1163	1179	0	251786
225	1117	1144	1179	1074	1163	1179	1066	0	252860
226	1144	1179	1074	1163	1179	1066	1051	0	254023
227	1179	1074	1163	1179	1066	1051	1175	0	255202
228	1074	1163	1179	1066	1051	1175	1152	0	256268
229	1163	1179	1066	1051	1175	1152	1078	0	257319
230	1179	1066	1051	1175	1152	1078	1163	0	258494
231	1066	1051	1175	1152	1078	1163	1136	0	259646
232	1051	1175	1152	1078	1163	1136	1059	0	260724
233	1175	1152	1078	1163	1136	1059	1198	0	261887
234	1152	1078	1163	1136	1059	1198	1121	0	263023
235	1078	1163	1136	1059	1198	1121	1023	0	264082
236	1163	1136	1059	1198	1121	1023	1171	0	265280
237	1136	1059	1198	1121	1023	1171	1121	0	266401
238	1059	1198	1121	1023	1171	1121	1019	0	267424
239	1198	1121	1023	1171	1121	1019	1094	0	268595
240	1121	1023	1171	1121	1019	1094	1179	0	269716
241	1023	1171	1121	1019	1094	1179	1078	0	270735
242	1171	1121	1019	1094	1179	1078	1194	0	271829
243	1121	1019	1094	1179	1078	1194	1179	0	273008
244	1019	1094	1179	1078	1194	1179	1082	0	274086
245	1094	1179	1078	1194	1179	1082	1210	0	275280
246	1179	1078	1194	1179	1082	1210	1089	0	276459
247	1078	1194	1179	1082	1210	1089	1059	0	277541
248	1194	1179	1082	1210	1089	1059	1152	0	278751
249	1179	1082	1210	1089	1059	1152	1074	0	279840
250	1082	1210	1089	1059	1152	1074	1023	0	280899
251	1210	1089	1059	1152	1074	1023	1132	0	282051
252	1089	1059	1152	1074	1023	1132	1144	0	283125
253	1059	1152	1074	1023	1132	1144	1043	0	284148
254	1152	1074	1023	1132	1144	1043	1136	0	285280
255	1074	1023	1132	1144	1043	1136	1171	0	286424
256	1023	1132	1144	1043	1136	1171	1063	0	287467
257	1132	1144	1043	1136	1171	1063	1159	0	288603
258	1144	1043	1136	1171	1063	1159	1132	0	289774
259	1043	1136	1171	1063	1159	1132	1059	0	290837
260	1136	1171	1063	1159	1132	1059	1117	0	291996
261	1171	1063	1159	1132	1059	1117	1151	0	293128
262	1063	1159	1132	1059	1117	1151	1059	0	294187
263	1159	1132	1059	1117	1151	1059	1077	0	295304
264	1132	1059	1117	1151	1059	1077	1195	0	296455
265	1059	1117	1151	1059	1077	1195	1089	0	297514
266	1117	1151	1059	1077	1195	1089	1047	0	298591
267	1151	1059	1077	1195	1089	1047	1199	0	299786
268	1059	1077	1195	1089	1047	1199	1085	0	300875
269	1077	1195	1089	1047	1199	1085	1055	0	301922
270	1195	1089	1047	1199	1085	1055	1151	0	303121
271	1089	1047	1199	1085	1055	1151	1094	0	304206
272	1047	1199	1085	1055	1151	1094	1023	0	305261
273	1199	1085	1055	1151	1094	1023	1136	0	306412
274	1085	1055	1151	1094	1023	1136	1179	0	307506
275	1055	1151	1094	1023	1136	1179	1090	0	308529
276	1151	1094	1023	1136	1179	1090	1226	0	309665
277	1094	1023	1136	1179	1090	1226	1163	0	310844
278	1023	1136	1179	1090	1226	1163	1167	0	311934
279	1136	1179	1090	1226	1163	1167	1257	0	313160
280	1179	1090	1226	1163	1167	1257	1128	0	314323
281	1090	1226	1163	1167	1257	1128	1176	0	315490
282	1226	1163	1167	1257	1128	1176	1237	0	316747
283	1163	1167	1257	1128	1176	1237	1187	0	317875
284	1167	1257	1128	1176	1237	1187	1097	0	319051
285	1257	1128	1176	1237	1187	1097	1144	0	320288
286	1128	1176	1237	1187	1097	1144	1074	0	321475
287	1176	1237	1187	1097	1144	1074	1148	0	322572
288	1237	1187	1097	1144	1074	1148	1187	0	323716
289	1187	1097	1144	1074	1148	1187	1124	0	324790
290	1097	1144	1074	1148	1187	1124	1047	0	325938
291	1144	1074	1148	1187	1124	1047	1124	0	327125
292	1074	1148	1187	1124	1047	1124	1187	0	328249
293	1148	1187	1124	1047	1124	1187	1062	0	329296
294	1187	1124	1047	1124	1187	1062	1140	0	330420
295	1124	1047	1124	1187	1062	1140	1125	0	331607
296	1047	1124	1187	1062	1140	1125	1039	0	332669
297	1124	1187	1062	1140	1125	1039	1194	0	333809
298	1187	1062	1140	1125	1039	1194	1191	0	334934
299	1062	1140	1125	1039	1194	1191	1089	0	335973
300	1140	1125	1039	1194	1191	1089	1195	0	337167
301	1125	1039	1194	1191	1089	1195	1191	0	338358
302	1039	1194	1191	1089	1195	1191	1081	0	339447
303	1194	1191	1089	1195	1191	1081	1175	0	340642
304	1191	1089	1195	1191	1081	1175	1168	0	341833
305	1089	1195	1191	1081	1175	1168	1050	0	342914
306	1195	1191	1081	1175	1168	1050	993	0	344089
307	1191	1081	1175	1168	1050	993	1151	0	345257
308	1081	1175	1168	1050	993	1151	1082	0	346307
309	1175	1168	1050	993	1151	1082	1016	0	347300
310	1168	1050	993	1151	1082	1016	1202	0	348451
311	1050	993	1151	1082	1016	1202	1113	0	349533
312	993	1151	1082	1016	1202	1113	1047	0	350549
313	1151	1082	1016	1202	1113	1047	1163	0	351751
314	1082	1016	1202	1113	1047	1163	1136	0	352864
315	1016	1202	1113	1047	1163	1136	1031	0	353911
316	1202	1113	1047	1163	1136	1031	1082	0	355074
317	1113	1047	1163	1136	1031	1082	1128	0	356210
318	1047	1163	1136	1031	1082	1128	1000	0	357241
319	1163	1136	1031	1082	1128	1000	1047	0	358323
320	1136	1031	1082	1128	1000	1047	1117	0	359451
321	1031	1082	1128	1000	1047	1117	1000	0	360451
322	1082	1128	1000	1047	1117	1000	1152	0	361498
323	1128	1000	1047	1117	1000	1152	1108	0	362615
324	1000	1047	1117	1000	1152	1108	1051	0	363615
325	1047	1117	1000	1152	1108	1051	1222	0	364767
326	1117	1000	1152	1108	1051	1222	1148	0	365875
327	1000	1152	1108	1051	1222	1148	1031	0	366926
328	1152	1108	1051	1222	1148	1031	1089	0	368148
329	1108	1051	1222	1148	1031	1089	1102	0	369296
330	1051	1222	1148	1031	1089	1102	1000	0	370327
331	1222	1148	1031	1089	1102	1000	957	0	371416
332	1148	1031	1089	1102	1000	957	1148	0	372518
333	1031	1089	1102	1000	957	1148	1179	0	373518
334	1089	1102	1000	957	1148	1179	1132	0	374475
335	1102	1000	957	1148	1179	1132	1264	0	375623
336	1000	957	1148	1179	1132	1264	1211	0	376802
337	957	1148	1179	1132	1264	1211	1112	0	377934
338	1148	1179	1132	1264	1211	1112	1211	0	379198
339	1179	1132	1264	1211	1112	1211	1252	0	380409
340	1132	1264	1211	1112	1211	1252	1055	0	381521
341	1264	1211	1112	1211	1252	1055	1089	0	382732
342	1211	1112	1211	1252	1055	1089	1168	0	383984
343	1112	1211	1252	1055	1089	1168	1043	0	385039
344	1211	1252	1055	1089	1168	1043	1046	0	386128
345	1252	1055	1089	1168	1043	1046	1214	0	387296
346	1055	1089	1168	1043	1046	1214	1168	0	388339
347	1089	1168	1043	1046	1214	1168	1054	0	389385
348	1168	1043	1046	1214	1168	1054	1183	0	390599
349	1043	1046	1214	1168	1054	1183	1159	0	391767
350	1046	1214	1168	1054	1183	1159	1032	0	392821
351	1214	1168	1054	1183	1159	1032	1077	0	394004
352	1168	1054	1183	1159	1032	1077	1067	0	395163
353	1054	1183	1159	1032	1077	1067	1015	0	396195
354	1183	1159	1032	1077	1067	1015	988	0	397272
355	1159	1032	1077	1067	1015	988	1105	0	398339
356	1032	1077	1067	1015	988	1105	1051	0	399354
357	1077	1067	1015	988	1105	1051	1008	0	400342
358	1067	1015	988	1105	1051	1008	1101	0	401447
359	1015	988	1105	1051	1008	1101	1058	0	402498
360	988	1105	1051	1008	1101	1058	981	0	403506
361	1105	1051	1008	1101	1058	981	1101	0	404607
362	1051	1008	1101	1058	981	1101	1027	0	405665
363	1008	1101	1058	981	1101	1027	1000	0	406646
364	1101	1058	981	1101	1027	1000	1113	0	407747
365	1058	981	1101	1027	1000	1113	1070	0	408774
366	981	1101	1027	1000	1113	1070	977	0	409774
367	1101	1027	1000	1113	1070	977	1117	0	410887
368	1027	1000	1113	1070	977	1117	1136	0	411957
369	1000	1113	1070	977	1117	1136	1050	0	412934
370	1113	1070	977	1117	1136	1050	1055	0	414051
371	1070	977	1117	1136	1050	1055	1124	0	415187
372	977	1117	1136	1050	1055	1124	1082	0	416237
373	1117	1136	1050	1055	1124	1082	1008	0	417292
374	1136	1050	1055	1124	1082	1008	1089	0	418416
375	1050	1055	1124	1082	1008	1089	1144	0	419498
376	1055	1124	1082	1008	1089	1144	1008	0	420506
377	1124	1082	1008	1089	1144	1008	1070	0	421595
378	1082	1008	1089	1144	1008	1070	1121	0	422739
379	1008	1089	1144	1008	1070	1121	1066	0	423747
380	1089	1144	1008	1070	1121	1066	1105	0	424817
381	1144	1008	1070	1121	1066	1105	1175	0	425938
382	1008	1070	1121	1066	1105	1175	1125	0	427004
383	1070	1121	1066	1105	1175	1125	1054	0	428109
384	1121	1066	1105	1175	1125	1054	1183	0	429284
385	1066	1105	1175	1125	1054	1183	1109	0	430409
386	1105	1175	1125	1054	1183	1109	1050	0	431463
387	1175	1125	1054	1183	1109	1050	1117	0	432646
388	1125	1054	1183	1109	1050	1117	1140	0	433755
389	1054	1183	1109	1050	1117	1140	1000	0	434805
390	1183	1109	1050	1117	1140	1000	1090	0	435922
391	1109	1050	1117	1140	1000	1090	1136	0	437062
392	1050	1117	1140	1000	1090	1136	996	0	438062
393	1117	1140	1000	1090	1136	996	1144	0	439152
394	1140	1000	1090	1136	996	1144	1148	0	440288
395	1000	1090	1136	996	1144	1148	1054	0	441284
396	1090	1136	996	1144	1148	1054	1168	0	442428
397	1136	996	1144	1148	1054	1168	1167	0	443576
398	996	1144	1148	1054	1168	1167	1074	0	444630
399	1144	1148	1054	1168	1167	1074	1148	0	445798
400	1148	1054	1168	1167	1074	1148	1159	0	446965
401	1054	1168	1167	1074	1148	1159	1086	0	448039
402	1168	1167	1074	1148	1159	1086	1179	0	449187
403	1167	1074	1148	1159	1086	1179	1187	0	450346
404	1074	1148	1159	1086	1179	1187	1085	0	451432
405	1148	1159	1086	1179	1187	1085	1179	0	452611
406	1159	1086	1179	1187	1085	1179	1183	0	453798
407	1086	1179	1187	1085	1179	1183	1066	0	454883
408	1179	1187	1085	1179	1183	1066	1094	0	456062
409	1187	1085	1179	1183	1066	1094	1179	0	457245
410	1085	1179	1183	1066	1094	1179	1101	0	458311
411	1179	1183	1066	1094	1179	1101	1015	0	459405
412	1183	1066	1094	1179	1101	1015	1144	0	460584
413	1066	1094	1179	1101	1015	1144	1183	0	461685
414	1094	1179	1101	1015	1144	1183	1055	0	462700
415	1179	1101	1015	1144	1183	1055	961	0	463844
416	1101	1015	1144	1183	1055	961	984	0	465027
417	1015	1144	1183	1055	961	984	1047	0	466082
418	1144	1183	1055	961	984	1047	1008	0	467043
419	1183	1055	961	984	1047	1008	934	0	468027
420	1055	961	984	1047	1008	934	933	0	469074
421	961	984	1047	1008	934	933	919	0	470082
422	984	1047	1008	934	933	919	906	0	471016
423	1047	1008	934	933	919	906	903	0	471949
424	1008	934	933	919	906	903	899	0	472868
425	934	933	919	906	903	899	906	0	473774
426	933	919	906	903	899	906	934	0	474677
427	919	906	903	899	906	934	1020	0	475576
428	906	903	899	906	934	1020	1101	0	476482
429	903	899	906	934	1020	1101	1117	0	477416
430	899	906	934	1020	1101	1117	1105	0	478436
431	906	934	1020	1101	1117	1105	1046	0	479537
432	934	1020	1101	1117	1105	1046	1082	0	480654
433	1020	1101	1117	1105	1046	1082	1074	0	481759
434	1101	1117	1105	1046	1082	1074	1078	0	482805
435	1117	1105	1046	1082	1074	1078	1019	0	483887
436	1105	1046	1082	1074	1078	1019	1199	0	484961
437	1046	1082	1074	1078	1019	1199	1261	0	486039
438	1082	1074	1078	1019	1199	1261	1175	0	487058
439	1074	1078	1019	1199	1261	1175	1046	0	488257
440	1078	1019	1199	1261	1175	1046	1183	0	489518
441	1019	1199	1261	1175	1046	1183	1113	0	490693
442	1199	1261	1175	1046	1183	1113	1016	0	491739
443	1261	1175	1046	1183	1113	1016	1105	0	492922
444	1175	1046	1183	1113	1016	1105	1175	0	494035
445	1046	1183	1113	1016	1105	1175	1054	0	495051
446	1183	1113	1016	1105	1175	1054	1055	0	496156
447	1113	1016	1105	1175	1054	1055	1089	0	497331
448	1016	1105	1175	1054	1055	1089	953	0	498385
449	1105	1175	1054	1055	1089	953	1090	0	499440
450	1175	1054	1055	1089	953	1090	1144	0	500529
451	1054	1055	1089	953	1090	1144	1016	0	501482
452	1055	1089	953	1090	1144	1016	1128	0	502572
453	1089	953	1090	1144	1016	1128	1163	0	503716
454	953	1090	1144	1016	1128	1163	1055	0	504732
455	1090	1144	1016	1128	1163	1055	1194	0	505860
456	1144	1016	1128	1163	1055	1194	1249	0	507023
457	1016	1128	1163	1055	1194	1249	1105	0	508078
458	1128	1163	1055	1194	1249	1105	1133	0	509272
459	1163	1055	1194	1249	1105	1133	1210	0	510521
460	1055	1194	1249	1105	1133	1210	1163	0	511626
461	1194	1249	1105	1133	1210	1163	1148	0	512759
462	1249	1105	1133	1210	1163	1148	1238	0	513969
463	1105	1133	1210	1163	1148	1238	1198	0	515132
464	1133	1210	1163	1148	1238	1198	1093	0	516280
465	1210	1163	1148	1238	1198	1093	1195	0	517518
466	1163	1148	1238	1198	1093	1195	1218	0	518716
467	1148	1238	1198	1093	1195	1218	1105	0	519809
468	1238	1198	1093	1195	1218	1105	1101	0	521004
469	1198	1093	1195	1218	1105	1101	1202	0	522222
470	1093	1195	1218	1105	1101	1202	1102	0	523327
471	1195	1218	1105	1101	1202	1102	1077	0	524428
472	1218	1105	1101	1202	1102	1077	1199	0	525630
473	1105	1101	1202	1102	1077	1199	1117	0	526732
474	1101	1202	1102	1077	1199	1117	1042	0	527809
475	1202	1102	1077	1199	1117	1042	1117	0	529008
476	1102	1077	1199	1117	1042	1117	1167	0	530125
477	1077	1199	1117	1042	1117	1167	1047	0	531167
478	1199	1117	1042	1117	1167	1047	1152	0	532284
479	1117	1042	1117	1167	1047	1152	1167	0	533451
480	1042	1117	1167	1047	1152	1167	1058	0	534498
481	1117	1167	1047	1152	1167	1058	1176	0	535650
482	1167	1047	1152	1167	1058	1176	1233	0	536817
483	1047	1152	1167	1058	1176	1233	1078	0	537875
484	1152	1167	1058	1176	1233	1078	1136	0	539051
485	1167	1058	1176	1233	1078	1136	1128	0	540284
486	1058	1176	1233	1078	1136	1128	1039	0	541362
487	1176	1233	1078	1136	1128	1039	1024	0	542498
488	1233	1078	1136	1128	1039	1024	1218	0	543626
489	1078	1136	1128	1039	1024	1218	1112	0	544665
490	1136	1128	1039	1024	1218	1112	1039	0	545689
491	1128	1039	1024	1218	1112	1039	1183	0	546907
492	1039	1024	1218	1112	1039	1183	1156	0	548019
493	1024	1218	1112	1039	1183	1156	1117	0	549058
494	1218	1112	1039	1183	1156	1117	1155	0	550241
495	1112	1039	1183	1156	1117	1155	1086	0	551397
496	1039	1183	1156	1117	1155	1086	980	0	552514
497	1183	1156	1117	1155	1086	980	1086	0	553669
498	1156	1117	1155	1086	980	1086	1152	0	554755
499	1117	1155	1086	980	1086	1152	992	0	555735
500	1155	1086	980	1086	1152	992	1054	0	556821
501	1086	980	1086	1152	992	1054	1094	0	557973
502	980	1086	1152	992	1054	1094	992	0	558965
503	1086	1152	992	1054	1094	992	1253	0	560019
504	1152	992	1054	1094	992	1253	1296	0	561113
505	992	1054	1094	992	1253	1296	1124	0	562105
506	1054	1094	992	1253	1296	1124	1288	0	563358
507	1094	992	1253	1296	1124	1288	1222	0	564654
508	992	1253	1296	1124	1288	1222	1179	0	565778
509	1253	1296	1124	1288	1222	1179	1194	0	567066
510	1296	1124	1288	1222	1179	1194	1121	0	568288
511	1124	1288	1222	1179	1194	1121	1132	0	569467
512	1288	1222	1179	1194	1121	1132	1164	0	570661
513	1222	1179	1194	1121	1132	1164	1136	0	571782
514	1179	1194	1121	1132	1164	1136	1136	0	572914
515	1194	1121	1132	1164	1136	1136	1214	0	574078
516	1121	1132	1164	1136	1136	1214	1121	0	575214
517	1132	1164	1136	1136	1214	1121	1093	0	576350
518	1164	1136	1136	1214	1121	1093	1144	0	577564
519	1136	1136	1214	1121	1093	1144	1117	0	578685
520	1136	1214	1121	1093	1144	1117	1008	0	579778
521	1214	1121	1093	1144	1117	1008	1078	0	580922
522	1121	1093	1144	1117	1008	1078	1136	0	582039
523	1093	1144	1117	1008	1078	1136	1015	0	583047
524	1144	1117	1008	1078	1136	1015	1090	0	584125
525	1117	1008	1078	1136	1015	1090	1214	0	585261
526	1008	1078	1136	1015	1090	1214	1046	0	586276
527	1078	1136	1015	1090	1214	1046	1183	0	587366
528	1136	1015	1090	1214	1046	1183	1191	0	588580
529	1015	1090	1214	1046	1183	1191	1054	0	589626
530	1090	1214	1046	1183	1191	1054	1160	0	590809
531	1214	1046	1183	1191	1054	1160	1152	0	592000
532	1046	1183	1191	1054	1160	1152	1035	0	593054
533	1183	1191	1054	1160	1152	1035	1171	0	594214
534	1191	1054	1160	1152	1035	1171	1160	0	595366
535	1054	1160	1152	1035	1171	1160	1062	0	596401
536	1160	1152	1035	1171	1160	1062	1140	0	597572
537	1152	1035	1171	1160	1062	1140	1152	0	598732
538	1035	1171	1160	1062	1140	1152	1042	0	599794
539	1171	1160	1062	1140	1152	1042	1043	0	600934
540	1160	1062	1140	1152	1042	1043	1109	0	602086
541	1062	1140	1152	1042	1043	1109	1051	0	603128
542	1140	1152	1042	1043	1109	1051	1179	0	604171
543	1152	1042	1043	1109	1051	1179	1151	0	605280
544	1042	1043	1109	1051	1179	1151	1098	0	606331
545	1043	1109	1051	1179	1151	1098	1155	0	607510
546	1109	1051	1179	1151	1098	1155	1160	0	608661
547	1051	1179	1151	1098	1155	1160	1039	0	609759
548	1179	1151	1098	1155	1160	1039	1148	0	610914
549	1151	1098	1155	1160	1039	1148	1171	0	612074
550	1098	1155	1160	1039	1148	1171	1058	0	613113
551	1155	1160	1039	1148	1171	1058	1140	0	614261
552	1160	1039	1148	1171	1058	1140	1183	0	615432
553	1039	1148	1171	1058	1140	1183	1113	0	616490
554	1148	1171	1058	1140	1183	1113	992	0	617630
555	1171	1058	1140	1183	1113	992	1117	0	618813
556	1058	1140	1183	1113	992	1117	1136	0	619926
557	1140	1183	1113	992	1117	1136	992	0	620918
558	1183	1113	992	1117	1136	992	1063	0	622035
559	1113	992	1117	1136	992	1063	1163	0	623171
560	992	1117	1136	992	1063	1163	1093	0	624163
561	1117	1136	992	1063	1163	1093	1071	0	625226
562	1136	992	1063	1163	1093	1071	1217	0	626389
563	992	1063	1163	1093	1071	1217	1137	0	627482
564	1063	1163	1093	1071	1217	1137	1105	0	628553
565	1163	1093	1071	1217	1137	1105	1175	0	629770
566	1093	1071	1217	1137	1105	1175	1132	0	630907
567	1071	1217	1137	1105	1175	1132	1055	0	632012
568	1217	1137	1105	1175	1132	1055	1163	0	633187
569	1137	1105	1175	1132	1055	1163	1167	0	634319
570	1105	1175	1132	1055	1163	1167	1086	0	635374
571	1175	1132	1055	1163	1167	1086	1237	0	636537
572	1132	1055	1163	1167	1086	1237	1257	0	637704
573	1055	1163	1167	1086	1237	1257	1113	0	638790
574	1163	1167	1086	1237	1257	1113	1226	0	640027
575	1167	1086	1237	1257	1113	1226	1151	0	641284
576	1086	1237	1257	1113	1226	1151	1082	0	642397
577	1237	1257	1113	1226	1151	1082	1222	0	643623
578	1257	1113	1226	1151	1082	1222	1194	0	644774
579	1113	1226	1151	1082	1222	1194	1144	0	645856
580	1226	1151	1082	1222	1194	1144	1273	0	647078
581	1151	1082	1222	1194	1144	1273	1237	0	648272
582	1082	1222	1194	1144	1273	1237	1132	0	649416
583	1222	1194	1144	1273	1237	1132	1281	0	650689
584	1194	1144	1273	1237	1132	1281	1179	0	651926
585	1144	1273	1237	1132	1281	1179	1136	0	653058
586	1273	1237	1132	1281	1179	1136	1206	0	654339
587	1237	1132	1281	1179	1136	1206	1109	0	655518
588	1132	1281	1179	1136	1206	1109	1031	0	656654
589	1281	1179	1136	1206	1109	1031	1202	0	657860
590	1179	1136	1206	1109	1031	1202	1183	0	658969
591	1136	1206	1109	1031	1202	1183	1078	0	660000
592	1206	1109	1031	1202	1183	1078	1187	0	661202
593	1109	1031	1202	1183	1078	1187	1167	0	662385
594	1031	1202	1183	1078	1187	1167	1094	0	663463
595	1202	1183	1078	1187	1167	1094	1151	0	664650
596	1183	1078	1187	1167	1094	1151	1168	0	665817
597	1078	1187	1167	1094	1151	1168	1062	0	666911
598	1187	1167	1094	1151	1168	1062	1171	0	668062
599	1167	1094	1151	1168	1062	1171	1175	0	669230
600	1094	1151	1168	1062	1171	1175	1086	0	670292
601	1151	1168	1062	1171	1175	1086	1167	0	671463
602	1168	1062	1171	1175	1086	1167	1191	0	672638
603	1062	1171	1175	1086	1167	1191	1078	0	673724
604	1171	1175	1086	1167	1191	1078	1194	0	674891
605	1175	1086	1167	1191	1078	1194	1140	0	676082
606	1086	1167	1191	1078	1194	1140	1078	0	677160
607	1167	1191	1078	1194	1140	1078	1179	0	678354
608	1191	1078	1194	1140	1078	1179	1128	0	679494
609	1078	1194	1140	1078	1179	1128	1094	0	680572
610	1194	1140	1078	1179	1128	1094	1179	0	681751
611	1140	1078	1179	1128	1094	1179	1124	0	682879
612	1078	1179	1128	1094	1179	1124	1043	0	683973
613	1179	1128	1094	1179	1124	1043	1148	0	685152
614	1128	1094	1179	1124	1043	1148	1156	0	686276
615	1094	1179	1124	1043	1148	1156	1109	0	687319
616	1179	1124	1043	1148	1156	1109	1233	0	688467
617	1124	1043	1148	1156	1109	1233	1109	0	689623
618	1043	1148	1156	1109	1233	1109	1089	0	690732
619	1148	1156	1109	1233	1109	1089	1179	0	691965
620	1156	1109	1233	1109	1089	1179	1117	0	693074
621	1109	1233	1109	1089	1179	1117	1039	0	694163
622	1233	1109	1089	1179	1117	1039	1160	0	695342
623	1109	1089	1179	1117	1039	1160	1136	0	696459
624	1089	1179	1117	1039	1160	1136	1085	0	697498
625	1179	1117	1039	1160	1136	1085	1210	0	698658
626	1117	1039	1160	1136	1085	1210	1191	0	699794
627	1039	1160	1136	1085	1210	1191	1097	0	700879
628	1160	1136	1085	1210	1191	1097	1148	0	702089
629	1136	1085	1210	1191	1097	1148	1179	0	703280
630	1085	1210	1191	1097	1148	1179	1175	0	704377
631	1210	1191	1097	1148	1179	1175	1067	0	705525
632	1191	1097	1148	1179	1175	1067	1194	0	706704
633	1097	1148	1179	1175	1067	1194	1136	0	707879
634	1148	1179	1175	1067	1194	1136	1047	0	708946
635	1179	1175	1067	1194	1136	1047	1195	0	710140
636	1175	1067	1194	1136	1047	1195	1171	0	711276
637	1067	1194	1136	1047	1195	1171	1078	0	712323
638	1194	1136	1047	1195	1171	1078	1167	0	713518
639	1136	1047	1195	1171	1078	1167	1159	0	714689
640	1047	1195	1171	1078	1167	1159	1059	0	715767
641	1195	1171	1078	1167	1159	1059	1155	0	716934
642	1171	1078	1167	1159	1059	1155	1191	0	718093
643	1078	1167	1159	1059	1155	1191	1047	0	719152
644	1167	1159	1059	1155	1191	1047	1093	0	720307
645	1159	1059	1155	1191	1047	1093	1152	0	721498
646	1059	1155	1191	1047	1093	1152	1105	0	722545
647	1155	1191	1047	1093	1152	1105	1031	0	723638
648	1191	1047	1093	1152	1105	1031	1226	0	724790
649	1047	1093	1152	1105	1031	1226	1183	0	725895
650	1093	1152	1105	1031	1226	1183	1062	0	726926
651	1152	1105	1031	1226	1183	1062	1233	0	728152
652	1105	1031	1226	1183	1062	1233	1179	0	729335
653	1031	1226	1183	1062	1233	1179	1051	0	730397
654	1226	1183	1062	1233	1179	1051	1183	0	731630
655	1183	1062	1233	1179	1051	1183	1198	0	732809
656	1062	1233	1179	1051	1183	1198	1125	0	733860
657	1233	1179	1051	1183	1198	1125	1101	0	735043
658	1179	1051	1183	1198	1125	1101	1194	0	736241
659	1051	1183	1198	1125	1101	1194	1117	0	737366
660	1183	1198	1125	1101	1194	1117	1062	0	738467
661	1198	1125	1101	1194	1117	1062	1199	0	739661
662	1125	1101	1194	1117	1062	1199	1187	0	740778
663	1101	1194	1117	1062	1199	1187	1093	0	741840
664	1194	1117	1062	1199	1187	1093	1163	0	743039
665	1117	1062	1199	1187	1093	1163	1253	0	744226
666	1062	1199	1187	1093	1163	1253	1140	0	745319
667	1199	1187	1093	1163	1253	1140	1004	0	746482
668	1187	1093	1163	1253	1140	1004	946	0	747735
669	1093	1163	1253	1140	1004	946	1008	0	748875
670	1163	1253	1140	1004	946	1008	1089	0	749879
671	1253	1140	1004	946	1008	1089	989	0	750825
672	1140	1004	946	1008	1089	989	1027	0	751833
673	1004	946	1008	1089	989	1027	1101	0	752922
674	946	1008	1089	989	1027	1101	1054	0	753911
675	1008	1089	989	1027	1101	1054	993	0	754938
676	1089	989	1027	1101	1054	993	992	0	756039
677	989	1027	1101	1054	993	992	1019	0	757093
678	1027	1101	1054	993	992	1019	969	0	758086
679	1101	1054	993	992	1019	969	942	0	759078
680	1054	993	992	1019	969	942	1031	0	760097
681	993	992	1019	969	942	1031	1023	0	761066
682	992	1019	969	942	1031	1023	961	0	762008
683	1019	969	942	1031	1023	961	1028	0	763039
684	969	942	1031	1023	961	1028	1019	0	764062
685	942	1031	1023	961	1028	1019	1027	0	765023
686	1031	1023	961	1028	1019	1027	969	0	766051
687	1023	961	1028	1019	1027	969	1117	0	767070
688	961	1028	1019	1027	969	1117	1039	0	768097
689	1028	1019	1027	969	1117	1039	1027	0	769066
690	1019	1027	969	1117	1039	1027	949	0	770183
691	1027	969	1117	1039	1027	949	938	0	771222
692	969	1117	1039	1027	949	938	1016	0	772249
693	1117	1039	1027	949	938	1016	1043	0	773198
694	1039	1027	949	938	1016	1043	926	0	774136
695	1027	949	938	1016	1043	926	937	0	775152
696	949	938	1016	1043	926	937	996	0	776195
697	938	1016	1043	926	937	996	965	0	777121
698	1016	1043	926	937	996	965	907	0	778058
699	1043	926	937	996	965	907	926	0	779054
700	926	937	996	965	907	926	946	0	780019
701	937	996	965	907	926	946	910	0	780926
702	996	965	907	926	946	910	899	0	781852
703	965	907	926	946	910	899	957	0	782798
704	907	926	946	910	899	957	989	0	783708
705	926	946	910	899	957	989	918	0	784607
706	946	910	899	957	989	918	910	0	785564
707	910	899	957	989	918	910	950	0	786553
708	899	957	989	918	910	950	930	0	787471
709	957	989	918	910	950	930	899	0	788381
710	989	918	910	950	930	899	894	0	789331
711	918	910	950	930	899	894	919	0	790261
712	910	950	930	899	894	919	941	0	791160
713	950	930	899	894	919	941	903	0	792054
714	930	899	894	919	941	903	899	0	792973
715	899	894	919	941	903	899	953	0	793914
716	894	919	941	903	899	953	957	0	794817
717	919	941	903	899	953	957	903	0	795716
718	941	903	899	953	957	903	880	0	796669
719	903	899	953	957	903	880	949	0	797626
720	899	953	957	903	880	949	1004	0	798529
721	953	957	903	880	949	1004	949	0	799409
722	957	903	880	949	1004	949	903	0	800358
723	903	880	949	1004	949	903	922	0	801362
724	880	949	1004	949	903	922	950	0	802311
725	949	1004	949	903	922	950	906	0	803214
726	1004	949	903	922	950	906	868	0	804136
727	949	903	922	950	906	868	860	0	805086
728	903	922	950	906	868	860	945	0	805992
729	922	950	906	868	860	945	946	0	806860
730	950	906	868	860	945	946	907	0	807720
731	906	868	860	945	946	907	961	0	808665
732	868	860	945	946	907	961	1035	0	809611
733	860	945	946	907	961	1035	1000	0	810518
734	945	946	907	961	1035	1000	945	0	811479
735	946	907	961	1035	1000	945	1027	0	812514
736	907	961	1035	1000	945	1027	1043	0	813514
737	961	1035	1000	945	1027	1043	961	0	814459
738	1035	1000	945	1027	1043	961	981	0	815486
739	1000	945	1027	1043	961	981	1031	0	816529
740	945	1027	1043	961	981	1031	1058	0	817490
741	1027	1043	961	981	1031	1058	965	0	818471
742	1043	961	981	1031	1058	965	1043	0	819502
743	961	981	1031	1058	965	1043	1051	0	820560
744	981	1031	1058	965	1043	1051	988	0	821525
745	1031	1058	965	1043	1051	988	930	0	822568
746	1058	965	1043	1051	988	930	973	0	823619
747	965	1043	1051	988	930	973	1004	0	824607
748	1043	1051	988	930	973	1004	926	0	825537
749	1051	988	930	973	1004	926	906	0	826510
750	988	930	973	1004	926	906	965	0	827514
751	930	973	1004	926	906	965	989	0	828440
752	973	1004	926	906	965	989	961	0	829346
753	1004	926	906	965	989	961	922	0	830311
754	926	906	965	989	961	922	1000	0	831300
755	906	965	989	961	922	1000	1023	0	832261
756	965	989	961	922	1000	1023	950	0	833183
757	989	961	922	1000	1023	950	933	0	834183
758	961	922	1000	1023	950	933	993	0	835206
759	922	1000	1023	950	933	993	949	0	836156
760	1000	1023	950	933	993	949	876	0	837089
761	1023	950	933	993	949	876	863	0	838082
762	950	933	993	949	876	863	872	0	839031
763	933	993	949	876	863	872	876	0	839907
764	993	949	876	863	872	876	863	0	840770
765	949	876	863	872	876	863	856	0	841642
766	876	863	872	876	863	856	872	0	842518
767	863	872	876	863	856	872	829	0	843381
768	872	876	863	856	872	829	813	0	844237
769	876	863	856	872	829	813	802	0	845109
770	863	856	872	829	813	802	797	0	845938
771	856	872	829	813	802	797	794	0	846751
772	872	829	813	802	797	794	790	0	847553
773	829	813	802	797	794	790	778	0	848350
774	813	802	797	794	790	778	778	0	849144
775	802	797	794	790	778	778	775	0	849934
776	797	794	790	778	778	775	770	0	850712
777	794	790	778	778	775	770	759	0	851490
778	790	778	778	775	770	759	731	0	852265
779	778	778	775	770	759	731	740	0	853035
780	778	775	770	759	731	740	708	0	853794
781	775	770	759	731	740	708	685	0	854525
782	770	759	731	740	708	685	673	0	855265
783	759	731	740	708	685	673	665	0	855973
784	731	740	708	685	673	665	658	0	856658
785	740	708	685	673	665	658	646	0	857331
786	708	685	673	665	658	646	646	0	857996
787	685	673	665	658	646	646	642	0	858654
788	673	665	658	646	646	642	642	0	859300
789	665	658	646	646	642	642	634	0	859946
790	658	646	646	642	642	634	634	0	860588
791	646	646	642	642	634	634	638	0	861230
792	646	642	642	634	634	638	654	0	861864
793	642	642	634	634	638	654	685	0	862498
794	642	634	634	638	654	685	716	0	863136
795	634	634	638	654	685	716	696	0	863790
796	634	638	654	685	716	696	701	0	864475
797	638	654	685	716	696	701	712	0	865191
798	654	685	716	696	701	712	754	0	865887
799	685	716	696	701	712	754	744	0	866588
800	716	696	701	712	754	744	723	0	867300
801	696	701	712	754	744	723	736	0	868054
802	701	712	754	744	723	736	751	0	868798
803	712	754	744	723	736	751	759	0	869521
804	754	744	723	736	751	759	774	0	870257
805	744	723	736	751	759	774	747	0	871008
806	723	736	751	759	774	747	743	0	871767
807	736	751	759	774	747	743	728	0	872541
808	751	759	774	747	743	728	735	0	873288
809	759	774	747	743	728	735	732	0	874031
810	774	747	743	728	735	732	731	0	874759
811	747	743	728	735	732	731	712	0	875494
812	743	728	735	732	731	712	724	0	876226
813	728	735	732	731	712	724	720	0	876957
814	735	732	731	712	724	720	716	0	877669
815	732	731	712	724	720	716	720	0	878393
816	731	712	724	720	716	720	755	0	879113
817	712	724	720	716	720	755	778	0	879829
818	724	720	716	720	755	778	801	0	880549
819	720	716	720	755	778	801	833	0	881304
820	716	720	755	778	801	833	844	0	882082
821	720	755	778	801	833	844	876	0	882883
822	755	778	801	833	844	876	891	0	883716
823	778	801	833	844	876	891	825	0	884560
824	801	833	844	876	891	825	782	0	885436
825	833	844	876	891	825	782	751	0	886327
826	844	876	891	825	782	751	739	0	887152
827	876	891	825	782	751	739	732	0	887934
828	891	825	782	751	739	732	731	0	888685
829	825	782	751	739	732	731	751	0	889424
830	782	751	739	732	731	751	798	0	890156
831	751	739	732	731	751	798	809	0	890887
832	739	732	731	751	798	809	821	0	891638
833	732	731	751	798	809	821	821	0	892436
834	731	751	798	809	821	821	809	0	893245
835	751	798	809	821	821	809	790	0	894066
836	798	809	821	821	809	790	856	0	894887
837	809	821	821	809	790	856	884	0	895696
838	821	821	809	790	856	884	887	0	896486
839	821	809	790	856	884	887	875	0	897342
840	809	790	856	884	887	875	856	0	898226
841	790	856	884	887	875	856	821	0	899113
842	856	884	887	875	856	821	817	0	899988
843	884	887	875	856	821	817	802	0	900844
844	887	875	856	821	817	802	778	1	901665
845	875	856	821	817	802	778	856	1	902482
846	856	821	817	802	778	856	728	1	903284
847	821	817	802	778	856	728	790	1	904062
848	817	802	778	856	728	790	805	1	904918
849	802	778	856	728	790	805	798	1	905646
850	778	856	728	790	805	798	809	1	906436
851	856	728	790	805	798	809	798	1	907241
852	728	790	805	798	809	798	801	1	908039
853	790	805	798	809	798	801	829	1	908848
854	805	798	809	798	801	829	794	1	909646
855	798	809	798	801	829	794	802	1	910447
856	809	798	801	829	794	802	766	1	911276
857	798	801	829	794	802	766	778	1	912070
858	801	829	794	802	766	778	779	1	912872
859	829	794	802	766	778	779	782	1	913638
860	794	802	766	778	779	782	793	1	914416
861	802	766	778	779	782	793	802	1	915195
862	766	778	779	782	793	802	817	1	915977
863	778	779	782	793	802	817	829	1	916770
864	779	782	793	802	817	829	844	1	917572
865	782	793	802	817	829	844	833	1	918389
866	793	802	817	829	844	833	833	1	919218
867	802	817	829	844	833	833	758	1	920062
868	817	829	844	833	833	758	681	1	920895
869	829	844	833	833	758	681	654	1	921728
870	844	833	833	758	681	654	650	0	922486
871	833	833	758	681	654	650	642	0	923167
872	833	758	681	654	650	642	626	0	923821
873	758	681	654	650	642	626	623	0	924471
874	681	654	650	642	626	623	619	0	925113
875	654	650	642	626	623	619	610	0	925739
876	650	642	626	623	619	610	611	0	926362
877	642	626	623	619	610	611	603	0	926981
878	626	623	619	610	611	603	611	0	927591
879	623	619	610	611	603	611	600	0	928202
880	619	610	611	603	611	600	607	0	928805
881	610	611	603	611	600	607	591	0	929416
882	611	603	611	600	607	591	595	0	930016
883	603	611	600	607	591	595	600	0	930623
884	611	600	607	591	595	600	599	0	931214
885	600	607	591	595	600	599	599	0	931809
886	607	591	595	600	599	599	599	0	932409
887	591	595	600	599	599	599	603	0	933008
888	595	600	599	599	599	603	607	0	933607
889	600	599	599	599	603	607	603	0	934206
890	599	599	599	603	607	603	627	0	934809
891	599	599	603	607	603	627	607	0	935416
892	599	603	607	603	627	607	615	0	936019
893	603	607	603	627	607	615	599	0	936646
894	607	603	627	607	615	599	607	0	937253
895	603	627	607	615	599	607	603	0	937868
896	627	607	615	599	607	603	611	0	938467
897	607	615	599	607	603	611	587	0	939074
898	615	599	607	603	611	587	600	0	939677
899	599	607	603	611	587	600	603	0	940288
900	607	603	611	587	600	603	615	0	940875
901	603	611	587	600	603	615	622	0	941475
902	611	587	600	603	615	622	611	0	942078
903	587	600	603	615	622	611	611	0	942693
904	600	603	615	622	611	611	619	0	943315
905	603	615	622	611	611	619	626	0	943926
906	615	622	611	611	619	626	638	0	944537
907	622	611	611	619	626	638	642	0	945156
908	611	611	619	626	638	642	646	0	945782
909	611	619	626	638	642	646	642	0	946420
910	619	626	638	642	646	642	646	0	947062
911	626	638	642	646	642	646	669	0	947708
912	638	642	646	642	646	669	654	0	948350
913	642	646	642	646	669	654	662	0	948996
914	646	642	646	669	654	662	665	0	949665
915	642	646	669	654	662	665	669	0	950319
916	646	669	654	662	665	669	666	0	950981
917	669	654	662	665	669	666	661	0	951646
918	654	662	665	669	666	661	642	0	952315
919	662	665	669	666	661	642	650	0	952981
920	665	669	666	661	642	650	654	0	953642
921	669	666	661	642	650	654	661	0	954284
922	666	661	642	650	654	661	638	0	954934
923	661	642	650	654	661	638	662	0	955588
924	642	650	654	661	638	662	638	0	956249
925	650	654	661	638	662	638	622	0	956887
926	654	661	638	662	638	622	650	0	957549
927	661	638	662	638	622	650	642	0	958187
928	638	662	638	622	650	642	623	0	958809
929	662	638	622	650	642	623	622	0	959459
930	638	622	650	642	623	622	623	0	960101
931	622	650	642	623	622	623	622	0	960724
932	650	642	623	622	623	622	615	0	961346
933	642	623	622	623	622	615	611	0	961969
934	623	622	623	622	615	611	638	0	962591
935	622	623	622	615	611	638	611	0	963206
936	623	622	615	611	638	611	611	0	963817
937	622	615	611	638	611	611	615	0	964455
938	615	611	638	611	611	615	622	0	965066
939	611	638	611	611	615	622	619	0	965677
940	638	611	611	615	622	619	627	0	966292
941	611	611	615	622	619	627	665	0	966914
942	611	615	622	619	627	665	685	0	967533
943	615	622	619	627	665	685	739	0	968160
944	622	619	627	665	685	739	747	0	968825
945	619	627	665	685	739	747	720	0	969510
946	627	665	685	739	747	720	724	0	970249
947	665	685	739	747	720	724	716	0	970996
948	685	739	747	720	724	716	700	0	971716
949	739	747	720	724	716	700	681	0	972440
950	747	720	724	716	700	681	669	0	973156
951	720	724	716	700	681	669	662	0	973856
952	724	716	700	681	669	662	642	0	974537
953	716	700	681	669	662	642	653	0	975206
954	700	681	669	662	642	653	627	0	975868
955	681	669	662	642	653	627	622	0	976510
956	669	662	642	653	627	622	631	0	977163
957	662	642	653	627	622	631	626	0	977790
958	642	653	627	622	631	626	615	0	978412
959	653	627	622	631	626	615	619	0	979043
960	627	622	631	626	615	619	615	0	979669
961	622	631	626	615	619	615	634	0	980284
962	631	626	615	619	615	634	665	0	980903
963	626	615	619	615	634	665	662	0	981518
964	615	619	615	634	665	662	665	0	982152
965	619	615	634	665	662	665	650	0	982817
966	615	634	665	662	665	650	653	0	983479
967	634	665	662	665	650	653	654	0	984144
968	665	662	665	650	653	654	646	0	984794
969	662	665	650	653	654	646	642	0	985447
970	665	650	653	654	646	642	630	0	986101
971	650	653	654	646	642	630	642	0	986747
972	653	654	646	642	630	642	662	0	987389
973	654	646	642	630	642	662	665	0	988019
974	646	642	630	642	662	665	670	0	988661
975	642	630	642	662	665	670	665	0	989323
976	630	642	662	665	670	665	677	0	989988
977	642	662	665	670	665	677	677	0	990658
978	662	665	670	665	677	677	654	0	991323
979	665	670	665	677	677	654	653	0	992000
980	670	665	677	677	654	653	646	0	992677
981	665	677	677	654	653	646	627	0	993331
982	677	677	654	653	646	627	638	0	993984
983	677	654	653	646	627	638	638	0	994630
984	654	653	646	627	638	638	630	0	995257
985	653	646	627	638	638	630	631	0	995895
986	646	627	638	638	630	631	618	0	996533
987	627	638	638	630	631	618	627	0	997163
988	638	638	630	631	618	627	615	0	997794
989	638	630	631	618	627	615	614	0	998412
990	630	631	618	627	615	614	611	0	999039
991	631	618	627	615	614	611	603	0	999654
992	618	627	615	614	611	603	607	0	1000268
993	627	615	614	611	603	607	607	0	1000879
994	615	614	611	603	607	607	604	0	1001482
995	614	611	603	607	607	604	611	0	1002089
996	611	603	607	607	604	611	599	0	1002696
997	603	607	607	604	611	599	603	0	1003300
998	607	607	604	611	599	603	611	0	1003911
999	607	604	611	599	603	611	607	0	1004510
1000	604	611	599	603	611	607	611	0	1005113
1001	611	599	603	611	607	611	618	0	1005724
1002	599	603	611	607	611	618	615	0	1006331
1003	603	611	607	611	618	615	623	0	1006942
1004	611	607	611	618	615	623	611	0	1007560
1005	607	611	618	615	623	611	614	0	1008175
1006	611	618	615	623	611	614	607	0	1008798
1007	618	615	623	611	614	607	596	0	1009409
1008	615	623	611	614	607	596	599	0	1010023
1009	623	611	614	607	596	599	591	0	1010630
1010	611	614	607	596	599	591	592	0	1011226
1011	614	607	596	599	591	592	587	0	1011825
1012	607	596	599	591	592	587	600	0	1012416
1013	596	599	591	592	587	600	603	0	1013008
1014	599	591	592	587	600	603	614	0	1013595
1015	591	592	587	600	603	614	611	0	1014195
1016	592	587	600	603	614	611	611	0	1014798
1017	587	600	603	614	611	611	623	0	1015412
1018	600	603	614	611	611	623	618	0	1016023
1019	603	614	611	611	623	618	627	0	1016634
1020	614	611	611	623	618	627	626	0	1017257
1021	611	611	623	618	627	626	627	0	1017875
1022	611	623	618	627	626	627	626	0	1018502
1023	623	618	627	626	627	626	627	0	1019128
1024	618	627	626	627	626	627	622	0	1019755
1025	627	626	627	626	627	622	611	0	1020381
1026	626	627	626	627	622	611	607	0	1021008
1027	627	626	627	622	611	607	603	0	1021630
1028	626	627	622	611	607	603	600	0	1022241
1029	627	622	611	607	603	600	595	0	1022848
1030	622	611	607	603	600	595	587	0	1023451
1031	611	607	603	600	595	587	584	0	1024051
1032	607	603	600	595	587	584	592	0	1024646
1033	603	600	595	587	584	592	591	0	1025233
1034	600	595	587	584	592	591	591	0	1025817
1035	595	587	584	592	591	591	596	0	1026409
1036	587	584	592	591	591	596	599	0	1027000
1037	584	592	591	591	596	599	599	0	1027591
1038	592	591	591	596	599	599	607	0	1028187
1039	591	591	596	599	599	607	607	0	1028786
1040	591	596	599	599	607	607	615	0	1029385
1041	596	599	599	607	607	615	619	0	1029992
1042	599	599	607	607	615	619	630	0	1030599
1043	599	607	607	615	619	630	638	0	1031214
1044	607	607	615	619	630	638	638	0	1031833
1045	607	615	619	630	638	638	638	0	1032463
1046	615	619	630	638	638	638	639	0	1033101
1047	619	630	638	638	638	639	645	0	1033739
1048	630	638	638	638	639	645	646	0	1034377
1049	638	638	638	639	645	646	631	0	1035016
1050	638	638	639	645	646	631	626	0	1035661
1051	638	639	645	646	631	626	619	0	1036307
1052	639	645	646	631	626	619	611	0	1036938
1053	645	646	631	626	619	611	611	0	1037564
1054	646	631	626	619	611	611	603	0	1038183
1055	631	626	619	611	611	603	595	0	1038794
1056	626	619	611	611	603	595	595	0	1039405
1057	619	611	611	603	595	595	615	0	1040008
1058	611	611	603	595	595	615	611	0	1040603
1059	611	603	595	595	615	611	654	0	1041198
1060	603	595	595	615	611	654	661	0	1041813
1061	595	595	615	611	654	661	650	0	1042424
1062	595	615	611	654	661	650	642	0	1043078
1063	615	611	654	661	650	642	658	0	1043739
1064	611	654	661	650	642	658	661	0	1044389
1065	654	661	650	642	658	661	693	0	1045031
1066	661	650	642	658	661	693	739	0	1045689
1067	650	642	658	661	693	739	720	0	1046350
1068	642	658	661	693	739	720	716	0	1047043
1069	658	661	693	739	720	716	700	0	1047782
1070	661	693	739	720	716	700	685	0	1048502
1071	693	739	720	716	700	685	673	0	1049218
1072	739	720	716	700	685	673	662	0	1049918
1073	720	716	700	685	673	662	657	0	1050603
1074	716	700	685	673	662	657	635	0	1051276
1075	700	685	673	662	657	635	638	0	1051938
1076	685	673	662	657	635	638	626	0	1052595
1077	673	662	657	635	638	626	631	0	1053230
1078	662	657	635	638	626	631	614	0	1053868
1079	657	635	638	626	631	614	615	0	1054494
1080	635	638	626	631	614	615	603	0	1055125
1081	638	626	631	614	615	603	599	0	1055739
1082	626	631	614	615	603	599	596	0	1056354
1083	631	614	615	603	599	596	591	0	1056957
1084	614	615	603	599	596	591	607	0	1057556
1085	615	603	599	596	591	607	607	0	1058152
1086	603	599	596	591	607	607	615	0	1058743
1087	599	596	591	607	607	615	623	0	1059350
1088	596	591	607	607	615	623	642	0	1059957
1089	591	607	607	615	623	642	638	0	1060572
1090	607	607	615	623	642	638	638	0	1061195
1091	607	615	623	642	638	638	646	0	1061837
1092	615	623	642	638	638	646	638	0	1062475
1093	623	642	638	638	646	638	642	0	1063113
1094	642	638	638	646	638	642	634	0	1063759
1095	638	638	646	638	642	634	642	0	1064397
1096	638	646	638	642	634	642	638	0	1065039
1097	646	638	642	634	642	638	619	0	1065673
1098	638	642	634	642	638	619	638	0	1066315
1099	642	634	642	638	619	638	630	0	1066953
1100	634	642	638	619	638	630	639	0	1067572
1101	642	638	619	638	630	639	638	0	1068210
1102	638	619	638	630	639	638	626	0	1068840
1103	619	638	630	639	638	626	634	0	1069479
1104	638	630	639	638	626	634	639	0	1070117
1105	630	639	638	626	634	639	634	0	1070743
1106	639	638	626	634	639	634	622	0	1071377
1107	638	626	634	639	634	622	619	0	1072016
1108	626	634	639	634	622	619	627	0	1072650
1109	634	639	634	622	619	627	614	0	1073272
1110	639	634	622	619	627	614	603	0	1073891
1111	634	622	619	627	614	603	600	0	1074518
1112	622	619	627	614	603	600	591	0	1075132
1113	619	627	614	603	600	591	623	0	1075735
1114	627	614	603	600	591	623	576	0	1076335
1115	614	603	600	591	623	576	587	0	1076926
1116	603	600	591	623	576	587	584	0	1077549
1117	600	591	623	576	587	584	587	0	1078125
1118	591	623	576	587	584	587	588	0	1078712
1119	623	576	587	584	587	588	580	0	1079296
1120	576	587	584	587	588	580	587	0	1079883
1121	587	584	587	588	580	587	576	0	1080471
1122	584	587	588	580	587	576	572	0	1081051
1123	587	588	580	587	576	572	568	0	1081638
1124	588	580	587	576	572	568	564	0	1082214
1125	580	587	576	572	568	564	580	0	1082786
1126	587	576	572	568	564	580	572	0	1083354
1127	576	572	568	564	580	572	588	0	1083918
1128	572	568	564	580	572	588	622	0	1084498
1129	568	564	580	572	588	622	603	0	1085070
1130	564	580	572	588	622	603	642	0	1085658
1131	580	572	588	622	603	642	623	0	1086280
1132	572	588	622	603	642	623	622	0	1086883
1133	588	622	603	642	623	622	631	0	1087525
1134	622	603	642	623	622	631	618	0	1088148
1135	603	642	623	622	631	618	607	0	1088770
1136	642	623	622	631	618	607	611	0	1089401
1137	623	622	631	618	607	611	627	0	1090019
1138	622	631	618	607	611	627	611	0	1090626
1139	631	618	607	611	627	611	603	0	1091237
1140	618	607	611	627	611	603	615	0	1091864
1141	607	611	627	611	603	615	626	0	1092475
1142	611	627	611	603	615	626	615	0	1093078
1143	627	611	603	615	626	615	603	0	1093693
1144	611	603	615	626	615	603	630	0	1094319
1145	603	615	626	615	603	630	603	0	1094934
1146	615	626	615	603	630	603	611	0	1095537
1147	626	615	603	630	603	611	603	0	1096167
1148	615	603	630	603	611	603	611	0	1096770
1149	603	630	603	611	603	611	584	0	1097381
1150	630	603	611	603	611	584	603	0	1097984
1151	603	611	603	611	584	603	576	0	1098595
1152	611	603	611	584	603	576	584	0	1099179
1153	603	611	584	603	576	584	591	0	1099782
1154	611	584	603	576	584	591	599	0	1100358
1155	584	603	576	584	591	599	627	0	1100942
1156	603	576	584	591	599	627	630	0	1101533
1157	576	584	591	599	627	630	638	0	1102132
1158	584	591	599	627	630	638	638	0	1102759
1159	591	599	627	630	638	638	635	0	1103389
1160	599	627	630	638	638	635	669	0	1104027
1161	627	630	638	638	635	669	657	0	1104665
1162	630	638	638	635	669	657	666	0	1105300
1163	638	638	635	669	657	666	665	0	1105969
1164	638	635	669	657	666	665	638	0	1106626
1165	635	669	657	666	665	638	635	0	1107292
1166	669	657	666	665	638	635	630	0	1107957
1167	657	666	665	638	635	630	615	0	1108595
1168	666	665	638	635	630	615	603	0	1109230
1169	665	638	635	630	615	603	607	0	1109860
1170	638	635	630	615	603	607	595	0	1110475
1171	635	630	615	603	607	595	584	0	1111078
1172	630	615	603	607	595	584	607	0	1111685
1173	615	603	607	595	584	607	572	0	1112280
1174	603	607	595	584	607	572	510	0	1112864
1175	607	595	584	607	572	510	638	0	1113471
1176	595	584	607	572	510	638	502	0	1114043
1177	584	607	572	510	638	502	646	1	1114553
1178	607	572	510	638	502	646	568	0	1115191
1179	572	510	638	502	646	568	560	1	1115693
1180	510	638	502	646	568	560	475	0	1116339
1181	638	502	646	568	560	475	646	0	1116907
1182	502	646	568	560	475	646	490	0	1117467
1183	646	568	560	475	646	490	607	1	1117942
1184	568	560	475	646	490	607	482	0	1118588
1185	560	475	646	490	607	482	603	1	1119078
1186	475	646	490	607	482	603	514	0	1119685
1187	646	490	607	482	603	514	463	1	1120167
1188	490	607	482	603	514	463	451	0	1120770
1189	607	482	603	514	463	451	716	1	1121284
1190	482	603	514	463	451	716	448	1	1121747
1191	603	514	463	451	716	448	638	1	1122198
1192	514	463	451	716	448	638	479	0	1122914
1193	463	451	716	448	638	479	459	1	1123362
1194	451	716	448	638	479	459	432	0	1124000
1195	716	448	638	479	459	432	743	1	1124479
1196	448	638	479	459	432	743	467	1	1124938
1197	638	479	459	432	743	467	700	1	1125370
1198	479	459	432	743	467	700	459	0	1126113
1199	459	432	743	467	700	459	673	1	1126580
1200	432	743	467	700	459	673	436	0	1127280
1201	743	467	700	459	673	436	689	1	1127739
1202	467	700	459	673	436	689	588	0	1128412
1203	700	459	673	436	689	588	568	1	1128848
1204	459	673	436	689	588	568	470	0	1129537
1205	673	436	689	588	568	470	440	0	1130125
1206	436	689	588	568	470	440	771	0	1130693
1207	689	588	568	470	440	771	459	1	1131163
1208	588	568	470	440	771	459	712	1	1131603
1209	568	470	440	771	459	712	471	0	1132374
1210	470	440	771	459	712	471	665	1	1132833
1211	440	771	459	712	471	665	482	0	1133545
1212	771	459	712	471	665	482	650	1	1134016
1213	459	712	471	665	482	650	494	0	1134681
1214	712	471	665	482	650	494	642	1	1135163
1215	471	665	482	650	494	642	483	0	1135813
1216	665	482	650	494	642	483	696	1	1136307
1217	482	650	494	642	483	696	467	0	1136949
1218	650	494	642	483	696	467	347	1	1137432
1219	494	642	483	696	467	347	393	0	1138128
1220	642	483	696	467	347	393	688	1	1138595
1221	483	696	467	347	393	688	459	1	1138942
1222	696	467	347	393	688	459	868	0	1139335
1223	467	347	393	688	459	868	658	0	1140023
1224	347	393	688	459	868	658	653	1	1140482
1225	393	688	459	868	658	653	495	0	1141350
1226	688	459	868	658	653	495	832	0	1142008
1227	459	868	658	653	495	832	483	0	1142661
1228	868	658	653	495	832	483	833	1	1143156
1229	658	653	495	832	483	833	626	0	1143988
1230	653	495	832	483	833	626	638	1	1144471
1231	495	832	483	833	626	638	619	0	1145304
1232	832	483	833	626	638	619	622	0	1145930
1233	483	833	626	638	619	622	514	0	1146568
1234	833	626	638	619	622	514	755	0	1147187
1235	626	638	619	622	514	755	467	0	1147809
1236	638	619	622	514	755	467	867	1	1148323
1237	619	622	514	755	467	867	444	0	1149078
1238	622	514	755	467	867	444	876	1	1149545
1239	514	755	467	867	444	876	786	0	1150412
1240	755	467	867	444	876	786	766	1	1150856
1241	467	867	444	876	786	766	778	0	1151732
1242	867	444	876	786	766	778	771	0	1152518
1243	444	876	786	766	778	771	774	0	1153284
1244	876	786	766	778	771	774	755	0	1154062
1245	786	766	778	771	774	755	766	0	1154833
1246	766	778	771	774	755	766	783	0	1155607
1247	778	771	774	755	766	783	774	0	1156362
1248	771	774	755	766	783	774	774	0	1157128
1249	774	755	766	783	774	774	747	0	1157911
1250	755	766	783	774	774	747	759	0	1158685
1251	766	783	774	774	747	759	759	0	1159459
1252	783	774	774	747	759	759	720	0	1160206
1253	774	774	747	759	759	720	735	0	1160965
1254	774	747	759	759	720	735	712	0	1161724
1255	747	759	759	720	735	712	708	0	1162444
1256	759	759	720	735	712	708	689	0	1163179
1257	759	720	735	712	708	689	689	0	1163891
1258	720	735	712	708	689	689	684	0	1164599
1259	735	712	708	689	689	684	681	0	1165288
1260	712	708	689	689	684	681	658	0	1165977
1261	708	689	689	684	681	658	677	0	1166661
1262	689	689	684	681	658	677	669	0	1167342
1263	689	684	681	658	677	669	666	0	1168000
1264	684	681	658	677	669	666	700	0	1168677
1265	681	658	677	669	666	700	646	0	1169346
1266	658	677	669	666	700	646	584	0	1170012
1267	677	669	666	700	646	584	572	0	1170712
1268	669	666	700	646	584	572	540	0	1171358
1269	666	700	646	584	572	540	479	0	1171942
1270	700	646	584	572	540	479	673	0	1172514
1271	646	584	572	540	479	673	494	1	1173054
1272	584	572	540	479	673	494	631	1	1173533
1273	572	540	479	673	494	631	517	0	1174206
1274	540	479	673	494	631	517	475	1	1174700
1275	479	673	494	631	517	475	451	0	1175331
1276	673	494	631	517	475	451	806	1	1175848
1277	494	631	517	475	451	806	471	1	1176323
1278	631	517	475	451	806	471	708	1	1176774
1279	517	475	451	806	471	708	463	0	1177580
1280	475	451	806	471	708	463	669	1	1178051
1281	451	806	471	708	463	669	490	0	1178759
1282	806	471	708	463	669	490	638	1	1179222
1283	471	708	463	669	490	638	557	0	1179891
1284	708	463	669	490	638	557	572	1	1180381
1285	463	669	490	638	557	572	478	0	1181019
1286	669	490	638	557	572	478	440	0	1181576
1287	490	638	557	572	478	440	813	0	1182148
1288	638	557	572	478	440	813	685	1	1182626
1289	557	572	478	440	813	685	494	1	1183066
1290	572	478	440	813	685	494	716	0	1183879
1291	478	440	813	685	494	716	471	0	1184564
1292	440	813	685	494	716	471	724	1	1185058
1293	813	685	494	716	471	724	502	0	1185774
1294	685	494	716	471	724	502	673	1	1186245
1295	494	716	471	724	502	673	486	0	1186969
1296	716	471	724	502	673	486	674	1	1187471
1297	471	724	502	673	486	674	529	0	1188144
1298	724	502	673	486	674	529	646	1	1188630
1299	502	673	486	674	529	646	505	0	1189304
1300	673	486	674	529	646	505	677	1	1189833
1301	486	674	529	646	505	677	499	0	1190479
1302	674	529	646	505	677	499	692	1	1190984
1303	529	646	505	677	499	692	479	0	1191661
1304	646	505	677	499	692	479	766	1	1192160
1305	505	677	499	692	479	766	471	0	1192852
1306	677	499	692	479	766	471	833	1	1193331
1307	499	692	479	766	471	833	471	0	1194097
1308	692	479	766	471	833	471	840	1	1194568
1309	479	766	471	833	471	840	483	0	1195401
1310	766	471	833	471	840	483	782	1	1195872
1311	471	833	471	840	483	782	470	0	1196712
1312	833	471	840	483	782	470	767	1	1197195
1313	471	840	483	782	470	767	498	0	1197977
1314	840	483	782	470	767	498	712	1	1198447
1315	483	782	470	767	498	712	502	0	1199214
1316	782	470	767	498	712	502	662	1	1199712
1317	470	767	498	712	502	662	579	0	1200424
1318	767	498	712	502	662	579	580	1	1200926
1319	498	712	502	662	579	580	506	0	1201588
1320	712	502	662	579	580	506	693	0	1202167
1321	502	662	579	580	506	693	482	0	1202747
1322	662	579	580	506	693	482	681	1	1203253
1323	579	580	506	693	482	681	498	0	1203946
1324	580	506	693	482	681	498	704	1	1204428
1325	506	693	482	681	498	704	506	0	1205109
1326	693	482	681	498	704	506	724	1	1205607
1327	482	681	498	704	506	724	494	0	1206311
1328	681	498	704	506	724	494	732	1	1206817
1329	498	704	506	724	494	732	505	0	1207541
1330	704	506	724	494	732	505	759	1	1208035
1331	506	724	494	732	505	759	487	0	1208767
1332	724	494	732	505	759	487	758	1	1209272
1333	494	732	505	759	487	758	506	0	1210031
1334	732	505	759	487	758	506	771	1	1210518
1335	505	759	487	758	506	771	501	0	1211276
1336	759	487	758	506	771	501	720	1	1211782
1337	487	758	506	771	501	720	510	0	1212553
1338	758	506	771	501	720	510	743	1	1213054
1339	506	771	501	720	510	743	487	0	1213774
1340	771	501	720	510	743	487	778	1	1214284
1341	501	720	510	743	487	778	486	0	1215027
1342	720	510	743	487	778	486	782	1	1215514
1343	510	743	487	778	486	782	475	0	1216292
1344	743	487	778	486	782	475	887	1	1216778
1345	487	778	486	782	475	887	479	0	1217560
1346	778	486	782	475	887	479	934	1	1218035
1347	486	782	475	887	479	934	490	0	1218922
1348	782	475	887	479	934	490	969	1	1219401
1349	475	887	479	934	490	969	498	0	1220335
1350	887	479	934	490	969	498	922	1	1220825
1351	479	934	490	969	498	922	514	0	1221794
1352	934	490	969	498	922	514	918	1	1222292
1353	490	969	498	922	514	918	510	0	1223214
1354	969	498	922	514	918	510	898	1	1223728
1355	498	922	514	918	510	898	518	0	1224646
1356	922	514	918	510	898	518	860	1	1225156
1357	514	918	510	898	518	860	521	0	1226054
1358	918	510	898	518	860	521	872	1	1226572
1359	510	898	518	860	521	872	502	0	1227432
1360	898	518	860	521	872	502	883	1	1227953
1361	518	860	521	872	502	883	490	0	1228825
1362	860	521	872	502	883	490	868	1	1229327
1363	521	872	502	883	490	868	506	0	1230210
1364	872	502	883	490	868	506	794	1	1230700
1365	502	883	490	868	506	794	642	0	1231568
1366	883	490	868	506	794	642	673	1	1232074
1367	490	868	506	794	642	673	755	0	1232868
1368	868	506	794	642	673	755	755	0	1233510
1369	506	794	642	673	755	755	723	0	1234183
1370	794	642	673	755	755	723	759	0	1234938
1371	642	673	755	755	723	759	747	0	1235693
1372	673	755	755	723	759	747	751	0	1236416
1373	755	755	723	759	747	751	728	0	1237175
1374	755	723	759	747	751	728	716	0	1237922
1375	723	759	747	751	728	716	677	0	1238673
1376	759	747	751	728	716	677	673	0	1239401
1377	747	751	728	716	677	673	661	0	1240117
1378	751	728	716	677	673	661	658	0	1240794
1379	728	716	677	673	661	658	673	0	1241467
1380	716	677	673	661	658	673	658	0	1242128
1381	677	673	661	658	673	658	665	0	1242786
1382	673	661	658	673	658	665	662	0	1243459
1383	661	658	673	658	665	662	681	0	1244117
1384	658	673	658	665	662	681	677	0	1244782
1385	673	658	665	662	681	677	673	0	1245444
1386	658	665	662	681	677	673	677	0	1246125
1387	665	662	681	677	673	677	677	0	1246802
1388	662	681	677	673	677	677	657	0	1247475
1389	681	677	673	677	677	657	658	0	1248152
1390	677	673	677	677	657	658	642	0	1248829
1391	673	677	677	657	658	642	634	0	1249486
1392	677	677	657	658	642	634	634	0	1250144
1393	677	657	658	642	634	634	619	0	1250786
1394	657	658	642	634	634	619	631	0	1251420
1395	658	642	634	634	619	631	529	0	1252054
1396	642	634	634	619	631	529	723	0	1252673
1397	634	634	619	631	529	723	514	0	1253304
1398	634	619	631	529	723	514	708	1	1253833
1399	619	631	529	723	514	708	526	0	1254556
1400	631	529	723	514	708	526	747	1	1255070
1401	529	723	514	708	526	747	638	0	1255778
1402	723	514	708	526	747	638	646	1	1256304
1403	514	708	526	747	638	646	719	0	1257051
1404	708	526	747	638	646	719	744	0	1257689
1405	526	747	638	646	719	744	696	0	1258335
1406	747	638	646	719	744	696	736	0	1259054
1407	638	646	719	744	696	736	727	0	1259798
1408	646	719	744	696	736	727	712	0	1260494
1409	719	744	696	736	727	712	716	0	1261230
1410	744	696	736	727	712	716	708	0	1261957
1411	696	736	727	712	716	708	720	0	1262669
1412	736	727	712	716	708	720	708	0	1263385
1413	727	712	716	708	720	708	712	0	1264093
1414	712	716	708	720	708	712	709	0	1264813
1415	716	708	720	708	712	709	700	0	1265521
1416	708	720	708	712	709	700	712	0	1266233
1417	720	708	712	709	700	712	728	0	1266942
1418	708	712	709	700	712	728	723	0	1267642
1419	712	709	700	712	728	723	724	0	1268354
1420	709	700	712	728	723	724	720	0	1269082
1421	700	712	728	723	724	720	693	0	1269805
1422	712	728	723	724	720	693	684	0	1270529
1423	728	723	724	720	693	684	697	0	1271249
1424	723	724	720	693	684	697	685	0	1271942
1425	724	720	693	684	697	685	677	0	1272626
1426	720	693	684	697	685	677	696	0	1273323
1427	693	684	697	685	677	696	689	0	1274008
1428	684	697	685	677	696	689	716	0	1274685
1429	697	685	677	696	689	716	689	0	1275381
1430	685	677	696	689	716	689	720	0	1276070
1431	677	696	689	716	689	720	735	0	1276786
1432	696	689	716	689	720	735	724	0	1277475
1433	689	716	689	720	735	724	716	0	1278195
1434	716	689	720	735	724	716	719	0	1278930
1435	689	720	735	724	716	719	716	0	1279654
1436	720	735	724	716	719	716	709	0	1280370
1437	735	724	716	719	716	709	708	0	1281089
1438	724	716	719	716	709	708	669	0	1281805
1439	716	719	716	709	708	669	665	0	1282514
1440	719	716	709	708	669	665	658	0	1283222
1441	716	709	708	669	665	658	658	0	1283891
1442	709	708	669	665	658	658	681	0	1284556
1443	708	669	665	658	658	681	680	0	1285214
1444	669	665	658	658	681	680	724	0	1285872
1445	665	658	658	681	680	724	693	0	1286553
1446	658	658	681	680	724	693	708	0	1287233
1447	658	681	680	724	693	708	716	0	1287957
1448	681	680	724	693	708	716	735	0	1288650
1449	680	724	693	708	716	735	740	0	1289358
1450	724	693	708	716	735	740	719	0	1290074
1451	693	708	716	735	740	719	701	0	1290809
1452	708	716	735	740	719	701	689	0	1291549
1453	716	735	740	719	701	689	681	0	1292268
1454	735	740	719	701	689	681	661	0	1292969
1455	740	719	701	689	681	661	658	0	1293658
1456	719	701	689	681	661	658	661	0	1294339
1457	701	689	681	661	658	661	662	0	1295000
1458	689	681	661	658	661	662	649	0	1295658
1459	681	661	658	661	662	649	658	0	1296319
1460	661	658	661	662	649	658	654	0	1296981
1461	658	661	662	649	658	654	646	0	1297630
1462	661	662	649	658	654	646	653	0	1298288
1463	662	649	658	654	646	653	662	0	1298942
1464	649	658	654	646	653	662	692	0	1299588
1465	658	654	646	653	662	692	712	0	1300241
1466	654	646	653	662	692	712	712	0	1300903
1467	646	653	662	692	712	712	709	0	1301595
1468	653	662	692	712	712	709	684	0	1302307
1469	662	692	712	712	709	684	697	0	1303019
1470	692	712	712	709	684	697	700	0	1303728
1471	712	712	709	684	697	700	716	0	1304412
1472	712	709	684	697	700	716	708	0	1305109
1473	709	684	697	700	716	708	713	0	1305809
1474	684	697	700	716	708	713	712	0	1306525
1475	697	700	716	708	713	712	731	0	1307233
1476	700	716	708	713	712	731	720	0	1307946
1477	716	708	713	712	731	720	700	0	1308658
1478	708	713	712	731	720	700	697	0	1309389
1479	713	712	731	720	700	697	708	0	1310109
1480	712	731	720	700	697	708	704	0	1310809
1481	731	720	700	697	708	704	697	0	1311506
1482	720	700	697	708	704	697	712	0	1312214
1483	700	697	708	704	697	712	751	0	1312918
1484	697	708	704	697	712	751	739	0	1313615
1485	708	704	697	712	751	739	747	0	1314327
1486	704	697	712	751	739	747	728	0	1315078
1487	697	712	751	739	747	728	716	0	1315817
1488	712	751	739	747	728	716	692	0	1316564
1489	751	739	747	728	716	692	674	0	1317292
1490	739	747	728	716	692	674	665	0	1318008
1491	747	728	716	692	674	665	665	0	1318700
1492	728	716	692	674	665	665	693	0	1319374
1493	716	692	674	665	665	693	692	0	1320039
1494	692	674	665	665	693	692	689	0	1320704
1495	674	665	665	693	692	689	697	0	1321397
1496	665	665	693	692	689	697	712	0	1322089
1497	665	693	692	689	697	712	696	0	1322778
1498	693	692	689	697	712	696	708	0	1323475
1499	692	689	697	712	696	708	681	0	1324187
1500	689	697	712	696	708	681	701	0	1324883
1501	697	712	696	708	681	701	692	0	1325591
1502	712	696	708	681	701	692	689	0	1326272
1503	696	708	681	701	692	689	697	0	1326973
1504	708	681	701	692	689	697	696	0	1327665
1505	681	701	692	689	697	696	700	0	1328354
1506	701	692	689	697	696	700	724	0	1329051
1507	692	689	697	696	700	724	747	0	1329747
1508	689	697	696	700	724	747	751	0	1330447
1509	697	696	700	724	747	751	782	0	1331171
1510	696	700	724	747	751	782	837	0	1331918
1511	700	724	747	751	782	837	844	0	1332669
1512	724	747	751	782	837	844	782	0	1333451
1513	747	751	782	837	844	782	786	0	1334288
1514	751	782	837	844	782	786	771	0	1335132
1515	782	837	844	782	786	771	766	0	1335914
1516	837	844	782	786	771	766	779	0	1336700
1517	844	782	786	771	766	779	770	0	1337471
1518	782	786	771	766	779	770	732	0	1338237
1519	786	771	766	779	770	732	719	0	1339016
1520	771	766	779	770	732	719	712	0	1339786
1521	766	779	770	732	719	712	709	0	1340518
1522	779	770	732	719	712	709	762	0	1341237
1523	770	732	719	712	709	762	728	0	1341949
1524	732	719	712	709	762	728	739	0	1342658
1525	719	712	709	762	728	739	728	0	1343420
1526	712	709	762	728	739	728	727	0	1344148
1527	709	762	728	739	728	727	689	0	1344887
1528	762	728	739	728	727	689	708	0	1345615
1529	728	739	728	727	689	708	697	0	1346342
1530	739	728	727	689	708	697	689	0	1347031
1531	728	727	689	708	697	689	680	0	1347739
1532	727	689	708	697	689	680	685	0	1348436
1533	689	708	697	689	680	685	693	0	1349125
1534	708	697	689	680	685	693	689	0	1349805
1535	697	689	680	685	693	689	677	0	1350490
1536	689	680	685	693	689	677	677	0	1351183
1537	680	685	693	689	677	677	673	0	1351872
1538	685	693	689	677	677	673	685	0	1352549
1539	693	689	677	677	673	685	661	0	1353226
1540	689	677	677	673	685	661	662	0	1353899
1541	677	677	673	685	661	662	684	0	1354584
1542	677	673	685	661	662	684	677	0	1355245
1543	673	685	661	662	684	677	685	0	1355907
1544	685	661	662	684	677	685	720	0	1356591
1545	661	662	684	677	685	720	720	0	1357268
1546	662	684	677	685	720	720	739	0	1357953
1547	684	677	685	720	720	739	779	0	1358673
1548	677	685	720	720	739	779	766	0	1359393
1549	685	720	720	739	779	766	774	0	1360132
1550	720	720	739	779	766	774	747	0	1360911
1551	720	739	779	766	774	747	779	0	1361677
1552	739	779	766	774	747	779	766	0	1362451
1553	779	766	774	747	779	766	736	0	1363198
1554	766	774	747	779	766	736	723	0	1363977
1555	774	747	779	766	736	723	732	0	1364743
1556	747	779	766	736	723	732	716	0	1365479
1557	779	766	736	723	732	716	716	0	1366202
1558	766	736	723	732	716	716	716	0	1366934
1559	736	723	732	716	716	716	735	0	1367650
1560	723	732	716	716	716	735	732	0	1368366
1561	732	716	716	716	735	732	723	0	1369082
1562	716	716	716	735	732	723	716	0	1369817
1563	716	716	735	732	723	716	724	0	1370549
1564	716	735	732	723	716	724	763	0	1371272
1565	735	732	723	716	724	763	801	0	1371988
1566	732	723	716	724	763	801	829	0	1372712
1567	723	716	724	763	801	829	856	0	1373475
1568	716	724	763	801	829	856	798	0	1374276
1569	724	763	801	829	856	798	782	0	1375105
1570	763	801	829	856	798	782	774	0	1375961
1571	801	829	856	798	782	774	751	0	1376759
1572	829	856	798	782	774	751	732	0	1377541
1573	856	798	782	774	751	732	735	0	1378315
1574	798	782	774	751	732	735	708	0	1379066
1575	782	774	751	732	735	708	736	0	1379798
1576	774	751	732	735	708	736	735	0	1380533
1577	751	732	735	708	736	735	747	0	1381241
1578	732	735	708	736	735	747	755	0	1381977
1579	735	708	736	735	747	755	759	0	1382712
1580	708	736	735	747	755	759	766	0	1383459
1581	736	735	747	755	759	766	751	0	1384214
1582	735	747	755	759	766	751	732	0	1384973
1583	747	755	759	766	751	732	739	0	1385739
1584	755	759	766	751	732	739	751	0	1386490
1585	759	766	751	732	739	751	743	0	1387222
1586	766	751	732	739	751	743	724	0	1387961
1587	751	732	739	751	743	724	728	0	1388712
1588	732	739	751	743	724	728	762	0	1389455
1589	739	751	743	724	728	762	732	0	1390179
1590	751	743	724	728	762	732	727	0	1390907
1591	743	724	728	762	732	727	740	0	1391669
1592	724	728	762	732	727	740	723	0	1392401
1593	728	762	732	727	740	723	724	0	1393128
1594	762	732	727	740	723	724	697	0	1393868
1595	732	727	740	723	724	697	700	0	1394591
1596	727	740	723	724	697	700	704	0	1395315
1597	740	723	724	697	700	704	673	0	1396012
1598	723	724	697	700	704	673	685	0	1396712
1599	724	697	700	704	673	685	689	0	1397416
1600	697	700	704	673	685	689	712	0	1398089
1601	700	704	673	685	689	712	700	0	1398774
1602	704	673	685	689	712	700	724	0	1399463
1603	673	685	689	712	700	724	743	0	1400175
1604	685	689	712	700	724	743	755	0	1400875
1605	689	712	700	724	743	755	728	0	1401599
1606	712	700	724	743	755	728	743	0	1402342
1607	700	724	743	755	728	743	736	0	1403097
1608	724	743	755	728	743	736	723	0	1403825
1609	743	755	728	743	736	723	720	0	1404568
1610	755	728	743	736	723	720	728	0	1405304
1611	728	743	736	723	720	728	731	0	1406027
1612	743	736	723	720	728	731	743	0	1406747
1613	736	723	720	728	731	743	732	0	1407475
1614	723	720	728	731	743	732	731	0	1408206
1615	720	728	731	743	732	731	740	0	1408949
1616	728	731	743	732	731	740	716	0	1409681
1617	731	743	732	731	740	716	708	0	1410412
1618	743	732	731	740	716	708	700	0	1411152
1619	732	731	740	716	708	700	701	0	1411868
1620	731	740	716	708	700	701	700	0	1412576
1621	740	716	708	700	701	700	681	0	1413276
1622	716	708	700	701	700	681	689	0	1413977
1623	708	700	701	700	681	689	716	0	1414677
1624	700	701	700	681	689	716	704	0	1415358
1625	701	700	681	689	716	704	704	0	1416047
1626	700	681	689	716	704	704	704	0	1416763
1627	681	689	716	704	704	704	740	0	1417467
1628	689	716	704	704	704	740	759	0	1418171
1629	716	704	704	704	740	759	735	0	1418875
1630	704	704	704	740	759	735	724	0	1419615
1631	704	704	740	759	735	724	716	0	1420374
1632	704	740	759	735	724	716	708	0	1421109
1633	740	759	735	724	716	708	704	0	1421833
1634	759	735	724	716	708	704	689	0	1422549
1635	735	724	716	708	704	689	685	0	1423257
1636	724	716	708	704	689	685	692	0	1423961
1637	716	708	704	689	685	692	673	0	1424650
1638	708	704	689	685	692	673	693	0	1425335
1639	704	689	685	692	673	693	681	0	1426027
1640	689	685	692	673	693	681	700	0	1426700
1641	685	692	673	693	681	700	747	0	1427393
1642	692	673	693	681	700	747	759	0	1428074
1643	673	693	681	700	747	759	837	0	1428774
1644	693	681	700	747	759	837	840	0	1429521
1645	681	700	747	759	837	840	810	0	1430280
1646	700	747	759	837	840	810	786	0	1431117
1647	747	759	837	840	810	786	770	0	1431957
1648	759	837	840	810	786	770	782	0	1432767
1649	837	840	810	786	770	782	782	0	1433553
1650	840	810	786	770	782	782	767	0	1434323
1651	810	786	770	782	782	767	747	0	1435105
1652	786	770	782	782	767	747	762	0	1435887
1653	770	782	782	767	747	762	779	0	1436654
1654	782	782	767	747	762	779	782	0	1437401
1655	782	767	747	762	779	782	766	0	1438163
1656	767	747	762	779	782	766	790	0	1438942
1657	747	762	779	782	766	790	798	0	1439724
1658	762	779	782	766	790	798	774	0	1440490
1659	779	782	766	790	798	774	771	0	1441280
1660	782	766	790	798	774	771	778	0	1442078
1661	766	790	798	774	771	778	770	0	1442852
1662	790	798	774	771	778	770	747	0	1443623
1663	798	774	771	778	770	747	747	0	1444401
1664	774	771	778	770	747	747	744	0	1445171
1665	771	778	770	747	747	744	758	0	1445918
1666	778	770	747	747	744	758	744	0	1446665
1667	770	747	747	744	758	744	758	0	1447409
1668	747	747	744	758	744	758	786	0	1448167
1669	747	744	758	744	758	786	798	0	1448911
1670	744	758	744	758	786	798	790	0	1449669
1671	758	744	758	786	798	790	778	0	1450455
1672	744	758	786	798	790	778	770	0	1451253
1673	758	786	798	790	778	770	775	0	1452043
1674	786	798	790	778	770	775	739	0	1452821
1675	798	790	778	770	775	739	724	0	1453591
1676	790	778	770	775	739	724	712	0	1454366
1677	778	770	775	739	724	712	704	0	1455105
1678	770	775	739	724	712	704	701	0	1455829
1679	775	739	724	712	704	701	708	0	1456541
1680	739	724	712	704	701	708	731	0	1457245
1681	724	712	704	701	708	731	747	0	1457946
1682	712	704	701	708	731	747	740	0	1458654
1683	704	701	708	731	747	740	751	0	1459385
1684	701	708	731	747	740	751	770	0	1460132
1685	708	731	747	740	751	770	782	0	1460872
1686	731	747	740	751	770	782	767	0	1461623
1687	747	740	751	770	782	767	747	0	1462393
1688	740	751	770	782	767	747	747	0	1463175
1689	751	770	782	767	747	747	747	0	1463942
1690	770	782	767	747	747	747	770	0	1464689
1691	782	767	747	747	747	770	841	0	1465436
1692	767	747	747	747	770	841	755	0	1466183
1693	747	747	747	770	841	755	762	0	1466953
1694	747	747	770	841	755	762	856	0	1467794
1695	747	770	841	755	762	856	852	0	1468549
1696	770	841	755	762	856	852	915	0	1469311
1697	841	755	762	856	852	915	992	0	1470167
1698	755	762	856	852	915	992	1000	0	1471019
1699	762	856	852	915	992	1000	988	0	1471934
1700	856	852	915	992	1000	988	1016	0	1472926
1701	852	915	992	1000	988	1016	981	1	1473926
1702	915	992	1000	988	1016	981	957	1	1474914
1703	992	1000	988	1016	981	957	926	1	1475930
1704	1000	988	1016	981	957	926	918	1	1476911
1705	988	1016	981	957	926	918	942	1	1477868
1706	1016	981	957	926	918	942	957	1	1478794
1707	981	957	926	918	942	957	965	1	1479712
1708	957	926	918	942	957	965	926	1	1480654
1709	926	918	942	957	965	926	973	1	1481611
1710	918	942	957	965	926	973	937	1	1482576
1711	942	957	965	926	973	937	927	1	1483502
1712	957	965	926	973	937	927	922	1	1484475
1713	965	926	973	937	927	922	793	1	1485412
1714	926	973	937	927	922	793	709	1	1486339
1715	973	937	927	922	793	709	677	1	1487261
1716	937	927	922	793	709	677	661	0	1488054
1717	927	922	793	709	677	661	666	0	1488763
1718	922	793	709	677	661	666	661	0	1489440
1719	793	709	677	661	666	661	681	0	1490101
1720	709	677	661	666	661	681	778	0	1490767
1721	677	661	666	661	681	778	790	0	1491428
1722	661	666	661	681	778	790	732	0	1492109
1723	666	661	681	778	790	732	813	0	1492887
1724	661	681	778	790	732	813	825	0	1493677
1725	681	778	790	732	813	825	743	0	1494409
1726	778	790	732	813	825	743	766	0	1495222
1727	790	732	813	825	743	766	794	0	1496047
1728	732	813	825	743	766	794	802	0	1496790
1729	813	825	743	766	794	802	782	0	1497556
1730	825	743	766	794	802	782	766	0	1498350
1731	743	766	794	802	782	766	747	0	1499152
1732	766	794	802	782	766	747	728	0	1499934
1733	794	802	782	766	747	728	712	0	1500700
1734	802	782	766	747	728	712	693	0	1501447
1735	782	766	747	728	712	693	688	0	1502175
1736	766	747	728	712	693	688	693	0	1502887
1737	747	728	712	693	688	693	704	0	1503580
1738	728	712	693	688	693	704	693	0	1504268
1739	712	693	688	693	704	693	673	0	1504961
1740	693	688	693	704	693	673	689	0	1505665
1741	688	693	704	693	673	689	689	0	1506358
1742	693	704	693	673	689	689	665	0	1507031
1743	704	693	673	689	689	665	673	0	1507720
1744	693	673	689	689	665	673	681	0	1508409
1745	673	689	689	665	673	681	661	0	1509074
1746	689	689	665	673	681	661	662	0	1509747
1747	689	665	673	681	661	662	669	0	1510428
1748	665	673	681	661	662	669	677	0	1511089
1749	673	681	661	662	669	677	693	0	1511751
1750	681	661	662	669	677	693	685	0	1512420
1751	661	662	669	677	693	685	665	0	1513097
1752	662	669	677	693	685	665	673	0	1513790
1753	669	677	693	685	665	673	666	0	1514475
1754	677	693	685	665	673	666	661	0	1515140
1755	693	685	665	673	666	661	654	0	1515813
1756	685	665	673	666	661	654	661	0	1516479
1757	665	673	666	661	654	661	666	0	1517140
1758	673	666	661	654	661	666	649	0	1517794
1759	666	661	654	661	666	649	654	0	1518455
1760	661	654	661	666	649	654	658	0	1519121
1761	654	661	666	649	654	658	653	0	1519770
1762	661	666	649	654	658	653	639	0	1520424
1763	666	649	654	658	653	639	645	0	1521082
1764	649	654	658	653	639	645	635	0	1521735
1765	654	658	653	639	645	635	642	0	1522374
1766	658	653	639	645	635	642	634	0	1523019
1767	653	639	645	635	642	634	646	0	1523654
1768	639	645	635	642	634	646	634	0	1524296
1769	645	635	642	634	646	634	634	0	1524930
1770	635	642	634	646	634	634	642	0	1525576
1771	642	634	646	634	634	642	631	0	1526210
1772	634	646	634	634	642	631	646	0	1526844
1773	646	634	634	642	631	646	638	0	1527486
1774	634	634	642	631	646	638	630	0	1528117
1775	634	642	631	646	638	630	623	0	1528763
1776	642	631	646	638	630	623	622	0	1529401
1777	631	646	638	630	623	622	631	0	1530031
1778	646	638	630	623	622	631	626	0	1530654
1779	638	630	623	622	631	626	646	0	1531276
1780	630	623	622	631	626	646	658	0	1531907
1781	623	622	631	626	646	658	681	0	1532533
1782	622	631	626	646	658	681	719	0	1533179
1783	631	626	646	658	681	719	716	0	1533837
1784	626	646	658	681	719	716	689	0	1534518
1785	646	658	681	719	716	689	693	0	1535237
1786	658	681	719	716	689	693	677	0	1535953
1787	681	719	716	689	693	677	669	0	1536642
1788	719	716	689	693	677	669	654	0	1537335
1789	716	689	693	677	669	654	653	0	1538012
1790	689	693	677	669	654	653	670	0	1538681
1791	693	677	669	654	653	670	646	0	1539335
1792	677	669	654	653	670	646	657	0	1539988
1793	669	654	653	670	646	657	662	0	1540658
1794	654	653	670	646	657	662	681	0	1541304
1795	653	670	646	657	662	681	669	0	1541961
1796	670	646	657	662	681	669	661	0	1542623
1797	646	657	662	681	669	661	670	0	1543304
1798	657	662	681	669	661	670	653	0	1543973
1799	662	681	669	661	670	653	646	0	1544634
1800	681	669	661	670	653	646	646	0	1545304
1801	669	661	670	653	646	646	638	0	1545957
1802	661	670	653	646	646	638	654	0	1546603
1803	670	653	646	646	638	654	634	0	1547249
1804	653	646	646	638	654	634	638	0	1547887
1805	646	646	638	654	634	638	642	0	1548541
1806	646	638	654	634	638	642	658	0	1549175
1807	638	654	634	638	642	658	665	0	1549813
1808	654	634	638	642	658	665	646	0	1550455
1809	634	638	642	658	665	646	662	0	1551113
1810	638	642	658	665	646	662	661	0	1551778
1811	642	658	665	646	662	661	662	0	1552424
1812	658	665	646	662	661	662	642	0	1553086
1813	665	646	662	661	662	642	642	0	1553747
1814	646	662	661	662	642	642	634	0	1554409
1815	662	661	662	642	642	634	626	0	1555051
1816	661	662	642	642	634	626	615	0	1555693
1817	662	642	642	634	626	615	611	0	1556327
1818	642	642	634	626	615	611	611	0	1556953
1819	642	634	626	615	611	611	634	0	1557568
1820	634	626	615	611	611	634	642	0	1558179
1821	626	615	611	611	634	642	646	0	1558790
1822	615	611	611	634	642	646	638	0	1559424
1823	611	611	634	642	646	638	642	0	1560066
1824	611	634	642	646	638	642	654	0	1560712
1825	634	642	646	638	642	654	650	0	1561350
1826	642	646	638	642	654	650	638	0	1561992
1827	646	638	642	654	650	638	642	0	1562646
1828	638	642	654	650	638	642	646	0	1563296
1829	642	654	650	638	642	646	638	0	1563934
1830	654	650	638	642	646	638	638	0	1564576
1831	650	638	642	646	638	638	654	0	1565222
1832	638	642	646	638	638	654	653	0	1565860
1833	642	646	638	638	654	653	654	0	1566498
1834	646	638	638	654	653	654	642	0	1567152
1835	638	638	654	653	654	642	658	0	1567805
1836	638	654	653	654	642	658	653	0	1568459
1837	654	653	654	642	658	653	642	0	1569101
1838	653	654	642	658	653	642	635	0	1569759
1839	654	642	658	653	642	635	626	0	1570412
1840	642	658	653	642	635	626	615	0	1571054
1841	658	653	642	635	626	615	638	0	1571689
1842	653	642	635	626	615	638	662	0	1572315
1843	642	635	626	615	638	662	677	0	1572930
1844	635	626	615	638	662	677	669	0	1573568
1845	626	615	638	662	677	669	677	0	1574230
1846	615	638	662	677	669	677	693	0	1574907
1847	638	662	677	669	677	693	669	0	1575576
1848	662	677	669	677	693	669	657	0	1576253
1849	677	669	677	693	669	657	658	0	1576946
1850	669	677	693	669	657	658	658	0	1577615
1851	677	693	669	657	658	658	645	0	1578272
1852	693	669	657	658	658	645	635	0	1578930
1853	669	657	658	658	645	635	646	0	1579588
1854	657	658	658	645	635	646	634	0	1580233
1855	658	658	645	635	646	634	630	0	1580868
1856	658	645	635	646	634	630	631	0	1581514
1857	645	635	646	634	630	631	634	0	1582148
1858	635	646	634	630	631	634	626	0	1582778
1859	646	634	630	631	634	626	635	0	1583409
1860	634	630	631	634	626	635	634	0	1584043
1861	630	631	634	626	635	634	634	0	1584669
1862	631	634	626	635	634	634	626	0	1585304
1863	634	626	635	634	634	626	627	0	1585938
1864	626	635	634	634	626	627	611	0	1586572
1865	635	634	634	626	627	611	611	0	1587198
1866	634	634	626	627	611	611	618	0	1587825
1867	634	626	627	611	611	618	615	0	1588436
1868	626	627	611	611	618	615	615	0	1589047
1869	627	611	611	618	615	615	611	0	1589665
1870	611	611	618	615	615	611	607	0	1590280
1871	611	618	615	615	611	607	587	0	1590895
1872	618	615	615	611	607	587	611	0	1591506
1873	615	615	611	607	587	611	600	0	1592113
1874	615	611	607	587	611	600	599	0	1592700
1875	611	607	587	611	600	599	618	0	1593311
1876	607	587	611	600	599	618	642	0	1593911
1877	587	611	600	599	618	642	619	0	1594510
1878	611	600	599	618	642	619	634	0	1595128
1879	600	599	618	642	619	634	638	0	1595770
1880	599	618	642	619	634	638	639	0	1596389
1881	618	642	619	634	638	639	622	0	1597023
1882	642	619	634	638	639	622	619	0	1597661
1883	619	634	638	639	622	619	619	0	1598300
1884	634	638	639	622	619	619	618	0	1598922
1885	638	639	622	619	619	618	611	0	1599541
1886	639	622	619	619	618	611	599	0	1600160
1887	622	619	619	618	611	599	607	0	1600778
1888	619	619	618	611	599	607	603	0	1601389
1889	619	618	611	599	607	603	600	0	1601988
1890	618	611	599	607	603	600	622	0	1602595
1891	611	599	607	603	600	622	627	0	1603198
1892	599	607	603	600	622	627	630	0	1603798
1893	607	603	600	622	627	630	623	0	1604420
1894	603	600	622	627	630	623	642	0	1605047
1895	600	622	627	630	623	642	665	0	1605677
1896	622	627	630	623	642	665	658	0	1606300
1897	627	630	623	642	665	658	642	0	1606942
1898	630	623	642	665	658	642	653	0	1607607
1899	623	642	665	658	642	653	650	0	1608265
1900	642	665	658	642	653	650	646	0	1608907
1901	665	658	642	653	650	646	646	0	1609560
1902	658	642	653	650	646	646	638	0	1610210
1903	642	653	650	646	646	638	634	0	1610856
1904	653	650	646	646	638	634	642	0	1611502
1905	650	646	646	638	634	642	650	0	1612140
1906	646	646	638	634	642	650	654	0	1612774
1907	646	638	634	642	650	654	657	0	1613416
1908	638	634	642	650	654	657	677	0	1614066
1909	634	642	650	654	657	677	662	0	1614720
1910	642	650	654	657	677	662	696	0	1615377
1911	650	654	657	677	662	696	814	0	1616054
1912	654	657	677	662	696	814	793	0	1616716
1913	657	677	662	696	814	793	802	0	1617412
1914	677	662	696	814	793	802	759	0	1618226
1915	662	696	814	793	802	759	739	0	1619019
1916	696	814	793	802	759	739	720	0	1619821
1917	814	793	802	759	739	720	716	0	1620580
1918	793	802	759	739	720	716	689	0	1621319
1919	802	759	739	720	716	689	673	0	1622039
1920	759	739	720	716	689	673	669	0	1622755
1921	739	720	716	689	673	669	685	0	1623444
1922	720	716	689	673	669	685	716	0	1624117
1923	716	689	673	669	685	716	739	0	1624786
1924	689	673	669	685	716	739	739	0	1625471
1925	673	669	685	716	739	739	763	0	1626187
1926	669	685	716	739	739	763	739	0	1626926
1927	685	716	739	739	763	739	747	0	1627665
1928	716	739	739	763	739	747	747	0	1628428
1929	739	739	763	739	747	747	755	0	1629167
1930	739	763	739	747	747	755	736	0	1629914
1931	763	739	747	747	755	736	739	0	1630661
1932	739	747	747	755	736	739	735	0	1631416
1933	747	747	755	736	739	735	728	0	1632152
1934	747	755	736	739	735	728	732	0	1632891
1935	755	736	739	735	728	732	747	0	1633626
1936	736	739	735	728	732	747	751	0	1634354
1937	739	735	728	732	747	751	739	0	1635086
1938	735	728	732	747	751	739	766	0	1635833
1939	728	732	747	751	739	766	751	0	1636584
1940	732	747	751	739	766	751	740	0	1637323
1941	747	751	739	766	751	740	755	0	1638089
1942	751	739	766	751	740	755	743	0	1638840
1943	739	766	751	740	755	743	727	0	1639580
1944	766	751	740	755	743	727	755	0	1640335
1945	751	740	755	743	727	755	755	0	1641078
1946	740	755	743	727	755	755	743	0	1641805
1947	755	743	727	755	755	743	763	0	1642560
1948	743	727	755	755	743	763	751	0	1643315
1949	727	755	755	743	763	751	739	0	1644058
1950	755	755	743	763	751	739	720	0	1644821
1951	755	743	763	751	739	720	697	0	1645572
1952	743	763	751	739	720	697	700	0	1646311
1953	763	751	739	720	697	700	720	0	1647031
1954	751	739	720	697	700	720	813	0	1647728
1955	739	720	697	700	720	813	864	0	1648428
1956	720	697	700	720	813	864	840	0	1649148
1957	697	700	720	813	864	840	821	0	1649961
1958	700	720	813	864	840	821	829	0	1650825
1959	720	813	864	840	821	829	810	0	1651665
1960	813	864	840	821	829	810	750	0	1652486
1961	864	840	821	829	810	750	751	0	1653315
1962	840	821	829	810	750	751	744	0	1654125
1963	821	829	810	750	751	744	735	0	1654875
1964	829	810	750	751	744	735	739	0	1655626
1965	810	750	751	744	735	739	779	0	1656370
1966	750	751	744	735	739	779	782	0	1657105
1967	751	744	735	739	779	782	770	0	1657844
1968	744	735	739	779	782	770	806	0	1658623
1969	735	739	779	782	770	806	805	0	1659405
1970	739	779	782	770	806	805	790	0	1660175
1971	779	782	770	806	805	790	829	0	1660981
1972	782	770	806	805	790	829	832	0	1661786
1973	770	806	805	790	829	832	798	0	1662576
1974	806	805	790	829	832	798	798	0	1663405
1975	805	790	829	832	798	798	797	0	1664237
1976	790	829	832	798	798	797	786	0	1665035
1977	829	832	798	798	797	786	775	0	1665833
1978	832	798	798	797	786	775	762	0	1666630
1979	798	798	797	786	775	762	771	0	1667416
1980	798	797	786	775	762	771	762	0	1668191
1981	797	786	775	762	771	762	755	0	1668953
1982	786	775	762	771	762	755	743	0	1669724
1983	775	762	771	762	755	743	755	0	1670486
1984	762	771	762	755	743	755	755	0	1671241
1985	771	762	755	743	755	755	736	0	1671984
1986	762	755	743	755	755	736	739	0	1672739
1987	755	743	755	755	736	739	739	0	1673494
1988	743	755	755	736	739	739	739	0	1674230
1989	755	755	736	739	739	739	724	0	1674969
1990	755	736	739	739	739	724	728	0	1675708
1991	736	739	739	739	724	728	724	0	1676447
1992	739	739	739	724	728	724	727	0	1677171
1993	739	739	724	728	724	727	716	0	1677899
1994	739	724	728	724	727	716	732	0	1678623
1995	724	728	724	727	716	732	727	0	1679350
1996	728	724	727	716	732	727	724	0	1680066
1997	724	727	716	732	727	724	739	0	1680798
1998	727	716	732	727	724	739	751	0	1681525
1999	716	732	727	724	739	751	755	0	1682249
2000	732	727	724	739	751	755	747	0	1682988
2001	727	724	739	751	755	747	759	0	1683739
2002	724	739	751	755	747	759	743	0	1684494
2003	739	751	755	747	759	743	743	0	1685241
2004	751	755	747	759	743	743	744	0	1686000
2005	755	747	759	743	743	744	731	0	1686743
2006	747	759	743	743	744	731	720	0	1687486
2007	759	743	743	744	731	720	724	0	1688230
2008	743	743	744	731	720	724	735	0	1688961
2009	743	744	731	720	724	735	751	0	1689681
2010	744	731	720	724	735	751	732	0	1690405
2011	731	720	724	735	751	732	747	0	1691140
2012	720	724	735	751	732	747	747	0	1691891
2013	724	735	751	732	747	747	716	0	1692623
2014	735	751	732	747	747	716	743	0	1693370
2015	751	732	747	747	716	743	735	0	1694117
2016	732	747	747	716	743	735	720	0	1694833
2017	747	747	716	743	735	720	724	0	1695576
2018	747	716	743	735	720	724	735	0	1696311
2019	716	743	735	720	724	735	743	0	1697031
2020	743	735	720	724	735	743	732	0	1697755
2021	735	720	724	735	743	732	743	0	1698490
2022	720	724	735	743	732	743	712	0	1699233
2023	724	735	743	732	743	712	732	0	1699965
2024	735	743	732	743	712	732	747	0	1700708
2025	743	732	743	712	732	747	735	0	1701420
2026	732	743	712	732	747	735	747	0	1702152
2027	743	712	732	747	735	747	720	0	1702899
2028	712	732	747	735	747	720	712	0	1703634
2029	732	747	735	747	720	712	705	0	1704381
2030	747	735	747	720	712	705	727	0	1705101
2031	735	747	720	712	705	727	751	0	1705813
2032	747	720	712	705	727	751	833	0	1706518
2033	720	712	705	727	751	833	860	0	1707245
2034	712	705	727	751	833	860	813	0	1707996
2035	705	727	751	833	860	813	821	0	1708829
2036	727	751	833	860	813	821	794	0	1709689
2037	751	833	860	813	821	794	778	0	1710502
2038	833	860	813	821	794	778	751	0	1711323
2039	860	813	821	794	778	751	743	0	1712117
2040	813	821	794	778	751	743	747	0	1712895
2041	821	794	778	751	743	747	743	0	1713646
2042	794	778	751	743	747	743	744	0	1714389
2043	778	751	743	747	743	744	727	0	1715136
2044	751	743	747	743	744	727	747	0	1715879
2045	743	747	743	744	727	747	720	0	1716623
2046	747	743	744	727	747	720	720	0	1717350
2047	743	744	727	747	720	720	735	0	1718097
2048	744	727	747	720	720	735	740	0	1718817
2049	727	747	720	720	735	740	743	0	1719537
2050	747	720	720	735	740	743	759	0	1720272
2051	720	720	735	740	743	759	782	0	1721012
2052	720	735	740	743	759	782	755	0	1721755
2053	735	740	743	759	782	755	739	0	1722514
2054	740	743	759	782	755	739	739	0	1723296
2055	743	759	782	755	739	739	724	0	1724051
2056	759	782	755	739	739	724	712	0	1724790
2057	782	755	739	739	724	712	728	0	1725529
2058	755	739	739	724	712	728	716	0	1726253
2059	739	739	724	712	728	716	712	0	1726965
2060	739	724	712	728	716	712	735	0	1727693
2061	724	712	728	716	712	735	673	0	1728409
2062	712	728	716	712	735	673	669	0	1729121
2063	728	716	712	735	673	669	697	0	1729856
2064	716	712	735	673	669	697	700	0	1730529
2065	712	735	673	669	697	700	728	0	1731198
2066	735	673	669	697	700	728	755	0	1731895
2067	673	669	697	700	728	755	770	0	1732595
2068	669	697	700	728	755	770	755	0	1733323
2069	697	700	728	755	770	755	739	0	1734078
2070	700	728	755	770	755	739	759	0	1734848
2071	728	755	770	755	739	759	778	0	1735603
2072	755	770	755	739	759	778	794	0	1736342
2073	770	755	739	759	778	794	809	0	1737101
2074	755	739	759	778	794	809	818	0	1737879
2075	739	759	778	794	809	818	809	0	1738673
2076	759	778	794	809	818	809	802	0	1739482
2077	778	794	809	818	809	802	778	0	1740300
2078	794	809	818	809	802	778	774	0	1741109
2079	809	818	809	802	778	774	759	0	1741911
2080	818	809	802	778	774	759	743	0	1742689
2081	809	802	778	774	759	743	739	0	1743463
2082	802	778	774	759	743	739	724	0	1744222
2083	778	774	759	743	739	724	708	0	1744965
2084	774	759	743	739	724	708	720	0	1745704
2085	759	743	739	724	708	720	732	0	1746428
2086	743	739	724	708	720	732	758	0	1747136
2087	739	724	708	720	732	758	767	0	1747856
2088	724	708	720	732	758	767	786	0	1748588
2089	708	720	732	758	767	786	790	0	1749346
2090	720	732	758	767	786	790	782	0	1750113
2091	732	758	767	786	790	782	782	0	1750899
2092	758	767	786	790	782	782	778	0	1751689
2093	767	786	790	782	782	778	786	0	1752471
2094	786	790	782	782	778	786	771	0	1753253
2095	790	782	782	778	786	771	766	0	1754031
2096	782	782	778	786	771	766	743	0	1754817
2097	782	778	786	771	766	743	740	0	1755588
2098	778	786	771	766	743	740	723	0	1756354
2099	786	771	766	743	740	723	724	0	1757097
2100	771	766	743	740	723	724	868	0	1757837
2101	766	743	740	723	724	868	864	0	1758560
2102	743	740	723	724	868	864	824	0	1759284
2103	740	723	724	868	864	824	860	0	1760152
2104	723	724	868	864	824	860	833	0	1761016
2105	724	868	864	824	860	833	798	0	1761840
2106	868	864	824	860	833	798	817	0	1762700
2107	864	824	860	833	798	817	825	0	1763533
2108	824	860	833	798	817	825	809	0	1764331
2109	860	833	798	817	825	809	794	0	1765148
2110	833	798	817	825	809	794	805	0	1765973
2111	798	817	825	809	794	805	798	0	1766782
2112	817	825	809	794	805	798	782	0	1767576
2113	825	809	794	805	798	782	774	0	1768381
2114	809	794	805	798	782	774	771	0	1769179
2115	794	805	798	782	774	771	774	0	1769961
2116	805	798	782	774	771	774	946	0	1770735
2117	798	782	774	771	774	946	957	0	1771506
2118	782	774	771	774	946	957	1000	0	1772280
2119	774	771	774	946	957	1000	1004	0	1773226
2120	771	774	946	957	1000	1004	914	0	1774183
2121	774	946	957	1000	1004	914	872	0	1775183
2122	946	957	1000	1004	914	872	821	0	1776187
2123	957	1000	1004	914	872	821	774	0	1777101
2124	1000	1004	914	872	821	774	771	0	1777973
2125	1004	914	872	821	774	771	758	0	1778794
2126	914	872	821	774	771	758	1160	0	1779568
2127	872	821	774	771	758	1160	969	0	1780339
2128	821	774	771	758	1160	969	902	0	1781097
2129	774	771	758	1160	969	902	895	0	1782257
2130	771	758	1160	969	902	895	942	0	1783226
2131	758	1160	969	902	895	942	922	0	1784128
2132	1160	969	902	895	942	922	887	0	1785023
2133	969	902	895	942	922	887	837	0	1785965
2134	902	895	942	922	887	837	805	0	1786887
2135	895	942	922	887	837	805	810	0	1787774
2136	942	922	887	837	805	810	809	0	1788611
2137	922	887	837	805	810	809	794	0	1789416
2138	887	837	805	810	809	794	1315	0	1790226
2139	837	805	810	809	794	1315	1249	0	1791035
2140	805	810	809	794	1315	1249	1156	0	1791829
2141	810	809	794	1315	1249	1156	949	0	1793144
2142	809	794	1315	1249	1156	949	879	0	1794393
2143	794	1315	1249	1156	949	879	891	0	1795549
2144	1315	1249	1156	949	879	891	911	0	1796498
