i-3	i-2	i-1	i+0	i+1	i+2	i+3	Filter
121	190	1156	1156	525	1323	1163	0
190	1156	1156	525	1323	1163	1160	1
1156	1156	525	1323	1163	1160	1140	0
1156	525	1323	1163	1160	1140	591	0
525	1323	1163	1160	1140	591	1366	0
1323	1163	1160	1140	591	1366	1175	0
1163	1160	1140	591	1366	1175	1132	1
1160	1140	591	1366	1175	1132	1148	0
1140	591	1366	1175	1132	1148	1129	0
591	1366	1175	1132	1148	1129	1113	0
1366	1175	1132	1148	1129	1113	521	0
1175	1132	1148	1129	1113	521	1327	0
1132	1148	1129	1113	521	1327	1113	0
1148	1129	1113	521	1327	1113	1120	1
1129	1113	521	1327	1113	1120	1109	0
1113	521	1327	1113	1120	1109	596	0
521	1327	1113	1120	1109	596	1365	0
1327	1113	1120	1109	596	1365	1172	0
1113	1120	1109	596	1365	1172	1128	1
1120	1109	596	1365	1172	1128	1148	0
1109	596	1365	1172	1128	1148	591	0
596	1365	1172	1128	1148	591	1339	0
1365	1172	1128	1148	591	1339	1163	0
1172	1128	1148	591	1339	1163	1125	1
1128	1148	591	1339	1163	1125	1085	0
1148	591	1339	1163	1125	1085	1074	0
591	1339	1163	1125	1085	1074	1105	0
1339	1163	1125	1085	1074	1105	1113	0
1163	1125	1085	1074	1105	1113	595	0
1125	1085	1074	1105	1113	595	1316	0
1085	1074	1105	1113	595	1316	1112	0
1074	1105	1113	595	1316	1112	1078	1
1105	1113	595	1316	1112	1078	1074	0
1113	595	1316	1112	1078	1074	592	0
595	1316	1112	1078	1074	592	1280	0
1316	1112	1078	1074	592	1280	1078	0
1112	1078	1074	592	1280	1078	1070	1
1078	1074	592	1280	1078	1070	1007	0
1074	592	1280	1078	1070	1007	541	0
592	1280	1078	1070	1007	541	1273	0
1280	1078	1070	1007	541	1273	1074	0
1078	1070	1007	541	1273	1074	1054	1
1070	1007	541	1273	1074	1054	553	0
1007	541	1273	1074	1054	553	1291	0
541	1273	1074	1054	553	1291	1102	0
1273	1074	1054	553	1291	1102	1085	1
1074	1054	553	1291	1102	1085	1105	0
1054	553	1291	1102	1085	1105	1121	0
553	1291	1102	1085	1105	1121	595	0
1291	1102	1085	1105	1121	595	1331	0
1102	1085	1105	1121	595	1331	1167	0
1085	1105	1121	595	1331	1167	1171	1
1105	1121	595	1331	1167	1171	1141	0
1121	595	1331	1167	1171	1141	1155	0
595	1331	1167	1171	1141	1155	1160	0
1331	1167	1171	1141	1155	1160	525	0
1167	1171	1141	1155	1160	525	1339	0
1171	1141	1155	1160	525	1339	1167	0
1141	1155	1160	525	1339	1167	1128	1
1155	1160	525	1339	1167	1128	1105	0
1160	525	1339	1167	1128	1105	1105	0
525	1339	1167	1128	1105	1105	592	0
1339	1167	1128	1105	1105	592	1331	0
1167	1128	1105	1105	592	1331	1144	0
1128	1105	1105	592	1331	1144	1151	1
1105	1105	592	1331	1144	1151	1148	0
1105	592	1331	1144	1151	1148	1117	0
592	1331	1144	1151	1148	1117	1136	0
1331	1144	1151	1148	1117	1136	525	0
1144	1151	1148	1117	1136	525	1331	0
1151	1148	1117	1136	525	1331	1156	0
1148	1117	1136	525	1331	1156	1151	1
1117	1136	525	1331	1156	1151	1133	0
1136	525	1331	1156	1151	1133	537	0
525	1331	1156	1151	1133	537	1327	0
1331	1156	1151	1133	537	1327	1163	0
1156	1151	1133	537	1327	1163	1132	1
1151	1133	537	1327	1163	1132	592	0
1133	537	1327	1163	1132	592	1397	0
537	1327	1163	1132	592	1397	1186	0
1327	1163	1132	592	1397	1186	1148	1
1163	1132	592	1397	1186	1148	1164	0
1132	592	1397	1186	1148	1164	1155	0
592	1397	1186	1148	1164	1155	1133	0
1397	1186	1148	1164	1155	1133	599	0
1186	1148	1164	1155	1133	599	1358	0
1148	1164	1155	1133	599	1358	1175	0
1164	1155	1133	599	1358	1175	1140	1
1155	1133	599	1358	1175	1140	1144	0
1133	599	1358	1175	1140	1144	591	0
599	1358	1175	1140	1144	591	1351	0
1358	1175	1140	1144	591	1351	1171	0
1175	1140	1144	591	1351	1171	1148	1
1140	1144	591	1351	1171	1148	1124	0
1144	591	1351	1171	1148	1124	599	0
591	1351	1171	1148	1124	599	1366	0
1351	1171	1148	1124	599	1366	1167	0
1171	1148	1124	599	1366	1167	1137	1
1148	1124	599	1366	1167	1137	1128	0
1124	599	1366	1167	1137	1128	1136	0
599	1366	1167	1137	1128	1136	533	0
1366	1167	1137	1128	1136	533	1327	0
1167	1137	1128	1136	533	1327	1164	0
1137	1128	1136	533	1327	1164	1140	1
1128	1136	533	1327	1164	1140	595	0
1136	533	1327	1164	1140	595	1350	0
533	1327	1164	1140	595	1350	1171	0
1327	1164	1140	595	1350	1171	1117	1
1164	1140	595	1350	1171	1117	1129	0
1140	595	1350	1171	1117	1129	1120	0
595	1350	1171	1117	1129	1120	603	0
1350	1171	1117	1129	1120	603	1358	0
1171	1117	1129	1120	603	1358	1156	0
1117	1129	1120	603	1358	1156	1117	1
1129	1120	603	1358	1156	1117	1120	0
1120	603	1358	1156	1117	1120	1117	0
603	1358	1156	1117	1120	1117	1113	0
1358	1156	1117	1120	1117	1113	599	0
1156	1117	1120	1117	1113	599	1358	0
1117	1120	1117	1113	599	1358	1152	0
1120	1117	1113	599	1358	1152	1152	1
1117	1113	599	1358	1152	1152	1105	0
1113	599	1358	1152	1152	1105	1093	0
599	1358	1152	1152	1105	1093	1082	0
1358	1152	1152	1105	1093	1082	1101	0
1152	1152	1105	1093	1082	1101	607	0
1152	1105	1093	1082	1101	607	1389	0
1105	1093	1082	1101	607	1389	1214	0
1093	1082	1101	607	1389	1214	1179	1
1082	1101	607	1389	1214	1179	1159	0
1101	607	1389	1214	1179	1159	1125	0
607	1389	1214	1179	1159	1125	1132	0
1389	1214	1179	1159	1125	1132	1125	0
1214	1179	1159	1125	1132	1125	1124	0
1179	1159	1125	1132	1125	1124	1125	0
1159	1125	1132	1125	1124	1125	1120	0
1125	1132	1125	1124	1125	1120	1133	0
1132	1125	1124	1125	1120	1133	1128	0
1125	1124	1125	1120	1133	1128	1117	0
1124	1125	1120	1133	1128	1117	1128	0
1125	1120	1133	1128	1117	1128	1125	0
1120	1133	1128	1117	1128	1125	529	0
1133	1128	1117	1128	1125	529	1296	0
1128	1117	1128	1125	529	1296	1120	0
1117	1128	1125	529	1296	1120	1117	1
1128	1125	529	1296	1120	1117	1086	0
1125	529	1296	1120	1117	1086	529	0
529	1296	1120	1117	1086	529	1307	0
1296	1120	1117	1086	529	1307	1113	0
1120	1117	1086	529	1307	1113	1097	1
1117	1086	529	1307	1113	1097	596	0
1086	529	1307	1113	1097	596	1342	0
529	1307	1113	1097	596	1342	1140	0
1307	1113	1097	596	1342	1140	1152	1
1113	1097	596	1342	1140	1152	1156	0
1097	596	1342	1140	1152	1156	525	0
596	1342	1140	1152	1156	525	1350	0
1342	1140	1152	1156	525	1350	1222	0
1140	1152	1156	525	1350	1222	1167	1
1152	1156	525	1350	1222	1167	1152	0
1156	525	1350	1222	1167	1152	1121	0
525	1350	1222	1167	1152	1121	1108	0
1350	1222	1167	1152	1121	1108	526	0
1222	1167	1152	1121	1108	526	1334	0
1167	1152	1121	1108	526	1334	1129	0
1152	1121	1108	526	1334	1129	1120	1
1121	1108	526	1334	1129	1120	1098	0
1108	526	1334	1129	1120	1098	544	0
526	1334	1129	1120	1098	544	1316	0
1334	1129	1120	1098	544	1316	1167	0
1129	1120	1098	544	1316	1167	1171	1
1120	1098	544	1316	1167	1171	1132	0
1098	544	1316	1167	1171	1132	1141	0
544	1316	1167	1171	1132	1141	1159	0
1316	1167	1171	1132	1141	1159	1136	0
1167	1171	1132	1141	1159	1136	545	0
1171	1132	1141	1159	1136	545	1354	0
1132	1141	1159	1136	545	1354	1140	0
1141	1159	1136	545	1354	1140	1132	1
1159	1136	545	1354	1140	1132	1152	0
1136	545	1354	1140	1132	1152	526	0
545	1354	1140	1132	1152	526	1319	0
1354	1140	1132	1152	526	1319	1116	0
1140	1132	1152	526	1319	1116	1136	1
1132	1152	526	1319	1116	1136	1125	0
1152	526	1319	1116	1136	1125	549	0
526	1319	1116	1136	1125	549	1291	0
1319	1116	1136	1125	549	1291	1152	0
1116	1136	1125	549	1291	1152	1136	1
1136	1125	549	1291	1152	1136	1098	0
1125	549	1291	1152	1136	1098	587	0
549	1291	1152	1136	1098	587	1347	0
1291	1152	1136	1098	587	1347	1112	0
1152	1136	1098	587	1347	1112	1121	1
1136	1098	587	1347	1112	1121	1128	0
1098	587	1347	1112	1121	1128	537	0
587	1347	1112	1121	1128	537	1347	0
1347	1112	1121	1128	537	1347	1163	0
1112	1121	1128	537	1347	1163	1121	1
1121	1128	537	1347	1163	1121	1120	0
1128	537	1347	1163	1121	1120	1113	0
537	1347	1163	1121	1120	1113	525	0
1347	1163	1121	1120	1113	525	1312	0
1163	1121	1120	1113	525	1312	1144	0
1121	1120	1113	525	1312	1144	1128	1
1120	1113	525	1312	1144	1128	525	0
1113	525	1312	1144	1128	525	1316	0
525	1312	1144	1128	525	1316	1144	0
1312	1144	1128	525	1316	1144	1124	1
1144	1128	525	1316	1144	1124	1105	0
1128	525	1316	1144	1124	1105	525	0
525	1316	1144	1124	1105	525	1351	0
1316	1144	1124	1105	525	1351	1128	0
1144	1124	1105	525	1351	1128	1109	1
1124	1105	525	1351	1128	1109	1136	0
1105	525	1351	1128	1109	1136	525	0
525	1351	1128	1109	1136	525	1331	0
1351	1128	1109	1136	525	1331	1144	0
1128	1109	1136	525	1331	1144	1136	1
1109	1136	525	1331	1144	1136	1125	0
1136	525	1331	1144	1136	1125	545	0
525	1331	1144	1136	1125	545	1338	0
1331	1144	1136	1125	545	1338	1171	0
1144	1136	1125	545	1338	1171	1133	1
1136	1125	545	1338	1171	1133	595	0
1125	545	1338	1171	1133	595	1342	0
545	1338	1171	1133	595	1342	1156	0
1338	1171	1133	595	1342	1156	1121	1
1171	1133	595	1342	1156	1121	525	0
1133	595	1342	1156	1121	525	1327	0
595	1342	1156	1121	525	1327	1117	0
1342	1156	1121	525	1327	1117	1112	1
1156	1121	525	1327	1117	1112	1090	0
1121	525	1327	1117	1112	1090	591	0
525	1327	1117	1112	1090	591	1343	0
1327	1117	1112	1090	591	1343	1159	0
1117	1112	1090	591	1343	1159	1113	1
1112	1090	591	1343	1159	1113	1125	0
1090	591	1343	1159	1113	1125	529	0
591	1343	1159	1113	1125	529	1327	0
1343	1159	1113	1125	529	1327	1144	0
1159	1113	1125	529	1327	1144	1120	1
1113	1125	529	1327	1144	1120	1090	0
1125	529	1327	1144	1120	1090	533	0
529	1327	1144	1120	1090	533	1327	0
1327	1144	1120	1090	533	1327	1140	0
1144	1120	1090	533	1327	1140	1116	1
1120	1090	533	1327	1140	1116	1109	0
1090	533	1327	1140	1116	1109	1117	0
533	1327	1140	1116	1109	1117	1094	0
1327	1140	1116	1109	1117	1094	533	0
1140	1116	1109	1117	1094	533	1330	0
1116	1109	1117	1094	533	1330	1129	0
1109	1117	1094	533	1330	1129	1089	1
1117	1094	533	1330	1129	1089	1086	0
1094	533	1330	1129	1089	1086	1105	0
533	1330	1129	1089	1086	1105	541	0
1330	1129	1089	1086	1105	541	1447	0
1129	1089	1086	1105	541	1447	1195	0
1089	1086	1105	541	1447	1195	1109	1
1086	1105	541	1447	1195	1109	1116	0
1105	541	1447	1195	1109	1116	1117	0
541	1447	1195	1109	1116	1117	533	0
1447	1195	1109	1116	1117	533	1308	0
1195	1109	1116	1117	533	1308	1163	0
1109	1116	1117	533	1308	1163	1144	1
1116	1117	533	1308	1163	1144	595	0
1117	533	1308	1163	1144	595	1358	0
533	1308	1163	1144	595	1358	1175	0
1308	1163	1144	595	1358	1175	1117	1
1163	1144	595	1358	1175	1117	533	0
1144	595	1358	1175	1117	533	1354	0
595	1358	1175	1117	533	1354	1148	0
1358	1175	1117	533	1354	1148	1129	1
1175	1117	533	1354	1148	1129	1124	0
1117	533	1354	1148	1129	1124	533	0
533	1354	1148	1129	1124	533	1378	0
1354	1148	1129	1124	533	1378	1140	0
1148	1129	1124	533	1378	1140	1140	1
1129	1124	533	1378	1140	1140	1109	0
1124	533	1378	1140	1140	1109	533	0
533	1378	1140	1140	1109	533	1428	0
1378	1140	1140	1109	533	1428	1109	0
1140	1140	1109	533	1428	1109	1097	1
1140	1109	533	1428	1109	1097	1105	0
1109	533	1428	1109	1097	1105	525	0
533	1428	1109	1097	1105	525	1246	0
1428	1109	1097	1105	525	1246	1046	0
1109	1097	1105	525	1246	1046	1082	1
1097	1105	525	1246	1046	1082	1105	0
1105	525	1246	1046	1082	1105	1101	0
525	1246	1046	1082	1105	1101	1097	0
1246	1046	1082	1105	1101	1097	1121	0
1046	1082	1105	1101	1097	1121	1136	0
1082	1105	1101	1097	1121	1136	1117	0
1105	1101	1097	1121	1136	1117	1132	0
1101	1097	1121	1136	1117	1132	1117	0
1097	1121	1136	1117	1132	1117	1097	0
1121	1136	1117	1132	1117	1097	1113	0
1136	1117	1132	1117	1097	1113	1113	0
1117	1132	1117	1097	1113	1113	1117	0
1132	1117	1097	1113	1113	1117	1120	0
1117	1097	1113	1113	1117	1120	1133	0
1097	1113	1113	1117	1120	1133	1097	0
1113	1113	1117	1120	1133	1097	1109	0
1113	1117	1120	1133	1097	1109	1117	0
1117	1120	1133	1097	1109	1117	1112	0
1120	1133	1097	1109	1117	1112	1105	0
1133	1097	1109	1117	1112	1105	1129	0
1097	1109	1117	1112	1105	1129	1144	0
1109	1117	1112	1105	1129	1144	1124	0
1117	1112	1105	1129	1144	1124	1133	0
1112	1105	1129	1144	1124	1133	1132	0
1105	1129	1144	1124	1133	1132	1113	0
1129	1144	1124	1133	1132	1113	1120	0
1144	1124	1133	1132	1113	1120	1109	0
1124	1133	1132	1113	1120	1109	1090	0
1133	1132	1113	1120	1109	1090	1054	0
1132	1113	1120	1109	1090	1054	1094	0
1113	1120	1109	1090	1054	1094	1085	0
1120	1109	1090	1054	1094	1085	1105	0
1109	1090	1054	1094	1085	1105	1121	0
1090	1054	1094	1085	1105	1121	1121	0
1054	1094	1085	1105	1121	1121	1120	0
1094	1085	1105	1121	1121	1120	1117	0
1085	1105	1121	1121	1120	1117	1124	0
1105	1121	1121	1120	1117	1124	1121	0
1121	1121	1120	1117	1124	1121	1101	0
1121	1120	1117	1124	1121	1101	1105	0
1120	1117	1124	1121	1101	1105	1098	0
1117	1124	1121	1101	1105	1098	1109	0
1124	1121	1101	1105	1098	1109	1116	0
1121	1101	1105	1098	1109	1116	1136	0
1101	1105	1098	1109	1116	1136	1133	0
1105	1098	1109	1116	1136	1133	1136	0
1098	1109	1116	1136	1133	1136	1124	0
1109	1116	1136	1133	1136	1124	1113	0
1116	1136	1133	1136	1124	1113	1113	0
1136	1133	1136	1124	1113	1113	1113	0
1133	1136	1124	1113	1113	1113	1089	0
1136	1124	1113	1113	1113	1089	1113	0
1124	1113	1113	1113	1089	1113	1113	0
1113	1113	1113	1089	1113	1113	1097	0
1113	1113	1089	1113	1113	1097	1121	0
1113	1089	1113	1113	1097	1121	1125	0
1089	1113	1113	1097	1121	1125	1116	0
1113	1113	1097	1121	1125	1116	1133	0
1113	1097	1121	1125	1116	1133	1136	0
1097	1121	1125	1116	1133	1136	1117	0
1121	1125	1116	1133	1136	1117	1116	0
1125	1116	1133	1136	1117	1116	1105	0
1116	1133	1136	1117	1116	1105	1105	0
1133	1136	1117	1116	1105	1105	1105	0
1136	1117	1116	1105	1105	1105	1113	0
1117	1116	1105	1105	1105	1113	1086	0
1116	1105	1105	1105	1113	1086	1105	0
1105	1105	1105	1113	1086	1105	1105	0
1105	1105	1113	1086	1105	1105	1101	0
1105	1113	1086	1105	1105	1101	1105	0
1113	1086	1105	1105	1101	1105	1117	0
1086	1105	1105	1101	1105	1117	1105	0
1105	1105	1101	1105	1117	1105	1117	0
1105	1101	1105	1117	1105	1117	1120	0
1101	1105	1117	1105	1117	1120	1094	0
1105	1117	1105	1117	1120	1094	1089	0
1117	1105	1117	1120	1094	1089	1059	0
1105	1117	1120	1094	1089	1059	1046	0
1117	1120	1094	1089	1059	1046	1031	0
1120	1094	1089	1059	1046	1031	1047	0
1094	1089	1059	1046	1031	1047	1058	0
1089	1059	1046	1031	1047	1058	1063	0
1059	1046	1031	1047	1058	1063	1081	0
1046	1031	1047	1058	1063	1081	1094	0
1031	1047	1058	1063	1081	1094	1089	0
1047	1058	1063	1081	1094	1089	1090	0
1058	1063	1081	1094	1089	1090	1093	0
1063	1081	1094	1089	1090	1093	1090	0
1081	1094	1089	1090	1093	1090	1085	0
1094	1089	1090	1093	1090	1085	1086	0
1089	1090	1093	1090	1085	1086	1086	0
1090	1093	1090	1085	1086	1086	1081	0
1093	1090	1085	1086	1086	1081	1097	0
1090	1085	1086	1086	1081	1097	1094	0
1085	1086	1086	1081	1097	1094	1097	0
1086	1086	1081	1097	1094	1097	1105	0
1086	1081	1097	1094	1097	1105	1105	0
1081	1097	1094	1097	1105	1105	1098	0
1097	1094	1097	1105	1105	1098	1120	0
1094	1097	1105	1105	1098	1120	1125	0
1097	1105	1105	1098	1120	1125	1101	0
1105	1105	1098	1120	1125	1101	1109	0
1105	1098	1120	1125	1101	1109	1101	0
1098	1120	1125	1101	1109	1101	1070	0
1120	1125	1101	1109	1101	1070	1090	0
1125	1101	1109	1101	1070	1090	1101	0
1101	1109	1101	1070	1090	1101	1105	0
1109	1101	1070	1090	1101	1105	1116	0
1101	1070	1090	1101	1105	1116	1109	0
1070	1090	1101	1105	1116	1109	1109	0
1090	1101	1105	1116	1109	1109	1094	0
1101	1105	1116	1109	1109	1094	1089	0
1105	1116	1109	1109	1094	1089	1078	0
1116	1109	1109	1094	1089	1078	1097	0
1109	1109	1094	1089	1078	1097	1094	0
1109	1094	1089	1078	1097	1094	1089	0
1094	1089	1078	1097	1094	1089	1074	0
1089	1078	1097	1094	1089	1074	1078	0
1078	1097	1094	1089	1074	1078	1074	0
1097	1094	1089	1074	1078	1074	1082	0
1094	1089	1074	1078	1074	1082	1089	0
1089	1074	1078	1074	1082	1089	1082	0
1074	1078	1074	1082	1089	1082	1070	0
1078	1074	1082	1089	1082	1070	1085	0
1074	1082	1089	1082	1070	1085	1074	0
1082	1089	1082	1070	1085	1074	1063	0
1089	1082	1070	1085	1074	1063	1077	0
1082	1070	1085	1074	1063	1077	1090	0
1070	1085	1074	1063	1077	1090	1074	0
1085	1074	1063	1077	1090	1074	1093	0
1074	1063	1077	1090	1074	1093	1098	0
1063	1077	1090	1074	1093	1098	1085	0
1077	1090	1074	1093	1098	1085	1086	0
1090	1074	1093	1098	1085	1086	1097	0
1074	1093	1098	1085	1086	1097	1086	0
1093	1098	1085	1086	1097	1086	1085	0
1098	1085	1086	1097	1086	1085	1078	0
1085	1086	1097	1086	1085	1078	1070	0
1086	1097	1086	1085	1078	1070	1082	0
1097	1086	1085	1078	1070	1082	1093	0
1086	1085	1078	1070	1082	1093	1086	0
1085	1078	1070	1082	1093	1086	1105	0
1078	1070	1082	1093	1086	1105	1105	0
1070	1082	1093	1086	1105	1105	1086	0
1082	1093	1086	1105	1105	1086	1108	0
1093	1086	1105	1105	1086	1108	1109	0
1086	1105	1105	1086	1108	1109	1113	0
1105	1105	1086	1108	1109	1113	1109	0
1105	1086	1108	1109	1113	1109	1113	0
1086	1108	1109	1113	1109	1113	1109	0
1108	1109	1113	1109	1113	1109	1117	0
1109	1113	1109	1113	1109	1117	1132	0
1113	1109	1113	1109	1117	1132	1121	0
1109	1113	1109	1117	1132	1121	1105	0
1113	1109	1117	1132	1121	1105	1116	0
1109	1117	1132	1121	1105	1116	1082	0
1117	1132	1121	1105	1116	1082	1074	0
1132	1121	1105	1116	1082	1074	1082	0
1121	1105	1116	1082	1074	1082	1097	0
1105	1116	1082	1074	1082	1097	1070	0
1116	1082	1074	1082	1097	1070	1070	0
1082	1074	1082	1097	1070	1070	1090	0
1074	1082	1097	1070	1070	1090	1097	0
1082	1097	1070	1070	1090	1097	1078	0
1097	1070	1070	1090	1097	1078	1093	0
1070	1070	1090	1097	1078	1093	1086	0
1070	1090	1097	1078	1093	1086	1085	0
1090	1097	1078	1093	1086	1085	1086	0
1097	1078	1093	1086	1085	1086	1093	0
1078	1093	1086	1085	1086	1093	1086	0
1093	1086	1085	1086	1093	1086	1089	0
1086	1085	1086	1093	1086	1089	1094	0
1085	1086	1093	1086	1089	1094	1097	0
1086	1093	1086	1089	1094	1097	1090	0
1093	1086	1089	1094	1097	1090	1105	0
1086	1089	1094	1097	1090	1105	1101	0
1089	1094	1097	1090	1105	1101	1093	0
1094	1097	1090	1105	1101	1093	525	0
1097	1090	1105	1101	1093	525	1300	0
1090	1105	1101	1093	525	1300	1093	0
1105	1101	1093	525	1300	1093	1086	1
1101	1093	525	1300	1093	1086	1117	0
1093	525	1300	1093	1086	1117	1093	0
525	1300	1093	1086	1117	1093	1090	0
1300	1093	1086	1117	1093	1090	1101	0
1093	1086	1117	1093	1090	1101	1105	0
1086	1117	1093	1090	1101	1105	1093	0
1117	1093	1090	1101	1105	1093	1113	0
1093	1090	1101	1105	1093	1113	1121	0
1090	1101	1105	1093	1113	1121	1116	0
1101	1105	1093	1113	1121	1116	1113	0
1105	1093	1113	1121	1116	1113	1117	0
1093	1113	1121	1116	1113	1117	1105	0
1113	1121	1116	1113	1117	1105	1097	0
1121	1116	1113	1117	1105	1097	1102	0
1116	1113	1117	1105	1097	1102	1101	0
1113	1117	1105	1097	1102	1101	1081	0
1117	1105	1097	1102	1101	1081	1098	0
1105	1097	1102	1101	1081	1098	1101	0
1097	1102	1101	1081	1098	1101	1085	0
1102	1101	1081	1098	1101	1085	1082	0
1101	1081	1098	1101	1085	1082	1090	0
1081	1098	1101	1085	1082	1090	1081	0
1098	1101	1085	1082	1090	1081	1078	0
1101	1085	1082	1090	1081	1078	1066	0
1085	1082	1090	1081	1078	1066	1070	0
1082	1090	1081	1078	1066	1070	1098	0
1090	1081	1078	1066	1070	1098	1081	0
1081	1078	1066	1070	1098	1081	1094	0
1078	1066	1070	1098	1081	1094	1078	0
1066	1070	1098	1081	1094	1078	1074	0
1070	1098	1081	1094	1078	1074	1081	0
1098	1081	1094	1078	1074	1081	1074	0
1081	1094	1078	1074	1081	1074	1078	0
1094	1078	1074	1081	1074	1078	1089	0
1078	1074	1081	1074	1078	1089	1094	0
1074	1081	1074	1078	1089	1094	1085	0
1081	1074	1078	1089	1094	1085	526	0
1074	1078	1089	1094	1085	526	1319	0
1078	1089	1094	1085	526	1319	1120	0
1089	1094	1085	526	1319	1120	1102	1
1094	1085	526	1319	1120	1102	1101	0
1085	526	1319	1120	1102	1101	1093	0
526	1319	1120	1102	1101	1093	1090	0
1319	1120	1102	1101	1093	1090	1097	0
1120	1102	1101	1093	1090	1097	1113	0
1102	1101	1093	1090	1097	1113	1097	0
1101	1093	1090	1097	1113	1097	1109	0
1093	1090	1097	1113	1097	1109	1121	0
1090	1097	1113	1097	1109	1121	1105	0
1097	1113	1097	1109	1121	1105	1113	0
1113	1097	1109	1121	1105	1113	1116	0
1097	1109	1121	1105	1113	1116	1125	0
1109	1121	1105	1113	1116	1125	1109	0
1121	1105	1113	1116	1125	1109	1116	0
1105	1113	1116	1125	1109	1116	1109	0
1113	1116	1125	1109	1116	1109	522	0
1116	1125	1109	1116	1109	522	1296	0
1125	1109	1116	1109	522	1296	1112	0
1109	1116	1109	522	1296	1112	1117	1
1116	1109	522	1296	1112	1117	1097	0
1109	522	1296	1112	1117	1097	1086	0
522	1296	1112	1117	1097	1086	1093	0
1296	1112	1117	1097	1086	1093	1109	0
1112	1117	1097	1086	1093	1109	1105	0
1117	1097	1086	1093	1109	1105	1117	0
1097	1086	1093	1109	1105	1117	1121	0
1086	1093	1109	1105	1117	1121	1116	0
1093	1109	1105	1117	1121	1116	1082	0
1109	1105	1117	1121	1116	1082	1086	0
1105	1117	1121	1116	1082	1086	1027	0
1117	1121	1116	1082	1086	1027	1043	0
1121	1116	1082	1086	1027	1043	1066	0
1116	1082	1086	1027	1043	1066	1054	0
1082	1086	1027	1043	1066	1054	1070	0
1086	1027	1043	1066	1054	1070	1078	0
1027	1043	1066	1054	1070	1078	1082	0
1043	1066	1054	1070	1078	1082	1035	0
1066	1054	1070	1078	1082	1035	1047	0
1054	1070	1078	1082	1035	1047	1039	0
1070	1078	1082	1035	1047	1039	1023	0
1078	1082	1035	1047	1039	1023	996	0
1082	1035	1047	1039	1023	996	1066	0
1035	1047	1039	1023	996	1066	1078	0
1047	1039	1023	996	1066	1078	1097	0
1039	1023	996	1066	1078	1097	1117	0
1023	996	1066	1078	1097	1117	1148	0
996	1066	1078	1097	1117	1148	1148	0
1066	1078	1097	1117	1148	1148	1148	0
1078	1097	1117	1148	1148	1148	1140	0
1097	1117	1148	1148	1148	1140	544	0
1117	1148	1148	1148	1140	544	1312	0
1148	1148	1148	1140	544	1312	1140	0
1148	1148	1140	544	1312	1140	1128	1
1148	1140	544	1312	1140	1128	592	0
1140	544	1312	1140	1128	592	1354	0
544	1312	1140	1128	592	1354	1144	0
1312	1140	1128	592	1354	1144	1132	1
1140	1128	592	1354	1144	1132	1132	0
1128	592	1354	1144	1132	1132	522	0
592	1354	1144	1132	1132	522	1334	0
1354	1144	1132	1132	522	1334	1172	0
1144	1132	1132	522	1334	1172	1159	1
1132	1132	522	1334	1172	1159	1136	0
1132	522	1334	1172	1159	1136	529	0
522	1334	1172	1159	1136	529	1366	0
1334	1172	1159	1136	529	1366	1206	0
1172	1159	1136	529	1366	1206	1160	1
1159	1136	529	1366	1206	1160	529	0
1136	529	1366	1206	1160	529	1366	0
529	1366	1206	1160	529	1366	1191	0
1366	1206	1160	529	1366	1191	1159	1
1206	1160	529	1366	1191	1159	1148	0
1160	529	1366	1191	1159	1148	525	0
529	1366	1191	1159	1148	525	1335	0
1366	1191	1159	1148	525	1335	1152	0
1191	1159	1148	525	1335	1152	1148	1
1159	1148	525	1335	1152	1148	1124	0
1148	525	1335	1152	1148	1124	591	0
525	1335	1152	1148	1124	591	1358	0
1335	1152	1148	1124	591	1358	1160	0
1152	1148	1124	591	1358	1160	1152	1
1148	1124	591	1358	1160	1152	1159	0
1124	591	1358	1160	1152	1159	1160	0
591	1358	1160	1152	1159	1160	1152	0
1358	1160	1152	1159	1160	1152	1155	0
1160	1152	1159	1160	1152	1155	1148	0
1152	1159	1160	1152	1155	1148	1132	0
1159	1160	1152	1155	1148	1132	1121	0
1160	1152	1155	1148	1132	1121	1117	0
1152	1155	1148	1132	1121	1117	1116	0
1155	1148	1132	1121	1117	1116	1125	0
1148	1132	1121	1117	1116	1125	607	0
1132	1121	1117	1116	1125	607	1358	0
1121	1117	1116	1125	607	1358	1167	0
1117	1116	1125	607	1358	1167	1144	1
1116	1125	607	1358	1167	1144	1125	0
1125	607	1358	1167	1144	1125	603	0
607	1358	1167	1144	1125	603	1354	0
1358	1167	1144	1125	603	1354	1128	0
1167	1144	1125	603	1354	1128	1109	1
1144	1125	603	1354	1128	1109	1113	0
1125	603	1354	1128	1109	1113	1129	0
603	1354	1128	1109	1113	1129	595	0
1354	1128	1109	1113	1129	595	1354	0
1128	1109	1113	1129	595	1354	1156	0
1109	1113	1129	595	1354	1156	1136	1
1113	1129	595	1354	1156	1136	1113	0
1129	595	1354	1156	1136	1113	1116	0
595	1354	1156	1136	1113	1116	1098	0
1354	1156	1136	1113	1116	1098	529	0
1156	1136	1113	1116	1098	529	1327	0
1136	1113	1116	1098	529	1327	1140	0
1113	1116	1098	529	1327	1140	1101	1
1116	1098	529	1327	1140	1101	1105	0
1098	529	1327	1140	1101	1105	587	0
529	1327	1140	1101	1105	587	1331	0
1327	1140	1101	1105	587	1331	1136	0
1140	1101	1105	587	1331	1136	1129	1
1101	1105	587	1331	1136	1129	1117	0
1105	587	1331	1136	1129	1117	1112	0
587	1331	1136	1129	1117	1112	596	0
1331	1136	1129	1117	1112	596	1350	0
1136	1129	1117	1112	596	1350	1121	0
1129	1117	1112	596	1350	1121	1112	1
1117	1112	596	1350	1121	1112	1113	0
1112	596	1350	1121	1112	1113	592	0
596	1350	1121	1112	1113	592	1327	0
1350	1121	1112	1113	592	1327	1116	0
1121	1112	1113	592	1327	1116	1078	1
1112	1113	592	1327	1116	1078	564	0
1113	592	1327	1116	1078	564	1261	0
592	1327	1116	1078	564	1261	1070	0
1327	1116	1078	564	1261	1070	1058	1
1116	1078	564	1261	1070	1058	588	0
1078	564	1261	1070	1058	588	1276	0
564	1261	1070	1058	588	1276	1086	0
1261	1070	1058	588	1276	1086	1082	1
1070	1058	588	1276	1086	1082	595	0
1058	588	1276	1086	1082	595	1296	0
588	1276	1086	1082	595	1296	1070	0
1276	1086	1082	595	1296	1070	1007	1
1086	1082	595	1296	1070	1007	592	0
1082	595	1296	1070	1007	592	1292	0
595	1296	1070	1007	592	1292	1070	0
1296	1070	1007	592	1292	1070	595	1
1070	1007	592	1292	1070	595	1315	0
1007	592	1292	1070	595	1315	1129	0
592	1292	1070	595	1315	1129	1116	1
1292	1070	595	1315	1129	1116	530	0
1070	595	1315	1129	1116	530	1338	0
595	1315	1129	1116	530	1338	1160	0
1315	1129	1116	530	1338	1160	1112	1
1129	1116	530	1338	1160	1112	1109	0
1116	530	1338	1160	1112	1109	1129	0
530	1338	1160	1112	1109	1129	545	0
1338	1160	1112	1109	1129	545	1322	0
1160	1112	1109	1129	545	1322	1187	0
1112	1109	1129	545	1322	1187	1171	1
1109	1129	545	1322	1187	1171	1129	0
1129	545	1322	1187	1171	1129	525	0
545	1322	1187	1171	1129	525	1339	0
1322	1187	1171	1129	525	1339	1148	0
1187	1171	1129	525	1339	1148	1120	1
1171	1129	525	1339	1148	1120	529	0
1129	525	1339	1148	1120	529	1362	0
525	1339	1148	1120	529	1362	1187	0
1339	1148	1120	529	1362	1187	1159	1
1148	1120	529	1362	1187	1159	522	0
1120	529	1362	1187	1159	522	1377	0
529	1362	1187	1159	522	1377	1183	0
1362	1187	1159	522	1377	1183	1160	1
1187	1159	522	1377	1183	1160	1159	0
1159	522	1377	1183	1160	1159	1168	0
522	1377	1183	1160	1159	1168	1144	0
1377	1183	1160	1159	1168	1144	1159	0
1183	1160	1159	1168	1144	1159	1160	0
1160	1159	1168	1144	1159	1160	1167	0
1159	1168	1144	1159	1160	1167	1148	0
1168	1144	1159	1160	1167	1148	1155	0
1144	1159	1160	1167	1148	1155	1148	0
1159	1160	1167	1148	1155	1148	1136	0
1160	1167	1148	1155	1148	1136	1144	0
1167	1148	1155	1148	1136	1144	1144	0
1148	1155	1148	1136	1144	1144	541	0
1155	1148	1136	1144	1144	541	1339	0
1148	1136	1144	1144	541	1339	1175	0
1136	1144	1144	541	1339	1175	1159	1
1144	1144	541	1339	1175	1159	1121	0
1144	541	1339	1175	1159	1121	553	0
541	1339	1175	1159	1121	553	1346	0
1339	1175	1159	1121	553	1346	1163	0
1175	1159	1121	553	1346	1163	1136	1
1159	1121	553	1346	1163	1136	1113	0
1121	553	1346	1163	1136	1113	526	0
553	1346	1163	1136	1113	526	1346	0
1346	1163	1136	1113	526	1346	1159	0
1163	1136	1113	526	1346	1159	1137	1
1136	1113	526	1346	1159	1137	1140	0
1113	526	1346	1159	1137	1140	525	0
526	1346	1159	1137	1140	525	1319	0
1346	1159	1137	1140	525	1319	1148	0
1159	1137	1140	525	1319	1148	1136	1
1137	1140	525	1319	1148	1136	1105	0
1140	525	1319	1148	1136	1105	1097	0
525	1319	1148	1136	1105	1097	1098	0
1319	1148	1136	1105	1097	1098	1113	0
1148	1136	1105	1097	1098	1113	1097	0
1136	1105	1097	1098	1113	1097	1101	0
1105	1097	1098	1113	1097	1101	1105	0
1097	1098	1113	1097	1101	1105	1086	0
1098	1113	1097	1101	1105	1086	1093	0
1113	1097	1101	1105	1086	1093	1093	0
1097	1101	1105	1086	1093	1093	607	0
1101	1105	1086	1093	1093	607	1308	0
1105	1086	1093	1093	607	1308	1113	0
1086	1093	1093	607	1308	1113	1093	1
1093	1093	607	1308	1113	1093	1082	0
1093	607	1308	1113	1093	1082	603	0
607	1308	1113	1093	1082	603	1331	0
1308	1113	1093	1082	603	1331	1132	0
1113	1093	1082	603	1331	1132	1105	1
1093	1082	603	1331	1132	1105	1109	0
1082	603	1331	1132	1105	1109	1089	0
603	1331	1132	1105	1109	1089	1078	0
1331	1132	1105	1109	1089	1078	1078	0
1132	1105	1109	1089	1078	1078	1117	0
1105	1109	1089	1078	1078	1117	1132	0
1109	1089	1078	1078	1117	1132	1117	0
1089	1078	1078	1117	1132	1117	1120	0
1078	1078	1117	1132	1117	1120	1133	0
1078	1117	1132	1117	1120	1133	1124	0
1117	1132	1117	1120	1133	1124	1117	0
1132	1117	1120	1133	1124	1117	1128	0
1117	1120	1133	1124	1117	1128	1137	0
1120	1133	1124	1117	1128	1137	1132	0
1133	1124	1117	1128	1137	1132	556	0
1124	1117	1128	1137	1132	556	1335	0
1117	1128	1137	1132	556	1335	1148	0
1128	1137	1132	556	1335	1148	1113	1
1137	1132	556	1335	1148	1113	537	0
1132	556	1335	1148	1113	537	1334	0
556	1335	1148	1113	537	1334	1160	0
1335	1148	1113	537	1334	1160	1117	1
1148	1113	537	1334	1160	1117	1124	0
1113	537	1334	1160	1117	1124	1140	0
537	1334	1160	1117	1124	1140	1129	0
1334	1160	1117	1124	1140	1129	1132	0
1160	1117	1124	1140	1129	1132	541	0
1117	1124	1140	1129	1132	541	1397	0
1124	1140	1129	1132	541	1397	1140	0
1140	1129	1132	541	1397	1140	599	1
1129	1132	541	1397	1140	599	1385	0
1132	541	1397	1140	599	1385	1163	0
541	1397	1140	599	1385	1163	1137	1
1397	1140	599	1385	1163	1137	1140	0
1140	599	1385	1163	1137	1140	544	0
599	1385	1163	1137	1140	544	1343	0
1385	1163	1137	1140	544	1343	1140	0
1163	1137	1140	544	1343	1140	1113	1
1137	1140	544	1343	1140	1113	1101	0
1140	544	1343	1140	1113	1101	599	0
544	1343	1140	1113	1101	599	1354	0
1343	1140	1113	1101	599	1354	1148	0
1140	1113	1101	599	1354	1148	1140	1
1113	1101	599	1354	1148	1140	1133	0
1101	599	1354	1148	1140	1133	1124	0
599	1354	1148	1140	1133	1124	537	0
1354	1148	1140	1133	1124	537	1451	0
1148	1140	1133	1124	537	1451	1187	0
1140	1133	1124	537	1451	1187	1094	1
1133	1124	537	1451	1187	1094	1101	0
1124	537	1451	1187	1094	1101	1109	0
537	1451	1187	1094	1101	1109	1089	0
1451	1187	1094	1101	1109	1089	1101	0
1187	1094	1101	1109	1089	1101	1109	0
1094	1101	1109	1089	1101	1109	1105	0
1101	1109	1089	1101	1109	1105	1094	0
1109	1089	1101	1109	1105	1094	1109	0
1089	1101	1109	1105	1094	1109	1120	0
1101	1109	1105	1094	1109	1120	1117	0
1109	1105	1094	1109	1120	1117	1125	0
1105	1094	1109	1120	1117	1125	1143	0
1094	1109	1120	1117	1125	1143	1156	0
1109	1120	1117	1125	1143	1156	1132	0
1120	1117	1125	1143	1156	1132	1133	0
1117	1125	1143	1156	1132	1133	1140	0
1125	1143	1156	1132	1133	1140	1136	0
1143	1156	1132	1133	1140	1136	1117	0
1156	1132	1133	1140	1136	1117	1120	0
1132	1133	1140	1136	1117	1120	1117	0
1133	1140	1136	1117	1120	1117	1101	0
1140	1136	1117	1120	1117	1101	1117	0
1136	1117	1120	1117	1101	1117	1124	0
1117	1120	1117	1101	1117	1124	1125	0
1120	1117	1101	1117	1124	1125	1109	0
1117	1101	1117	1124	1125	1109	1117	0
1101	1117	1124	1125	1109	1117	1120	0
1117	1124	1125	1109	1117	1120	1105	0
1124	1125	1109	1117	1120	1105	1098	0
1125	1109	1117	1120	1105	1098	1124	0
1109	1117	1120	1105	1098	1124	1121	0
1117	1120	1105	1098	1124	1121	1113	0
1120	1105	1098	1124	1121	1113	1112	0
1105	1098	1124	1121	1113	1112	1113	0
1098	1124	1121	1113	1112	1113	1094	0
1124	1121	1113	1112	1113	1094	1105	0
1121	1113	1112	1113	1094	1105	1105	0
1113	1112	1113	1094	1105	1105	1093	0
1112	1113	1094	1105	1105	1093	1082	0
1113	1094	1105	1105	1093	1082	1109	0
1094	1105	1105	1093	1082	1109	1117	0
1105	1105	1093	1082	1109	1117	1132	0
1105	1093	1082	1109	1117	1132	1120	0
1093	1082	1109	1117	1132	1120	1133	0
1082	1109	1117	1132	1120	1133	1140	0
1109	1117	1132	1120	1133	1140	1152	0
1117	1132	1120	1133	1140	1152	1124	0
1132	1120	1133	1140	1152	1124	1132	0
1120	1133	1140	1152	1124	1132	1140	0
1133	1140	1152	1124	1132	1140	1129	0
1140	1152	1124	1132	1140	1129	1113	0
1152	1124	1132	1140	1129	1113	1136	0
1124	1132	1140	1129	1113	1136	1132	0
1132	1140	1129	1113	1136	1132	1136	0
1140	1129	1113	1136	1132	1136	1121	0
1129	1113	1136	1132	1136	1121	1140	0
1113	1136	1132	1136	1121	1140	1136	0
1136	1132	1136	1121	1140	1136	1125	0
1132	1136	1121	1140	1136	1125	1117	0
1136	1121	1140	1136	1125	1117	1116	0
1121	1140	1136	1125	1117	1116	1125	0
1140	1136	1125	1117	1116	1125	1105	0
1136	1125	1117	1116	1125	1105	1101	0
1125	1117	1116	1125	1105	1101	1105	0
1117	1116	1125	1105	1101	1105	1093	0
1116	1125	1105	1101	1105	1093	1098	0
1125	1105	1101	1105	1093	1098	1109	0
1105	1101	1105	1093	1098	1109	1128	0
1101	1105	1093	1098	1109	1128	1105	0
1105	1093	1098	1109	1128	1105	1113	0
1093	1098	1109	1128	1105	1113	1113	0
1098	1109	1128	1105	1113	1113	1105	0
1109	1128	1105	1113	1113	1105	1085	0
1128	1105	1113	1113	1105	1085	1109	0
1105	1113	1113	1105	1085	1109	1105	0
1113	1113	1105	1085	1109	1105	1106	0
1113	1105	1085	1109	1105	1106	1105	0
1105	1085	1109	1105	1106	1105	1120	0
1085	1109	1105	1106	1105	1120	1121	0
1109	1105	1106	1105	1120	1121	1105	0
1105	1106	1105	1120	1121	1105	1117	0
1106	1105	1120	1121	1105	1117	1112	0
1105	1120	1121	1105	1117	1112	1113	0
1120	1121	1105	1117	1112	1113	1090	0
1121	1105	1117	1112	1113	1090	1109	0
1105	1117	1112	1113	1090	1109	1105	0
1117	1112	1113	1090	1109	1105	1101	0
1112	1113	1090	1109	1105	1101	1089	0
1113	1090	1109	1105	1101	1089	1102	0
1090	1109	1105	1101	1089	1102	1105	0
1109	1105	1101	1089	1102	1105	1093	0
1105	1101	1089	1102	1105	1093	1086	0
1101	1089	1102	1105	1093	1086	1105	0
1089	1102	1105	1093	1086	1105	1113	0
1102	1105	1093	1086	1105	1113	1112	0
1105	1093	1086	1105	1113	1112	1133	0
1093	1086	1105	1113	1112	1133	1144	0
1086	1105	1113	1112	1133	1144	1136	0
1105	1113	1112	1133	1144	1136	1113	0
1113	1112	1133	1144	1136	1113	1128	0
1112	1133	1144	1136	1113	1128	1129	0
1133	1144	1136	1113	1128	1129	1116	0
1144	1136	1113	1128	1129	1116	1129	0
1136	1113	1128	1129	1116	1129	1120	0
1113	1128	1129	1116	1129	1120	1133	0
1128	1129	1116	1129	1120	1133	1101	0
1129	1116	1129	1120	1133	1101	1109	0
1116	1129	1120	1133	1101	1109	1105	0
1129	1120	1133	1101	1109	1105	1109	0
1120	1133	1101	1109	1105	1109	1093	0
1133	1101	1109	1105	1109	1093	1101	0
1101	1109	1105	1109	1093	1101	1105	0
1109	1105	1109	1093	1101	1105	1109	0
1105	1109	1093	1101	1105	1109	1094	0
1109	1093	1101	1105	1109	1094	1109	0
1093	1101	1105	1109	1094	1109	1109	0
1101	1105	1109	1094	1109	1109	1109	0
1105	1109	1094	1109	1109	1109	1097	0
1109	1094	1109	1109	1109	1097	1113	0
1094	1109	1109	1109	1097	1113	1105	0
1109	1109	1109	1097	1113	1105	1097	0
1109	1109	1097	1113	1105	1097	1089	0
1109	1097	1113	1105	1097	1089	1102	0
1097	1113	1105	1097	1089	1102	1101	0
1113	1105	1097	1089	1102	1101	1105	0
1105	1097	1089	1102	1101	1105	1093	0
1097	1089	1102	1101	1105	1093	1101	0
1089	1102	1101	1105	1093	1101	1113	0
1102	1101	1105	1093	1101	1113	1098	0
1101	1105	1093	1101	1113	1098	1101	0
1105	1093	1101	1113	1098	1101	1101	0
1093	1101	1113	1098	1101	1101	1101	0
1101	1113	1098	1101	1101	1101	1074	0
1113	1098	1101	1101	1101	1074	1089	0
1098	1101	1101	1101	1074	1089	1094	0
1101	1101	1101	1074	1089	1094	1109	0
1101	1101	1074	1089	1094	1109	1101	0
1101	1074	1089	1094	1109	1101	1113	0
1074	1089	1094	1109	1101	1113	1120	0
1089	1094	1109	1101	1113	1120	1137	0
1094	1109	1101	1113	1120	1137	1116	0
1109	1101	1113	1120	1137	1116	1129	0
1101	1113	1120	1137	1116	1129	1128	0
1113	1120	1137	1116	1129	1128	1132	0
1120	1137	1116	1129	1128	1132	1117	0
1137	1116	1129	1128	1132	1117	1121	0
1116	1129	1128	1132	1117	1121	1124	0
1129	1128	1132	1117	1121	1124	1125	0
1128	1132	1117	1121	1124	1125	1105	0
1132	1117	1121	1124	1125	1105	1117	0
1117	1121	1124	1125	1105	1117	1120	0
1121	1124	1125	1105	1117	1120	1101	0
1124	1125	1105	1117	1120	1101	1109	0
1125	1105	1117	1120	1101	1109	1117	0
1105	1117	1120	1101	1109	1117	1121	0
1117	1120	1101	1109	1117	1121	1109	0
1120	1101	1109	1117	1121	1109	1120	0
1101	1109	1117	1121	1109	1120	1125	0
1109	1117	1121	1109	1120	1125	1105	0
1117	1121	1109	1120	1125	1105	1101	0
1121	1109	1120	1125	1105	1101	1117	0
1109	1120	1125	1105	1101	1117	1120	0
1120	1125	1105	1101	1117	1120	1102	0
1125	1105	1101	1117	1120	1102	1116	0
1105	1101	1117	1120	1102	1116	1117	0
1101	1117	1120	1102	1116	1117	1125	0
1117	1120	1102	1116	1117	1125	1101	0
1120	1102	1116	1117	1125	1101	1109	0
1102	1116	1117	1125	1101	1109	1089	0
1116	1117	1125	1101	1109	1089	1062	0
1117	1125	1101	1109	1089	1062	1043	0
1125	1101	1109	1089	1062	1043	1004	0
1101	1109	1089	1062	1043	1004	1035	0
1109	1089	1062	1043	1004	1035	1039	0
1089	1062	1043	1004	1035	1039	1019	0
1062	1043	1004	1035	1039	1019	993	0
1043	1004	1035	1039	1019	993	1050	0
1004	1035	1039	1019	993	1050	1059	0
1035	1039	1019	993	1050	1059	1085	0
1039	1019	993	1050	1059	1085	1090	0
1019	993	1050	1059	1085	1090	1105	0
993	1050	1059	1085	1090	1105	1093	0
1050	1059	1085	1090	1105	1093	1105	0
1059	1085	1090	1105	1093	1105	1109	0
1085	1090	1105	1093	1105	1109	1105	0
1090	1105	1093	1105	1109	1105	1090	0
1105	1093	1105	1109	1105	1090	1101	0
1093	1105	1109	1105	1090	1101	1101	0
1105	1109	1105	1090	1101	1101	1093	0
1109	1105	1090	1101	1101	1093	1106	0
1105	1090	1101	1101	1093	1106	1101	0
1090	1101	1101	1093	1106	1101	1109	0
1101	1101	1093	1106	1101	1109	1093	0
1101	1093	1106	1101	1109	1093	1117	0
1093	1106	1101	1109	1093	1117	1120	0
1106	1101	1109	1093	1117	1120	1125	0
1101	1109	1093	1117	1120	1125	1117	0
1109	1093	1117	1120	1125	1117	1124	0
1093	1117	1120	1125	1117	1124	1132	0
1117	1120	1125	1117	1124	1132	1129	0
1120	1125	1117	1124	1132	1129	1136	0
1125	1117	1124	1132	1129	1136	1140	0
1117	1124	1132	1129	1136	1140	1125	0
1124	1132	1129	1136	1140	1125	1140	0
1132	1129	1136	1140	1125	1140	1151	0
1129	1136	1140	1125	1140	1151	1133	0
1136	1140	1125	1140	1151	1133	1136	0
1140	1125	1140	1151	1133	1136	1140	0
1125	1140	1151	1133	1136	1140	1152	0
1140	1151	1133	1136	1140	1152	1144	0
1151	1133	1136	1140	1152	1144	1148	0
1133	1136	1140	1152	1144	1148	1147	0
1136	1140	1152	1144	1148	1147	1121	0
1140	1152	1144	1148	1147	1121	1109	0
1152	1144	1148	1147	1121	1109	1113	0
1144	1148	1147	1121	1109	1113	1109	0
1148	1147	1121	1109	1113	1109	1120	0
1147	1121	1109	1113	1109	1120	1152	0
1121	1109	1113	1109	1120	1152	1113	0
1109	1113	1109	1120	1152	1113	1125	0
1113	1109	1120	1152	1113	1125	1108	0
1109	1120	1152	1113	1125	1108	1117	0
1120	1152	1113	1125	1108	1117	1121	0
1152	1113	1125	1108	1117	1121	1117	0
1113	1125	1108	1117	1121	1117	1101	0
1125	1108	1117	1121	1117	1101	1105	0
1108	1117	1121	1117	1101	1105	1097	0
1117	1121	1117	1101	1105	1097	1097	0
1121	1117	1101	1105	1097	1097	1105	0
1117	1101	1105	1097	1097	1105	1117	0
1101	1105	1097	1097	1105	1117	1113	0
1105	1097	1097	1105	1117	1113	1109	0
1097	1097	1105	1117	1113	1109	1121	0
1097	1105	1117	1113	1109	1121	1124	0
1105	1117	1113	1109	1121	1124	1121	0
1117	1113	1109	1121	1124	1121	1120	0
1113	1109	1121	1124	1121	1120	1121	0
1109	1121	1124	1121	1120	1121	1109	0
1121	1124	1121	1120	1121	1109	1117	0
1124	1121	1120	1121	1109	1117	1116	0
1121	1120	1121	1109	1117	1116	1113	0
1120	1121	1109	1117	1116	1113	1101	0
1121	1109	1117	1116	1113	1101	1094	0
1109	1117	1116	1113	1101	1094	1074	0
1117	1116	1113	1101	1094	1074	1089	0
1116	1113	1101	1094	1074	1089	1082	0
1113	1101	1094	1074	1089	1082	1062	0
1101	1094	1074	1089	1082	1062	1078	0
1094	1074	1089	1082	1062	1078	1089	0
1074	1089	1082	1062	1078	1089	1055	0
1089	1082	1062	1078	1089	1055	1078	0
1082	1062	1078	1089	1055	1078	1078	0
1062	1078	1089	1055	1078	1078	1070	0
1078	1089	1055	1078	1078	1070	1085	0
1089	1055	1078	1078	1070	1085	1082	0
1055	1078	1078	1070	1085	1082	1066	0
1078	1078	1070	1085	1082	1066	1093	0
1078	1070	1085	1082	1066	1093	1094	0
1070	1085	1082	1066	1093	1094	1074	0
1085	1082	1066	1093	1094	1074	1085	0
1082	1066	1093	1094	1074	1085	1102	0
1066	1093	1094	1074	1085	1102	1097	0
1093	1094	1074	1085	1102	1097	1093	0
1094	1074	1085	1102	1097	1093	1094	0
1074	1085	1102	1097	1093	1094	1066	0
1085	1102	1097	1093	1094	1066	1070	0
1102	1097	1093	1094	1066	1070	1058	0
1097	1093	1094	1066	1070	1058	1043	0
1093	1094	1066	1070	1058	1043	1039	0
1094	1066	1070	1058	1043	1039	992	0
1066	1070	1058	1043	1039	992	1004	0
1070	1058	1043	1039	992	1004	1023	0
1058	1043	1039	992	1004	1023	1031	0
1043	1039	992	1004	1023	1031	1039	0
1039	992	1004	1023	1031	1039	1066	0
992	1004	1023	1031	1039	1066	1086	0
1004	1023	1031	1039	1066	1086	1090	0
1023	1031	1039	1066	1086	1090	1097	0
1031	1039	1066	1086	1090	1097	1109	0
1039	1066	1086	1090	1097	1109	1128	0
1066	1086	1090	1097	1109	1128	1125	0
1086	1090	1097	1109	1128	1125	1101	0
1090	1097	1109	1128	1125	1101	1113	0
1097	1109	1128	1125	1101	1113	1124	0
1109	1128	1125	1101	1113	1124	1133	0
1128	1125	1101	1113	1124	1133	1144	0
1125	1101	1113	1124	1133	1144	1143	0
1101	1113	1124	1133	1144	1143	1137	0
1113	1124	1133	1144	1143	1137	1116	0
1124	1133	1144	1143	1137	1116	1133	0
1133	1144	1143	1137	1116	1133	1132	0
1144	1143	1137	1116	1133	1132	1117	0
1143	1137	1116	1133	1132	1117	1132	0
1137	1116	1133	1132	1117	1132	1140	0
1116	1133	1132	1117	1132	1140	1125	0
1133	1132	1117	1132	1140	1125	1128	0
1132	1117	1132	1140	1125	1128	1128	0
1117	1132	1140	1125	1128	1128	1125	0
1132	1140	1125	1128	1128	1125	1105	0
1140	1125	1128	1128	1125	1105	1132	0
1125	1128	1128	1125	1105	1132	1144	0
1128	1128	1125	1105	1132	1144	1140	0
1128	1125	1105	1132	1144	1140	1140	0
1125	1105	1132	1144	1140	1140	1140	0
1105	1132	1144	1140	1140	1140	1125	0
1132	1144	1140	1140	1140	1125	1113	0
1144	1140	1140	1140	1125	1113	1105	0
1140	1140	1140	1125	1113	1105	1097	0
1140	1140	1125	1113	1105	1097	1090	0
1140	1125	1113	1105	1097	1090	1109	0
1125	1113	1105	1097	1090	1109	1112	0
1113	1105	1097	1090	1109	1112	1102	0
1105	1097	1090	1109	1112	1102	1116	0
1097	1090	1109	1112	1102	1116	1125	0
1090	1109	1112	1102	1116	1125	1109	0
1109	1112	1102	1116	1125	1109	1109	0
1112	1102	1116	1125	1109	1109	1113	0
1102	1116	1125	1109	1109	1113	1109	0
1116	1125	1109	1109	1113	1109	1097	0
1125	1109	1109	1113	1109	1097	1097	0
1109	1109	1113	1109	1097	1097	1109	0
1109	1113	1109	1097	1097	1109	1097	0
1113	1109	1097	1097	1109	1097	1082	0
1109	1097	1097	1109	1097	1082	1093	0
1097	1097	1109	1097	1082	1093	1094	0
1097	1109	1097	1082	1093	1094	1082	0
1109	1097	1082	1093	1094	1082	1097	0
1097	1082	1093	1094	1082	1097	1109	0
1082	1093	1094	1082	1097	1109	1097	0
1093	1094	1082	1097	1109	1097	1101	0
1094	1082	1097	1109	1097	1101	1105	0
1082	1097	1109	1097	1101	1105	1109	0
1097	1109	1097	1101	1105	1109	1097	0
1109	1097	1101	1105	1109	1097	1102	0
1097	1101	1105	1109	1097	1102	1101	0
1101	1105	1109	1097	1102	1101	1089	0
1105	1109	1097	1102	1101	1089	1086	0
1109	1097	1102	1101	1089	1086	1086	0
1097	1102	1101	1089	1086	1086	1077	0
1102	1101	1089	1086	1086	1077	1082	0
1101	1089	1086	1086	1077	1082	1101	0
1089	1086	1086	1077	1082	1101	1105	0
1086	1086	1077	1082	1101	1105	1090	0
1086	1077	1082	1101	1105	1090	1101	0
1077	1082	1101	1105	1090	1101	1097	0
1082	1101	1105	1090	1101	1097	1086	0
1101	1105	1090	1101	1097	1086	1089	0
1105	1090	1101	1097	1086	1089	1090	0
1090	1101	1097	1086	1089	1090	1078	0
1101	1097	1086	1089	1090	1078	1089	0
1097	1086	1089	1090	1078	1089	1090	0
1086	1089	1090	1078	1089	1090	1081	0
1089	1090	1078	1089	1090	1081	1074	0
1090	1078	1089	1090	1081	1074	1078	0
1078	1089	1090	1081	1074	1078	1062	0
1089	1090	1081	1074	1078	1062	1055	0
1090	1081	1074	1078	1062	1055	1066	0
1081	1074	1078	1062	1055	1066	1047	0
1074	1078	1062	1055	1066	1047	1054	0
1078	1062	1055	1066	1047	1054	1051	0
1062	1055	1066	1047	1054	1051	1066	0
1055	1066	1047	1054	1051	1066	1047	0
1066	1047	1054	1051	1066	1047	1058	0
1047	1054	1051	1066	1047	1058	1058	0
1054	1051	1066	1047	1058	1058	1063	0
1051	1066	1047	1058	1058	1063	1054	0
1066	1047	1058	1058	1063	1054	1054	0
1047	1058	1058	1063	1054	1054	1059	0
1058	1058	1063	1054	1054	1059	1062	0
1058	1063	1054	1054	1059	1062	1086	0
1063	1054	1054	1059	1062	1086	1101	0
1054	1054	1059	1062	1086	1101	1093	0
1054	1059	1062	1086	1101	1093	1086	0
1059	1062	1086	1101	1093	1086	1101	0
1062	1086	1101	1093	1086	1101	1105	0
1086	1101	1093	1086	1101	1105	1082	0
1101	1093	1086	1101	1105	1082	1097	0
1093	1086	1101	1105	1082	1097	1097	0
1086	1101	1105	1082	1097	1097	1090	0
1101	1105	1082	1097	1097	1090	1089	0
1105	1082	1097	1097	1090	1089	1098	0
1082	1097	1097	1090	1089	1098	1097	0
1097	1097	1090	1089	1098	1097	1085	0
1097	1090	1089	1098	1097	1085	1098	0
1090	1089	1098	1097	1085	1098	1097	0
1089	1098	1097	1085	1098	1097	1090	0
1098	1097	1085	1098	1097	1090	1097	0
1097	1085	1098	1097	1090	1097	1097	0
1085	1098	1097	1090	1097	1097	1097	0
1098	1097	1090	1097	1097	1097	1082	0
1097	1090	1097	1097	1097	1082	1093	0
1090	1097	1097	1097	1082	1093	1106	0
1097	1097	1097	1082	1093	1106	1089	0
1097	1097	1082	1093	1106	1089	1090	0
1097	1082	1093	1106	1089	1090	1105	0
1082	1093	1106	1089	1090	1105	1101	0
1093	1106	1089	1090	1105	1101	1101	0
1106	1089	1090	1105	1101	1101	1105	0
1089	1090	1105	1101	1101	1105	1121	0
1090	1105	1101	1101	1105	1121	1105	0
1105	1101	1101	1105	1121	1105	1112	0
1101	1101	1105	1121	1105	1112	1109	0
1101	1105	1121	1105	1112	1109	1102	0
1105	1121	1105	1112	1109	1102	1081	0
1121	1105	1112	1109	1102	1081	1101	0
1105	1112	1109	1102	1081	1101	1090	0
1112	1109	1102	1081	1101	1090	1078	0
1109	1102	1081	1101	1090	1078	1089	0
1102	1081	1101	1090	1078	1089	1094	0
1081	1101	1090	1078	1089	1094	1074	0
1101	1090	1078	1089	1094	1074	1054	0
1090	1078	1089	1094	1074	1054	1070	0
1078	1089	1094	1074	1054	1070	1078	0
1089	1094	1074	1054	1070	1078	1062	0
1094	1074	1054	1070	1078	1062	1074	0
1074	1054	1070	1078	1062	1074	1066	0
1054	1070	1078	1062	1074	1066	1059	0
1070	1078	1062	1074	1066	1059	1054	0
1078	1062	1074	1066	1059	1054	1066	0
1062	1074	1066	1059	1054	1066	1039	0
1074	1066	1059	1054	1066	1039	1051	0
1066	1059	1054	1066	1039	1051	1070	0
1059	1054	1066	1039	1051	1070	1074	0
1054	1066	1039	1051	1070	1074	1070	0
1066	1039	1051	1070	1074	1070	1089	0
1039	1051	1070	1074	1070	1089	1098	0
1051	1070	1074	1070	1089	1098	1085	0
1070	1074	1070	1089	1098	1085	1074	0
1074	1070	1089	1098	1085	1074	1078	0
1070	1089	1098	1085	1074	1078	1070	0
1089	1098	1085	1074	1078	1070	1074	0
1098	1085	1074	1078	1070	1074	1097	0
1085	1074	1078	1070	1074	1097	1113	0
1074	1078	1070	1074	1097	1113	1117	0
1078	1070	1074	1097	1113	1117	1105	0
1070	1074	1097	1113	1117	1105	1109	0
1074	1097	1113	1117	1105	1109	1101	0
1097	1113	1117	1105	1109	1101	1074	0
1113	1117	1105	1109	1101	1074	1070	0
1117	1105	1109	1101	1074	1070	1066	0
1105	1109	1101	1074	1070	1066	1074	0
1109	1101	1074	1070	1066	1074	1086	0
1101	1074	1070	1066	1074	1086	1112	0
1074	1070	1066	1074	1086	1112	1117	0
1070	1066	1074	1086	1112	1117	1109	0
1066	1074	1086	1112	1117	1109	1117	0
1074	1086	1112	1117	1109	1117	1113	0
1086	1112	1117	1109	1117	1113	1089	0
1112	1117	1109	1117	1113	1089	1078	0
1117	1109	1117	1113	1089	1078	1070	0
1109	1117	1113	1089	1078	1070	1089	0
1117	1113	1089	1078	1070	1089	1082	0
1113	1089	1078	1070	1089	1082	1090	0
1089	1078	1070	1089	1082	1090	1089	0
1078	1070	1089	1082	1090	1089	1097	0
1070	1089	1082	1090	1089	1097	1078	0
1089	1082	1090	1089	1097	1078	1082	0
1082	1090	1089	1097	1078	1082	1082	0
1090	1089	1097	1078	1082	1082	1070	0
1089	1097	1078	1082	1082	1070	1085	0
1097	1078	1082	1082	1070	1085	1090	0
1078	1082	1082	1070	1085	1090	1074	0
1082	1082	1070	1085	1090	1074	1081	0
1082	1070	1085	1090	1074	1081	1098	0
1070	1085	1090	1074	1081	1098	1089	0
1085	1090	1074	1081	1098	1089	1070	0
1090	1074	1081	1098	1089	1070	1094	0
1074	1081	1098	1089	1070	1094	1101	0
1081	1098	1089	1070	1094	1101	1101	0
1098	1089	1070	1094	1101	1101	1086	0
1089	1070	1094	1101	1101	1086	1093	0
1070	1094	1101	1101	1086	1093	1089	0
1094	1101	1101	1086	1093	1089	1071	0
1101	1101	1086	1093	1089	1071	1093	0
1101	1086	1093	1089	1071	1093	1121	0
1086	1093	1089	1071	1093	1121	1112	0
1093	1089	1071	1093	1121	1112	1098	0
1089	1071	1093	1121	1112	1098	1116	0
1071	1093	1121	1112	1098	1116	1109	0
1093	1121	1112	1098	1116	1109	1094	0
1121	1112	1098	1116	1109	1094	1097	0
1112	1098	1116	1109	1094	1097	1089	0
1098	1116	1109	1094	1097	1089	1086	0
1116	1109	1094	1097	1089	1086	1086	0
1109	1094	1097	1089	1086	1086	1109	0
1094	1097	1089	1086	1086	1109	1112	0
1097	1089	1086	1086	1109	1112	1117	0
1089	1086	1086	1109	1112	1117	1101	0
1086	1086	1109	1112	1117	1101	1105	0
1086	1109	1112	1117	1101	1105	1094	0
1109	1112	1117	1101	1105	1094	1058	0
1112	1117	1101	1105	1094	1058	1070	0
1117	1101	1105	1094	1058	1070	1078	0
1101	1105	1094	1058	1070	1078	1066	0
1105	1094	1058	1070	1078	1066	1082	0
1094	1058	1070	1078	1066	1082	1089	0
1058	1070	1078	1066	1082	1089	1086	0
1070	1078	1066	1082	1089	1086	1074	0
1078	1066	1082	1089	1086	1074	1101	0
1066	1082	1089	1086	1074	1101	1097	0
1082	1089	1086	1074	1101	1097	1082	0
1089	1086	1074	1101	1097	1082	1082	0
1086	1074	1101	1097	1082	1082	1078	0
1074	1101	1097	1082	1082	1078	1074	0
1101	1097	1082	1082	1078	1074	1081	0
1097	1082	1082	1078	1074	1081	1101	0
1082	1082	1078	1074	1081	1101	1102	0
1082	1078	1074	1081	1101	1102	1097	0
1078	1074	1081	1101	1102	1097	1101	0
1074	1081	1101	1102	1097	1101	1093	0
1081	1101	1102	1097	1101	1093	1074	0
1101	1102	1097	1101	1093	1074	1086	0
1102	1097	1101	1093	1074	1086	1089	0
1097	1101	1093	1074	1086	1089	1078	0
1101	1093	1074	1086	1089	1078	1078	0
1093	1074	1086	1089	1078	1078	1090	0
1074	1086	1089	1078	1078	1090	1093	0
1086	1089	1078	1078	1090	1093	1082	0
1089	1078	1078	1090	1093	1082	1097	0
1078	1078	1090	1093	1082	1097	1093	0
1078	1090	1093	1082	1097	1093	1094	0
1090	1093	1082	1097	1093	1094	1089	0
1093	1082	1097	1093	1094	1089	1117	0
1082	1097	1093	1094	1089	1117	1124	0
1097	1093	1094	1089	1117	1124	1117	0
1093	1094	1089	1117	1124	1117	1094	0
1094	1089	1117	1124	1117	1094	1097	0
1089	1117	1124	1117	1094	1097	1085	0
1117	1124	1117	1094	1097	1085	1106	0
1124	1117	1094	1097	1085	1106	1108	0
1117	1094	1097	1085	1106	1108	1113	0
1094	1097	1085	1106	1108	1113	1105	0
1097	1085	1106	1108	1113	1105	1109	0
1085	1106	1108	1113	1105	1109	1105	0
1106	1108	1113	1105	1109	1105	1098	0
1108	1113	1105	1109	1105	1098	1081	0
1113	1105	1109	1105	1098	1081	1094	0
1105	1109	1105	1098	1081	1094	1093	0
1109	1105	1098	1081	1094	1093	1078	0
1105	1098	1081	1094	1093	1078	1089	0
1098	1081	1094	1093	1078	1089	1109	0
1081	1094	1093	1078	1089	1109	1094	0
1094	1093	1078	1089	1109	1094	1089	0
1093	1078	1089	1109	1094	1089	1098	0
1078	1089	1109	1094	1089	1098	1093	0
1089	1109	1094	1089	1098	1093	1089	0
1109	1094	1089	1098	1093	1089	1106	0
1094	1089	1098	1093	1089	1106	1112	0
1089	1098	1093	1089	1106	1112	1109	0
1098	1093	1089	1106	1112	1109	1094	0
1093	1089	1106	1112	1109	1094	1105	0
1089	1106	1112	1109	1094	1105	1093	0
1106	1112	1109	1094	1105	1093	1078	0
1112	1109	1094	1105	1093	1078	1078	0
1109	1094	1105	1093	1078	1078	1081	0
1094	1105	1093	1078	1078	1081	1090	0
1105	1093	1078	1078	1081	1090	1086	0
1093	1078	1078	1081	1090	1086	1077	0
1078	1078	1081	1090	1086	1077	1059	0
1078	1081	1090	1086	1077	1059	1050	0
1081	1090	1086	1077	1059	1050	1059	0
1090	1086	1077	1059	1050	1059	1070	0
1086	1077	1059	1050	1059	1070	1070	0
1077	1059	1050	1059	1070	1070	1082	0
1059	1050	1059	1070	1070	1082	1089	0
1050	1059	1070	1070	1082	1089	1089	0
1059	1070	1070	1082	1089	1089	1078	0
1070	1070	1082	1089	1089	1078	1086	0
1070	1082	1089	1089	1078	1086	1082	0
1082	1089	1089	1078	1086	1082	1074	0
1089	1089	1078	1086	1082	1074	1077	0
1089	1078	1086	1082	1074	1077	1082	0
1078	1086	1082	1074	1077	1082	1078	0
1086	1082	1074	1077	1082	1078	1066	0
1082	1074	1077	1082	1078	1066	1082	0
1074	1077	1082	1078	1066	1082	1089	0
1077	1082	1078	1066	1082	1089	1078	0
1082	1078	1066	1082	1089	1078	1086	0
1078	1066	1082	1089	1078	1086	1085	0
1066	1082	1089	1078	1086	1085	1066	0
1082	1089	1078	1086	1085	1066	1067	0
1089	1078	1086	1085	1066	1067	1081	0
1078	1086	1085	1066	1067	1081	1090	0
1086	1085	1066	1067	1081	1090	1062	0
1085	1066	1067	1081	1090	1062	1051	0
1066	1067	1081	1090	1062	1051	1050	0
1067	1081	1090	1062	1051	1050	1039	0
1081	1090	1062	1051	1050	1039	1023	0
1090	1062	1051	1050	1039	1023	1032	0
1062	1051	1050	1039	1023	1032	1039	0
1051	1050	1039	1023	1032	1039	1031	0
1050	1039	1023	1032	1039	1031	1035	0
1039	1023	1032	1039	1031	1035	1039	0
1023	1032	1039	1031	1035	1039	1050	0
1032	1039	1031	1035	1039	1050	1051	0
1039	1031	1035	1039	1050	1051	1050	0
1031	1035	1039	1050	1051	1050	1059	0
1035	1039	1050	1051	1050	1059	1035	0
1039	1050	1051	1050	1059	1035	1046	0
1050	1051	1050	1059	1035	1046	1055	0
1051	1050	1059	1035	1046	1055	1066	0
1050	1059	1035	1046	1055	1066	1058	0
1059	1035	1046	1055	1066	1058	1070	0
1035	1046	1055	1066	1058	1070	1074	0
1046	1055	1066	1058	1070	1074	1055	0
1055	1066	1058	1070	1074	1055	1058	0
1066	1058	1070	1074	1055	1058	1074	0
1058	1070	1074	1055	1058	1074	1086	0
1070	1074	1055	1058	1074	1086	1097	0
1074	1055	1058	1074	1086	1097	1109	0
1055	1058	1074	1086	1097	1109	1105	0
1058	1074	1086	1097	1109	1105	1090	0
1074	1086	1097	1109	1105	1090	1093	0
1086	1097	1109	1105	1090	1093	1113	0
1097	1109	1105	1090	1093	1113	1093	0
1109	1105	1090	1093	1113	1093	1082	0
1105	1090	1093	1113	1093	1082	1089	0
1090	1093	1113	1093	1082	1089	1094	0
1093	1113	1093	1082	1089	1094	1070	0
1113	1093	1082	1089	1094	1070	1054	0
1093	1082	1089	1094	1070	1054	1066	0
1082	1089	1094	1070	1054	1066	1055	0
1089	1094	1070	1054	1066	1055	1035	0
1094	1070	1054	1066	1055	1035	1058	0
1070	1054	1066	1055	1035	1058	1066	0
1054	1066	1055	1035	1058	1066	1086	0
1066	1055	1035	1058	1066	1086	1074	0
1055	1035	1058	1066	1086	1074	1086	0
1035	1058	1066	1086	1074	1086	1085	0
1058	1066	1086	1074	1086	1085	1070	0
1066	1086	1074	1086	1085	1070	1074	0
1086	1074	1086	1085	1070	1074	1066	0
1074	1086	1085	1070	1074	1066	1062	0
1086	1085	1070	1074	1066	1062	1055	0
1085	1070	1074	1066	1062	1055	1074	0
1070	1074	1066	1062	1055	1074	1089	0
1074	1066	1062	1055	1074	1089	1105	0
1066	1062	1055	1074	1089	1105	1090	0
1062	1055	1074	1089	1105	1090	1093	0
1055	1074	1089	1105	1090	1093	1102	0
1074	1089	1105	1090	1093	1102	1105	0
1089	1105	1090	1093	1102	1105	1093	0
1105	1090	1093	1102	1105	1093	1101	0
1090	1093	1102	1105	1093	1101	1109	0
1093	1102	1105	1093	1101	1109	1101	0
1102	1105	1093	1101	1109	1101	1094	0
1105	1093	1101	1109	1101	1094	1105	0
1093	1101	1109	1101	1094	1105	1105	0
1101	1109	1101	1094	1105	1105	1093	0
1109	1101	1094	1105	1105	1093	1090	0
1101	1094	1105	1105	1093	1090	1089	0
1094	1105	1105	1093	1090	1089	1097	0
1105	1105	1093	1090	1089	1097	1082	0
1105	1093	1090	1089	1097	1082	1078	0
1093	1090	1089	1097	1082	1078	1035	0
1090	1089	1097	1082	1078	1035	1015	0
1089	1097	1082	1078	1035	1015	1063	0
1097	1082	1078	1035	1015	1063	1074	0
1082	1078	1035	1015	1063	1074	1062	0
1078	1035	1015	1063	1074	1062	1066	0
1035	1015	1063	1074	1062	1066	1070	0
1015	1063	1074	1062	1066	1070	1062	0
1063	1074	1062	1066	1070	1062	1063	0
1074	1062	1066	1070	1062	1063	1074	0
1062	1066	1070	1062	1063	1074	1058	0
1066	1070	1062	1063	1074	1058	1004	0
1070	1062	1063	1074	1058	1004	1043	0
1062	1063	1074	1058	1004	1043	1054	0
1063	1074	1058	1004	1043	1054	1062	0
1074	1058	1004	1043	1054	1062	1078	0
1058	1004	1043	1054	1062	1078	1082	0
1004	1043	1054	1062	1078	1082	1082	0
1043	1054	1062	1078	1082	1082	1077	0
1054	1062	1078	1082	1082	1077	1090	0
1062	1078	1082	1082	1077	1090	1097	0
1078	1082	1082	1077	1090	1097	1097	0
1082	1082	1077	1090	1097	1097	1094	0
1082	1077	1090	1097	1097	1094	1089	0
1077	1090	1097	1097	1094	1089	1098	0
1090	1097	1097	1094	1089	1098	1097	0
1097	1097	1094	1089	1098	1097	1109	0
1097	1094	1089	1098	1097	1109	541	0
1094	1089	1098	1097	1109	541	1439	0
1089	1098	1097	1109	541	1439	1172	0
1098	1097	1109	541	1439	1172	1112	1
1097	1109	541	1439	1172	1112	534	0
1109	541	1439	1172	1112	534	1319	0
541	1439	1172	1112	534	1319	1112	0
1439	1172	1112	534	1319	1112	600	1
1172	1112	534	1319	1112	600	1330	0
1112	534	1319	1112	600	1330	1148	0
534	1319	1112	600	1330	1148	1133	1
1319	1112	600	1330	1148	1133	599	0
1112	600	1330	1148	1133	599	1358	0
600	1330	1148	1133	599	1358	1151	0
1330	1148	1133	599	1358	1151	1113	1
1148	1133	599	1358	1151	1113	600	0
1133	599	1358	1151	1113	600	1354	0
599	1358	1151	1113	600	1354	1140	0
1358	1151	1113	600	1354	1140	1097	1
1151	1113	600	1354	1140	1097	529	0
1113	600	1354	1140	1097	529	1343	0
600	1354	1140	1097	529	1343	1124	0
1354	1140	1097	529	1343	1124	1101	1
1140	1097	529	1343	1124	1101	529	0
1097	529	1343	1124	1101	529	1320	0
529	1343	1124	1101	529	1320	1116	0
1343	1124	1101	529	1320	1116	1121	1
1124	1101	529	1320	1116	1121	595	0
1101	529	1320	1116	1121	595	1354	0
529	1320	1116	1121	595	1354	1160	0
1320	1116	1121	595	1354	1160	1155	1
1116	1121	595	1354	1160	1155	1133	0
1121	595	1354	1160	1155	1133	603	0
595	1354	1160	1155	1133	603	1370	0
1354	1160	1155	1133	603	1370	1155	0
1160	1155	1133	603	1370	1155	1109	1
1155	1133	603	1370	1155	1109	599	0
1133	603	1370	1155	1109	599	1370	0
603	1370	1155	1109	599	1370	1152	0
1370	1155	1109	599	1370	1152	1124	1
1155	1109	599	1370	1152	1124	1121	0
1109	599	1370	1152	1124	1121	599	0
599	1370	1152	1124	1121	599	1339	0
1370	1152	1124	1121	599	1339	1140	0
1152	1124	1121	599	1339	1140	1116	1
1124	1121	599	1339	1140	1116	526	0
1121	599	1339	1140	1116	526	1315	0
599	1339	1140	1116	526	1315	1101	0
1339	1140	1116	526	1315	1101	1101	1
1140	1116	526	1315	1101	1101	603	0
1116	526	1315	1101	1101	603	1331	0
526	1315	1101	1101	603	1331	1097	0
1315	1101	1101	603	1331	1097	1063	1
1101	1101	603	1331	1097	1063	1085	0
1101	603	1331	1097	1063	1085	607	0
603	1331	1097	1063	1085	607	1315	0
1331	1097	1063	1085	607	1315	1102	0
1097	1063	1085	607	1315	1102	1105	1
1063	1085	607	1315	1102	1105	1093	0
1085	607	1315	1102	1105	1093	603	0
607	1315	1102	1105	1093	603	1358	0
1315	1102	1105	1093	603	1358	1171	0
1102	1105	1093	603	1358	1171	1125	1
1105	1093	603	1358	1171	1125	1128	0
1093	603	1358	1171	1125	1128	1129	0
603	1358	1171	1125	1128	1129	533	0
1358	1171	1125	1128	1129	533	1330	0
1171	1125	1128	1129	533	1330	1137	0
1125	1128	1129	533	1330	1137	1120	1
1128	1129	533	1330	1137	1120	1101	0
1129	533	1330	1137	1120	1101	1117	0
533	1330	1137	1120	1101	1117	1121	0
1330	1137	1120	1101	1117	1121	603	0
1137	1120	1101	1117	1121	603	1358	0
1120	1101	1117	1121	603	1358	1175	0
1101	1117	1121	603	1358	1175	1163	1
1117	1121	603	1358	1175	1163	1140	0
1121	603	1358	1175	1163	1140	1125	0
603	1358	1175	1163	1140	1125	1128	0
1358	1175	1163	1140	1125	1128	1137	0
1175	1163	1140	1125	1128	1137	1128	0
1163	1140	1125	1128	1137	1128	611	0
1140	1125	1128	1137	1128	611	1381	0
1125	1128	1137	1128	611	1381	1175	0
1128	1137	1128	611	1381	1175	1125	1
1137	1128	611	1381	1175	1125	1109	0
1128	611	1381	1175	1125	1109	1132	0
611	1381	1175	1125	1109	1132	1117	0
1381	1175	1125	1109	1132	1117	611	0
1175	1125	1109	1132	1117	611	1393	0
1125	1109	1132	1117	611	1393	1159	0
1109	1132	1117	611	1393	1159	1140	1
1132	1117	611	1393	1159	1140	1136	0
1117	611	1393	1159	1140	1136	1113	0
611	1393	1159	1140	1136	1113	1129	0
1393	1159	1140	1136	1113	1129	1148	0
1159	1140	1136	1113	1129	1148	1124	0
1140	1136	1113	1129	1148	1124	607	0
1136	1113	1129	1148	1124	607	1362	0
1113	1129	1148	1124	607	1362	1152	0
1129	1148	1124	607	1362	1152	1109	1
1148	1124	607	1362	1152	1109	1120	0
1124	607	1362	1152	1109	1120	1125	0
607	1362	1152	1109	1120	1125	587	0
1362	1152	1109	1120	1125	587	1358	0
1152	1109	1120	1125	587	1358	1168	0
1109	1120	1125	587	1358	1168	1179	1
1120	1125	587	1358	1168	1179	1147	0
1125	587	1358	1168	1179	1147	600	0
587	1358	1168	1179	1147	600	1385	0
1358	1168	1179	1147	600	1385	1175	0
1168	1179	1147	600	1385	1175	1152	1
1179	1147	600	1385	1175	1152	1140	0
1147	600	1385	1175	1152	1140	552	0
600	1385	1175	1152	1140	552	1335	0
1385	1175	1152	1140	552	1335	1128	0
1175	1152	1140	552	1335	1128	1125	1
1152	1140	552	1335	1128	1125	1097	0
1140	552	1335	1128	1125	1097	545	0
552	1335	1128	1125	1097	545	1315	0
1335	1128	1125	1097	545	1315	1136	0
1128	1125	1097	545	1315	1136	1101	1
1125	1097	545	1315	1136	1101	1098	0
1097	545	1315	1136	1101	1098	1113	0
545	1315	1136	1101	1098	1113	1136	0
1315	1136	1101	1098	1113	1136	1113	0
1136	1101	1098	1113	1136	1113	548	0
1101	1098	1113	1136	1113	548	1374	0
1098	1113	1136	1113	548	1374	1144	0
1113	1136	1113	548	1374	1144	1116	1
1136	1113	548	1374	1144	1116	1113	0
1113	548	1374	1144	1116	1113	1109	0
548	1374	1144	1116	1113	1109	1098	0
1374	1144	1116	1113	1109	1098	544	0
1144	1116	1113	1109	1098	544	1327	0
1116	1113	1109	1098	544	1327	1090	0
1113	1109	1098	544	1327	1090	1066	1
1109	1098	544	1327	1090	1066	548	0
1098	544	1327	1090	1066	548	1273	0
544	1327	1090	1066	548	1273	1050	0
1327	1090	1066	548	1273	1050	1035	1
1090	1066	548	1273	1050	1035	533	0
1066	548	1273	1050	1035	533	1296	0
548	1273	1050	1035	533	1296	1055	0
1273	1050	1035	533	1296	1055	1058	1
1050	1035	533	1296	1055	1058	1070	0
1035	533	1296	1055	1058	1070	599	0
533	1296	1055	1058	1070	599	1300	0
1296	1055	1058	1070	599	1300	1101	0
1055	1058	1070	599	1300	1101	1074	1
1058	1070	599	1300	1101	1074	1062	0
1070	599	1300	1101	1074	1062	541	0
599	1300	1101	1074	1062	541	1245	0
1300	1101	1074	1062	541	1245	1039	0
1101	1074	1062	541	1245	1039	1027	1
1074	1062	541	1245	1039	1027	537	0
1062	541	1245	1039	1027	537	1234	0
541	1245	1039	1027	537	1234	1054	0
1245	1039	1027	537	1234	1054	1059	1
1039	1027	537	1234	1054	1059	607	0
1027	537	1234	1054	1059	607	1319	0
537	1234	1054	1059	607	1319	1101	0
1234	1054	1059	607	1319	1101	1058	1
1054	1059	607	1319	1101	1058	1043	0
1059	607	1319	1101	1058	1043	568	0
607	1319	1101	1058	1043	568	1206	0
1319	1101	1058	1043	568	1206	1000	0
1101	1058	1043	568	1206	1000	596	1
1058	1043	568	1206	1000	596	1218	0
1043	568	1206	1000	596	1218	1007	0
568	1206	1000	596	1218	1007	989	1
1206	1000	596	1218	1007	989	988	0
1000	596	1218	1007	989	988	973	0
596	1218	1007	989	988	973	965	0
1218	1007	989	988	973	965	965	0
1007	989	988	973	965	965	965	0
989	988	973	965	965	965	957	0
988	973	965	965	965	957	957	0
973	965	965	965	957	957	969	0
965	965	965	957	957	969	977	0
965	965	957	957	969	977	988	0
965	957	957	969	977	988	1008	0
957	957	969	977	988	1008	1031	0
957	969	977	988	1008	1031	1043	0
969	977	988	1008	1031	1043	1070	0
977	988	1008	1031	1043	1070	1093	0
988	1008	1031	1043	1070	1093	1082	0
1008	1031	1043	1070	1093	1082	1089	0
1031	1043	1070	1093	1082	1089	1109	0
1043	1070	1093	1082	1089	1109	1113	0
1070	1093	1082	1089	1109	1113	1097	0
1093	1082	1089	1109	1113	1097	1109	0
1082	1089	1109	1113	1097	1109	1109	0
1089	1109	1113	1097	1109	1109	1101	0
1109	1113	1097	1109	1109	1101	1098	0
1113	1097	1109	1109	1101	1098	1097	0
1097	1109	1109	1101	1098	1097	1086	0
1109	1109	1101	1098	1097	1086	1074	0
1109	1101	1098	1097	1086	1074	1054	0
1101	1098	1097	1086	1074	1054	1074	0
