389	0	389
486	0	875
495	0	1370
490	0	1860
498	0	2358
494	0	2852
487	0	3339
490	0	3829
494	0	4323
506	0	4829
471	0	5300
482	0	5782
494	0	6276
491	0	6767
478	0	7245
479	0	7724
486	0	8210
494	0	8704
479	0	9183
471	0	9654
443	0	10097
459	0	10556
440	0	10996
514	0	11510
509	0	12019
495	0	12514
502	0	13016
498	0	13514
498	0	14012
506	0	14518
498	0	15016
498	0	15514
505	0	16019
491	0	16510
498	0	17008
498	0	17506
490	0	17996
490	0	18486
498	0	18984
495	0	19479
490	0	19969
498	0	20467
498	0	20965
486	0	21451
498	0	21949
495	0	22444
494	0	22938
494	0	23432
494	0	23926
490	0	24416
498	0	24914
495	0	25409
494	0	25903
494	0	26397
502	0	26899
490	0	27389
494	0	27883
506	0	28389
506	0	28895
494	0	29389
498	0	29887
510	0	30397
506	0	30903
498	0	31401
502	0	31903
494	0	32397
506	0	32903
498	0	33401
498	0	33899
498	0	34397
498	0	34895
502	0	35397
498	0	35895
498	0	36393
494	0	36887
494	0	37381
502	0	37883
494	0	38377
491	0	38868
494	0	39362
498	0	39860
494	0	40354
494	0	40848
494	0	41342
491	0	41833
498	0	42331
498	0	42829
494	0	43323
498	0	43821
490	0	44311
502	0	44813
502	0	45315
502	0	45817
405	1	46222
587	0	46809
502	0	47311
502	0	47813
498	0	48311
498	0	48809
502	0	49311
491	0	49802
498	0	50300
505	0	50805
495	0	51300
505	0	51805
483	0	52288
494	0	52782
506	0	53288
506	0	53794
506	0	54300
513	0	54813
510	0	55323
514	0	55837
509	0	56346
506	0	56852
506	0	57358
506	0	57864
502	0	58366
502	0	58868
502	0	59370
502	0	59872
502	0	60374
505	0	60879
514	0	61393
506	0	61899
498	0	62397
510	0	62907
513	0	63420
498	0	63918
487	0	64405
502	0	64907
513	0	65420
514	0	65934
494	0	66428
514	0	66942
502	0	67444
490	0	67934
498	0	68432
506	0	68938
478	0	69416
495	0	69911
498	0	70409
478	0	70887
483	0	71370
490	0	71860
494	0	72354
486	0	72840
487	0	73327
486	0	73813
494	0	74307
487	0	74794
486	0	75280
494	0	75774
491	0	76265
486	0	76751
498	0	77249
498	0	77747
490	0	78237
495	0	78732
498	0	79230
498	0	79728
490	0	80218
490	0	80708
498	0	81206
502	0	81708
490	0	82198
495	0	82693
502	0	83195
494	0	83689
490	0	84179
506	0	84685
502	0	85187
494	0	85681
498	0	86179
506	0	86685
506	0	87191
490	0	87681
479	0	88160
490	0	88650
494	0	89144
502	0	89646
510	0	90156
498	0	90654
502	0	91156
505	0	91661
499	0	92160
501	0	92661
502	0	93163
498	0	93661
495	0	94156
498	0	94654
498	0	95152
490	0	95642
490	0	96132
498	0	96630
491	0	97121
490	0	97611
490	0	98101
498	0	98599
487	0	99086
486	0	99572
494	0	100066
487	0	100553
486	0	101039
490	0	101529
490	0	102019
491	0	102510
482	0	102992
498	0	103490
498	0	103988
498	0	104486
460	0	104946
459	0	105405
470	0	105875
491	0	106366
494	0	106860
506	0	107366
502	0	107868
506	0	108374
509	0	108883
506	0	109389
502	0	109891
502	0	110393
506	0	110899
502	0	111401
502	0	111903
506	0	112409
502	0	112911
498	0	113409
505	0	113914
495	0	114409
502	0	114911
501	0	115412
495	0	115907
498	0	116405
502	0	116907
498	0	117405
494	0	117899
502	0	118401
490	0	118891
502	0	119393
494	0	119887
490	0	120377
491	0	120868
502	0	121370
502	0	121872
494	0	122366
498	0	122864
510	0	123374
501	0	123875
502	0	124377
510	0	124887
502	0	125389
502	0	125891
514	0	126405
506	0	126911
498	0	127409
509	0	127918
502	0	128420
498	0	128918
506	0	129424
490	0	129914
495	0	130409
502	0	130911
498	0	131409
490	0	131899
502	0	132401
490	0	132891
494	0	133385
498	0	133883
491	0	134374
498	0	134872
494	0	135366
490	0	135856
498	0	136354
490	0	136844
491	0	137335
498	0	137833
494	0	138327
490	0	138817
494	0	139311
498	0	139809
495	0	140304
498	0	140802
498	0	141300
498	0	141798
502	0	142300
498	0	142798
490	0	143288
502	0	143790
498	0	144288
494	0	144782
502	0	145284
494	0	145778
494	0	146272
491	0	146763
498	0	147261
490	0	147751
486	0	148237
483	0	148720
486	0	149206
487	0	149693
490	0	150183
486	0	150669
483	0	151152
486	0	151638
487	0	152125
482	0	152607
486	0	153093
487	0	153580
494	0	154074
482	0	154556
483	0	155039
486	0	155525
494	0	156019
479	0	156498
471	0	156969
482	0	157451
491	0	157942
478	0	158420
487	0	158907
490	0	159397
498	0	159895
475	0	160370
486	0	160856
494	0	161350
487	0	161837
478	0	162315
490	0	162805
495	0	163300
482	0	163782
483	0	164265
482	0	164747
486	0	165233
499	0	165732
486	0	166218
486	0	166704
487	0	167191
494	0	167685
482	0	168167
491	0	168658
490	0	169148
498	0	169646
486	0	170132
494	0	170626
487	0	171113
490	0	171603
490	0	172093
498	0	172591
483	0	173074
482	0	173556
483	0	174039
490	0	174529
487	0	175016
482	0	175498
486	0	175984
487	0	176471
490	0	176961
479	0	177440
459	0	177899
463	0	178362
475	0	178837
482	0	179319
486	0	179805
491	0	180296
490	0	180786
490	0	181276
494	0	181770
491	0	182261
490	0	182751
494	0	183245
487	0	183732
494	0	184226
494	0	184720
498	0	185218
482	0	185700
487	0	186187
486	0	186673
494	0	187167
487	0	187654
494	0	188148
486	0	188634
483	0	189117
490	0	189607
494	0	190101
487	0	190588
482	0	191070
490	0	191560
487	0	192047
486	0	192533
486	0	193019
487	0	193506
486	0	193992
483	0	194475
490	0	194965
490	0	195455
487	0	195942
486	0	196428
494	0	196922
483	0	197405
486	0	197891
494	0	198385
487	0	198872
486	0	199358
482	0	199840
491	0	200331
478	0	200809
483	0	201292
502	0	201794
467	0	202261
482	0	202743
490	0	203233
491	0	203724
478	0	204202
487	0	204689
490	0	205179
486	0	205665
483	0	206148
482	0	206630
487	0	207117
490	0	207607
479	0	208086
502	0	208588
466	0	209054
483	0	209537
486	0	210023
483	0	210506
486	0	210992
487	0	211479
482	0	211961
490	0	212451
483	0	212934
482	0	213416
487	0	213903
486	0	214389
471	0	214860
486	0	215346
479	0	215825
482	0	216307
479	0	216786
486	0	217272
491	0	217763
474	0	218237
487	0	218724
474	0	219198
479	0	219677
494	0	220171
479	0	220650
478	0	221128
487	0	221615
486	0	222101
475	0	222576
486	0	223062
491	0	223553
474	0	224027
467	0	224494
483	0	224977
482	0	225459
467	0	225926
479	0	226405
482	0	226887
483	0	227370
474	0	227844
479	0	228323
486	0	228809
471	0	229280
475	0	229755
478	0	230233
475	0	230708
479	0	231187
478	0	231665
463	0	232128
475	0	232603
475	0	233078
478	0	233556
467	0	234023
467	0	234490
487	0	234977
455	0	235432
471	0	235903
471	0	236374
466	0	236840
456	0	237296
436	0	237732
412	0	238144
463	0	238607
467	0	239074
412	1	239486
533	0	240019
471	0	240490
459	0	240949
483	0	241432
463	0	241895
479	0	242374
466	0	242840
464	0	243304
474	0	243778
475	0	244253
455	0	244708
471	0	245179
475	0	245654
474	0	246128
475	0	246603
471	0	247074
475	0	247549
463	0	248012
474	0	248486
479	0	248965
459	0	249424
479	0	249903
463	0	250366
467	0	250833
474	0	251307
467	0	251774
467	0	252241
471	0	252712
467	0	253179
471	0	253650
459	0	254109
471	0	254580
467	0	255047
455	0	255502
467	0	255969
471	0	256440
463	0	256903
455	0	257358
475	0	257833
467	0	258300
463	0	258763
463	0	259226
467	0	259693
463	0	260156
467	0	260623
470	0	261093
460	0	261553
455	0	262008
467	0	262475
463	0	262938
463	0	263401
455	0	263856
463	0	264319
463	0	264782
451	0	265233
467	0	265700
460	0	266160
455	0	266615
467	0	267082
463	0	267545
463	0	268008
455	0	268463
467	0	268930
459	0	269389
467	0	269856
451	0	270307
471	0	270778
471	0	271249
447	0	271696
467	0	272163
463	0	272626
463	0	273089
467	0	273556
467	0	274023
459	0	274482
471	0	274953
463	0	275416
467	0	275883
448	0	276331
467	0	276798
467	0	277265
459	0	277724
474	0	278198
456	0	278654
463	0	279117
467	0	279584
467	0	280051
467	0	280518
459	0	280977
459	0	281436
471	0	281907
463	0	282370
470	0	282840
456	0	283296
467	0	283763
463	0	284226
455	0	284681
467	0	285148
467	0	285615
459	0	286074
459	0	286533
463	0	286996
455	0	287451
456	0	287907
467	0	288374
455	0	288829
455	0	289284
455	0	289739
463	0	290202
459	0	290661
452	0	291113
428	0	291541
440	0	291981
443	0	292424
405	0	292829
490	0	293319
479	0	293798
455	0	294253
459	0	294712
459	0	295171
463	0	295634
471	0	296105
463	0	296568
451	0	297019
467	0	297486
460	0	297946
451	0	298397
459	0	298856
459	0	299315
459	0	299774
459	0	300233
448	0	300681
467	0	301148
455	0	301603
451	0	302054
464	0	302518
455	0	302973
447	0	303420
455	0	303875
456	0	304331
455	0	304786
444	0	305230
451	0	305681
455	0	306136
440	0	306576
451	0	307027
455	0	307482
444	0	307926
448	0	308374
447	0	308821
455	0	309276
448	0	309724
443	0	310167
432	0	310599
444	0	311043
443	0	311486
448	0	311934
455	0	312389
467	0	312856
451	0	313307
456	0	313763
447	0	314210
451	0	314661
452	0	315113
451	0	315564
452	0	316016
451	0	316467
455	0	316922
448	0	317370
447	0	317817
451	0	318268
452	0	318720
443	0	319163
448	0	319611
440	0	320051
443	0	320494
444	0	320938
439	0	321377
440	0	321817
440	0	322257
455	0	322712
448	0	323160
431	0	323591
425	0	324016
424	0	324440
443	0	324883
456	0	325339
455	0	325794
447	0	326241
463	0	326704
463	0	327167
452	0	327619
463	0	328082
459	0	328541
455	0	328996
471	0	329467
455	0	329922
459	0	330381
459	0	330840
471	0	331311
459	0	331770
460	0	332230
466	0	332696
464	0	333160
466	0	333626
460	0	334086
463	0	334549
451	0	335000
459	0	335459
459	0	335918
459	0	336377
448	0	336825
459	0	337284
459	0	337743
459	0	338202
456	0	338658
459	0	339117
459	0	339576
447	0	340023
459	0	340482
464	0	340946
455	0	341401
463	0	341864
451	0	342315
459	0	342774
459	0	343233
460	0	343693
451	0	344144
463	0	344607
463	0	345070
455	0	345525
452	0	345977
470	0	346447
452	0	346899
459	0	347358
467	0	347825
459	0	348284
463	0	348747
455	0	349202
463	0	349665
456	0	350121
455	0	350576
467	0	351043
482	0	351525
448	0	351973
471	0	352444
463	0	352907
467	0	353374
470	0	353844
463	0	354307
463	0	354770
471	0	355241
471	0	355712
459	0	356171
467	0	356638
471	0	357109
455	0	357564
471	0	358035
467	0	358502
455	0	358957
459	0	359416
456	0	359872
463	0	360335
478	0	360813
459	0	361272
463	0	361735
471	0	362206
475	0	362681
467	0	363148
467	0	363615
478	0	364093
463	0	364556
463	0	365019
467	0	365486
483	0	365969
455	0	366424
471	0	366895
475	0	367370
482	0	367852
459	0	368311
483	0	368794
471	0	369265
459	0	369724
474	0	370198
479	0	370677
463	0	371140
475	0	371615
478	0	372093
475	0	372568
467	0	373035
471	0	373506
475	0	373981
482	0	374463
467	0	374930
467	0	375397
475	0	375872
470	0	376342
471	0	376813
471	0	377284
479	0	377763
474	0	378237
459	0	378696
448	0	379144
455	0	379599
471	0	380070
486	0	380556
483	0	381039
479	0	381518
486	0	382004
482	0	382486
483	0	382969
486	0	383455
479	0	383934
486	0	384420
483	0	384903
478	0	385381
487	0	385868
478	0	386346
487	0	386833
478	0	387311
479	0	387790
482	0	388272
479	0	388751
482	0	389233
479	0	389712
479	0	390191
486	0	390677
479	0	391156
482	0	391638
490	0	392128
475	0	392603
475	0	393078
494	0	393572
482	0	394054
475	0	394529
483	0	395012
486	0	395498
479	0	395977
486	0	396463
490	0	396953
483	0	397436
486	0	397922
490	0	398412
479	0	398891
486	0	399377
479	0	399856
483	0	400339
482	0	400821
490	0	401311
483	0	401794
494	0	402288
490	0	402778
475	0	403253
490	0	403743
483	0	404226
482	0	404708
487	0	405195
482	0	405677
483	0	406160
486	0	406646
479	0	407125
478	0	407603
475	0	408078
482	0	408560
483	0	409043
478	0	409521
483	0	410004
490	0	410494
479	0	410973
482	0	411455
479	0	411934
471	0	412405
486	0	412891
486	0	413377
467	0	413844
467	0	414311
475	0	414786
482	0	415268
479	0	415747
471	0	416218
482	0	416700
467	0	417167
475	0	417642
486	0	418128
460	0	418588
470	0	419058
483	0	419541
467	0	420008
467	0	420475
474	0	420949
475	0	421424
471	0	421895
467	0	422362
475	0	422837
470	0	423307
467	0	423774
479	0	424253
467	0	424720
463	0	425183
471	0	425654
463	0	426117
467	0	426584
470	0	427054
464	0	427518
470	0	427988
475	0	428463
463	0	428926
440	0	429366
455	0	429821
459	0	430280
467	0	430747
483	0	431230
482	0	431712
483	0	432195
482	0	432677
490	0	433167
487	0	433654
486	0	434140
490	0	434630
483	0	435113
494	0	435607
486	0	436093
491	0	436584
478	0	437062
487	0	437549
486	0	438035
486	0	438521
483	0	439004
482	0	439486
483	0	439969
482	0	440451
487	0	440938
486	0	441424
479	0	441903
478	0	442381
491	0	442872
482	0	443354
475	0	443829
478	0	444307
487	0	444794
478	0	445272
491	0	445763
486	0	446249
467	0	446716
471	0	447187
478	0	447665
475	0	448140
479	0	448619
478	0	449097
483	0	449580
471	0	450051
470	0	450521
483	0	451004
463	0	451467
479	0	451946
466	0	452412
471	0	452883
471	0	453354
475	0	453829
482	0	454311
448	0	454759
474	0	455233
471	0	455704
467	0	456171
459	0	456630
463	0	457093
475	0	457568
467	0	458035
479	0	458514
478	0	458992
471	0	459463
471	0	459934
467	0	460401
471	0	460872
463	0	461335
467	0	461802
466	0	462268
467	0	462735
475	0	463210
463	0	463673
483	0	464156
459	0	464615
467	0	465082
471	0	465553
459	0	466012
463	0	466475
482	0	466957
455	0	467412
471	0	467883
467	0	468350
467	0	468817
487	0	469304
455	0	469759
474	0	470233
475	0	470708
471	0	471179
475	0	471654
474	0	472128
471	0	472599
479	0	473078
475	0	473553
486	0	474039
482	0	474521
467	0	474988
475	0	475463
479	0	475942
478	0	476420
475	0	476895
490	0	477385
479	0	477864
471	0	478335
478	0	478813
479	0	479292
478	0	479770
487	0	480257
471	0	480728
478	0	481206
479	0	481685
478	0	482163
483	0	482646
479	0	483125
478	0	483603
486	0	484089
483	0	484572
490	0	485062
479	0	485541
478	0	486019
479	0	486498
483	0	486981
478	0	487459
487	0	487946
478	0	488424
487	0	488911
482	0	489393
482	0	489875
483	0	490358
486	0	490844
491	0	491335
474	0	491809
479	0	492288
479	0	492767
482	0	493249
483	0	493732
486	0	494218
486	0	494704
475	0	495179
482	0	495661
487	0	496148
467	0	496615
471	0	497086
494	0	497580
463	0	498043
478	0	498521
479	0	499000
479	0	499479
482	0	499961
486	0	500447
467	0	500914
479	0	501393
482	0	501875
479	0	502354
483	0	502837
474	0	503311
475	0	503786
479	0	504265
478	0	504743
487	0	505230
494	0	505724
474	0	506198
463	0	506661
471	0	507132
483	0	507615
474	0	508089
479	0	508568
490	0	509058
475	0	509533
486	0	510019
483	0	510502
471	0	510973
490	0	511463
490	0	511953
483	0	512436
490	0	512926
486	0	513412
483	0	513895
510	0	514405
486	0	514891
490	0	515381
491	0	515872
490	0	516362
490	0	516852
494	0	517346
498	0	517844
495	0	518339
498	0	518837
505	0	519342
502	0	519844
491	0	520335
498	0	520833
498	0	521331
506	0	521837
490	0	522327
502	0	522829
502	0	523331
494	0	523825
502	0	524327
490	0	524817
494	0	525311
502	0	525813
502	0	526315
498	0	526813
502	0	527315
498	0	527813
510	0	528323
498	0	528821
498	0	529319
502	0	529821
409	1	530230
603	0	530833
506	0	531339
494	0	531833
474	0	532307
491	0	532798
498	0	533296
506	0	533802
509	0	534311
510	0	534821
506	0	535327
513	0	535840
514	0	536354
514	0	536868
517	0	537385
510	0	537895
506	0	538401
506	0	538907
509	0	539416
506	0	539922
502	0	540424
506	0	540930
498	0	541428
502	0	541930
498	0	542428
498	0	542926
494	0	543420
498	0	543918
494	0	544412
495	0	544907
502	0	545409
498	0	545907
494	0	546401
498	0	546899
506	0	547405
498	0	547903
498	0	548401
502	0	548903
502	0	549405
506	0	549911
498	0	550409
505	0	550914
506	0	551420
510	0	551930
502	0	552432
498	0	552930
502	0	553432
506	0	553938
502	0	554440
498	0	554938
506	0	555444
502	0	555946
501	0	556447
499	0	556946
404	1	557350
588	0	557938
494	0	558432
498	0	558930
393	1	559323
591	0	559914
498	0	560412
499	0	560911
385	1	561296
599	0	561895
498	0	562393
506	0	562899
401	1	563300
591	0	563891
498	0	564389
502	0	564891
490	0	565381
494	0	565875
499	0	566374
494	0	566868
490	0	567358
494	0	567852
498	0	568350
424	1	568774
565	0	569339
505	0	569844
502	0	570346
386	1	570732
599	0	571331
490	0	571821
494	0	572315
502	0	572817
502	0	573319
510	0	573829
369	1	574198
654	0	574852
510	0	575362
510	0	575872
505	0	576377
510	0	576887
510	0	577397
510	0	577907
509	0	578416
510	0	578926
506	0	579432
373	1	579805
646	0	580451
510	0	580961
506	0	581467
506	0	581973
506	0	582479
505	0	582984
506	0	583490
498	0	583988
506	0	584494
502	0	584996
498	0	585494
506	0	586000
377	1	586377
615	0	586992
494	0	587486
498	0	587984
491	0	588475
502	0	588977
490	0	589467
498	0	589965
498	0	590463
502	0	590965
494	0	591459
498	0	591957
494	0	592451
502	0	592953
491	0	593444
498	0	593942
494	0	594436
498	0	594934
494	0	595428
490	0	595918
494	0	596412
491	0	596903
490	0	597393
486	0	597879
491	0	598370
490	0	598860
486	0	599346
389	1	599735
588	0	600323
490	0	600813
483	0	601296
482	0	601778
487	0	602265
482	0	602747
366	1	603113
599	0	603712
486	0	604198
495	0	604693
474	0	605167
483	0	605650
478	0	606128
487	0	606615
486	0	607101
490	0	607591
475	0	608066
483	0	608549
482	0	609031
487	0	609518
490	0	610008
482	0	610490
483	0	610973
401	1	611374
583	0	611957
487	0	612444
494	0	612938
486	0	613424
494	0	613918
487	0	614405
467	0	614872
470	0	615342
483	0	615825
490	0	616315
498	0	616813
494	0	617307
495	0	617802
498	0	618300
505	0	618805
495	0	619300
498	0	619798
506	0	620304
494	0	620798
502	0	621300
502	0	621802
502	0	622304
494	0	622798
506	0	623304
498	0	623802
498	0	624300
502	0	624802
505	0	625307
502	0	625809
506	0	626315
502	0	626817
502	0	627319
514	0	627833
502	0	628335
513	0	628848
514	0	629362
502	0	629864
513	0	630377
518	0	630895
510	0	631405
513	0	631918
518	0	632436
513	0	632949
522	0	633471
362	1	633833
665	0	634498
533	0	635031
522	0	635553
517	0	636070
521	0	636591
522	0	637113
517	0	637630
514	0	638144
521	0	638665
530	0	639195
513	0	639708
510	0	640218
514	0	640732
521	0	641253
510	0	641763
505	0	642268
510	0	642778
502	0	643280
510	0	643790
510	0	644300
509	0	644809
518	0	645327
498	0	645825
506	0	646331
502	0	646833
494	0	647327
502	0	647829
498	0	648327
498	0	648825
506	0	649331
498	0	649829
502	0	650331
509	0	650840
405	1	651245
599	0	651844
514	0	652358
502	0	652860
498	0	653358
506	0	653864
510	0	654374
505	0	654879
502	0	655381
514	0	655895
502	0	656397
498	0	656895
502	0	657397
510	0	657907
502	0	658409
505	0	658914
518	0	659432
502	0	659934
506	0	660440
509	0	660949
506	0	661455
510	0	661965
502	0	662467
510	0	662977
509	0	663486
510	0	663996
506	0	664502
510	0	665012
509	0	665521
506	0	666027
514	0	666541
510	0	667051
517	0	667568
502	0	668070
502	0	668572
514	0	669086
498	0	669584
505	0	670089
506	0	670595
506	0	671101
510	0	671611
510	0	672121
505	0	672626
506	0	673132
506	0	673638
506	0	674144
506	0	674650
513	0	675163
506	0	675669
506	0	676175
502	0	676677
506	0	677183
510	0	677693
505	0	678198
506	0	678704
502	0	679206
502	0	679708
506	0	680214
498	0	680712
385	1	681097
615	0	681712
498	0	682210
490	0	682700
498	0	683198
495	0	683693
494	0	684187
498	0	684685
502	0	685187
494	0	685681
494	0	686175
502	0	686677
506	0	687183
494	0	687677
498	0	688175
502	0	688677
498	0	689175
494	0	689669
510	0	690179
502	0	690681
494	0	691175
494	0	691669
502	0	692171
498	0	692669
494	0	693163
502	0	693665
506	0	694171
490	0	694661
417	1	695078
587	0	695665
498	0	696163
495	0	696658
498	0	697156
412	1	697568
580	0	698148
498	0	698646
498	0	699144
494	0	699638
498	0	700136
502	0	700638
374	1	701012
626	0	701638
506	0	702144
510	0	702654
502	0	703156
513	0	703669
514	0	704183
525	0	704708
522	0	705230
517	0	705747
521	0	706268
530	0	706798
541	0	707339
544	0	707883
545	0	708428
556	0	708984
561	0	709545
576	0	710121
560	0	710681
549	0	711230
537	0	711767
533	0	712300
537	0	712837
525	0	713362
513	0	713875
514	0	714389
502	0	714891
502	0	715393
494	0	715887
490	0	716377
491	0	716868
482	0	717350
487	0	717837
486	0	718323
482	0	718805
460	0	719265
459	0	719724
471	0	720195
490	0	720685
482	0	721167
506	0	721673
490	0	722163
362	1	722525
627	0	723152
513	0	723665
495	0	724160
365	1	724525
642	0	725167
510	0	725677
506	0	726183
506	0	726689
506	0	727195
369	1	727564
627	0	728191
498	0	728689
498	0	729187
498	0	729685
506	0	730191
494	0	730685
490	0	731175
502	0	731677
483	0	732160
482	0	732642
486	0	733128
498	0	733626
475	0	734101
498	0	734599
490	0	735089
405	1	735494
580	0	736074
502	0	736576
490	0	737066
413	1	737479
579	0	738058
491	0	738549
486	0	739035
490	0	739525
494	0	740019
487	0	740506
482	0	740988
487	0	741475
486	0	741961
486	0	742447
499	0	742946
478	0	743424
487	0	743911
494	0	744405
486	0	744891
475	0	745366
486	0	745852
487	0	746339
482	0	746821
490	0	747311
487	0	747798
482	0	748280
487	0	748767
494	0	749261
482	0	749743
479	0	750222
490	0	750712
490	0	751202
479	0	751681
486	0	752167
479	0	752646
482	0	753128
479	0	753607
475	0	754082
478	0	754560
475	0	755035
366	1	755401
583	0	755984
475	0	756459
354	1	756813
596	0	757409
466	0	757875
374	1	758249
572	0	758821
475	0	759296
467	0	759763
467	0	760230
381	1	760611
556	0	761167
479	0	761646
471	0	762117
471	0	762588
474	0	763062
475	0	763537
471	0	764008
482	0	764490
475	0	764965
475	0	765440
443	0	765883
487	0	766370
494	0	766864
478	0	767342
471	0	767813
475	0	768288
479	0	768767
470	0	769237
475	0	769712
479	0	770191
362	1	770553
603	0	771156
478	0	771634
463	0	772097
471	0	772568
467	0	773035
385	1	773420
561	0	773981
478	0	774459
483	0	774942
478	0	775420
471	0	775891
471	0	776362
482	0	776844
471	0	777315
471	0	777786
463	0	778249
475	0	778724
474	0	779198
467	0	779665
475	0	780140
471	0	780611
463	0	781074
471	0	781545
474	0	782019
460	0	782479
478	0	782957
475	0	783432
463	0	783895
475	0	784370
463	0	784833
467	0	785300
470	0	785770
475	0	786245
467	0	786712
467	0	787179
475	0	787654
478	0	788132
467	0	788599
467	0	789066
471	0	789537
475	0	790012
474	0	790486
471	0	790957
479	0	791436
471	0	791907
478	0	792385
487	0	792872
474	0	793346
467	0	793813
483	0	794296
474	0	794770
491	0	795261
474	0	795735
479	0	796214
486	0	796700
483	0	797183
482	0	797665
491	0	798156
486	0	798642
479	0	799121
486	0	799607
479	0	800086
490	0	800576
502	0	801078
490	0	801568
479	0	802047
478	0	802525
479	0	803004
490	0	803494
487	0	803981
486	0	804467
494	0	804961
475	0	805436
486	0	805922
479	0	806401
478	0	806879
479	0	807358
475	0	807833
474	0	808307
475	0	808782
467	0	809249
467	0	809716
471	0	810187
467	0	810654
471	0	811125
474	0	811599
467	0	812066
475	0	812541
467	0	813008
471	0	813479
470	0	813949
463	0	814412
374	1	814786
568	0	815354
471	0	815825
475	0	816300
470	0	816770
479	0	817249
467	0	817716
471	0	818187
471	0	818658
474	0	819132
475	0	819607
475	0	820082
478	0	820560
487	0	821047
478	0	821525
471	0	821996
483	0	822479
486	0	822965
475	0	823440
478	0	823918
483	0	824401
482	0	824883
479	0	825362
490	0	825852
483	0	826335
478	0	826813
487	0	827300
490	0	827790
486	0	828276
487	0	828763
482	0	829245
475	0	829720
506	0	830226
467	0	830693
486	0	831179
494	0	831673
475	0	832148
478	0	832626
471	0	833097
471	0	833568
467	0	834035
467	0	834502
471	0	834973
463	0	835436
471	0	835907
470	0	836377
471	0	836848
393	1	837241
557	0	837798
478	0	838276
483	0	838759
471	0	839230
482	0	839712
475	0	840187
471	0	840658
478	0	841136
479	0	841615
471	0	842086
478	0	842564
490	0	843054
479	0	843533
471	0	844004
475	0	844479
482	0	844961
486	0	845447
495	0	845942
494	0	846436
490	0	846926
483	0	847409
490	0	847899
498	0	848397
486	0	848883
487	0	849370
494	0	849864
486	0	850350
483	0	850833
474	0	851307
475	0	851782
479	0	852261
478	0	852739
487	0	853226
470	0	853696
440	1	854136
533	0	854669
475	0	855144
490	0	855634
494	0	856128
502	0	856630
498	0	857128
498	0	857626
499	0	858125
505	0	858630
491	0	859121
498	0	859619
490	0	860109
498	0	860607
498	0	861105
510	0	861615
502	0	862117
502	0	862619
498	0	863117
502	0	863619
509	0	864128
366	1	864494
646	0	865140
506	0	865646
502	0	866148
502	0	866650
506	0	867156
502	0	867658
502	0	868160
509	0	868669
506	0	869175
506	0	869681
502	0	870183
502	0	870685
506	0	871191
517	0	871708
525	0	872233
502	0	872735
487	0	873222
498	0	873720
506	0	874226
509	0	874735
514	0	875249
518	0	875767
517	0	876284
518	0	876802
517	0	877319
525	0	877844
514	0	878358
514	0	878872
513	0	879385
506	0	879891
506	0	880397
510	0	880907
505	0	881412
514	0	881926
506	0	882432
502	0	882934
502	0	883436
502	0	883938
506	0	884444
505	0	884949
498	0	885447
502	0	885949
510	0	886459
502	0	886961
498	0	887459
510	0	887969
506	0	888475
494	0	888969
502	0	889471
502	0	889973
506	0	890479
505	0	890984
502	0	891486
502	0	891988
378	1	892366
618	0	892984
498	0	893482
502	0	893984
498	0	894482
502	0	894984
498	0	895482
495	0	895977
494	0	896471
498	0	896969
490	0	897459
494	0	897953
498	0	898451
491	0	898942
498	0	899440
490	0	899930
494	0	900424
494	0	900918
491	0	901409
502	0	901911
494	0	902405
498	0	902903
498	0	903401
416	1	903817
580	0	904397
494	0	904891
490	0	905381
498	0	905879
502	0	906381
494	0	906875
495	0	907370
498	0	907868
498	0	908366
498	0	908864
498	0	909362
502	0	909864
498	0	910362
498	0	910860
490	0	911350
498	0	911848
502	0	912350
494	0	912844
495	0	913339
498	0	913837
498	0	914335
502	0	914837
494	0	915331
354	1	915685
634	0	916319
502	0	916821
498	0	917319
494	0	917813
498	0	918311
498	0	918809
498	0	919307
498	0	919805
502	0	920307
498	0	920805
506	0	921311
502	0	921813
506	0	922319
506	0	922825
510	0	923335
509	0	923844
506	0	924350
510	0	924860
502	0	925362
502	0	925864
502	0	926366
513	0	926879
510	0	927389
502	0	927891
502	0	928393
358	1	928751
665	0	929416
506	0	929922
506	0	930428
514	0	930942
505	0	931447
499	0	931946
501	0	932447
518	0	932965
498	0	933463
494	0	933957
506	0	934463
510	0	934973
494	0	935467
514	0	935981
373	1	936354
611	0	936965
502	0	937467
494	0	937961
494	0	938455
502	0	938957
490	0	939447
495	0	939942
498	0	940440
490	0	940930
502	0	941432
498	0	941930
498	0	942428
502	0	942930
502	0	943432
502	0	943934
502	0	944436
506	0	944942
502	0	945444
505	0	945949
506	0	946455
510	0	946965
498	0	947463
506	0	947969
513	0	948482
506	0	948988
506	0	949494
510	0	950004
358	1	950362
657	0	951019
518	0	951537
514	0	952051
358	1	952409
653	0	953062
522	0	953584
517	0	954101
510	0	954611
517	0	955128
522	0	955650
521	0	956171
518	0	956689
521	0	957210
522	0	957732
521	0	958253
517	0	958770
351	1	959121
681	0	959802
517	0	960319
518	0	960837
517	0	961354
518	0	961872
509	0	962381
506	0	962887
514	0	963401
513	0	963914
510	0	964424
510	0	964934
513	0	965447
510	0	965957
506	0	966463
510	0	966973
509	0	967482
506	0	967988
506	0	968494
510	0	969004
506	0	969510
498	0	970008
502	0	970510
506	0	971016
498	0	971514
494	0	972008
506	0	972514
498	0	973012
494	0	973506
498	0	974004
494	0	974498
494	0	974992
494	0	975486
498	0	975984
491	0	976475
494	0	976969
502	0	977471
486	0	977957
494	0	978451
495	0	978946
494	0	979440
494	0	979934
494	0	980428
498	0	980926
498	0	981424
502	0	981926
490	0	982416
498	0	982914
495	0	983409
490	0	983899
498	0	984397
494	0	984891
483	0	985374
490	0	985864
494	0	986358
490	0	986848
483	0	987331
482	0	987813
494	0	988307
491	0	988798
365	1	989163
604	0	989767
486	0	990253
486	0	990739
483	0	991222
482	0	991704
483	0	992187
490	0	992677
490	0	993167
494	0	993661
491	0	994152
494	0	994646
502	0	995148
494	0	995642
498	0	996140
494	0	996634
506	0	997140
502	0	997642
502	0	998144
506	0	998650
506	0	999156
498	0	999654
502	0	1000156
494	0	1000650
498	0	1001148
498	0	1001646
490	0	1002136
494	0	1002630
491	0	1003121
502	0	1003623
490	0	1004113
486	0	1004599
502	0	1005101
487	0	1005588
490	0	1006078
498	0	1006576
490	0	1007066
490	0	1007556
495	0	1008051
494	0	1008545
498	0	1009043
490	0	1009533
494	0	1010027
498	0	1010525
498	0	1011023
354	1	1011377
631	0	1012008
498	0	1012506
498	0	1013004
502	0	1013506
490	0	1013996
494	0	1014490
494	0	1014984
495	0	1015479
494	0	1015973
494	0	1016467
506	0	1016973
506	0	1017479
502	0	1017981
494	0	1018475
498	0	1018973
490	0	1019463
502	0	1019965
502	0	1020467
514	0	1020981
505	0	1021486
510	0	1021996
510	0	1022506
506	0	1023012
513	0	1023525
510	0	1024035
510	0	1024545
408	1	1024953
619	0	1025572
510	0	1026082
506	0	1026588
513	0	1027101
502	0	1027603
498	0	1028101
490	0	1028591
506	0	1029097
397	1	1029494
592	0	1030086
505	0	1030591
495	0	1031086
494	0	1031580
502	0	1032082
494	0	1032576
494	0	1033070
486	0	1033556
495	0	1034051
494	0	1034545
494	0	1035039
486	0	1035525
498	0	1036023
498	0	1036521
479	0	1037000
482	0	1037482
483	0	1037965
486	0	1038451
487	0	1038938
385	1	1039323
580	0	1039903
478	0	1040381
479	0	1040860
475	0	1041335
474	0	1041809
471	0	1042280
479	0	1042759
467	0	1043226
474	0	1043700
479	0	1044179
471	0	1044650
475	0	1045125
490	0	1045615
482	0	1046097
491	0	1046588
482	0	1047070
494	0	1047564
498	0	1048062
494	0	1048556
510	0	1049066
514	0	1049580
509	0	1050089
522	0	1050611
521	0	1051132
533	0	1051665
541	0	1052206
553	0	1052759
564	0	1053323
568	0	1053891
560	0	1054451
568	0	1055019
545	0	1055564
537	0	1056101
553	0	1056654
552	0	1057206
526	0	1057732
525	0	1058257
533	0	1058790
541	0	1059331
506	0	1059837
505	0	1060342
498	0	1060840
502	0	1061342
483	0	1061825
482	0	1062307
491	0	1062798
389	1	1063187
576	0	1063763
478	0	1064241
475	0	1064716
479	0	1065195
482	0	1065677
475	0	1066152
478	0	1066630
475	0	1067105
471	0	1067576
397	1	1067973
545	0	1068518
478	0	1068996
475	0	1069471
467	0	1069938
463	0	1070401
471	0	1070872
467	0	1071339
478	0	1071817
463	0	1072280
471	0	1072751
471	0	1073222
471	0	1073693
463	0	1074156
478	0	1074634
467	0	1075101
471	0	1075572
463	0	1076035
475	0	1076510
474	0	1076984
463	0	1077447
471	0	1077918
475	0	1078393
475	0	1078868
471	0	1079339
474	0	1079813
475	0	1080288
486	0	1080774
471	0	1081245
475	0	1081720
475	0	1082195
486	0	1082681
475	0	1083156
474	0	1083630
475	0	1084105
471	0	1084576
478	0	1085054
479	0	1085533
479	0	1086012
474	0	1086486
502	0	1086988
471	0	1087459
502	0	1087961
506	0	1088467
490	0	1088957
479	0	1089436
475	0	1089911
470	0	1090381
491	0	1090872
509	0	1091381
510	0	1091891
518	0	1092409
513	0	1092922
518	0	1093440
517	0	1093957
510	0	1094467
521	0	1094988
514	0	1095502
514	0	1096016
381	1	1096397
642	0	1097039
502	0	1097541
373	1	1097914
635	0	1098549
502	0	1099051
505	0	1099556
495	0	1100051
474	1	1100525
518	0	1101043
486	0	1101529
487	0	1102016
478	0	1102494
467	0	1102961
467	0	1103428
467	0	1103895
471	0	1104366
463	0	1104829
471	0	1105300
467	0	1105767
470	0	1106237
463	0	1106700
479	0	1107179
471	0	1107650
475	0	1108125
474	0	1108599
479	0	1109078
482	0	1109560
483	0	1110043
486	0	1110529
494	0	1111023
483	0	1111506
482	0	1111988
483	0	1112471
486	0	1112957
483	0	1113440
474	0	1113914
487	0	1114401
478	0	1114879
495	0	1115374
474	0	1115848
487	0	1116335
486	0	1116821
502	0	1117323
510	0	1117833
490	0	1118323
498	0	1118821
510	0	1119331
369	1	1119700
639	0	1120339
494	0	1120833
490	0	1121323
455	1	1121778
537	0	1122315
494	0	1122809
491	0	1123300
482	0	1123782
479	0	1124261
486	0	1124747
479	0	1125226
482	0	1125708
479	0	1126187
474	0	1126661
479	0	1127140
475	0	1127615
478	0	1128093
471	0	1128564
471	0	1129035
475	0	1129510
478	0	1129988
467	0	1130455
471	0	1130926
471	0	1131397
467	0	1131864
467	0	1132331
467	0	1132798
470	0	1133268
467	0	1133735
467	0	1134202
471	0	1134673
475	0	1135148
463	0	1135611
471	0	1136082
467	1	1136549
482	0	1137031
475	0	1137506
478	0	1137984
475	0	1138459
475	0	1138934
475	0	1139409
478	0	1139887
483	0	1140370
478	0	1140848
498	0	1141346
475	0	1141821
490	0	1142311
487	0	1142798
482	0	1143280
490	0	1143770
502	0	1144272
362	1	1144634
615	0	1145249
467	0	1145716
482	0	1146198
479	0	1146677
486	0	1147163
487	0	1147650
482	0	1148132
479	0	1148611
494	0	1149105
486	0	1149591
475	0	1150066
483	0	1150549
490	0	1151039
486	0	1151525
471	0	1151996
475	0	1152471
482	0	1152953
471	0	1153424
471	0	1153895
475	0	1154370
474	0	1154844
479	0	1155323
424	1	1155747
518	0	1156265
470	0	1156735
467	0	1157202
467	0	1157669
467	0	1158136
475	0	1158611
467	0	1159078
467	0	1159545
467	0	1160012
467	0	1160479
470	0	1160949
467	0	1161416
463	0	1161879
471	0	1162350
463	0	1162813
471	0	1163284
467	0	1163751
467	0	1164218
467	0	1164685
471	0	1165156
478	0	1165634
479	0	1166113
467	0	1166580
478	0	1167058
491	0	1167549
478	0	1168027
487	0	1168514
482	0	1168996
479	0	1169475
482	0	1169957
475	0	1170432
490	0	1170922
479	0	1171401
482	0	1171883
479	0	1172362
482	0	1172844
483	0	1173327
478	0	1173805
479	0	1174284
490	0	1174774
487	0	1175261
490	0	1175751
479	0	1176230
470	0	1176700
483	0	1177183
475	0	1177658
498	0	1178156
505	0	1178661
518	0	1179179
525	0	1179704
529	0	1180233
522	0	1180755
525	0	1181280
522	0	1181802
509	0	1182311
514	0	1182825
514	0	1183339
509	0	1183848
514	0	1184362
506	0	1184868
502	0	1185370
498	0	1185868
494	0	1186362
486	0	1186848
494	0	1187342
479	0	1187821
490	0	1188311
494	0	1188805
479	0	1189284
498	0	1189782
479	0	1190261
494	0	1190755
486	0	1191241
498	0	1191739
483	0	1192222
486	0	1192708
487	0	1193195
478	0	1193673
479	0	1194152
478	0	1194630
487	0	1195117
482	0	1195599
487	0	1196086
478	0	1196564
487	0	1197051
482	0	1197533
483	0	1198016
478	0	1198494
483	0	1198977
478	0	1199455
483	0	1199938
486	0	1200424
467	0	1200891
483	0	1201374
474	0	1201848
467	0	1202315
475	0	1202790
482	0	1203272
479	0	1203751
475	0	1204226
474	0	1204700
475	0	1205175
483	0	1205658
482	0	1206140
475	0	1206615
471	0	1207086
470	0	1207556
471	0	1208027
479	0	1208506
475	0	1208981
470	0	1209451
475	0	1209926
467	0	1210393
471	0	1210864
486	0	1211350
479	0	1211829
471	0	1212300
478	0	1212778
479	0	1213257
471	0	1213728
470	0	1214198
471	0	1214669
483	0	1215152
474	0	1215626
471	0	1216097
479	0	1216576
482	0	1217058
475	0	1217533
475	0	1218008
482	0	1218490
494	0	1218984
479	0	1219463
483	0	1219946
482	0	1220428
479	0	1220907
494	0	1221401
486	0	1221887
490	0	1222377
487	0	1222864
490	0	1223354
494	0	1223848
487	0	1224335
502	0	1224837
377	1	1225214
576	0	1225790
467	0	1226257
471	0	1226728
478	0	1227206
487	0	1227693
486	0	1228179
490	0	1228669
491	0	1229160
385	1	1229545
580	0	1230125
486	0	1230611
482	0	1231093
495	0	1231588
470	0	1232058
483	0	1232541
490	0	1233031
475	0	1233506
482	0	1233988
475	0	1234463
483	0	1234946
482	0	1235428
479	0	1235907
474	0	1236381
483	0	1236864
475	0	1237339
486	0	1237825
482	0	1238307
471	0	1238778
479	0	1239257
478	0	1239735
487	0	1240222
482	0	1240704
483	0	1241187
482	0	1241669
479	0	1242148
486	0	1242634
440	0	1243074
514	0	1243588
498	0	1244086
494	0	1244580
486	0	1245066
479	0	1245545
482	0	1246027
483	0	1246510
482	0	1246992
490	0	1247482
487	0	1247969
486	0	1248455
483	0	1248938
486	0	1249424
487	0	1249911
478	0	1250389
475	0	1250864
486	0	1251350
487	0	1251837
478	0	1252315
494	0	1252809
475	0	1253284
479	0	1253763
478	0	1254241
487	0	1254728
482	0	1255210
490	0	1255700
487	0	1256187
490	0	1256677
486	0	1257163
483	0	1257646
479	0	1258125
470	0	1258595
479	0	1259074
479	0	1259553
478	0	1260031
483	0	1260514
478	0	1260992
494	0	1261486
475	0	1261961
483	0	1262444
490	0	1262934
490	0	1263424
483	0	1263907
474	0	1264381
487	0	1264868
478	0	1265346
487	0	1265833
478	0	1266311
483	0	1266794
474	0	1267268
479	0	1267747
479	0	1268226
474	0	1268700
475	0	1269175
475	0	1269650
475	0	1270125
474	0	1270599
483	0	1271082
447	0	1271529
471	0	1272000
471	0	1272471
467	0	1272938
471	0	1273409
466	0	1273875
467	0	1274342
471	0	1274813
471	0	1275284
467	0	1275751
475	0	1276226
470	0	1276696
471	0	1277167
463	0	1277630
471	0	1278101
459	0	1278560
467	0	1279027
479	0	1279506
471	0	1279977
482	0	1280459
420	1	1280879
491	0	1281370
470	0	1281840
487	0	1282327
366	1	1282693
614	0	1283307
502	0	1283809
479	0	1284288
486	0	1284774
491	0	1285265
498	0	1285763
498	0	1286261
482	0	1286743
483	0	1287226
498	0	1287724
498	0	1288222
498	0	1288720
494	0	1289214
502	0	1289716
502	0	1290218
498	0	1290716
502	0	1291218
498	0	1291716
494	0	1292210
498	0	1292708
506	0	1293214
506	0	1293720
506	0	1294226
506	0	1294732
498	0	1295230
494	0	1295724
502	0	1296226
502	0	1296728
494	0	1297222
506	0	1297728
486	0	1298214
498	0	1298712
506	0	1299218
514	0	1299732
498	0	1300230
513	0	1300743
498	0	1301241
498	0	1301739
518	0	1302257
498	0	1302755
490	0	1303245
502	0	1303747
506	0	1304253
498	0	1304751
502	0	1305253
498	0	1305751
486	0	1306237
502	0	1306739
483	0	1307222
478	0	1307700
483	0	1308183
475	0	1308658
498	0	1309156
474	0	1309630
491	0	1310121
490	0	1310611
475	0	1311086
490	0	1311576
482	0	1312058
487	0	1312545
482	0	1313027
491	0	1313518
490	0	1314008
490	0	1314498
498	0	1314996
490	0	1315486
487	0	1315973
486	0	1316459
494	0	1316953
487	0	1317440
494	0	1317934
498	0	1318432
494	0	1318926
502	0	1319428
362	1	1319790
611	0	1320401
498	0	1320899
475	0	1321374
498	0	1321872
467	0	1322339
490	0	1322829
482	0	1323311
475	0	1323786
479	0	1324265
474	0	1324739
479	0	1325218
451	0	1325669
463	0	1326132
463	0	1326595
471	0	1327066
475	0	1327541
490	0	1328031
494	0	1328525
494	0	1329019
495	0	1329514
505	0	1330019
495	0	1330514
494	0	1331008
506	0	1331514
509	0	1332023
506	0	1332529
502	0	1333031
502	0	1333533
506	0	1334039
494	0	1334533
502	0	1335035
506	0	1335541
506	0	1336047
498	0	1336545
506	0	1337051
502	0	1337553
501	0	1338054
506	0	1338560
502	0	1339062
494	0	1339556
498	0	1340054
499	0	1340553
494	0	1341047
494	0	1341541
498	0	1342039
490	0	1342529
487	0	1343016
498	0	1343514
494	0	1344008
490	0	1344498
502	0	1345000
494	0	1345494
490	0	1345984
495	0	1346479
498	0	1346977
494	0	1347471
502	0	1347973
509	0	1348482
499	0	1348981
501	0	1349482
514	0	1349996
510	0	1350506
510	0	1351016
505	0	1351521
374	1	1351895
650	0	1352545
513	0	1353058
366	1	1353424
654	0	1354078
510	0	1354588
513	0	1355101
510	0	1355611
506	0	1356117
513	0	1356630
502	0	1357132
502	0	1357634
502	0	1358136
506	0	1358642
502	0	1359144
502	0	1359646
502	0	1360148
502	0	1360650
498	0	1361148
502	0	1361650
510	0	1362160
509	0	1362669
506	0	1363175
502	0	1363677
498	0	1364175
494	0	1364669
502	0	1365171
510	0	1365681
502	0	1366183
502	0	1366685
517	0	1367202
514	0	1367716
502	0	1368218
498	0	1368716
510	0	1369226
498	0	1369724
506	0	1370230
498	0	1370728
505	0	1371233
390	1	1371623
610	0	1372233
510	0	1372743
487	0	1373230
502	0	1373732
501	0	1374233
358	1	1374591
607	0	1375198
487	0	1375685
486	0	1376171
490	0	1376661
499	0	1377160
490	0	1377650
498	0	1378148
366	1	1378514
611	0	1379125
505	0	1379630
495	0	1380125
486	0	1380611
494	0	1381105
490	0	1381595
502	0	1382097
475	0	1382572
486	0	1383058
491	0	1383549
494	0	1384043
482	0	1384525
479	0	1385004
486	0	1385490
498	0	1385988
479	0	1386467
482	0	1386949
483	0	1387432
482	0	1387914
483	0	1388397
482	0	1388879
487	0	1389366
486	0	1389852
483	0	1390335
482	0	1390817
483	0	1391300
490	0	1391790
490	0	1392280
475	0	1392755
478	0	1393233
483	0	1393716
475	0	1394191
478	0	1394669
483	0	1395152
474	0	1395626
479	0	1396105
486	0	1396591
471	0	1397062
475	0	1397537
482	0	1398019
475	0	1398494
475	0	1398969
471	0	1399440
474	0	1399914
475	0	1400389
479	0	1400868
486	0	1401354
479	0	1401833
482	0	1402315
487	0	1402802
486	0	1403288
482	0	1403770
491	0	1404261
486	0	1404747
490	0	1405237
491	0	1405728
486	0	1406214
482	0	1406696
487	0	1407183
482	0	1407665
491	0	1408156
482	0	1408638
483	0	1409121
486	0	1409607
490	0	1410097
483	0	1410580
490	0	1411070
494	0	1411564
487	0	1412051
482	0	1412533
486	0	1413019
499	0	1413518
482	0	1414000
490	0	1414490
483	0	1414973
482	0	1415455
494	0	1415949
487	0	1416436
490	0	1416926
498	0	1417424
494	0	1417918
494	0	1418412
479	0	1418891
494	0	1419385
498	0	1419883
491	0	1420374
490	0	1420864
498	0	1421362
498	0	1421860
401	1	1422261
587	0	1422848
491	0	1423339
490	0	1423829
490	0	1424319
498	0	1424817
494	0	1425311
498	0	1425809
498	0	1426307
495	0	1426802
505	0	1427307
498	0	1427805
506	0	1428311
514	0	1428825
506	0	1429331
509	0	1429840
510	0	1430350
510	0	1430860
514	0	1431374
505	0	1431879
510	0	1432389
518	0	1432907
509	0	1433416
362	1	1433778
654	0	1434432
514	0	1434946
513	0	1435459
506	0	1435965
502	0	1436467
502	0	1436969
502	0	1437471
502	0	1437973
509	0	1438482
499	0	1438981
509	0	1439490
518	0	1440008
513	0	1440521
510	0	1441031
502	0	1441533
506	0	1442039
514	0	1442553
513	0	1443066
518	0	1443584
509	0	1444093
522	0	1444615
513	0	1445128
510	0	1445638
506	0	1446144
385	1	1446529
666	0	1447195
525	0	1447720
513	0	1448233
495	0	1448728
505	0	1449233
514	0	1449747
518	0	1450265
521	0	1450786
518	0	1451304
509	0	1451813
522	0	1452335
509	0	1452844
506	0	1453350
498	0	1453848
506	0	1454354
502	0	1454856
498	0	1455354
502	0	1455856
490	0	1456346
502	0	1456848
487	0	1457335
490	0	1457825
498	0	1458323
494	0	1458817
490	0	1459307
487	0	1459794
490	0	1460284
494	0	1460778
494	0	1461272
479	0	1461751
486	0	1462237
483	0	1462720
482	0	1463202
483	0	1463685
494	0	1464179
463	0	1464642
490	0	1465132
483	0	1465615
482	0	1466097
483	0	1466580
486	0	1467066
490	0	1467556
487	0	1468043
486	0	1468529
483	0	1469012
474	0	1469486
498	0	1469984
479	0	1470463
486	0	1470949
491	0	1471440
502	0	1471942
498	0	1472440
478	0	1472918
463	0	1473381
479	0	1473860
482	0	1474342
487	0	1474829
494	0	1475323
498	0	1475821
494	0	1476315
494	0	1476809
498	0	1477307
498	0	1477805
506	0	1478311
491	0	1478802
494	0	1479296
490	0	1479786
498	0	1480284
494	0	1480778
494	0	1481272
491	0	1481763
494	0	1482257
494	0	1482751
494	0	1483245
487	0	1483732
494	0	1484226
490	0	1484716
494	0	1485210
486	0	1485696
491	0	1486187
486	0	1486673
498	0	1487171
490	0	1487661
491	0	1488152
494	0	1488646
494	0	1489140
494	0	1489634
491	0	1490125
494	0	1490619
494	0	1491113
490	0	1491603
502	0	1492105
510	0	1492615
498	0	1493113
502	0	1493615
510	0	1494125
509	0	1494634
510	0	1495144
510	0	1495654
513	0	1496167
506	0	1496673
506	0	1497179
517	0	1497696
514	0	1498210
510	0	1498720
513	0	1499233
522	0	1499755
513	0	1500268
514	0	1500782
514	0	1501296
517	0	1501813
510	0	1502323
517	0	1502840
522	0	1503362
513	0	1503875
514	0	1504389
518	0	1504907
521	0	1505428
518	0	1505946
513	0	1506459
522	0	1506981
509	0	1507490
510	0	1508000
510	0	1508510
502	0	1509012
502	0	1509514
509	0	1510023
495	0	1510518
369	1	1510887
619	0	1511506
510	0	1512016
502	0	1512518
474	0	1512992
502	0	1513494
494	0	1513988
491	0	1514479
498	0	1514977
498	0	1515475
509	0	1515984
502	0	1516486
487	0	1516973
478	0	1517451
498	0	1517949
491	0	1518440
502	0	1518942
502	0	1519444
502	0	1519946
501	0	1520447
499	0	1520946
498	0	1521444
498	0	1521942
490	0	1522432
502	0	1522934
498	0	1523432
494	0	1523926
490	0	1524416
495	0	1524911
494	0	1525405
498	0	1525903
482	0	1526385
490	0	1526875
483	0	1527358
486	0	1527844
495	0	1528339
486	0	1528825
494	0	1529319
479	0	1529798
451	0	1530249
479	0	1530728
482	0	1531210
483	0	1531693
490	0	1532183
502	0	1532685
506	0	1533191
509	0	1533700
518	0	1534218
514	0	1534732
509	0	1535241
506	0	1535747
506	0	1536253
502	0	1536755
506	0	1537261
498	0	1537759
506	0	1538265
509	0	1538774
498	0	1539272
498	0	1539770
495	0	1540265
498	0	1540763
498	0	1541261
502	0	1541763
498	0	1542261
494	0	1542755
490	0	1543245
494	0	1543739
498	0	1544237
506	0	1544743
502	0	1545245
487	0	1545732
501	0	1546233
499	0	1546732
498	0	1547230
502	0	1547732
509	0	1548241
491	0	1548732
490	0	1549222
482	0	1549704
498	0	1550202
487	0	1550689
494	0	1551183
486	0	1551669
491	0	1552160
490	0	1552650
494	0	1553144
486	0	1553630
495	0	1554125
474	0	1554599
490	0	1555089
495	0	1555584
478	0	1556062
487	0	1556549
486	0	1557035
475	0	1557510
486	0	1557996
486	0	1558482
483	0	1558965
494	0	1559459
498	0	1559957
479	0	1560436
490	0	1560926
494	0	1561420
494	0	1561914
495	0	1562409
486	0	1562895
494	0	1563389
494	0	1563883
494	0	1564377
491	0	1564868
490	0	1565358
482	0	1565840
499	0	1566339
486	0	1566825
490	0	1567315
487	0	1567802
490	0	1568292
494	0	1568786
486	0	1569272
502	0	1569774
487	0	1570261
478	0	1570739
491	0	1571230
482	0	1571712
498	0	1572210
486	0	1572696
495	0	1573191
470	0	1573661
491	0	1574152
490	0	1574642
486	0	1575128
483	0	1575611
482	0	1576093
487	0	1576580
498	0	1577078
490	0	1577568
494	0	1578062
498	0	1578560
506	0	1579066
502	0	1579568
370	1	1579938
611	0	1580549
498	0	1581047
490	0	1581537
490	0	1582027
479	0	1582506
482	0	1582988
487	0	1583475
490	0	1583965
479	0	1584444
486	0	1584930
479	0	1585409
478	0	1585887
490	0	1586377
491	0	1586868
478	0	1587346
483	0	1587829
486	0	1588315
479	0	1588794
471	0	1589265
459	0	1589724
471	0	1590195
466	0	1590661
499	0	1591160
478	0	1591638
487	0	1592125
490	0	1592615
478	0	1593093
479	0	1593572
479	0	1594051
486	0	1594537
479	0	1595016
470	0	1595486
487	0	1595973
467	0	1596440
482	0	1596922
483	0	1597405
482	0	1597887
471	0	1598358
455	0	1598813
444	0	1599257
475	0	1599732
494	0	1600226
474	0	1600700
479	0	1601179
494	0	1601673
479	0	1602152
482	0	1602634
491	0	1603125
486	0	1603611
482	0	1604093
483	0	1604576
494	0	1605070
479	0	1605549
482	0	1606031
490	0	1606521
483	0	1607004
482	0	1607486
487	0	1607973
482	0	1608455
487	0	1608942
482	0	1609424
487	0	1609911
494	0	1610405
474	0	1610879
483	0	1611362
482	0	1611844
498	0	1612342
483	0	1612825
490	0	1613315
490	0	1613805
487	0	1614292
494	0	1614786
494	0	1615280
490	0	1615770
491	0	1616261
498	0	1616759
490	0	1617249
498	0	1617747
490	0	1618237
495	0	1618732
494	0	1619226
502	0	1619728
502	0	1620230
494	0	1620724
494	0	1621218
486	0	1621704
506	0	1622210
498	0	1622708
494	0	1623202
487	0	1623689
494	0	1624183
494	0	1624677
494	0	1625171
498	0	1625669
483	0	1626152
494	0	1626646
498	0	1627144
510	0	1627654
498	0	1628152
490	0	1628642
490	0	1629132
502	0	1629634
502	0	1630136
494	0	1630630
487	0	1631117
494	0	1631611
494	0	1632105
490	0	1632595
491	0	1633086
498	0	1633584
498	0	1634082
486	0	1634568
486	0	1635054
491	0	1635545
482	0	1636027
487	0	1636514
490	0	1637004
490	0	1637494
506	0	1638000
479	0	1638479
498	0	1638977
498	0	1639475
498	0	1639973
498	0	1640471
498	0	1640969
498	0	1641467
494	0	1641961
494	0	1642455
502	0	1642957
498	0	1643455
494	0	1643949
506	0	1644455
510	0	1644965
506	0	1645471
517	0	1645988
518	0	1646506
521	0	1647027
510	0	1647537
506	0	1648043
517	0	1648560
522	0	1649082
521	0	1649603
510	0	1650113
510	0	1650623
517	0	1651140
514	0	1651654
365	1	1652019
662	0	1652681
502	0	1653183
502	0	1653685
502	0	1654187
502	0	1654689
502	0	1655191
502	0	1655693
486	0	1656179
494	0	1656673
487	0	1657160
482	0	1657642
486	0	1658128
475	0	1658603
490	0	1659093
487	0	1659580
502	0	1660082
486	0	1660568
510	0	1661078
490	0	1661568
490	0	1662058
495	0	1662553
486	0	1663039
486	0	1663525
483	0	1664008
490	0	1664498
490	0	1664988
506	0	1665494
483	0	1665977
509	0	1666486
506	0	1666992
514	0	1667506
517	0	1668023
530	0	1668553
529	0	1669082
513	0	1669595
487	0	1670082
498	0	1670580
506	0	1671086
505	0	1671591
506	0	1672097
510	0	1672607
518	0	1673125
509	0	1673634
514	0	1674148
510	0	1674658
509	0	1675167
502	0	1675669
506	0	1676175
506	0	1676681
502	0	1677183
502	0	1677685
494	0	1678179
502	0	1678681
494	0	1679175
494	0	1679669
498	0	1680167
491	0	1680658
486	0	1681144
486	0	1681630
491	0	1682121
498	0	1682619
478	0	1683097
483	0	1683580
498	0	1684078
475	0	1684553
490	0	1685043
482	0	1685525
479	0	1686004
486	0	1686490
479	0	1686969
397	1	1687366
576	0	1687942
470	0	1688412
495	0	1688907
478	0	1689385
475	0	1689860
479	0	1690339
482	0	1690821
483	0	1691304
494	0	1691798
494	0	1692292
494	0	1692786
494	0	1693280
506	0	1693786
498	0	1694284
486	0	1694770
491	0	1695261
506	0	1695767
509	0	1696276
506	0	1696782
502	0	1697284
494	0	1697778
502	0	1698280
510	0	1698790
494	0	1699284
362	1	1699646
630	0	1700276
487	0	1700763
486	0	1701249
486	0	1701735
491	0	1702226
498	0	1702724
362	1	1703086
603	0	1703689
486	0	1704175
483	0	1704658
474	0	1705132
479	0	1705611
482	0	1706093
483	0	1706576
475	0	1707051
455	1	1707506
490	0	1707996
475	0	1708471
475	0	1708946
482	0	1709428
490	0	1709918
487	0	1710405
490	0	1710895
475	0	1711370
486	0	1711856
479	0	1712335
482	0	1712817
498	0	1713315
475	0	1713790
482	0	1714272
483	0	1714755
482	0	1715237
479	0	1715716
482	0	1716198
479	0	1716677
483	0	1717160
478	0	1717638
483	0	1718121
470	0	1718591
471	0	1719062
471	0	1719533
471	0	1720004
459	0	1720463
479	0	1720942
470	0	1721412
463	0	1721875
479	0	1722354
486	0	1722840
495	0	1723335
494	0	1723829
506	0	1724335
513	0	1724848
506	0	1725354
502	0	1725856
506	0	1726362
506	0	1726868
502	0	1727370
513	0	1727883
514	0	1728397
432	1	1728829
587	0	1729416
510	0	1729926
510	0	1730436
502	0	1730938
506	0	1731444
509	0	1731953
506	0	1732459
494	0	1732953
494	0	1733447
491	0	1733938
490	0	1734428
490	0	1734918
483	0	1735401
482	0	1735883
366	1	1736249
595	0	1736844
471	0	1737315
483	0	1737798
470	0	1738268
483	0	1738751
475	0	1739226
486	0	1739712
479	0	1740191
463	0	1740654
467	0	1741121
482	0	1741603
475	0	1742078
482	0	1742560
487	0	1743047
498	0	1743545
509	0	1744054
475	0	1744529
483	0	1745012
486	0	1745498
494	0	1745992
487	0	1746479
490	0	1746969
494	0	1747463
483	0	1747946
494	0	1748440
490	0	1748930
498	0	1749428
494	0	1749922
490	0	1750412
487	0	1750899
486	0	1751385
490	0	1751875
491	0	1752366
494	0	1752860
486	0	1753346
494	0	1753840
487	0	1754327
494	0	1754821
494	0	1755315
494	0	1755809
479	0	1756288
482	0	1756770
487	0	1757257
490	0	1757747
494	0	1758241
487	0	1758728
498	0	1759226
494	0	1759720
494	0	1760214
490	0	1760704
487	0	1761191
494	0	1761685
490	0	1762175
483	0	1762658
490	0	1763148
494	0	1763642
502	0	1764144
490	0	1764634
510	0	1765144
502	0	1765646
490	0	1766136
498	0	1766634
518	0	1767152
498	0	1767650
486	0	1768136
498	0	1768634
498	0	1769132
502	0	1769634
510	0	1770144
490	0	1770634
502	0	1771136
506	0	1771642
486	0	1772128
491	0	1772619
498	0	1773117
486	0	1773603
498	0	1774101
498	0	1774599
502	0	1775101
502	0	1775603
502	0	1776105
494	0	1776599
502	0	1777101
506	0	1777607
490	0	1778097
502	0	1778599
498	0	1779097
498	0	1779595
494	0	1780089
495	0	1780584
490	0	1781074
490	0	1781564
510	0	1782074
502	0	1782576
494	0	1783070
510	0	1783580
498	0	1784078
506	0	1784584
498	0	1785082
509	0	1785591
514	0	1786105
529	0	1786634
405	1	1787039
615	0	1787654
494	0	1788148
373	1	1788521
662	0	1789183
521	0	1789704
498	0	1790202
514	0	1790716
521	0	1791237
510	0	1791747
498	0	1792245
498	0	1792743
494	0	1793237
491	0	1793728
494	0	1794222
490	0	1794712
490	0	1795202
491	0	1795693
490	0	1796183
482	0	1796665
479	0	1797144
471	0	1797615
471	0	1798086
482	0	1798568
486	0	1799054
487	0	1799541
