1513	0	1661
919	0	2580
871	0	3451
829	0	4280
837	0	5117
564	1	5681
568	1	6249
891	0	7140
798	0	7938
864	0	8802
1564	0	10366
980	0	11346
895	0	12241
919	0	13160
922	0	14082
902	0	14984
895	0	15879
872	0	16751
1510	0	18261
922	0	19183
860	0	20043
832	0	20875
810	0	21685
1471	0	23156
887	0	24043
560	0	24603
915	0	25518
871	0	26389
790	0	27179
794	0	27973
797	0	28770
584	1	29354
992	0	30346
821	0	31167
1522	0	32689
856	0	33545
560	0	34105
930	0	35035
626	1	35661
888	0	36549
891	0	37440
856	0	38296
809	0	39105
821	0	39926
809	0	40735
541	1	41276
584	1	41860
992	0	42852
950	0	43802
879	0	44681
840	0	45521
841	0	46362
829	0	47191
805	0	47996
841	0	48837
828	0	49665
829	0	50494
1525	0	52019
880	0	52899
560	1	53459
911	0	54370
848	0	55218
611	1	55829
949	0	56778
786	0	57564
798	0	58362
782	0	59144
798	0	59942
813	0	60755
829	0	61584
825	0	62409
836	0	63245
837	0	64082
836	0	64918
849	0	65767
844	0	66611
844	0	67455
1623	0	69078
883	0	69961
848	0	70809
825	0	71634
829	0	72463
794	0	73257
813	0	74070
813	0	74883
813	0	75696
802	0	76498
798	0	77296
790	0	78086
789	0	78875
775	0	79650
774	0	80424
553	1	80977
552	1	81529
821	0	82350
794	0	83144
782	0	83926
790	0	84716
564	1	85280
603	1	85883
584	1	86467
837	0	87304
579	1	87883
584	1	88467
580	1	89047
587	1	89634
599	1	90233
592	1	90825
595	1	91420
599	1	92019
619	1	92638
634	1	93272
642	1	93914
650	1	94564
654	1	95218
650	1	95868
638	1	96506
630	1	97136
631	1	97767
626	1	98393
619	1	99012
603	1	99615
599	1	100214
588	1	100802
595	1	101397
599	1	101996
1035	0	103031
946	0	103977
930	0	104907
953	0	105860
907	0	106767
926	0	107693
918	0	108611
1556	0	110167
946	0	111113
864	0	111977
871	0	112848
884	0	113732
1478	0	115210
837	0	116047
509	1	116556
1004	0	117560
849	0	118409
1470	0	119879
864	0	120743
821	0	121564
965	0	122529
969	0	123498
973	0	124471
980	0	125451
985	0	126436
1622	0	128058
1020	0	129078
1603	0	130681
1015	0	131696
930	0	132626
537	1	133163
1032	0	134195
599	1	134794
1229	0	136023
825	0	136848
829	0	137677
841	0	138518
863	0	139381
1522	0	140903
922	0	141825
875	0	142700
829	0	143529
825	0	144354
1584	0	145938
844	0	146782
868	0	147650
848	0	148498
868	0	149366
879	0	150245
444	1	150689
1292	0	151981
879	0	152860
864	0	153724
856	0	154580
836	0	155416
864	0	156280
856	0	157136
837	0	157973
856	0	158829
852	0	159681
848	0	160529
841	0	161370
552	1	161922
1082	0	163004
860	0	163864
825	0	164689
832	0	165521
565	1	166086
1000	0	167086
848	0	167934
821	0	168755
817	0	169572
813	0	170385
810	0	171195
797	0	171992
821	0	172813
817	0	173630
817	0	174447
821	0	175268
814	0	176082
829	0	176911
832	0	177743
821	0	178564
817	0	179381
821	0	180202
849	0	181051
844	0	181895
576	1	182471
1093	0	183564
864	0	184428
833	0	185261
832	0	186093
825	0	186918
821	0	187739
833	0	188572
837	0	189409
1560	0	190969
910	0	191879
821	0	192700
829	0	193529
829	0	194358
817	0	195175
829	0	196004
813	0	196817
844	0	197661
841	0	198502
837	0	199339
832	0	200171
833	0	201004
833	0	201837
836	0	202673
841	0	203514
1575	0	205089
888	0	205977
836	0	206813
537	1	207350
992	0	208342
899	0	209241
813	0	210054
818	0	210872
817	0	211689
829	0	212518
832	0	213350
833	0	214183
821	0	215004
840	0	215844
849	0	216693
848	0	217541
848	0	218389
844	0	219233
841	0	220074
1607	0	221681
860	0	222541
825	0	223366
825	0	224191
556	1	224747
813	0	225560
989	0	226549
848	0	227397
817	0	228214
805	0	229019
810	0	229829
790	0	230619
1548	0	232167
852	0	233019
580	1	233599
572	1	234171
852	0	235023
903	0	235926
918	0	236844
888	0	237732
556	1	238288
1070	0	239358
829	0	240187
1486	0	241673
915	0	242588
828	0	243416
817	0	244233
818	0	245051
824	0	245875
810	0	246685
833	0	247518
844	0	248362
840	0	249202
845	0	250047
852	0	250899
813	0	251712
852	0	252564
627	1	253191
1050	0	254241
829	0	255070
825	0	255895
805	0	256700
837	0	257537
825	0	258362
821	0	259183
798	0	259981
821	0	260802
797	0	261599
825	0	262424
825	0	263249
825	0	264074
837	0	264911
836	0	265747
833	0	266580
813	0	267393
840	0	268233
833	0	269066
825	0	269891
549	1	270440
1050	0	271490
829	0	272319
560	1	272879
946	0	273825
864	0	274689
556	1	275245
953	0	276198
856	0	277054
806	0	277860
790	0	278650
825	0	279475
817	0	280292
821	0	281113
821	0	281934
809	0	282743
825	0	283568
825	0	284393
833	0	285226
832	0	286058
837	0	286895
833	0	287728
821	0	288549
817	0	289366
813	0	290179
560	1	290739
1020	0	291759
821	0	292580
591	1	293171
1020	0	294191
832	0	295023
829	0	295852
584	1	296436
1015	0	297451
817	0	298268
720	0	298988
891	0	299879
825	0	300704
837	0	301541
833	0	302374
832	0	303206
825	0	304031
809	0	304840
845	0	305685
821	0	306506
829	0	307335
825	0	308160
813	0	308973
832	0	309805
833	0	310638
829	0	311467
833	0	312300
805	0	313105
809	0	313914
814	0	314728
821	0	315549
540	1	316089
1016	0	317105
809	0	317914
798	0	318712
786	0	319498
790	0	320288
786	0	321074
770	0	321844
779	0	322623
758	0	323381
724	0	324105
704	0	324809
709	0	325518
704	0	326222
708	0	326930
693	0	327623
696	0	328319
735	0	329054
810	0	329864
825	0	330689
821	0	331510
817	0	332327
817	0	333144
809	0	333953
798	0	334751
794	0	335545
797	0	336342
783	0	337125
766	0	337891
778	0	338669
786	0	339455
794	0	340249
568	1	340817
592	1	341409
883	0	342292
786	0	343078
681	0	343759
712	0	344471
914	0	345385
825	0	346210
829	0	347039
829	0	347868
801	0	348669
806	0	349475
805	0	350280
557	1	350837
972	0	351809
860	0	352669
549	1	353218
910	0	354128
825	0	354953
533	1	355486
1028	0	356514
809	0	357323
802	0	358125
805	0	358930
805	0	359735
553	1	360288
1004	0	361292
833	0	362125
813	0	362938
560	1	363498
1012	0	364510
821	0	365331
794	0	366125
817	0	366942
809	0	367751
790	0	368541
829	0	369370
712	0	370082
891	0	370973
556	1	371529
1016	0	372545
817	0	373362
786	0	374148
813	0	374961
541	1	375502
1004	0	376506
809	0	377315
798	0	378113
809	0	378922
790	0	379712
790	0	380502
821	0	381323
821	0	382144
809	0	382953
814	0	383767
801	0	384568
821	0	385389
813	0	386202
814	0	387016
809	0	387825
805	0	388630
794	0	389424
798	0	390222
809	0	391031
1487	0	392518
521	1	393039
1128	0	394167
779	0	394946
766	0	395712
770	0	396482
783	0	397265
770	0	398035
778	0	398813
782	0	399595
775	0	400370
801	0	401171
813	0	401984
1510	0	403494
860	0	404354
813	0	405167
802	0	405969
552	1	406521
837	0	407358
802	0	408160
793	0	408953
806	0	409759
817	0	410576
833	0	411409
821	0	412230
844	0	413074
599	1	413673
1191	0	414864
871	0	415735
806	0	416541
829	0	417370
825	0	418195
556	1	418751
914	0	419665
853	0	420518
828	0	421346
806	0	422152
805	0	422957
802	0	423759
801	0	424560
790	0	425350
817	0	426167
829	0	426996
829	0	427825
821	0	428646
821	0	429467
821	0	430288
833	0	431121
828	0	431949
810	0	432759
829	0	433588
828	0	434416
814	0	435230
813	0	436043
797	0	436840
798	0	437638
553	1	438191
937	0	439128
876	0	440004
801	0	440805
790	0	441595
782	0	442377
790	0	443167
802	0	443969
798	0	444767
778	0	445545
665	0	446210
926	0	447136
790	0	447926
821	0	448747
821	0	449568
809	0	450377
829	0	451206
829	0	452035
837	0	452872
828	0	453700
845	0	454545
848	0	455393
821	0	456214
844	0	457058
841	0	457899
829	0	458728
552	1	459280
1031	0	460311
825	0	461136
813	0	461949
802	0	462751
798	0	463549
821	0	464370
813	0	465183
817	0	466000
798	0	466798
836	0	467634
837	0	468471
833	0	469304
824	0	470128
825	0	470953
798	0	471751
840	0	472591
825	0	473416
545	1	473961
1020	0	474981
828	0	475809
817	0	476626
818	0	477444
821	0	478265
824	0	479089
825	0	479914
814	0	480728
805	0	481533
817	0	482350
825	0	483175
829	0	484004
829	0	484833
832	0	485665
841	0	486506
848	0	487354
1047	0	488401
1190	0	489591
646	1	490237
1207	0	491444
618	1	492062
1066	0	493128
806	0	493934
813	0	494747
813	0	495560
802	0	496362
825	0	497187
829	0	498016
832	0	498848
833	0	499681
1502	0	501183
918	0	502101
837	0	502938
832	0	503770
833	0	504603
837	0	505440
1556	0	506996
891	0	507887
856	0	508743
841	0	509584
1564	0	511148
914	0	512062
584	1	512646
825	0	513471
739	0	514210
650	0	514860
661	0	515521
650	0	516171
634	0	516805
635	0	517440
646	0	518086
642	0	518728
681	0	519409
708	0	520117
673	0	520790
743	0	521533
739	0	522272
755	0	523027
1074	0	524101
977	0	525078
992	0	526070
588	1	526658
1077	0	527735
934	0	528669
572	1	529241
572	1	529813
911	0	530724
899	0	531623
898	0	532521
876	0	533397
903	0	534300
887	0	535187
836	0	536023
841	0	536864
560	1	537424
1101	0	538525
852	0	539377
1553	0	540930
517	1	541447
1226	0	542673
798	0	543471
805	0	544276
810	0	545086
731	0	545817
879	0	546696
794	0	547490
553	1	548043
996	0	549039
786	0	549825
572	1	550397
603	1	551000
875	0	551875
880	0	552755
852	0	553607
844	0	554451
790	0	555241
790	0	556031
790	0	556821
786	0	557607
529	1	558136
961	0	559097
802	0	559899
786	0	560685
770	0	561455
775	0	562230
758	0	562988
786	0	563774
790	0	564564
767	0	565331
786	0	566117
766	0	566883
771	0	567654
766	0	568420
747	0	569167
747	0	569914
545	1	570459
739	0	571198
713	0	571911
673	0	572584
661	0	573245
650	0	573895
630	0	574525
627	0	575152
603	0	575755
611	0	576366
595	0	576961
592	0	577553
587	0	578140
568	0	578708
572	0	579280
557	0	579837
568	0	580405
564	0	580969
552	0	581521
553	0	582074
412	1	582486
642	0	583128
549	0	583677
545	0	584222
545	0	584767
544	0	585311
537	0	585848
541	0	586389
537	0	586926
545	0	587471
545	0	588016
537	0	588553
548	0	589101
545	0	589646
560	0	590206
561	0	590767
556	0	591323
564	0	591887
564	0	592451
561	0	593012
572	0	593584
564	0	594148
568	0	594716
568	0	595284
560	0	595844
576	0	596420
572	0	596992
572	0	597564
564	0	598128
572	0	598700
572	0	599272
572	0	599844
565	0	600409
568	0	600977
576	0	601553
572	0	602125
579	0	602704
580	0	603284
572	0	603856
572	0	604428
580	0	605008
580	0	605588
575	0	606163
580	0	606743
580	0	607323
576	0	607899
572	0	608471
576	0	609047
576	0	609623
572	0	610195
575	0	610770
576	0	611346
572	0	611918
580	0	612498
572	0	613070
568	0	613638
564	0	614202
576	0	614778
576	0	615354
576	0	615930
576	0	616506
572	0	617078
580	0	617658
575	0	618233
565	0	618798
572	0	619370
572	0	619942
576	0	620518
575	0	621093
572	0	621665
576	0	622241
568	0	622809
584	0	623393
584	0	623977
572	0	624549
572	0	625121
568	0	625689
576	0	626265
575	0	626840
569	0	627409
568	0	627977
556	0	628533
560	0	629093
565	0	629658
552	0	630210
553	0	630763
552	0	631315
553	0	631868
552	0	632420
541	0	632961
545	0	633506
548	0	634054
541	0	634595
537	0	635132
541	0	635673
529	0	636202
537	0	636739
533	0	637272
537	0	637809
526	0	638335
529	0	638864
533	0	639397
521	0	639918
533	0	640451
428	1	640879
639	0	641518
521	0	642039
521	0	642560
518	0	643078
517	0	643595
514	0	644109
514	0	644623
509	0	645132
514	0	645646
514	0	646160
513	0	646673
510	0	647183
513	0	647696
518	0	648214
518	0	648732
509	0	649241
522	0	649763
521	0	650284
521	0	650805
514	0	651319
514	0	651833
509	0	652342
510	0	652852
518	0	653370
513	0	653883
514	0	654397
514	0	654911
509	0	655420
514	0	655934
513	0	656447
514	0	656961
518	0	657479
517	0	657996
522	0	658518
529	0	659047
521	0	659568
521	0	660089
526	0	660615
525	0	661140
525	0	661665
522	0	662187
521	0	662708
522	0	663230
517	0	663747
518	0	664265
509	0	664774
514	0	665288
514	0	665802
505	0	666307
506	0	666813
510	0	667323
510	0	667833
509	0	668342
510	0	668852
514	0	669366
517	0	669883
526	0	670409
521	0	670930
517	0	671447
530	0	671977
525	0	672502
533	0	673035
518	0	673553
521	0	674074
525	0	674599
522	0	675121
521	0	675642
479	0	676121
556	0	676677
518	0	677195
513	0	677708
506	0	678214
510	0	678724
408	1	679132
600	0	679732
509	0	680241
506	0	680747
506	0	681253
498	0	681751
510	0	682261
513	0	682774
506	0	683280
510	0	683790
510	0	684300
513	0	684813
514	0	685327
513	0	685840
518	0	686358
517	0	686875
514	0	687389
510	0	687899
517	0	688416
518	0	688934
510	0	689444
505	0	689949
514	0	690463
521	0	690984
506	0	691490
518	0	692008
513	0	692521
510	0	693031
506	0	693537
510	0	694047
513	0	694560
518	0	695078
510	0	695588
513	0	696101
514	0	696615
513	0	697128
514	0	697642
518	0	698160
521	0	698681
525	0	699206
522	0	699728
521	0	700249
525	0	700774
533	0	701307
533	0	701840
534	0	702374
548	0	702922
553	0	703475
556	0	704031
560	0	704591
565	0	705156
572	0	705728
572	0	706300
568	0	706868
576	0	707444
389	1	707833
712	0	708545
420	1	708965
751	0	709716
572	0	710288
556	0	710844
541	0	711385
541	0	711926
529	0	712455
533	0	712988
553	0	713541
568	0	714109
552	0	714661
607	0	715268
592	0	715860
599	0	716459
619	0	717078
607	0	717685
607	0	718292
595	0	718887
603	0	719490
588	0	720078
576	0	720654
579	0	721233
565	0	721798
560	0	722358
549	0	722907
560	0	723467
560	0	724027
553	0	724580
560	0	725140
572	0	725712
584	0	726296
579	0	726875
580	0	727455
584	0	728039
591	0	728630
592	0	729222
595	0	729817
603	0	730420
603	0	731023
623	0	731646
619	0	732265
630	0	732895
623	0	733518
630	0	734148
607	1	734755
661	0	735416
623	0	736039
638	0	736677
627	0	737304
630	0	737934
622	0	738556
615	0	739171
642	0	739813
654	0	740467
712	0	741179
704	0	741883
708	0	742591
709	0	743300
696	0	743996
436	1	744432
829	0	745261
712	0	745973
673	0	746646
661	0	747307
650	0	747957
650	0	748607
646	0	749253
642	0	749895
638	0	750533
634	0	751167
642	0	751809
650	0	752459
658	0	753117
677	0	753794
716	0	754510
720	0	755230
739	0	755969
735	0	756704
693	0	757397
751	0	758148
724	0	758872
688	0	759560
650	0	760210
673	0	760883
685	0	761568
685	0	762253
681	0	762934
708	0	763642
506	1	764148
930	0	765078
669	0	765747
685	0	766432
673	0	767105
700	0	767805
541	1	768346
771	0	769117
1245	0	770362
599	1	770961
809	0	771770
685	0	772455
701	0	773156
704	0	773860
704	0	774564
724	0	775288
739	0	776027
747	0	776774
771	0	777545
759	0	778304
754	0	779058
751	0	779809
775	0	780584
770	0	781354
747	0	782101
736	0	782837
754	0	783591
483	1	784074
868	0	784942
778	0	785720
739	0	786459
701	0	787160
677	0	787837
684	0	788521
705	0	789226
688	0	789914
677	0	790591
681	0	791272
701	0	791973
778	0	792751
798	0	793549
817	0	794366
832	0	795198
596	1	795794
934	0	796728
821	0	797549
587	1	798136
845	0	798981
758	0	799739
522	1	800261
941	0	801202
767	0	801969
459	1	802428
895	0	803323
868	0	804191
809	0	805000
782	0	805782
479	1	806261
945	0	807206
872	0	808078
844	0	808922
794	0	809716
778	0	810494
786	0	811280
782	0	812062
786	0	812848
794	0	813642
794	0	814436
801	0	815237
802	0	816039
825	0	816864
825	0	817689
805	0	818494
825	0	819319
825	0	820144
490	1	820634
992	0	821626
899	0	822525
864	0	823389
809	0	824198
814	0	825012
813	0	825825
809	0	826634
794	0	827428
817	0	828245
809	0	829054
786	0	829840
818	0	830658
809	0	831467
798	0	832265
486	1	832751
977	0	833728
914	0	834642
479	1	835121
945	0	836066
876	0	836942
533	1	837475
1066	0	838541
747	0	839288
739	0	840027
743	0	840770
580	1	841350
926	0	842276
1347	0	843623
529	1	844152
1008	0	845160
727	0	845887
716	0	846603
728	0	847331
731	0	848062
736	0	848798
751	0	849549
786	0	850335
552	1	850887
992	0	851879
802	0	852681
584	1	853265
933	0	854198
744	0	854942
774	0	855716
778	0	856494
522	1	857016
992	0	858008
844	0	858852
572	1	859424
1039	0	860463
778	0	861241
596	1	861837
972	0	862809
763	0	863572
471	1	864043
957	0	865000
759	0	865759
615	1	866374
898	0	867272
728	0	868000
541	1	868541
934	0	869475
716	0	870191
708	0	870899
724	0	871623
727	0	872350
490	1	872840
1043	0	873883
740	0	874623
762	0	875385
716	0	876101
739	0	876840
736	0	877576
626	0	878202
856	0	879058
736	0	879794
731	0	880525
751	0	881276
736	0	882012
727	0	882739
747	0	883486
740	0	884226
727	0	884953
740	0	885693
603	1	886296
875	0	887171
728	0	887899
731	0	888630
732	0	889362
739	0	890101
743	0	890844
744	0	891588
735	0	892323
471	1	892794
860	0	893654
739	0	894393
463	1	894856
825	0	895681
739	0	896420
455	1	896875
919	0	897794
805	0	898599
806	0	899405
797	0	900202
767	0	900969
759	0	901728
770	0	902498
770	0	903268
755	0	904023
755	0	904778
759	0	905537
763	0	906300
754	0	907054
740	0	907794
735	0	908529
747	0	909276
716	0	909992
712	0	910704
759	0	911463
494	1	911957
872	0	912829
739	0	913568
724	0	914292
724	0	915016
727	0	915743
751	0	916494
736	0	917230
564	1	917794
922	0	918716
716	0	919432
704	0	920136
697	0	920833
700	0	921533
673	0	922206
677	0	922883
662	0	923545
665	0	924210
662	0	924872
669	0	925541
447	1	925988
833	0	926821
716	0	927537
696	0	928233
709	0	928942
692	0	929634
584	0	930218
813	0	931031
712	0	931743
708	0	932451
716	0	933167
705	0	933872
692	0	934564
564	1	935128
821	0	935949
666	0	936615
661	0	937276
646	0	937922
638	0	938560
627	0	939187
642	0	939829
653	0	940482
662	0	941144
665	0	941809
681	0	942490
673	0	943163
681	0	943844
697	0	944541
704	0	945245
689	0	945934
685	0	946619
685	0	947304
653	0	947957
650	0	948607
646	0	949253
638	0	949891
424	1	950315
743	0	951058
627	0	951685
611	0	952296
626	0	952922
599	0	953521
600	0	954121
428	1	954549
723	0	955272
611	0	955883
603	0	956486
428	1	956914
697	0	957611
599	0	958210
599	0	958809
421	1	959230
723	0	959953
600	0	960553
603	0	961156
599	0	961755
626	0	962381
526	1	962907
743	0	963650
626	0	964276
650	0	964926
638	0	965564
428	1	965992
810	0	966802
665	0	967467
416	1	967883
798	0	968681
669	0	969350
658	0	970008
650	0	970658
646	0	971304
645	0	971949
642	0	972591
646	0	973237
638	0	973875
635	0	974510
638	0	975148
638	0	975786
650	0	976436
653	0	977089
432	1	977521
755	0	978276
654	0	978930
424	1	979354
735	0	980089
635	0	980724
622	0	981346
623	0	981969
619	0	982588
634	0	983222
439	1	983661
779	0	984440
657	0	985097
685	0	985782
681	0	986463
685	0	987148
696	0	987844
701	0	988545
704	0	989249
693	0	989942
692	0	990634
705	0	991339
684	0	992023
693	0	992716
696	0	993412
677	0	994089
689	0	994778
673	0	995451
666	0	996117
626	0	996743
487	1	997230
805	0	998035
638	0	998673
592	0	999265
696	0	999961
642	0	1000603
646	0	1001249
654	0	1001903
685	0	1002588
680	0	1003268
681	0	1003949
444	1	1004393
813	0	1005206
716	0	1005922
697	0	1006619
692	0	1007311
673	0	1007984
677	0	1008661
674	0	1009335
544	1	1009879
825	0	1010704
685	0	1011389
673	0	1012062
654	0	1012716
661	0	1013377
662	0	1014039
696	0	1014735
701	0	1015436
482	1	1015918
887	0	1016805
701	0	1017506
432	1	1017938
817	0	1018755
673	0	1019428
673	0	1020101
669	0	1020770
685	0	1021455
716	0	1022171
580	1	1022751
875	0	1023626
701	0	1024327
708	0	1025035
451	1	1025486
818	0	1026304
731	0	1027035
564	1	1027599
841	0	1028440
677	0	1029117
685	0	1029802
680	0	1030482
685	0	1031167
463	1	1031630
946	0	1032576
677	0	1033253
693	0	1033946
692	0	1034638
689	0	1035327
584	1	1035911
793	0	1036704
685	0	1037389
685	0	1038074
696	0	1038770
693	0	1039463
693	0	1040156
576	1	1040732
828	0	1041560
681	0	1042241
705	0	1042946
688	0	1043634
708	0	1044342
701	0	1045043
712	0	1045755
517	1	1046272
876	0	1047148
716	0	1047864
720	0	1048584
696	0	1049280
693	0	1049973
451	1	1050424
813	0	1051237
701	0	1051938
681	0	1052619
688	0	1053307
685	0	1053992
677	0	1054669
677	0	1055346
666	0	1056012
657	0	1056669
662	0	1057331
657	0	1057988
646	0	1058634
642	0	1059276
432	1	1059708
813	0	1060521
685	0	1061206
689	0	1061895
689	0	1062584
696	0	1063280
701	0	1063981
700	0	1064681
708	0	1065389
697	0	1066086
681	0	1066767
661	0	1067428
673	0	1068101
658	0	1068759
653	0	1069412
658	0	1070070
646	0	1070716
642	0	1071358
661	0	1072019
658	0	1072677
428	1	1073105
790	0	1073895
677	0	1074572
650	0	1075222
657	0	1075879
654	0	1076533
556	1	1077089
759	0	1077848
654	0	1078502
658	0	1079160
669	0	1079829
576	0	1080405
696	0	1081101
638	0	1081739
642	0	1082381
638	0	1083019
639	0	1083658
622	0	1084280
631	0	1084911
626	0	1085537
619	0	1086156
611	0	1086767
614	0	1087381
580	0	1087961
588	0	1088549
595	0	1089144
603	0	1089747
607	0	1090354
603	0	1090957
611	0	1091568
615	0	1092183
611	0	1092794
611	0	1093405
618	0	1094023
619	0	1094642
607	0	1095249
615	0	1095864
599	0	1096463
599	0	1097062
603	0	1097665
596	0	1098261
595	0	1098856
588	0	1099444
595	0	1100039
599	0	1100638
595	0	1101233
604	0	1101837
408	1	1102245
732	0	1102977
599	0	1103576
591	0	1104167
417	1	1104584
696	0	1105280
580	0	1105860
595	0	1106455
382	1	1106837
681	0	1107518
568	0	1108086
564	0	1108650
568	0	1109218
564	0	1109782
572	0	1110354
436	1	1110790
728	0	1111518
583	0	1112101
599	0	1112700
596	0	1113296
591	0	1113887
603	0	1114490
607	0	1115097
619	0	1115716
623	0	1116339
622	0	1116961
627	0	1117588
622	0	1118210
619	0	1118829
630	0	1119459
627	0	1120086
630	0	1120716
626	0	1121342
627	0	1121969
626	0	1122595
623	0	1123218
622	0	1123840
623	0	1124463
630	0	1125093
611	0	1125704
603	0	1126307
600	0	1126907
595	0	1127502
603	0	1128105
615	0	1128720
626	0	1129346
627	0	1129973
618	0	1130591
642	0	1131233
639	0	1131872
614	0	1132486
635	0	1133121
618	0	1133739
635	0	1134374
614	0	1134988
619	0	1135607
619	0	1136226
618	0	1136844
631	0	1137475
642	0	1138117
634	0	1138751
420	1	1139171
775	0	1139946
665	0	1140611
654	0	1141265
646	0	1141911
412	1	1142323
778	0	1143101
654	0	1143755
634	0	1144389
646	0	1145035
642	0	1145677
658	0	1146335
424	1	1146759
813	0	1147572
685	0	1148257
587	1	1148844
767	0	1149611
657	0	1150268
658	0	1150926
646	0	1151572
654	0	1152226
649	0	1152875
654	0	1153529
654	0	1154183
646	0	1154829
657	0	1155486
654	0	1156140
463	1	1156603
728	0	1157331
688	0	1158019
677	0	1158696
666	0	1159362
669	0	1160031
436	1	1160467
763	0	1161230
673	0	1161903
653	0	1162556
635	0	1163191
634	0	1163825
626	0	1164451
428	1	1164879
821	0	1165700
658	0	1166358
665	0	1167023
658	0	1167681
654	0	1168335
646	0	1168981
645	0	1169626
654	0	1170280
654	0	1170934
650	0	1171584
673	0	1172257
669	0	1172926
432	1	1173358
786	0	1174144
673	0	1174817
658	0	1175475
650	0	1176125
626	0	1176751
634	0	1177385
634	0	1178019
615	0	1178634
424	1	1179058
712	0	1179770
631	0	1180401
618	0	1181019
623	0	1181642
626	0	1182268
635	0	1182903
412	1	1183315
755	0	1184070
646	0	1184716
634	0	1185350
428	1	1185778
743	0	1186521
623	0	1187144
634	0	1187778
634	0	1188412
631	0	1189043
638	0	1189681
646	0	1190327
654	0	1190981
431	1	1191412
759	0	1192171
662	0	1192833
653	0	1193486
440	1	1193926
848	0	1194774
635	0	1195409
618	0	1196027
611	0	1196638
603	0	1197241
611	0	1197852
595	0	1198447
409	1	1198856
735	0	1199591
619	0	1200210
603	0	1200813
475	1	1201288
747	0	1202035
611	0	1202646
405	1	1203051
751	0	1203802
618	0	1204420
405	1	1204825
416	1	1205241
747	0	1205988
615	0	1206603
623	0	1207226
618	0	1207844
627	0	1208471
622	0	1209093
623	0	1209716
615	0	1210331
638	0	1210969
622	0	1211591
623	0	1212214
619	0	1212833
618	0	1213451
619	0	1214070
619	0	1214689
603	0	1215292
603	0	1215895
603	0	1216498
599	0	1217097
592	0	1217689
412	1	1218101
716	0	1218817
595	0	1219412
600	0	1220012
579	0	1220591
588	0	1221179
591	0	1221770
572	0	1222342
413	1	1222755
646	0	1223401
583	0	1223984
600	0	1224584
572	0	1225156
587	0	1225743
584	0	1226327
584	0	1226911
587	0	1227498
416	1	1227914
728	0	1228642
599	0	1229241
385	1	1229626
709	0	1230335
591	0	1230926
595	0	1231521
572	0	1232093
588	0	1232681
591	0	1233272
596	0	1233868
591	0	1234459
611	0	1235070
615	0	1235685
611	0	1236296
630	0	1236926
638	0	1237564
646	0	1238210
630	0	1238840
658	0	1239498
424	1	1239922
782	0	1240704
670	0	1241374
661	0	1242035
638	0	1242673
631	0	1243304
424	1	1243728
739	0	1244467
626	0	1245093
409	1	1245502
731	0	1246233
627	0	1246860
619	0	1247479
618	0	1248097
635	0	1248732
634	0	1249366
498	1	1249864
766	0	1250630
627	0	1251257
626	0	1251883
635	0	1252518
634	0	1253152
638	0	1253790
424	1	1254214
739	0	1254953
642	0	1255595
638	0	1256233
627	0	1256860
642	0	1257502
626	0	1258128
561	1	1258689
541	0	1259230
751	0	1259981
669	0	1260650
412	1	1261062
782	0	1261844
670	0	1262514
661	0	1263175
432	1	1263607
770	0	1264377
666	0	1265043
665	0	1265708
432	1	1266140
778	0	1266918
658	0	1267576
638	0	1268214
428	1	1268642
704	0	1269346
635	0	1269981
618	0	1270599
619	0	1271218
619	0	1271837
630	0	1272467
432	1	1272899
774	0	1273673
631	0	1274304
400	1	1274704
743	0	1275447
619	0	1276066
619	0	1276685
607	0	1277292
420	1	1277712
720	0	1278432
626	0	1279058
405	1	1279463
751	0	1280214
623	0	1280837
603	0	1281440
607	0	1282047
420	1	1282467
428	1	1282895
720	0	1283615
599	0	1284214
599	0	1284813
596	0	1285409
587	0	1285996
592	0	1286588
603	0	1287191
614	0	1287805
631	0	1288436
634	0	1289070
638	0	1289708
424	1	1290132
409	0	1290541
759	0	1291300
626	0	1291926
401	1	1292327
724	0	1293051
610	0	1293661
607	0	1294268
611	0	1294879
615	0	1295494
611	0	1296105
607	0	1296712
615	1	1297327
634	0	1297961
623	0	1298584
630	0	1299214
638	0	1299852
638	0	1300490
638	0	1301128
642	0	1301770
627	0	1302397
416	1	1302813
720	0	1303533
630	0	1304163
619	0	1304782
619	0	1305401
618	0	1306019
619	0	1306638
623	0	1307261
626	0	1307887
627	0	1308514
638	0	1309152
653	0	1309805
425	1	1310230
723	0	1310953
654	0	1311607
634	0	1312241
627	0	1312868
618	0	1313486
627	0	1314113
603	0	1314716
615	0	1315331
615	0	1315946
610	0	1316556
627	0	1317183
626	0	1317809
631	0	1318440
642	0	1319082
630	0	1319712
634	0	1320346
631	0	1320977
634	0	1321611
622	0	1322233
619	0	1322852
611	0	1323463
607	0	1324070
623	0	1324693
611	0	1325304
614	0	1325918
619	0	1326537
626	0	1327163
627	0	1327790
626	0	1328416
642	0	1329058
635	0	1329693
618	0	1330311
638	0	1330949
615	0	1331564
623	0	1332187
618	0	1332805
627	0	1333432
622	0	1334054
639	0	1334693
646	0	1335339
630	0	1335969
638	0	1336607
642	0	1337249
634	0	1337883
623	0	1338506
619	0	1339125
630	0	1339755
599	0	1340354
611	0	1340965
611	0	1341576
607	0	1342183
467	1	1342650
720	0	1343370
630	0	1344000
634	0	1344634
627	0	1345261
622	0	1345883
627	0	1346510
611	0	1347121
420	1	1347541
689	0	1348230
607	0	1348837
587	0	1349424
416	1	1349840
674	0	1350514
595	0	1351109
580	0	1351689
436	1	1352125
700	0	1352825
572	0	1353397
552	1	1353949
619	0	1354568
584	0	1355152
595	0	1355747
611	0	1356358
623	0	1356981
404	1	1357385
732	0	1358117
626	0	1358743
490	0	1359233
724	0	1359957
603	0	1360560
389	1	1360949
716	0	1361665
603	0	1362268
580	0	1362848
584	0	1363432
584	0	1364016
579	0	1364595
397	1	1364992
724	0	1365716
611	0	1366327
611	0	1366938
420	1	1367358
735	0	1368093
615	0	1368708
603	0	1369311
607	0	1369918
619	0	1370537
619	0	1371156
611	0	1371767
610	0	1372377
619	0	1372996
409	1	1373405
708	0	1374113
502	0	1374615
704	0	1375319
607	0	1375926
607	0	1376533
595	0	1377128
600	0	1377728
599	0	1378327
591	0	1378918
580	0	1379498
584	0	1380082
576	0	1380658
579	0	1381237
572	0	1381809
576	0	1382385
576	0	1382961
580	0	1383541
580	0	1384121
579	0	1384700
576	0	1385276
576	0	1385852
401	1	1386253
677	0	1386930
595	0	1387525
584	0	1388109
584	0	1388693
595	0	1389288
587	0	1389875
596	0	1390471
591	0	1391062
401	1	1391463
700	0	1392163
600	0	1392763
502	0	1393265
490	0	1393755
731	0	1394486
600	0	1395086
599	0	1395685
611	0	1396296
599	0	1396895
599	0	1397494
595	0	1398089
607	0	1398696
596	0	1399292
587	0	1399879
397	1	1400276
677	0	1400953
596	0	1401549
572	0	1402121
575	0	1402696
580	0	1403276
580	0	1403856
591	0	1404447
600	0	1405047
603	0	1405650
420	1	1406070
770	0	1406840
611	0	1407451
389	1	1407840
728	0	1408568
603	0	1409171
588	0	1409759
595	0	1410354
607	0	1410961
623	0	1411584
412	1	1411996
751	0	1412747
642	0	1413389
646	0	1414035
642	0	1414677
642	0	1415319
638	0	1415957
642	0	1416599
615	0	1417214
416	1	1417630
697	0	1418327
619	0	1418946
599	0	1419545
591	0	1420136
588	0	1420724
587	0	1421311
588	0	1421899
408	1	1422307
693	0	1423000
615	0	1423615
595	0	1424210
595	0	1424805
401	1	1425206
701	0	1425907
618	0	1426525
393	1	1426918
751	0	1427669
627	0	1428296
630	0	1428926
642	0	1429568
658	0	1430226
657	0	1430883
666	0	1431549
688	0	1432237
689	0	1432926
665	0	1433591
662	0	1434253
661	0	1434914
670	0	1435584
661	0	1436245
669	0	1436914
674	0	1437588
424	1	1438012
832	0	1438844
724	0	1439568
673	0	1440241
673	0	1440914
666	0	1441580
665	0	1442245
669	0	1442914
670	0	1443584
669	0	1444253
677	0	1444930
665	0	1445595
677	0	1446272
666	0	1446938
669	0	1447607
677	0	1448284
669	0	1448953
677	0	1449630
681	0	1450311
677	0	1450988
662	0	1451650
665	0	1452315
666	0	1452981
424	1	1453405
809	0	1454214
693	0	1454907
665	0	1455572
661	0	1456233
565	1	1456798
747	0	1457545
661	0	1458206
654	0	1458860
669	0	1459529
662	0	1460191
669	0	1460860
669	0	1461529
673	0	1462202
666	0	1462868
665	0	1463533
673	0	1464206
669	0	1464875
670	0	1465545
681	0	1466226
428	1	1466654
797	0	1467451
685	0	1468136
677	0	1468813
436	1	1469249
786	0	1470035
658	0	1470693
649	0	1471342
421	1	1471763
762	0	1472525
658	0	1473183
669	0	1473852
666	0	1474518
665	0	1475183
669	0	1475852
658	0	1476510
653	0	1477163
670	0	1477833
665	0	1478498
685	0	1479183
665	0	1479848
662	0	1480510
665	0	1481175
440	1	1481615
790	0	1482405
704	0	1483109
424	1	1483533
790	0	1484323
689	0	1485012
420	1	1485432
755	0	1486187
673	0	1486860
416	1	1487276
767	0	1488043
657	0	1488700
417	1	1489117
766	0	1489883
642	0	1490525
409	1	1490934
801	0	1491735
646	0	1492381
413	1	1492794
786	0	1493580
634	0	1494214
626	0	1494840
627	0	1495467
646	0	1496113
657	0	1496770
674	0	1497444
665	0	1498109
689	0	1498798
673	0	1499471
661	0	1500132
658	0	1500790
650	0	1501440
661	0	1502101
650	0	1502751
654	0	1503405
657	0	1504062
658	0	1504720
661	0	1505381
654	0	1506035
654	0	1506689
626	0	1507315
646	0	1507961
599	0	1508560
615	0	1509175
615	0	1509790
611	0	1510401
615	0	1511016
610	0	1511626
615	0	1512241
603	0	1512844
615	0	1513459
599	0	1514058
413	1	1514471
716	0	1515187
611	0	1515798
607	0	1516405
607	0	1517012
611	0	1517623
626	0	1518249
568	1	1518817
728	0	1519545
657	0	1520202
572	1	1520774
498	0	1521272
825	0	1522097
685	0	1522782
673	0	1523455
677	0	1524132
689	0	1524821
646	0	1525467
654	0	1526121
626	0	1526747
634	0	1527381
646	0	1528027
642	0	1528669
623	0	1529292
626	0	1529918
498	1	1530416
747	0	1531163
611	0	1531774
631	0	1532405
432	1	1532837
774	0	1533611
665	0	1534276
420	1	1534696
783	0	1535479
653	0	1536132
642	0	1536774
658	0	1537432
642	0	1538074
638	0	1538712
658	0	1539370
657	0	1540027
463	1	1540490
759	0	1541249
665	0	1541914
662	0	1542576
634	0	1543210
654	0	1543864
638	0	1544502
623	0	1545125
610	0	1545735
425	1	1546160
731	0	1546891
619	0	1547510
615	0	1548125
599	0	1548724
615	0	1549339
614	0	1549953
615	0	1550568
432	1	1551000
732	0	1551732
630	0	1552362
626	0	1552988
619	0	1553607
626	0	1554233
615	0	1554848
619	0	1555467
622	0	1556089
639	0	1556728
642	0	1557370
638	0	1558008
681	0	1558689
688	0	1559377
650	0	1560027
658	0	1560685
661	0	1561346
654	0	1562000
646	0	1562646
665	0	1563311
654	0	1563965
650	0	1564615
650	0	1565265
420	1	1565685
794	0	1566479
649	0	1567128
642	0	1567770
646	0	1568416
635	0	1569051
420	1	1569471
731	0	1570202
635	0	1570837
622	0	1571459
619	0	1572078
618	0	1572696
615	0	1573311
619	0	1573930
626	0	1574556
627	0	1575183
510	1	1575693
743	0	1576436
622	0	1577058
638	0	1577696
623	0	1578319
416	1	1578735
740	0	1579475
618	0	1580093
588	0	1580681
626	0	1581307
604	0	1581911
575	0	1582486
596	0	1583082
595	0	1583677
603	0	1584280
599	0	1584879
619	0	1585498
603	0	1586101
405	1	1586506
716	0	1587222
607	0	1587829
618	0	1588447
518	0	1588965
685	0	1589650
599	0	1590249
607	0	1590856
607	0	1591463
615	0	1592078
408	1	1592486
709	0	1593195
599	0	1593794
618	0	1594412
409	1	1594821
685	0	1595506
603	0	1596109
587	0	1596696
592	0	1597288
587	0	1597875
584	0	1598459
564	1	1599023
335	1	1599358
475	0	1599833
735	0	1600568
630	0	1601198
631	0	1601829
634	0	1602463
630	0	1603093
417	1	1603510
770	0	1604280
689	0	1604969
661	0	1605630
646	0	1606276
646	0	1606922
650	0	1607572
669	0	1608241
611	0	1608852
420	1	1609272
782	0	1610054
662	0	1610716
416	1	1611132
779	0	1611911
645	0	1612556
413	1	1612969
747	0	1613716
626	0	1614342
405	1	1614747
720	0	1615467
630	0	1616097
401	1	1616498
732	0	1617230
626	0	1617856
393	1	1618249
732	0	1618981
630	0	1619611
401	1	1620012
755	0	1620767
642	0	1621409
645	0	1622054
642	0	1622696
658	0	1623354
665	0	1624019
635	1	1624654
731	0	1625385
646	0	1626031
568	1	1626599
751	0	1627350
642	0	1627992
666	0	1628658
661	0	1629319
650	0	1629969
650	0	1630619
634	0	1631253
416	1	1631669
775	0	1632444
638	0	1633082
400	1	1633482
767	0	1634249
638	0	1634887
405	1	1635292
731	0	1636023
627	0	1636650
401	1	1637051
751	0	1637802
610	0	1638412
401	1	1638813
786	0	1639599
619	0	1640218
405	1	1640623
782	0	1641405
634	0	1642039
611	0	1642650
642	0	1643292
607	0	1643899
615	0	1644514
618	0	1645132
638	0	1645770
639	0	1646409
630	0	1647039
638	0	1647677
638	0	1648315
634	0	1648949
627	0	1649576
619	0	1650195
626	0	1650821
623	0	1651444
622	0	1652066
634	0	1652700
506	1	1653206
747	0	1653953
627	0	1654580
622	0	1655202
631	0	1655833
618	0	1656451
631	0	1657082
595	1	1657677
630	0	1658307
607	0	1658914
596	0	1659510
618	0	1660128
417	1	1660545
751	0	1661296
630	0	1661926
627	0	1662553
622	0	1663175
630	0	1663805
623	0	1664428
619	0	1665047
634	0	1665681
630	0	1666311
627	0	1666938
626	0	1667564
634	0	1668198
611	0	1668809
627	0	1669436
618	0	1670054
607	0	1670661
623	0	1671284
627	0	1671911
614	0	1672525
479	1	1673004
720	0	1673724
618	0	1674342
611	0	1674953
615	0	1675568
603	0	1676171
611	0	1676782
627	0	1677409
626	0	1678035
623	0	1678658
630	0	1679288
634	0	1679922
623	0	1680545
498	1	1681043
724	0	1681767
634	0	1682401
622	0	1683023
603	0	1683626
604	0	1684230
595	0	1684825
587	0	1685412
576	0	1685988
572	0	1686560
576	0	1687136
576	0	1687712
564	0	1688276
572	0	1688848
572	0	1689420
428	1	1689848
755	0	1690603
576	0	1691179
580	0	1691759
568	0	1692327
576	0	1692903
552	0	1693455
592	0	1694047
576	0	1694623
587	0	1695210
405	1	1695615
735	0	1696350
603	0	1696953
592	0	1697545
603	0	1698148
599	0	1698747
580	0	1699327
599	0	1699926
599	0	1700525
529	0	1701054
646	0	1701700
432	1	1702132
724	0	1702856
588	0	1703444
583	0	1704027
572	0	1704599
580	0	1705179
576	0	1705755
572	0	1706327
591	0	1706918
596	0	1707514
424	1	1707938
774	0	1708712
615	0	1709327
615	0	1709942
611	0	1710553
630	0	1711183
626	0	1711809
627	0	1712436
622	0	1713058
611	0	1713669
623	0	1714292
615	0	1714907
603	0	1715510
607	0	1716117
595	0	1716712
599	0	1717311
603	0	1717914
600	0	1718514
611	0	1719125
610	0	1719735
611	0	1720346
611	0	1720957
599	0	1721556
588	0	1722144
603	0	1722747
599	0	1723346
592	0	1723938
587	0	1724525
607	0	1725132
494	1	1725626
693	0	1726319
592	0	1726911
599	0	1727510
583	0	1728093
596	0	1728689
587	0	1729276
576	0	1729852
588	0	1730440
576	0	1731016
575	0	1731591
592	0	1732183
595	0	1732778
596	0	1733374
443	1	1733817
751	0	1734568
592	0	1735160
603	0	1735763
603	0	1736366
611	0	1736977
595	0	1737572
607	0	1738179
611	0	1738790
607	0	1739397
416	1	1739813
763	0	1740576
626	0	1741202
623	0	1741825
611	0	1742436
424	1	1742860
770	0	1743630
498	1	1744128
740	0	1744868
1136	0	1746004
510	0	1746514
622	0	1747136
572	0	1747708
557	0	1748265
552	0	1748817
436	1	1749253
693	0	1749946
494	0	1750440
607	0	1751047
556	0	1751603
553	0	1752156
552	0	1752708
560	0	1753268
572	0	1753840
569	0	1754409
572	0	1754981
587	0	1755568
588	0	1756156
576	0	1756732
591	0	1757323
584	0	1757907
572	0	1758479
579	0	1759058
572	0	1759630
541	1	1760171
599	0	1760770
572	0	1761342
561	0	1761903
576	0	1762479
579	0	1763058
576	0	1763634
576	0	1764210
588	0	1764798
576	0	1765374
459	1	1765833
673	0	1766506
587	0	1767093
584	0	1767677
564	0	1768241
584	0	1768825
572	0	1769397
564	0	1769961
557	0	1770518
560	0	1771078
572	0	1771650
564	0	1772214
564	0	1772778
580	0	1773358
576	0	1773934
572	0	1774506
587	0	1775093
584	0	1775677
576	0	1776253
584	0	1776837
587	0	1777424
584	0	1778008
583	0	1778591
425	1	1779016
770	0	1779786
580	0	1780366
580	0	1780946
572	0	1781518
424	1	1781942
751	0	1782693
575	0	1783268
565	0	1783833
560	0	1784393
568	0	1784961
572	0	1785533
564	0	1786097
584	0	1786681
405	1	1787086
739	0	1787825
595	0	1788420
397	1	1788817
732	0	1789549
595	0	1790144
580	0	1790724
583	0	1791307
576	0	1791883
568	0	1792451
397	1	1792848
432	1	1793280
708	0	1793988
588	0	1794576
591	0	1795167
592	0	1795759
580	0	1796339
463	1	1796802
700	0	1797502
580	0	1798082
587	0	1798669
572	0	1799241
564	1	1799805
