39	1
848	0
712	0
494	1
946	0
724	0
478	1
957	0
709	0
486	1
938	0
700	0
498	1
903	0
696	0
530	1
898	0
705	0
525	1
914	0
720	0
491	1
949	0
704	0
490	1
954	0
724	0
478	1
957	0
712	0
483	1
961	0
712	0
724	0
653	1
779	0
727	0
533	1
946	0
739	0
475	1
984	0
736	0
731	0
588	1
883	0
732	0
490	1
969	0
731	0
471	1
981	0
716	0
474	1
969	0
716	0
479	1
949	0
716	0
479	1
949	0
704	0
479	1
930	0
704	0
494	1
923	0
688	0
518	1
891	0
704	0
525	1
884	0
704	0
514	1
910	0
700	0
514	1
907	0
708	0
513	1
899	0
697	0
541	1
883	0
704	0
533	1
891	0
712	0
498	1
946	0
708	0
490	1
938	0
716	0
487	1
941	0
693	0
509	1
895	0
697	0
545	1
856	0
692	0
557	1
852	0
692	0
596	1
805	0
697	0
716	0
704	0
720	0
727	0
456	1
1004	0
723	0
467	1
992	0
724	0
467	1
977	0
704	0
479	1
961	0
712	0
475	1
937	0
705	0
482	1
930	0
700	0
487	1
934	0
708	0
486	1
926	0
697	0
502	1
895	0
696	0
522	1
887	0
692	0
502	1
919	0
708	0
494	1
926	0
712	0
486	1
930	0
701	0
498	1
914	0
704	0
506	1
899	0
704	0
491	1
918	0
696	0
506	1
907	0
704	0
506	1
911	0
696	0
490	1
930	0
705	0
490	1
918	0
697	0
513	1
883	0
685	0
530	1
856	0
700	0
560	1
876	0
700	0
557	1
902	0
728	0
498	1
945	0
716	0
483	1
957	0
720	0
704	0
728	0
724	0
505	1
946	0
720	0
478	1
965	0
716	0
483	1
969	0
720	0
474	1
965	0
716	0
479	1
961	0
720	0
474	1
973	0
720	0
728	0
572	1
875	0
724	0
494	1
969	0
716	0
475	1
972	0
724	0
471	1
980	0
720	0
724	0
619	1
832	0
720	0
545	1
918	0
740	0
478	1
988	0
724	0
739	0
623	1
852	0
720	0
537	1
938	0
739	0
479	1
996	0
731	0
736	0
614	1
849	0
723	0
526	1
941	0
724	0
483	1
968	0
724	0
475	1
961	0
716	0
479	1
949	0
700	0
483	1
922	0
704	0
510	1
926	0
701	0
498	1
941	0
716	0
483	1
945	0
716	0
483	1
945	0
704	0
483	1
934	0
708	0
486	1
926	0
705	0
498	1
926	0
696	0
498	1
915	0
708	0
510	1
910	0
697	0
490	1
922	0
708	0
502	1
915	0
704	0
506	1
918	0
704	0
506	1
922	0
701	0
502	1
941	0
724	0
483	1
961	0
704	0
486	1
942	0
708	0
486	1
930	0
709	0
494	1
934	0
704	0
490	1
950	0
688	0
510	1
895	0
696	0
530	1
867	0
681	0
572	1
813	0
709	0
548	1
884	0
712	0
533	1
887	0
704	0
522	1
902	0
712	0
522	1
914	0
712	0
510	1
907	0
712	0
505	1
926	0
713	0
490	1
938	0
708	0
490	1
926	0
712	0
490	1
930	0
705	0
502	1
902	0
705	0
517	1
899	0
696	0
530	1
895	0
696	0
533	1
872	0
704	0
518	1
902	0
693	0
537	1
875	0
712	0
541	1
856	0
701	0
548	1
864	0
700	0
569	1
852	0
700	0
700	0
713	0
712	0
712	0
708	0
716	0
720	0
712	0
716	0
502	1
949	0
720	0
482	1
958	0
704	0
482	1
958	0
715	0
479	1
946	0
712	0
478	1
961	0
712	0
712	0
720	0
712	0
631	1
797	0
720	0
611	1
837	0
716	0
525	1
922	0
712	0
494	1
954	0
731	0
475	1
953	0
693	0
486	1
915	0
692	0
514	1
860	0
677	0
556	1
813	0
693	0
572	1
840	0
701	0
716	0
712	0
720	0
704	0
471	1
973	0
712	0
474	1
938	0
708	0
487	1
930	0
704	0
494	1
911	0
704	0
506	1
899	0
696	0
529	1
872	0
700	0
553	1
844	0
700	0
557	1
871	0
705	0
552	1
880	0
716	0
537	1
891	0
696	0
560	1
825	0
685	0
607	1
771	0
700	0
708	0
704	0
709	0
708	0
712	0
743	0
751	0
739	0
751	0
459	1
1020	0
728	0
463	1
1007	0
732	0
463	1
992	0
720	0
463	1
981	0
719	0
467	1
965	0
705	0
470	1
946	0
708	0
479	1
937	0
693	0
490	1
926	0
709	0
486	1
934	0
716	0
482	1
934	0
716	0
483	1
949	0
716	0
478	1
965	0
713	0
474	1
950	0
696	0
490	1
911	0
696	0
514	1
813	1
522	1
459	1
490	1
475	1
545	1
494	1
498	1
871	0
584	1
704	0
903	0
455	1
1059	0
739	0
751	0
479	1
1019	0
739	0
716	0
564	1
876	0
731	0
487	1
973	0
731	0
467	1
1008	0
735	0
732	0
494	1
953	0
736	0
467	1
992	0
716	0
463	1
969	0
716	0
466	1
958	0
712	0
471	1
957	0
712	0
475	1
941	0
704	0
479	1
946	0
696	0
483	1
933	0
712	0
479	1
938	0
700	0
483	1
926	0
696	0
494	1
911	0
700	0
483	1
930	0
696	0
491	1
918	0
700	0
494	1
915	0
700	0
487	1
914	0
693	0
509	1
884	0
677	0
544	1
837	0
669	0
677	0
689	0
689	0
688	0
685	0
701	0
700	0
696	0
693	0
697	0
661	0
697	0
677	0
684	0
677	0
689	0
689	0
685	0
451	1
926	0
685	0
584	1
782	0
677	0
665	0
677	0
681	0
498	1
856	0
669	0
670	0
657	0
662	0
669	0
498	1
833	0
665	0
658	0
661	0
666	0
478	1
856	0
677	0
673	0
666	0
677	0
685	0
677	0
692	0
693	0
673	0
681	0
677	0
665	0
670	0
681	0
684	0
677	0
693	0
475	1
899	0
677	0
677	0
669	0
665	0
452	1
875	0
654	0
650	0
646	0
661	0
463	1
841	0
646	0
642	0
642	0
634	0
471	1
782	0
630	0
634	0
627	0
642	0
494	1
786	0
650	0
646	0
521	1
759	0
646	0
638	0
638	0
642	0
467	1
837	0
642	0
642	0
626	0
646	0
521	1
759	0
627	0
634	0
502	1
762	0
627	0
630	0
459	1
790	0
619	0
611	0
494	1
724	0
603	0
595	0
533	1
669	0
604	0
599	0
595	0
557	1
645	0
596	0
599	0
599	0
459	1
732	0
599	0
595	0
483	1
704	0
584	0
591	0
596	0
490	1
689	0
591	0
592	0
583	0
452	1
723	0
584	0
572	0
552	1
604	0
575	0
576	0
483	1
685	0
579	0
580	0
584	0
447	1
724	0
584	0
583	0
588	0
587	0
471	1
708	0
596	0
583	0
588	0
591	0
467	1
724	0
592	0
591	0
587	0
588	0
588	0
599	0
591	0
584	0
599	0
545	1
646	0
595	0
599	0
596	0
599	0
591	0
452	1
723	0
600	0
591	0
584	0
591	0
599	0
588	0
591	0
604	0
595	0
607	0
451	1
782	0
600	0
587	0
623	0
622	0
541	1
685	0
634	0
646	0
533	1
736	0
634	0
634	0
591	1
642	0
623	0
623	0
517	1
724	0
622	0
623	0
506	1
751	0
626	0
635	0
626	0
642	0
638	0
642	0
646	0
662	0
482	1
860	0
658	0
669	0
665	0
677	0
452	1
887	0
661	0
650	0
638	0
638	0
483	1
813	0
626	0
635	0
642	0
646	0
467	1
805	0
623	0
634	0
634	0
642	0
475	1
809	0
634	0
627	0
630	0
631	0
474	1
810	0
622	0
642	0
642	0
638	0
452	1
844	0
627	0
657	0
533	1
802	0
653	0
650	0
654	0
658	0
439	1
868	0
646	0
650	0
642	0
646	0
439	1
887	0
650	0
654	0
654	0
661	0
444	1
902	0
662	0
549	1
782	0
673	0
611	1
704	0
658	0
661	0
607	1
693	0
661	0
673	0
666	0
665	0
650	0
661	0
677	0
673	0
541	1
802	0
669	0
669	0
650	0
669	0
440	1
891	0
669	0
642	1
697	0
658	0
677	0
665	0
661	0
436	1
938	0
681	0
510	1
875	0
681	0
599	1
782	0
670	0
657	0
666	0
657	0
444	1
875	0
654	0
650	0
646	0
638	0
451	1
856	0
642	0
638	0
627	0
654	0
455	1
871	0
650	0
638	0
662	0
700	0
708	0
697	0
673	0
475	1
860	0
649	0
658	0
669	0
670	0
677	0
669	0
685	0
506	1
879	0
681	0
704	0
732	0
813	0
735	0
747	0
744	0
719	0
467	1
981	0
716	0
467	1
918	0
662	0
536	1
845	0
720	0
509	1
930	0
701	0
482	1
895	0
697	0
494	1
988	0
712	0
459	1
969	0
724	0
459	1
957	0
666	0
474	1
872	0
677	0
529	1
833	0
661	0
580	1
771	0
681	0
712	0
727	0
740	0
743	0
735	0
732	0
754	0
759	0
751	0
452	1
1038	0
751	0
452	1
1015	0
712	0
448	1
980	0
716	0
460	1
937	0
693	0
479	1
914	0
673	0
502	1
922	0
677	0
510	1
821	0
669	0
568	1
817	0
689	0
568	1
864	0
720	0
533	1
934	0
724	0
474	1
981	0
727	0
463	1
969	0
709	0
474	1
946	0
704	0
479	1
941	0
689	0
490	1
950	0
704	0
479	1
961	0
716	0
474	1
993	0
712	0
467	1
1003	0
747	0
748	0
513	1
981	0
743	0
459	1
1023	0
740	0
735	0
522	1
980	0
747	0
459	1
1020	0
731	0
747	0
491	1
996	0
720	0
463	1
1011	0
736	0
723	0
596	1
887	0
720	0
486	1
973	0
720	0
471	1
972	0
720	0
471	1
977	0
712	0
471	1
980	0
716	0
467	1
988	0
716	0
463	1
977	0
712	0
471	1
965	0
720	0
470	1
962	0
704	0
475	1
961	0
708	0
474	1
965	0
697	0
482	1
919	0
681	0
525	1
868	0
684	0
584	1
837	0
696	0
564	1
860	0
720	0
541	1
903	0
696	0
568	1
888	0
723	0
549	1
922	0
728	0
486	1
996	0
736	0
474	1
1008	0
728	0
471	1
1007	0
705	0
482	1
981	0
731	0
479	1
980	0
705	0
482	1
930	0
693	0
544	1
868	0
693	0
591	1
856	0
712	0
716	0
724	0
720	0
712	0
548	1
884	0
685	0
704	0
712	0
712	0
716	0
724	0
743	0
447	1
1031	0
732	0
467	1
1004	0
720	0
478	1
992	0
732	0
479	1
1011	0
732	0
471	1
1027	0
731	0
467	1
1016	0
727	0
467	1
993	0
712	0
482	1
988	0
724	0
483	1
965	0
712	0
498	1
961	0
712	0
514	1
945	0
732	0
482	1
981	0
735	0
479	1
1015	0
739	0
471	1
1024	0
751	0
467	1
1042	0
732	0
759	0
556	1
949	0
732	0
486	1
1028	0
751	0
470	1
1020	0
747	0
467	1
1035	0
731	0
736	0
657	1
845	0
743	0
595	1
899	0
739	0
568	1
919	0
739	0
494	1
996	0
744	0
482	1
1019	0
736	0
478	1
1032	0
743	0
471	1
1031	0
739	0
739	0
740	0
758	0
483	1
1039	0
755	0
459	1
1054	0
743	0
464	1
1042	0
747	0
747	0
627	1
891	0
759	0
498	1
1004	0
755	0
474	1
1028	0
727	0
479	1
1008	0
719	0
479	1
992	0
728	0
486	1
973	0
720	0
498	1
965	0
724	0
486	1
965	0
728	0
494	1
961	0
708	0
529	1
934	0
716	0
517	1
946	0
724	0
521	1
961	0
732	0
509	1
965	0
732	0
506	1
969	0
739	0
490	1
989	0
719	0
502	1
977	0
724	0
486	1
988	0
736	0
486	1
981	0
720	0
502	1
922	0
700	0
545	1
844	0
685	0
700	0
709	0
716	0
735	0
739	0
736	0
494	1
1019	0
767	0
471	1
1027	0
747	0
479	1
1031	0
747	0
467	1
1031	0
747	0
743	0
576	1
922	0
747	0
491	1
1003	0
759	0
471	1
1027	0
736	0
470	1
1028	0
747	0
467	1
1035	0
743	0
755	0
552	1
958	0
758	0
475	1
1043	0
747	0
467	1
1046	0
748	0
754	0
514	1
1016	0
754	0
464	1
1050	0
755	0
759	0
506	1
980	0
743	0
479	1
1023	0
736	0
470	1
1039	0
751	0
467	1
1039	0
751	0
759	0
514	1
996	0
758	0
471	1
1047	0
747	0
463	1
1051	0
747	0
747	0
576	1
953	0
747	0
479	1
1035	0
762	0
467	1
1020	0
782	0
459	1
1062	0
747	0
736	0
587	1
942	0
747	0
486	1
1028	0
747	0
474	1
1024	0
747	0
474	1
1020	0
731	0
479	1
1023	0
744	0
470	1
1012	0
732	0
482	1
988	0
732	0
494	1
973	0
724	0
505	1
969	0
728	0
514	1
968	0
732	0
510	1
980	0
755	0
486	1
1028	0
751	0
474	1
1028	0
727	0
483	1
1015	0
728	0
486	1
973	0
732	0
509	1
989	0
735	0
502	1
1000	0
755	0
482	1
1031	0
751	0
763	0
619	1
895	0
743	0
552	1
954	0
762	0
483	1
1035	0
743	0
479	1
1039	0
754	0
475	1
1024	0
750	0
475	1
1004	0
739	0
487	1
992	0
728	0
505	1
965	0
740	0
486	1
1016	0
751	0
482	1
1023	0
759	0
755	0
642	1
887	0
767	0
533	1
996	0
759	0
486	1
1020	0
758	0
479	1
1027	0
751	0
483	1
1019	0
759	0
475	1
1038	0
751	0
755	0
650	1
860	0
759	0
568	1
969	0
751	0
525	1
1004	0
759	0
486	1
1019	0
763	0
479	1
1043	0
747	0
766	0
599	1
923	0
743	0
545	1
972	0
759	0
502	1
1008	0
747	0
490	1
988	0
716	0
533	1
954	0
731	0
514	1
969	0
743	0
521	1
973	0
736	0
525	1
961	0
735	0
502	1
981	0
735	0
514	1
969	0
731	0
537	1
954	0
739	0
510	1
972	0
751	0
510	1
992	0
740	0
517	1
992	0
755	0
494	1
1016	0
755	0
486	1
1023	0
744	0
490	1
1008	0
751	0
490	1
1000	0
759	0
486	1
1027	0
740	0
490	1
1023	0
747	0
479	1
1015	0
744	0
490	1
1039	0
774	0
778	0
514	1
1047	0
786	0
782	0
482	1
1094	0
774	0
766	0
495	1
1004	0
739	0
482	1
1024	0
751	0
482	1
1027	0
759	0
475	1
1043	0
739	0
479	1
1031	0
751	0
474	1
1035	0
755	0
475	1
1031	0
759	0
475	1
1038	0
748	0
762	0
549	1
980	0
755	0
483	1
1011	0
728	0
486	1
1000	0
747	0
483	1
1008	0
747	0
482	1
996	0
736	0
494	1
977	0
727	0
518	1
938	0
719	0
518	1
914	0
716	0
576	1
876	0
735	0
541	1
957	0
739	0
537	1
954	0
712	0
572	1
887	0
720	0
579	1
856	0
701	0
712	0
685	0
688	0
724	0
740	0
739	0
751	0
751	0
766	0
763	0
770	0
767	0
770	0
786	0
786	0
479	1
1082	0
793	0
463	1
1098	0
778	0
782	0
483	1
1097	0
770	0
786	0
475	1
1062	0
763	0
463	1
1019	0
740	0
478	1
1000	0
743	0
483	1
1000	0
728	0
490	1
1004	0
747	0
482	1
1012	0
743	0
483	1
1019	0
747	0
483	1
1027	0
759	0
470	1
1024	0
759	0
470	1
1028	0
743	0
474	1
1020	0
755	0
478	1
1012	0
743	0
479	1
1008	0
743	0
482	1
1012	0
735	0
491	1
992	0
747	0
486	1
1000	0
736	0
494	1
1004	0
739	0
490	1
993	0
735	0
506	1
973	0
743	0
482	1
1004	0
728	0
502	1
965	0
731	0
522	1
930	0
727	0
529	1
942	0
755	0
525	1
992	0
744	0
509	1
1008	0
743	0
495	1
1011	0
771	0
478	1
1059	0
778	0
774	0
510	1
1023	0
774	0
471	1
1047	0
743	0
743	0
646	1
845	0
735	0
747	0
736	0
727	0
755	0
697	1
797	0
728	0
747	0
728	0
751	0
743	0
751	0
747	0
611	1
910	0
755	0
755	0
743	0
751	0
747	0
479	1
1023	0
755	0
490	1
1024	0
739	0
494	1
1012	0
758	0
483	1
1019	0
747	0
487	1
1023	0
751	0
487	1
1031	0
758	0
479	1
1027	0
751	0
483	1
1011	0
740	0
486	1
1016	0
747	0
482	1
1020	0
739	0
486	1
993	0
747	0
490	1
988	0
740	0
509	1
961	0
716	0
518	1
949	0
732	0
541	1
933	0
732	0
533	1
965	0
735	0
541	1
946	0
747	0
517	1
977	0
739	0
533	1
958	0
723	0
533	1
962	0
739	0
545	1
945	0
739	0
537	1
965	0
740	0
548	1
958	0
754	0
545	1
946	0
739	0
541	1
957	0
755	0
541	1
976	0
744	0
548	1
961	0
751	0
522	1
984	0
751	0
537	1
965	0
767	0
529	1
1015	0
763	0
506	1
1070	0
762	0
786	0
549	1
1027	0
771	0
474	1
1082	0
767	0
762	0
580	1
969	0
770	0
491	1
1046	0
759	0
487	1
1050	0
771	0
478	1
1051	0
739	0
490	1
1035	0
744	0
486	1
988	0
736	0
529	1
953	0
755	0
498	1
1020	0
754	0
495	1
1027	0
751	0
494	1
1031	0
751	0
494	1
1027	0
751	0
495	1
1019	0
763	0
486	1
1035	0
759	0
482	1
1035	0
751	0
487	1
1019	0
759	0
486	1
1024	0
751	0
494	1
1008	0
739	0
506	1
969	0
735	0
514	1
976	0
740	0
529	1
969	0
754	0
495	1
1019	0
739	0
514	1
988	0
751	0
518	1
992	0
747	0
525	1
969	0
740	0
513	1
973	0
735	0
549	1
922	0
724	0
564	1
891	0
728	0
731	0
732	0
739	0
751	0
518	1
996	0
743	0
545	1
961	0
735	0
592	1
906	0
755	0
751	0
763	0
751	0
778	0
762	0
775	0
770	0
498	1
1063	0
770	0
482	1
1043	0
794	0
475	1
1124	0
810	0
805	0
467	1
1086	0
778	0
770	0
502	1
1062	0
790	0
463	1
1098	0
782	0
774	0
483	1
1066	0
770	0
467	1
1055	0
758	0
475	1
1035	0
755	0
475	1
1027	0
735	0
487	1
1007	0
744	0
494	1
988	0
739	0
518	1
969	0
747	0
529	1
957	0
720	0
560	1
930	0
736	0
537	1
945	0
732	0
572	1
902	0
748	0
552	1
934	0
735	0
743	0
720	0
728	0
739	0
475	1
1031	0
751	0
490	1
1000	0
747	0
530	1
965	0
727	0
568	1
942	0
751	0
568	1
911	0
750	0
561	1
938	0
727	0
751	0
751	0
759	0
763	0
750	0
771	0
774	0
479	1
1070	0
763	0
478	1
1043	0
763	0
482	1
1039	0
755	0
486	1
1024	0
762	0
490	1
1032	0
739	0
506	1
984	0
747	0
529	1
962	0
743	0
548	1
934	0
736	0
544	1
938	0
739	0
611	1
887	0
744	0
583	1
915	0
755	0
758	0
767	0
615	1
922	0
770	0
588	1
949	0
759	0
630	1
915	0
774	0
778	0
767	0
786	0
794	0
789	0
798	0
782	0
471	1
1101	0
786	0
467	1
1074	0
774	0
475	1
1058	0
755	0
479	1
1039	0
759	0
486	1
1023	0
755	0
490	1
1024	0
743	0
510	1
1007	0
759	0
498	1
1016	0
762	0
495	1
1015	0
743	0
518	1
996	0
743	0
533	1
973	0
747	0
510	1
980	0
744	0
540	1
911	0
728	0
572	1
883	0
724	0
731	0
732	0
727	0
740	0
482	1
981	0
716	0
719	0
736	0
739	0
739	0
693	1
821	0
763	0
758	0
763	0
767	0
782	0
786	0
766	0
786	0
459	1
1098	0
774	0
467	1
1062	0
786	0
471	1
1078	0
759	0
470	1
1055	0
762	0
471	1
1028	0
750	0
487	1
1023	0
736	0
498	1
1007	0
744	0
502	1
1019	0
751	0
494	1
1020	0
762	0
487	1
1027	0
739	0
510	1
1000	0
751	0
506	1
992	0
735	0
530	1
965	0
743	0
517	1
989	0
739	0
533	1
973	0
747	0
545	1
902	0
712	0
607	1
806	0
708	0
720	0
716	0
712	0
708	0
747	0
739	0
744	0
739	0
755	0
766	0
771	0
758	0
771	0
766	0
779	0
517	1
1027	0
786	0
510	1
1035	0
763	0
513	1
1024	0
770	0
498	1
1039	0
759	0
502	1
1019	0
755	0
510	1
1004	0
755	0
517	1
1004	0
747	0
529	1
992	0
763	0
525	1
977	0
751	0
549	1
980	0
759	0
541	1
1023	0
798	0
482	1
1101	0
794	0
782	0
498	1
1086	0
782	0
786	0
529	1
1035	0
779	0
482	1
1054	0
767	0
483	1
1042	0
751	0
494	1
1008	0
724	0
549	1
914	0
712	0
728	0
731	0
747	0
751	0
498	1
1004	0
759	0
510	1
996	0
759	0
517	1
996	0
747	0
545	1
957	0
747	0
518	1
976	0
744	0
552	1
938	0
751	0
529	1
977	0
747	0
556	1
950	0
751	0
575	1
946	0
735	0
751	0
751	0
759	0
759	0
576	1
941	0
767	0
568	1
949	0
740	0
762	0
747	0
759	0
755	0
763	0
758	0
771	0
475	1
1042	0
759	0
490	1
1000	0
709	0
564	1
875	0
701	0
692	0
685	0
704	0
510	1
1012	0
739	0
599	1
903	0
739	0
747	0
736	0
751	0
735	0
759	0
755	0
751	0
762	0
755	0
549	1
973	0
758	0
565	1
941	0
751	0
607	1
899	0
743	0
751	0
736	0
758	0
748	0
610	1
895	0
732	0
747	0
743	0
751	0
743	0
747	0
759	0
751	0
767	0
509	1
1000	0
759	0
525	1
965	0
740	0
572	1
910	0
740	0
556	1
930	0
731	0
732	0
739	0
510	1
977	0
727	0
580	1
887	0
724	0
595	1
868	0
728	0
731	0
739	0
518	1
953	0
732	0
630	1
825	0
716	0
728	0
727	0
732	0
731	0
740	0
739	0
724	0
716	0
704	0
720	0
