index	i-1	i+0	i+1	Filter	Time
1	685	801	848	0	1529
2	801	848	868	0	2377
3	848	868	876	0	3245
4	868	876	906	0	4121
5	876	906	922	0	5027
6	906	922	872	0	5949
7	922	872	872	0	6821
8	872	872	902	0	7693
9	872	902	887	0	8595
10	902	887	853	0	9482
11	887	853	856	0	10335
12	853	856	879	0	11191
13	856	879	876	0	12070
14	879	876	848	0	12946
15	876	848	856	0	13794
16	848	856	871	0	14650
17	856	871	849	0	15521
18	871	849	860	0	16370
19	849	860	883	0	17230
20	860	883	899	0	18113
21	883	899	867	0	19012
22	899	867	856	0	19879
23	867	856	833	0	20735
24	856	833	825	0	21568
25	833	825	829	0	22393
26	825	829	844	0	23222
27	829	844	876	0	24066
28	844	876	992	0	24942
29	876	992	1082	0	25934
30	992	1082	1093	0	27016
31	1082	1093	1070	0	28109
32	1093	1070	1012	0	29179
33	1070	1012	1015	0	30191
34	1012	1015	1020	0	31206
35	1015	1020	972	0	32226
36	1020	972	969	0	33198
37	972	969	977	0	34167
38	969	977	965	0	35144
39	977	965	965	0	36109
40	965	965	996	0	37074
41	965	996	996	0	38070
42	996	996	930	0	39066
43	996	930	918	0	39996
44	930	918	915	0	40914
45	918	915	891	0	41829
46	915	891	906	0	42720
47	891	906	934	0	43626
48	906	934	950	0	44560
49	934	950	918	0	45510
50	950	918	949	0	46428
51	918	949	1004	0	47377
52	949	1004	930	0	48381
53	1004	930	895	0	49311
54	930	895	883	0	50206
55	895	883	829	0	51089
56	883	829	852	0	51918
57	829	852	829	0	52770
58	852	829	813	0	53599
59	829	813	818	0	54412
60	813	818	856	0	55230
61	818	856	887	0	56086
62	856	887	887	0	56973
63	887	887	938	0	57860
64	887	938	1004	0	58798
65	938	1004	988	0	59802
66	1004	988	957	0	60790
67	988	957	938	0	61747
68	957	938	930	0	62685
69	938	930	895	0	63615
70	930	895	918	0	64510
71	895	918	942	0	65428
72	918	942	902	0	66370
73	942	902	880	0	67272
74	902	880	895	0	68152
75	880	895	1015	0	69047
76	895	1015	1125	0	70062
77	1015	1125	1085	0	71187
78	1125	1085	1067	0	72272
79	1085	1067	1035	0	73339
80	1067	1035	1000	0	74374
81	1035	1000	1003	0	75374
82	1000	1003	993	0	76377
83	1003	993	965	0	77370
84	993	965	941	0	78335
85	965	941	981	0	79276
86	941	981	976	0	80257
87	981	976	954	0	81233
88	976	954	988	0	82187
89	954	988	973	0	83175
90	988	973	992	0	84148
91	973	992	973	0	85140
92	992	973	957	0	86113
93	973	957	953	0	87070
94	957	953	895	0	88023
95	953	895	922	0	88918
96	895	922	977	0	89840
97	922	977	965	0	90817
98	977	965	969	0	91782
99	965	969	988	0	92751
100	969	988	1000	0	93739
101	988	1000	957	0	94739
102	1000	957	969	0	95696
103	957	969	985	0	96665
104	969	985	949	0	97650
105	985	949	907	0	98599
106	949	907	934	0	99506
107	907	934	914	0	100440
108	934	914	876	0	101354
109	914	876	856	0	102230
110	876	856	898	0	103086
111	856	898	927	0	103984
112	898	927	937	0	104911
113	927	937	919	0	105848
114	937	919	1144	0	106767
115	919	1144	1093	0	107911
116	1144	1093	1093	0	109004
117	1093	1093	1117	0	110097
118	1093	1117	1121	0	111214
119	1117	1121	1132	0	112335
120	1121	1132	1124	0	113467
121	1132	1124	1074	0	114591
122	1124	1074	1024	0	115665
123	1074	1024	1058	0	116689
124	1024	1058	1043	0	117747
125	1058	1043	1008	0	118790
126	1043	1008	1027	0	119798
127	1008	1027	1023	0	120825
128	1027	1023	1004	0	121848
129	1023	1004	1039	0	122852
130	1004	1039	1035	0	123891
131	1039	1035	1035	0	124926
132	1035	1035	1055	0	125961
133	1035	1055	1101	0	127016
134	1055	1101	1105	0	128117
135	1101	1105	1101	0	129222
136	1105	1101	1109	0	130323
137	1101	1109	1117	0	131432
138	1109	1117	1112	0	132549
139	1117	1112	1109	0	133661
140	1112	1109	1074	0	134770
141	1109	1074	1117	0	135844
142	1074	1117	1171	0	136961
143	1117	1171	1203	0	138132
144	1171	1203	1229	0	139335
145	1203	1229	1273	0	140564
146	1229	1273	1272	0	141837
147	1273	1272	1342	0	143109
148	1272	1342	1362	0	144451
149	1342	1362	1378	0	145813
150	1362	1378	1385	0	147191
151	1378	1385	1373	0	148576
152	1385	1373	1390	0	149949
153	1373	1390	1396	0	151339
154	1390	1396	1362	0	152735
155	1396	1362	1401	0	154097
156	1362	1401	1350	0	155498
157	1401	1350	1300	0	156848
158	1350	1300	1237	0	158148
159	1300	1237	1222	0	159385
160	1237	1222	1265	0	160607
161	1222	1265	1264	0	161872
162	1265	1264	1311	0	163136
163	1264	1311	1327	0	164447
164	1311	1327	1249	0	165774
165	1327	1249	1284	0	167023
166	1249	1284	1292	0	168307
167	1284	1292	1358	0	169599
168	1292	1358	1335	0	170957
169	1358	1335	1311	0	172292
170	1335	1311	1335	0	173603
171	1311	1335	1327	0	174938
172	1335	1327	1338	0	176265
173	1327	1338	1346	0	177603
174	1338	1346	1335	0	178949
175	1346	1335	1335	0	180284
176	1335	1335	1346	0	181619
177	1335	1346	805	0	182965
178	1346	805	1475	1	183770
179	805	1475	1257	0	185245
180	1475	1257	1268	0	186502
181	1257	1268	1284	0	187770
182	1268	1284	1347	0	189054
183	1284	1347	1338	0	190401
184	1347	1338	1347	0	191739
185	1338	1347	1346	0	193086
186	1347	1346	1377	0	194432
187	1346	1377	1382	0	195809
188	1377	1382	1377	0	197191
189	1382	1377	1385	0	198568
190	1377	1385	1358	0	199953
191	1385	1358	1413	0	201311
192	1358	1413	1377	0	202724
193	1413	1377	693	0	204101
194	1377	693	1969	1	204794
195	693	1969	1369	0	206763
196	1969	1369	1413	0	208132
197	1369	1413	1373	0	209545
198	1413	1373	1452	0	210918
199	1373	1452	1525	0	212370
200	1452	1525	1467	0	213895
201	1525	1467	1572	0	215362
202	1467	1572	1564	0	216934
203	1572	1564	1537	0	218498
204	1564	1537	1549	0	220035
205	1537	1549	887	0	221584
206	1549	887	1677	1	222471
207	887	1677	1533	0	224148
208	1677	1533	1560	0	225681
209	1533	1560	1541	0	227241
210	1560	1541	1708	0	228782
211	1541	1708	1588	0	230490
212	1708	1588	1564	0	232078
213	1588	1564	1486	0	233642
214	1564	1486	1452	0	235128
215	1486	1452	1447	0	236580
216	1452	1447	1483	0	238027
217	1447	1483	852	0	239510
218	1483	852	1700	1	240362
219	852	1700	1526	0	242062
220	1700	1526	1653	0	243588
221	1526	1653	1584	0	245241
222	1653	1584	1549	0	246825
223	1584	1549	1544	0	248374
224	1549	1544	887	0	249918
225	1544	887	1697	1	250805
226	887	1697	1514	0	252502
227	1697	1514	1474	0	254016
228	1514	1474	1409	0	255490
229	1474	1409	1440	0	256899
230	1409	1440	1443	0	258339
231	1440	1443	1467	0	259782
232	1443	1467	1447	0	261249
233	1467	1447	1401	0	262696
234	1447	1401	1405	0	264097
235	1401	1405	1412	0	265502
236	1405	1412	1413	0	266914
237	1412	1413	1432	0	268327
238	1413	1432	1455	0	269759
239	1432	1455	1405	0	271214
240	1455	1405	1416	0	272619
241	1405	1416	1362	0	274035
242	1416	1362	1405	0	275397
243	1362	1405	1494	0	276802
244	1405	1494	1568	0	278296
245	1494	1568	1568	0	279864
246	1568	1568	1630	0	281432
247	1568	1630	1584	0	283062
248	1630	1584	1599	0	284646
249	1584	1599	1537	0	286245
250	1599	1537	1541	0	287782
251	1537	1541	1545	0	289323
252	1541	1545	1541	0	290868
253	1545	1541	1544	0	292409
254	1541	1544	1576	0	293953
255	1544	1576	1627	0	295529
256	1576	1627	867	0	297156
257	1627	867	1693	1	298023
258	867	1693	1541	0	299716
259	1693	1541	1459	0	301257
260	1541	1459	1533	0	302716
261	1459	1533	1634	0	304249
262	1533	1634	1564	0	305883
263	1634	1564	1619	0	307447
264	1564	1619	1432	0	309066
265	1619	1432	1490	0	310498
266	1432	1490	1444	0	311988
267	1490	1444	1479	0	313432
268	1444	1479	1544	0	314911
269	1479	1544	1522	0	316455
270	1544	1522	1486	0	317977
271	1522	1486	1428	0	319463
272	1486	1428	1451	0	320891
273	1428	1451	1475	0	322342
274	1451	1475	1444	0	323817
275	1475	1444	1463	0	325261
276	1444	1463	1459	0	326724
277	1463	1459	1502	0	328183
278	1459	1502	1443	0	329685
279	1502	1443	1444	0	331128
280	1443	1444	1405	0	332572
281	1444	1405	1323	0	333977
282	1405	1323	1198	0	335300
283	1323	1198	1335	0	336498
284	1198	1335	1307	0	337833
285	1335	1307	1393	0	339140
286	1307	1393	1342	0	340533
287	1393	1342	1417	0	341875
288	1342	1417	1381	0	343292
289	1417	1381	1467	0	344673
290	1381	1467	1444	0	346140
291	1467	1444	1412	0	347584
292	1444	1412	1343	0	348996
293	1412	1343	1373	0	350339
294	1343	1373	1413	0	351712
295	1373	1413	1455	0	353125
296	1413	1455	751	0	354580
297	1455	751	1222	1	355331
298	751	1222	1463	0	356553
299	1222	1463	1459	0	358016
300	1463	1459	1428	0	359475
301	1459	1428	1362	0	360903
302	1428	1362	1323	0	362265
303	1362	1323	1268	0	363588
304	1323	1268	1206	0	364856
305	1268	1206	1144	0	366062
306	1206	1144	1273	0	367206
307	1144	1273	1276	0	368479
308	1273	1276	1261	0	369755
309	1276	1261	1241	0	371016
310	1261	1241	1222	0	372257
311	1241	1222	1256	0	373479
312	1222	1256	1308	0	374735
313	1256	1308	1327	0	376043
314	1308	1327	1326	0	377370
315	1327	1326	1312	0	378696
316	1326	1312	1319	0	380008
317	1312	1319	1315	0	381327
318	1319	1315	1323	0	382642
319	1315	1323	1331	0	383965
320	1323	1331	1307	0	385296
321	1331	1307	1249	0	386603
322	1307	1249	1273	0	387852
323	1249	1273	1256	0	389125
324	1273	1256	841	0	390381
325	1256	841	1700	1	391222
326	841	1700	1226	0	392922
327	1700	1226	1233	0	394148
328	1226	1233	1280	0	395381
329	1233	1280	1339	0	396661
330	1280	1339	1265	0	398000
331	1339	1265	1260	0	399265
332	1265	1260	1319	0	400525
333	1260	1319	1269	0	401844
334	1319	1269	1296	0	403113
335	1269	1296	1241	0	404409
336	1296	1241	1218	0	405650
337	1241	1218	1264	0	406868
338	1218	1264	1292	0	408132
339	1264	1292	1315	0	409424
340	1292	1315	1327	0	410739
341	1315	1327	1327	0	412066
342	1327	1327	1288	0	413393
343	1327	1288	1202	0	414681
344	1288	1202	1206	0	415883
345	1202	1206	1277	0	417089
346	1206	1277	1338	0	418366
347	1277	1338	1249	0	419704
348	1338	1249	1253	0	420953
349	1249	1253	1343	0	422206
350	1253	1343	1350	0	423549
351	1343	1350	1315	0	424899
352	1350	1315	1362	0	426214
353	1315	1362	1319	0	427576
354	1362	1319	1370	0	428895
355	1319	1370	1338	0	430265
356	1370	1338	1378	0	431603
357	1338	1378	1381	0	432981
358	1378	1381	1354	0	434362
359	1381	1354	1373	0	435716
360	1354	1373	1358	0	437089
361	1373	1358	596	0	438447
362	1358	596	848	1	439043
363	596	848	642	1	439891
364	848	642	1132	1	440533
365	642	1132	1576	0	441665
366	1132	1576	1471	1	443241
367	1576	1471	1288	0	444712
368	1471	1288	1206	0	446000
369	1288	1206	1199	0	447206
370	1206	1199	1128	0	448405
371	1199	1128	1160	0	449533
372	1128	1160	1182	0	450693
373	1160	1182	1222	0	451875
374	1182	1222	1273	0	453097
375	1222	1273	1225	0	454370
376	1273	1225	1273	0	455595
377	1225	1273	1307	0	456868
378	1273	1307	1272	0	458175
379	1307	1272	1222	0	459447
380	1272	1222	1308	0	460669
381	1222	1308	1268	0	461977
382	1308	1268	1292	0	463245
383	1268	1292	1233	0	464537
384	1292	1233	1362	0	465770
385	1233	1362	1327	0	467132
386	1362	1327	1296	0	468459
387	1327	1296	1288	0	469755
388	1296	1288	1272	0	471043
389	1288	1272	1350	0	472315
390	1272	1350	1323	0	473665
391	1350	1323	1304	0	474988
392	1323	1304	1272	0	476292
393	1304	1272	1284	0	477564
394	1272	1284	1339	0	478848
395	1284	1339	1338	0	480187
396	1339	1338	1343	0	481525
397	1338	1343	1288	0	482868
398	1343	1288	1249	0	484156
399	1288	1249	1291	0	485405
400	1249	1291	1242	0	486696
401	1291	1242	1253	0	487938
402	1242	1253	1299	0	489191
403	1253	1299	1273	0	490490
404	1299	1273	1268	0	491763
405	1273	1268	1245	0	493031
406	1268	1245	1273	0	494276
407	1245	1273	1159	0	495549
408	1273	1159	1113	0	496708
409	1159	1113	1082	0	497821
410	1113	1082	1039	0	498903
411	1082	1039	704	0	499942
412	1039	704	1093	1	500646
413	704	1093	887	0	501739
414	1093	887	775	0	502626
415	887	775	716	0	503401
416	775	716	669	0	504117
417	716	669	669	0	504786
418	669	669	646	0	505455
419	669	646	642	0	506101
420	646	642	646	0	506743
421	642	646	615	0	507389
422	646	615	630	0	508004
423	615	630	603	0	508634
424	630	603	600	0	509237
425	603	600	599	0	509837
426	600	599	591	0	510436
427	599	591	603	0	511027
428	591	603	568	0	511630
429	603	568	596	0	512198
430	568	596	568	0	512794
431	596	568	580	0	513362
432	568	580	576	0	513942
433	580	576	575	0	514518
434	576	575	572	0	515093
435	575	572	568	0	515665
436	572	568	576	0	516233
437	568	576	572	0	516809
438	576	572	568	0	517381
439	572	568	565	0	517949
440	568	565	564	0	518514
441	565	564	568	0	519078
442	564	568	564	0	519646
443	568	564	564	0	520210
444	564	564	568	0	520774
445	564	568	569	0	521342
446	568	569	560	0	521911
447	569	560	568	0	522471
448	560	568	564	0	523039
449	568	564	560	0	523603
450	564	560	448	0	524163
451	560	448	681	1	524611
452	448	681	556	0	525292
453	681	556	564	0	525848
454	556	564	565	0	526412
455	564	565	560	0	526977
456	565	560	564	0	527537
457	560	564	560	0	528101
458	564	560	569	0	528661
459	560	569	560	0	529230
460	569	560	568	0	529790
461	560	568	560	0	530358
462	568	560	564	0	530918
463	560	564	565	0	531482
464	564	565	544	0	532047
465	565	544	584	1	532591
466	544	584	560	0	533175
467	584	560	565	0	533735
468	560	565	521	0	534300
469	565	521	615	1	534821
470	521	615	560	0	535436
471	615	560	568	0	535996
472	560	568	561	0	536564
473	568	561	568	0	537125
474	561	568	568	0	537693
475	568	568	568	0	538261
476	568	568	568	0	538829
477	568	568	556	0	539397
478	568	556	568	0	539953
479	556	568	568	0	540521
480	568	568	506	0	541089
481	568	506	627	1	541595
482	506	627	533	0	542222
483	627	533	599	1	542755
484	533	599	529	0	543354
485	599	529	607	1	543883
486	529	607	487	0	544490
487	607	487	646	1	544977
488	487	646	517	0	545623
489	646	517	627	1	546140
490	517	627	540	0	546767
491	627	540	588	1	547307
492	540	588	572	0	547895
493	588	572	560	0	548467
494	572	560	568	0	549027
495	560	568	568	0	549595
496	568	568	561	0	550163
497	568	561	568	0	550724
498	561	568	568	0	551292
499	568	568	568	0	551860
500	568	568	568	0	552428
501	568	568	568	0	552996
502	568	568	572	0	553564
503	568	572	564	0	554136
504	572	564	565	0	554700
505	564	565	572	0	555265
506	565	572	572	0	555837
507	572	572	572	0	556409
508	572	572	564	0	556981
509	572	564	572	0	557545
510	564	572	572	0	558117
511	572	572	572	0	558689
512	572	572	564	0	559261
513	572	564	572	0	559825
514	564	572	572	0	560397
515	572	572	564	0	560969
516	572	564	572	0	561533
517	564	572	572	0	562105
518	572	572	568	0	562677
519	572	568	568	0	563245
520	568	568	576	0	563813
521	568	576	568	0	564389
522	576	568	568	0	564957
523	568	568	572	0	565525
524	568	572	576	0	566097
525	572	576	572	0	566673
526	576	572	568	0	567245
527	572	568	576	0	567813
528	568	576	568	0	568389
529	576	568	572	0	568957
530	568	572	576	0	569529
531	572	576	572	0	570105
532	576	572	572	0	570677
533	572	572	572	0	571249
534	572	572	576	0	571821
535	572	576	580	0	572397
536	576	580	572	0	572977
537	580	572	572	0	573549
538	572	572	575	0	574121
539	572	575	576	0	574696
540	575	576	565	0	575272
541	576	565	579	1	575837
542	565	579	576	0	576416
543	579	576	572	0	576992
544	576	572	580	0	577564
545	572	580	572	0	578144
546	580	572	568	0	578716
547	572	568	584	0	579284
548	568	584	572	0	579868
549	584	572	529	0	580440
550	572	529	619	0	580969
551	529	619	572	0	581588
552	619	572	575	0	582160
553	572	575	576	0	582735
554	575	576	572	0	583311
555	576	572	576	0	583883
556	572	576	572	0	584459
557	576	572	580	0	585031
558	572	580	568	0	585611
559	580	568	576	0	586179
560	568	576	576	0	586755
561	576	576	572	0	587331
562	576	572	572	0	587903
563	572	572	583	0	588475
564	572	583	568	0	589058
565	583	568	572	0	589626
566	568	572	576	0	590198
567	572	576	580	0	590774
568	576	580	572	0	591354
569	580	572	572	0	591926
570	572	572	580	0	592498
571	572	580	576	0	593078
572	580	576	568	0	593654
573	576	568	576	0	594222
574	568	576	576	0	594798
575	576	576	572	0	595374
576	576	572	575	0	595946
577	572	575	576	0	596521
578	575	576	572	0	597097
579	576	572	572	0	597669
580	572	572	576	0	598241
581	572	576	576	0	598817
582	576	576	568	0	599393
583	576	568	576	0	599961
584	568	576	580	0	600537
585	576	580	572	0	601117
586	580	572	572	0	601689
587	572	572	572	0	602261
588	572	572	579	0	602833
589	572	579	572	0	603412
590	579	572	580	0	603984
591	572	580	576	0	604564
592	580	576	568	0	605140
593	576	568	572	0	605708
594	568	572	572	0	606280
595	572	572	572	0	606852
596	572	572	580	0	607424
597	572	580	580	0	608004
598	580	580	576	0	608584
599	580	576	579	0	609160
600	576	579	572	0	609739
601	579	572	576	0	610311
602	572	576	580	0	610887
603	576	580	572	0	611467
604	580	572	580	0	612039
605	572	580	579	0	612619
606	580	579	572	0	613198
607	579	572	580	0	613770
608	572	580	580	0	614350
609	580	580	576	0	614930
610	580	576	576	0	615506
611	576	576	579	0	616082
612	576	579	572	0	616661
613	579	572	584	0	617233
614	572	584	576	0	617817
615	584	576	576	0	618393
616	576	576	580	0	618969
617	576	580	572	0	619549
618	580	572	583	0	620121
619	572	583	584	0	620704
620	583	584	580	0	621288
621	584	580	579	0	621868
622	580	579	580	0	622447
623	579	580	576	0	623027
624	580	576	580	0	623603
625	576	580	580	0	624183
626	580	580	583	0	624763
627	580	583	576	0	625346
628	583	576	576	0	625922
629	576	576	572	0	626498
630	576	572	588	0	627070
631	572	588	579	0	627658
632	588	579	576	0	628237
633	579	576	584	0	628813
634	576	584	576	0	629397
635	584	576	576	0	629973
636	576	576	579	0	630549
637	576	579	584	0	631128
638	579	584	580	0	631712
639	584	580	580	0	632292
640	580	580	579	0	632872
641	580	579	584	0	633451
642	579	584	580	0	634035
643	584	580	580	0	634615
644	580	580	587	0	635195
645	580	587	584	0	635782
646	587	584	576	0	636366
647	584	576	583	0	636942
648	576	583	584	0	637525
649	583	584	580	0	638109
650	584	580	587	0	638689
651	580	587	584	0	639276
652	587	584	580	0	639860
653	584	580	579	0	640440
654	580	579	588	0	641019
655	579	588	584	0	641607
656	588	584	579	0	642191
657	584	579	584	0	642770
658	579	584	588	0	643354
659	584	588	579	0	643942
660	588	579	580	0	644521
661	579	580	588	0	645101
662	580	588	583	0	645689
663	588	583	584	0	646272
664	583	584	584	0	646856
665	584	584	579	0	647440
666	584	579	592	0	648019
667	579	592	576	0	648611
668	592	576	587	0	649187
669	576	587	584	0	649774
670	587	584	584	0	650358
671	584	584	579	0	650942
672	584	579	584	0	651521
673	579	584	588	0	652105
674	584	588	583	0	652693
675	588	583	584	0	653276
676	583	584	580	0	653860
677	584	580	583	0	654440
678	580	583	580	0	655023
679	583	580	584	0	655603
680	580	584	587	0	656187
681	584	587	588	0	656774
682	587	588	580	0	657362
683	588	580	579	0	657942
684	580	579	580	0	658521
685	579	580	584	0	659101
686	580	584	591	0	659685
687	584	591	580	0	660276
688	591	580	584	0	660856
689	580	584	583	0	661440
690	584	583	584	0	662023
691	583	584	584	0	662607
692	584	584	583	0	663191
693	584	583	584	0	663774
694	583	584	584	0	664358
695	584	584	576	0	664942
696	584	576	583	0	665518
697	576	583	584	0	666101
698	583	584	576	0	666685
699	584	576	579	0	667261
700	576	579	584	0	667840
701	579	584	584	0	668424
702	584	584	572	0	669008
703	584	572	583	0	669580
704	572	583	584	0	670163
705	583	584	580	0	670747
706	584	580	576	0	671327
707	580	576	579	0	671903
708	576	579	584	0	672482
709	579	584	584	0	673066
710	584	584	580	0	673650
711	584	580	575	0	674230
712	580	575	584	0	674805
713	575	584	580	0	675389
714	584	580	580	0	675969
715	580	580	576	0	676549
716	580	576	583	0	677125
717	576	583	584	0	677708
718	583	584	580	0	678292
719	584	580	575	0	678872
720	580	575	584	0	679447
721	575	584	584	0	680031
722	584	584	576	0	680615
723	584	576	579	0	681191
724	576	579	580	0	681770
725	579	580	588	0	682350
726	580	588	389	0	682938
727	588	389	716	1	683327
728	389	716	646	1	684043
729	716	646	587	0	684689
730	646	587	580	0	685276
731	587	580	580	0	685856
732	580	580	580	0	686436
733	580	580	583	0	687016
734	580	583	494	0	687599
735	583	494	654	1	688093
736	494	654	588	0	688747
737	654	588	583	0	689335
738	588	583	576	0	689918
739	583	576	580	0	690494
740	576	580	584	0	691074
741	580	584	579	0	691658
742	584	579	576	0	692237
743	579	576	584	0	692813
744	576	584	584	0	693397
745	584	584	575	0	693981
746	584	575	584	0	694556
747	575	584	584	0	695140
748	584	584	494	0	695724
749	584	494	654	1	696218
750	494	654	455	0	696872
751	654	455	685	1	697327
752	455	685	607	1	698012
753	685	607	583	0	698619
754	607	583	584	0	699202
755	583	584	584	0	699786
756	584	584	583	0	700370
757	584	583	580	0	700953
758	583	580	580	0	701533
759	580	580	583	0	702113
760	580	583	584	0	702696
761	583	584	580	0	703280
762	584	580	580	0	703860
763	580	580	583	0	704440
764	580	583	584	0	705023
765	583	584	584	0	705607
766	584	584	576	0	706191
767	584	576	583	0	706767
768	576	583	584	0	707350
769	583	584	580	0	707934
770	584	580	579	0	708514
771	580	579	580	0	709093
772	579	580	584	0	709673
773	580	584	580	0	710257
774	584	580	575	0	710837
775	580	575	584	0	711412
776	575	584	584	0	711996
777	584	584	580	0	712580
778	584	580	579	0	713160
779	580	579	584	0	713739
780	579	584	580	0	714323
781	584	580	579	0	714903
782	580	579	580	0	715482
783	579	580	584	0	716062
784	580	584	584	0	716646
785	584	584	575	0	717230
786	584	575	584	0	717805
787	575	584	588	0	718389
788	584	588	583	0	718977
789	588	583	576	0	719560
790	583	576	584	0	720136
791	576	584	584	0	720720
792	584	584	583	0	721304
793	584	583	580	0	721887
794	583	580	591	0	722467
795	580	591	584	0	723058
796	591	584	580	0	723642
797	584	580	583	0	724222
798	580	583	588	0	724805
799	583	588	584	0	725393
800	588	584	583	0	725977
801	584	583	584	0	726560
802	583	584	588	0	727144
803	584	588	583	0	727732
804	588	583	588	0	728315
805	583	588	591	0	728903
806	588	591	584	0	729494
807	591	584	583	0	730078
808	584	583	592	0	730661
809	583	592	591	0	731253
810	592	591	584	0	731844
811	591	584	588	0	732428
812	584	588	591	0	733016
813	588	591	591	0	733607
814	591	591	588	0	734198
815	591	588	595	0	734786
816	588	595	584	0	735381
817	595	584	591	0	735965
818	584	591	592	0	736556
819	591	592	587	0	737148
820	592	587	596	0	737735
821	587	596	595	0	738331
822	596	595	588	0	738926
823	595	588	595	0	739514
824	588	595	595	0	740109
825	595	595	588	0	740704
826	595	588	595	0	741292
827	588	595	595	0	741887
828	595	595	596	0	742482
829	595	596	591	0	743078
830	596	591	596	0	743669
831	591	596	568	0	744265
832	596	568	614	1	744833
833	568	614	600	0	745447
834	614	600	599	0	746047
835	600	599	591	0	746646
836	599	591	596	0	747237
837	591	596	603	0	747833
838	596	603	595	0	748436
839	603	595	595	0	749031
840	595	595	600	0	749626
841	595	600	599	0	750226
842	600	599	599	0	750825
843	599	599	595	0	751424
844	599	595	596	0	752019
845	595	596	607	0	752615
846	596	607	595	0	753222
847	607	595	595	0	753817
848	595	595	604	0	754412
849	595	604	599	0	755016
850	604	599	599	0	755615
851	599	599	599	0	756214
852	599	599	599	0	756813
853	599	599	607	0	757412
854	599	607	600	0	758019
855	607	600	599	0	758619
856	600	599	599	0	759218
857	599	599	607	0	759817
858	599	607	595	0	760424
859	607	595	604	0	761019
860	595	604	603	0	761623
861	604	603	599	0	762226
862	603	599	603	0	762825
863	599	603	599	0	763428
864	603	599	603	0	764027
865	599	603	600	0	764630
866	603	600	603	0	765230
867	600	603	599	0	765833
868	603	599	603	0	766432
869	599	603	599	0	767035
870	603	599	599	0	767634
871	599	599	607	0	768233
872	599	607	600	0	768840
873	607	600	599	0	769440
874	600	599	607	0	770039
875	599	607	603	0	770646
876	607	603	599	0	771249
877	603	599	607	0	771848
878	599	607	603	0	772455
879	607	603	607	0	773058
880	603	607	600	0	773665
881	607	600	607	0	774265
882	600	607	603	0	774872
883	607	603	607	0	775475
884	603	607	603	0	776082
885	607	603	603	0	776685
886	603	603	607	0	777288
887	603	607	572	0	777895
888	607	572	634	0	778467
889	572	634	607	0	779101
890	634	607	607	0	779708
891	607	607	603	0	780315
892	607	603	603	0	780918
893	603	603	604	0	781521
894	603	604	607	0	782125
895	604	607	607	0	782732
896	607	607	599	0	783339
897	607	599	607	0	783938
898	599	607	607	0	784545
899	607	607	607	0	785152
900	607	607	603	0	785759
901	607	603	603	0	786362
902	603	603	607	0	786965
903	603	607	603	0	787572
904	607	603	603	0	788175
905	603	603	607	0	788778
906	603	607	607	0	789385
907	607	607	607	0	789992
908	607	607	603	0	790599
909	607	603	607	0	791202
910	603	607	611	0	791809
911	607	611	603	0	792420
912	611	603	607	0	793023
913	603	607	611	0	793630
914	607	611	611	0	794241
915	611	611	607	0	794852
916	611	607	607	0	795459
917	607	607	611	0	796066
918	607	611	615	0	796677
919	611	615	607	0	797292
920	615	607	607	0	797899
921	607	607	611	0	798506
922	607	611	615	0	799117
923	611	615	610	0	799732
924	615	610	611	0	800342
925	610	611	611	0	800953
926	611	611	611	0	801564
927	611	611	615	0	802175
928	611	615	607	0	802790
929	615	607	611	0	803397
930	607	611	615	0	804008
931	611	615	610	0	804623
932	615	610	611	0	805233
933	610	611	611	0	805844
934	611	611	615	0	806455
935	611	615	611	0	807070
936	615	611	607	0	807681
937	611	607	615	0	808288
938	607	615	611	0	808903
939	615	611	614	0	809514
940	611	614	607	0	810128
941	614	607	615	0	810735
942	607	615	615	0	811350
943	615	615	615	0	811965
944	615	615	607	0	812580
945	615	607	611	0	813187
946	607	611	614	0	813798
947	611	614	615	0	814412
948	614	615	607	0	815027
949	615	607	607	0	815634
950	607	607	615	0	816241
951	607	615	615	0	816856
952	615	615	611	0	817471
953	615	611	607	0	818082
954	611	607	611	0	818689
955	607	611	614	0	819300
956	611	614	619	0	819914
957	614	619	611	0	820533
958	619	611	607	0	821144
959	611	607	615	0	821751
960	607	615	521	0	822366
961	615	521	704	1	822887
962	521	704	611	0	823591
963	704	611	611	0	824202
964	611	611	615	0	824813
965	611	615	615	0	825428
966	615	615	611	0	826043
967	615	611	607	0	826654
968	611	607	614	0	827261
969	607	614	615	0	827875
970	614	615	611	0	828490
971	615	611	607	0	829101
972	611	607	607	0	829708
973	607	607	615	0	830315
974	607	615	607	0	830930
975	615	607	603	0	831537
976	607	603	611	0	832140
977	603	611	611	0	832751
978	611	611	607	0	833362
979	611	607	603	0	833969
980	607	603	607	0	834572
981	603	607	626	0	835179
982	607	626	600	0	835805
983	626	600	603	0	836405
984	600	603	611	0	837008
985	603	611	611	0	837619
986	611	611	614	0	838230
987	611	614	607	0	838844
988	614	607	611	0	839451
989	607	611	615	0	840062
990	611	615	623	0	840677
991	615	623	603	0	841300
992	623	603	611	0	841903
993	603	611	618	0	842514
994	611	618	627	0	843132
995	618	627	603	0	843759
996	627	603	611	0	844362
997	603	611	615	0	844973
998	611	615	618	0	845588
999	615	618	619	0	846206
1000	618	619	611	0	846825
1001	619	611	618	0	847436
1002	611	618	631	0	848054
1003	618	631	607	0	848685
1004	631	607	619	0	849292
1005	607	619	614	0	849911
1006	619	614	623	0	850525
1007	614	623	619	0	851148
1008	623	619	622	0	851767
1009	619	622	627	0	852389
1010	622	627	614	0	853016
1011	627	614	623	0	853630
1012	614	623	619	0	854253
1013	623	619	622	0	854872
1014	619	622	623	0	855494
1015	622	623	622	0	856117
1016	623	622	623	0	856739
1017	622	623	619	0	857362
1018	623	619	622	0	857981
1019	619	622	623	0	858603
1020	622	623	622	0	859226
1021	623	622	627	0	859848
1022	622	627	618	0	860475
1023	627	618	619	0	861093
1024	618	619	630	0	861712
1025	619	630	619	0	862342
1026	630	619	615	0	862961
1027	619	615	622	0	863576
1028	615	622	623	0	864198
1029	622	623	619	0	864821
1030	623	619	618	0	865440
1031	619	618	619	0	866058
1032	618	619	623	0	866677
1033	619	623	622	0	867300
1034	623	622	619	0	867922
1035	622	619	622	0	868541
1036	619	622	623	0	869163
1037	622	623	623	0	869786
1038	623	623	630	0	870409
1039	623	630	607	0	871039
1040	630	607	622	0	871646
1041	607	622	627	0	872268
1042	622	627	619	0	872895
1043	627	619	622	0	873514
1044	619	622	619	0	874136
1045	622	619	626	0	874755
1046	619	626	619	0	875381
1047	626	619	623	0	876000
1048	619	623	622	0	876623
1049	623	622	623	0	877245
1050	622	623	630	0	877868
1051	623	630	607	0	878498
1052	630	607	623	0	879105
1053	607	623	618	0	879728
1054	623	618	635	0	880346
1055	618	635	622	0	880981
1056	635	622	619	0	881603
1057	622	619	615	0	882222
1058	619	615	630	0	882837
1059	615	630	611	0	883467
1060	630	611	622	0	884078
1061	611	622	623	0	884700
1062	622	623	630	0	885323
1063	623	630	627	0	885953
1064	630	627	611	0	886580
1065	627	611	622	0	887191
1066	611	622	638	0	887813
1067	622	638	615	0	888451
1068	638	615	623	0	889066
1069	615	623	626	0	889689
1070	623	626	623	0	890315
1071	626	623	634	0	890938
1072	623	634	623	0	891572
1073	634	623	622	0	892195
1074	623	622	627	0	892817
1075	622	627	626	0	893444
1076	627	626	626	0	894070
1077	626	626	627	0	894696
1078	626	627	623	0	895323
1079	627	623	626	0	895946
1080	623	626	630	0	896572
1081	626	630	638	0	897202
1082	630	638	611	0	897840
1083	638	611	627	0	898451
1084	611	627	638	0	899078
1085	627	638	615	0	899716
1086	638	615	634	0	900331
1087	615	634	615	0	900965
1088	634	615	638	0	901580
1089	615	638	615	0	902218
1090	638	615	626	0	902833
1091	615	626	623	0	903459
1092	626	623	630	0	904082
1093	623	630	638	0	904712
1094	630	638	627	0	905350
1095	638	627	626	0	905977
1096	627	626	630	0	906603
1097	626	630	611	0	907233
1098	630	611	631	0	907844
1099	611	631	626	0	908475
1100	631	626	631	0	909101
1101	626	631	622	0	909732
1102	631	622	642	0	910354
1103	622	642	611	0	910996
1104	642	611	630	0	911607
1105	611	630	631	0	912237
1106	630	631	634	0	912868
1107	631	634	615	0	913502
1108	634	615	634	0	914117
1109	615	634	642	0	914751
1110	634	642	619	0	915393
1111	642	619	626	0	916012
1112	619	626	638	0	916638
1113	626	638	646	0	917276
1114	638	646	623	0	917922
1115	646	623	630	0	918545
1116	623	630	646	0	919175
1117	630	646	623	0	919821
1118	646	623	638	0	920444
1119	623	638	634	0	921082
1120	638	634	630	0	921716
1121	634	630	638	0	922346
1122	630	638	639	0	922984
1123	638	639	587	0	923623
1124	639	587	681	1	924210
1125	587	681	623	0	924891
1126	681	623	642	0	925514
1127	623	642	638	0	926156
1128	642	638	650	0	926794
1129	638	650	622	0	927444
1130	650	622	642	0	928066
1131	622	642	654	0	928708
1132	642	654	622	0	929362
1133	654	622	650	0	929984
1134	622	650	631	0	930634
1135	650	631	642	0	931265
1136	631	642	649	0	931907
1137	642	649	623	0	932556
1138	649	623	646	0	933179
1139	623	646	642	0	933825
1140	646	642	638	0	934467
1141	642	638	650	0	935105
1142	638	650	630	0	935755
1143	650	630	642	0	936385
1144	630	642	638	0	937027
1145	642	638	639	0	937665
1146	638	639	649	0	938304
1147	639	649	642	0	938953
1148	649	642	638	0	939595
1149	642	638	639	0	940233
1150	638	639	622	0	940872
1151	639	622	658	0	941494
1152	622	658	622	0	942152
1153	658	622	631	0	942774
1154	622	631	634	0	943405
1155	631	634	642	0	944039
1156	634	642	642	0	944681
1157	642	642	646	0	945323
1158	642	646	615	0	945969
1159	646	615	642	0	946584
1160	615	642	638	0	947226
1161	642	638	634	0	947864
1162	638	634	646	0	948498
1163	634	646	623	0	949144
1164	646	623	645	0	949767
1165	623	645	646	0	950412
1166	645	646	623	0	951058
1167	646	623	634	0	951681
1168	623	634	646	0	952315
1169	634	646	646	0	952961
1170	646	646	638	0	953607
1171	646	638	638	0	954245
1172	638	638	642	0	954883
1173	638	642	623	0	955525
1174	642	623	650	0	956148
1175	623	650	638	0	956798
1176	650	638	626	0	957436
1177	638	626	650	0	958062
1178	626	650	623	0	958712
1179	650	623	653	0	959335
1180	623	653	642	0	959988
1181	653	642	638	0	960630
1182	642	638	631	0	961268
1183	638	631	622	0	961899
1184	631	622	642	0	962521
1185	622	642	650	0	963163
1186	642	650	634	0	963813
1187	650	634	639	0	964447
1188	634	639	626	0	965086
1189	639	626	634	0	965712
1190	626	634	638	0	966346
1191	634	638	639	0	966984
1192	638	639	653	0	967623
1193	639	653	623	0	968276
1194	653	623	638	0	968899
1195	623	638	642	0	969537
1196	638	642	642	0	970179
1197	642	642	634	0	970821
1198	642	634	650	0	971455
1199	634	650	627	0	972105
1200	650	627	653	0	972732
1201	627	653	623	0	973385
1202	653	623	634	0	974008
1203	623	634	642	0	974642
1204	634	642	642	0	975284
1205	642	642	537	0	975926
1206	642	537	728	1	976463
1207	537	728	653	0	977191
1208	728	653	650	0	977844
1209	653	650	627	0	978494
1210	650	627	649	0	979121
1211	627	649	642	0	979770
1212	649	642	627	0	980412
1213	642	627	646	0	981039
1214	627	646	638	0	981685
1215	646	638	634	0	982323
1216	638	634	650	0	982957
1217	634	650	646	0	983607
1218	650	646	650	0	984253
1219	646	650	618	0	984903
1220	650	618	650	0	985521
1221	618	650	650	0	986171
1222	650	650	634	0	986821
1223	650	634	654	0	987455
1224	634	654	626	0	988109
1225	654	626	662	0	988735
1226	626	662	630	0	989397
1227	662	630	654	0	990027
1228	630	654	642	0	990681
1229	654	642	638	0	991323
1230	642	638	646	0	991961
1231	638	646	638	0	992607
1232	646	638	634	0	993245
1233	638	634	642	0	993879
1234	634	642	642	0	994521
1235	642	642	642	0	995163
1236	642	642	623	0	995805
1237	642	623	650	0	996428
1238	623	650	642	0	997078
1239	650	642	626	0	997720
1240	642	626	650	0	998346
1241	626	650	638	0	998996
1242	650	638	642	0	999634
1243	638	642	638	0	1000276
1244	642	638	635	0	1000914
1245	638	635	626	0	1001549
1246	635	626	654	0	1002175
1247	626	654	642	0	1002829
1248	654	642	618	0	1003471
1249	642	618	654	0	1004089
1250	618	654	638	0	1004743
1251	654	638	642	0	1005381
1252	638	642	638	0	1006023
1253	642	638	631	0	1006661
1254	638	631	646	0	1007292
1255	631	646	642	0	1007938
1256	646	642	642	0	1008580
1257	642	642	634	0	1009222
1258	642	634	650	0	1009856
1259	634	650	630	0	1010506
1260	650	630	642	0	1011136
1261	630	642	658	0	1011778
1262	642	658	646	0	1012436
1263	658	646	642	0	1013082
1264	646	642	642	0	1013724
1265	642	642	630	0	1014366
1266	642	630	665	0	1014996
1267	630	665	643	0	1015661
1268	665	643	645	0	1016304
1269	643	645	635	0	1016949
1270	645	635	646	0	1017584
1271	635	646	665	0	1018230
1272	646	665	642	0	1018895
1273	665	642	642	0	1019537
1274	642	642	630	0	1020179
1275	642	630	650	0	1020809
1276	630	650	646	0	1021459
1277	650	646	654	0	1022105
1278	646	654	642	0	1022759
1279	654	642	646	0	1023401
1280	642	646	649	0	1024047
1281	646	649	639	0	1024696
1282	649	639	646	0	1025335
1283	639	646	642	0	1025981
1284	646	642	649	0	1026623
1285	642	649	639	0	1027272
1286	649	639	645	0	1027911
1287	639	645	646	0	1028556
1288	645	646	635	0	1029202
1289	646	635	642	0	1029837
1290	635	642	638	0	1030479
1291	642	638	661	0	1031117
1292	638	661	631	0	1031778
1293	661	631	653	0	1032409
1294	631	653	631	0	1033062
1295	653	631	653	0	1033693
1296	631	653	650	0	1034346
1297	653	650	646	0	1034996
1298	650	646	646	0	1035642
1299	646	646	630	0	1036288
1300	646	630	662	0	1036918
1301	630	662	646	0	1037580
1302	662	646	653	0	1038226
1303	646	653	646	0	1038879
1304	653	646	650	0	1039525
1305	646	650	638	0	1040175
1306	650	638	666	0	1040813
1307	638	666	451	0	1041479
1308	666	451	405	1	1041930
1309	451	405	634	1	1042335
1310	405	634	482	0	1042969
1311	634	482	654	1	1043451
1312	482	654	634	0	1044105
1313	654	634	654	0	1044739
1314	634	654	646	0	1045393
1315	654	646	654	0	1046039
1316	646	654	642	0	1046693
1317	654	642	649	0	1047335
1318	642	649	650	0	1047984
1319	649	650	650	0	1048634
1320	650	650	650	0	1049284
1321	650	650	634	0	1049934
1322	650	634	662	0	1050568
1323	634	662	649	0	1051230
1324	662	649	646	0	1051879
1325	649	646	631	0	1052525
1326	646	631	661	0	1053156
1327	631	661	638	0	1053817
1328	661	638	658	0	1054455
1329	638	658	642	0	1055113
1330	658	642	634	0	1055755
1331	642	634	665	0	1056389
1332	634	665	642	0	1057054
1333	665	642	643	0	1057696
1334	642	643	630	0	1058339
1335	643	630	661	0	1058969
1336	630	661	650	0	1059630
1337	661	650	642	0	1060280
1338	650	642	642	0	1060922
1339	642	642	646	0	1061564
1340	642	646	634	0	1062210
1341	646	634	650	0	1062844
1342	634	650	646	0	1063494
1343	650	646	642	0	1064140
1344	646	642	646	0	1064782
1345	642	646	634	0	1065428
1346	646	634	654	0	1066062
1347	634	654	638	0	1066716
1348	654	638	642	0	1067354
1349	638	642	646	0	1067996
1350	642	646	630	0	1068642
1351	646	630	650	0	1069272
1352	630	650	642	0	1069922
1353	650	642	646	0	1070564
1354	642	646	646	0	1071210
1355	646	646	630	0	1071856
1356	646	630	654	0	1072486
1357	630	654	646	0	1073140
1358	654	646	646	0	1073786
1359	646	646	634	0	1074432
1360	646	634	654	0	1075066
1361	634	654	650	0	1075720
1362	654	650	649	0	1076370
1363	650	649	642	0	1077019
1364	649	642	646	0	1077661
1365	642	646	646	0	1078307
1366	646	646	650	0	1078953
1367	646	650	646	0	1079603
1368	650	646	634	0	1080249
1369	646	634	658	0	1080883
1370	634	658	650	0	1081541
1371	658	650	634	0	1082191
1372	650	634	654	0	1082825
1373	634	654	646	0	1083479
1374	654	646	638	0	1084125
1375	646	638	653	0	1084763
1376	638	653	456	0	1085416
1377	653	456	836	1	1085872
1378	456	836	646	0	1086708
1379	836	646	654	1	1087354
1380	646	654	642	0	1088008
1381	654	642	646	0	1088650
1382	642	646	646	0	1089296
1383	646	646	646	0	1089942
1384	646	646	634	0	1090588
1385	646	634	650	0	1091222
1386	634	650	646	0	1091872
1387	650	646	645	0	1092518
1388	646	645	642	0	1093163
1389	645	642	642	0	1093805
1390	642	642	646	0	1094447
1391	642	646	650	0	1095093
1392	646	650	650	0	1095743
1393	650	650	459	0	1096393
1394	650	459	829	1	1096852
1395	459	829	619	0	1097681
1396	829	619	684	1	1098300
1397	619	684	635	0	1098984
1398	684	635	657	1	1099619
1399	635	657	650	0	1100276
1400	657	650	650	0	1100926
1401	650	650	646	0	1101576
1402	650	646	642	0	1102222
1403	646	642	646	0	1102864
1404	642	646	653	0	1103510
1405	646	653	646	0	1104163
1406	653	646	646	0	1104809
1407	646	646	654	0	1105455
1408	646	654	654	0	1106109
1409	654	654	649	0	1106763
1410	654	649	650	0	1107412
1411	649	650	658	0	1108062
1412	650	658	657	0	1108720
1413	658	657	650	0	1109377
1414	657	650	650	0	1110027
1415	650	650	658	0	1110677
1416	650	658	646	0	1111335
1417	658	646	665	0	1111981
1418	646	665	654	0	1112646
1419	665	654	653	0	1113300
1420	654	653	662	0	1113953
1421	653	662	653	0	1114615
1422	662	653	658	0	1115268
1423	653	658	393	0	1115926
1424	658	393	922	1	1116319
1425	393	922	611	0	1117241
1426	922	611	712	0	1117852
1427	611	712	405	0	1118564
1428	712	405	903	1	1118969
1429	405	903	677	0	1119872
1430	903	677	657	0	1120549
1431	677	657	642	0	1121206
1432	657	642	666	0	1121848
1433	642	666	649	0	1122514
1434	666	649	654	0	1123163
1435	649	654	642	0	1123817
1436	654	642	666	0	1124459
1437	642	666	649	0	1125125
1438	666	649	650	0	1125774
1439	649	650	490	0	1126424
1440	650	490	821	1	1126914
1441	490	821	662	0	1127735
1442	821	662	650	0	1128397
1443	662	650	638	0	1129047
1444	650	638	673	1	1129685
1445	638	673	650	0	1130358
1446	673	650	650	0	1131008
1447	650	650	634	0	1131658
1448	650	634	669	0	1132292
1449	634	669	627	0	1132961
1450	669	627	661	1	1133588
1451	627	661	658	0	1134249
1452	661	658	653	0	1134907
1453	658	653	619	0	1135560
1454	653	619	669	1	1136179
1455	619	669	459	0	1136848
1456	669	459	860	1	1137307
1457	459	860	526	0	1138167
1458	860	526	793	1	1138693
1459	526	793	409	0	1139486
1460	793	409	907	1	1139895
1461	409	907	673	0	1140802
1462	907	673	642	0	1141475
1463	673	642	642	0	1142117
1464	642	642	677	1	1142759
1465	642	677	650	0	1143436
1466	677	650	657	0	1144086
1467	650	657	642	0	1144743
1468	657	642	658	0	1145385
1469	642	658	618	0	1146043
1470	658	618	689	1	1146661
1471	618	689	382	0	1147350
1472	689	382	922	1	1147732
1473	382	922	474	0	1148654
1474	922	474	856	1	1149128
1475	474	856	588	0	1149984
1476	856	588	732	1	1150572
1477	588	732	657	0	1151304
1478	732	657	658	0	1151961
1479	657	658	642	0	1152619
1480	658	642	665	0	1153261
1481	642	665	650	0	1153926
1482	665	650	654	0	1154576
1483	650	654	622	0	1155230
1484	654	622	693	1	1155852
1485	622	693	424	0	1156545
1486	693	424	883	1	1156969
1487	424	883	560	0	1157852
1488	883	560	763	1	1158412
1489	560	763	533	0	1159175
1490	763	533	790	1	1159708
1491	533	790	397	0	1160498
1492	790	397	926	1	1160895
1493	397	926	549	0	1161821
1494	926	549	774	1	1162370
1495	549	774	494	0	1163144
1496	774	494	829	1	1163638
1497	494	829	673	0	1164467
1498	829	673	646	0	1165140
1499	673	646	654	0	1165786
1500	646	654	665	0	1166440
1501	654	665	662	0	1167105
1502	665	662	657	0	1167767
1503	662	657	634	0	1168424
1504	657	634	685	1	1169058
1505	634	685	658	0	1169743
1506	685	658	661	0	1170401
1507	658	661	662	0	1171062
1508	661	662	661	0	1171724
1509	662	661	666	0	1172385
1510	661	666	661	0	1173051
1511	666	661	662	0	1173712
1512	661	662	665	0	1174374
1513	662	665	669	0	1175039
1514	665	669	666	0	1175708
1515	669	666	665	0	1176374
1516	666	665	646	0	1177039
1517	665	646	681	0	1177685
1518	646	681	669	0	1178366
1519	681	669	661	0	1179035
1520	669	661	658	0	1179696
1521	661	658	514	0	1180354
1522	658	514	832	1	1180868
1523	514	832	670	0	1181700
1524	832	670	661	0	1182370
1525	670	661	669	0	1183031
1526	661	669	662	0	1183700
1527	669	662	661	0	1184362
1528	662	661	658	0	1185023
1529	661	658	490	0	1185681
1530	658	490	841	1	1186171
1531	490	841	657	0	1187012
1532	841	657	662	0	1187669
1533	657	662	669	0	1188331
1534	662	669	661	0	1189000
1535	669	661	475	0	1189661
1536	661	475	833	1	1190136
1537	475	833	420	0	1190969
1538	833	420	922	1	1191389
1539	420	922	673	0	1192311
1540	922	673	654	0	1192984
1541	673	654	658	0	1193638
1542	654	658	661	0	1194296
1543	658	661	658	0	1194957
1544	661	658	653	0	1195615
1545	658	653	646	0	1196268
1546	653	646	456	0	1196914
1547	646	456	867	1	1197370
1548	456	867	389	0	1198237
1549	867	389	927	1	1198626
1550	389	927	684	0	1199553
1551	927	684	654	0	1200237
1552	684	654	483	0	1200891
1553	654	483	824	1	1201374
1554	483	824	366	0	1202198
1555	824	366	942	1	1202564
1556	366	942	432	0	1203506
1557	942	432	369	1	1203938
1558	432	369	580	1	1204307
1559	369	580	471	0	1204887
1560	580	471	794	1	1205358
1561	471	794	373	0	1206152
1562	794	373	946	1	1206525
1563	373	946	669	0	1207471
1564	946	669	650	0	1208140
1565	669	650	467	0	1208790
1566	650	467	836	1	1209257
1567	467	836	662	0	1210093
1568	836	662	657	0	1210755
1569	662	657	658	0	1211412
1570	657	658	650	0	1212070
1571	658	650	661	0	1212720
1572	650	661	654	0	1213381
1573	661	654	654	0	1214035
1574	654	654	638	0	1214689
1575	654	638	369	0	1215327
1576	638	369	958	1	1215696
1577	369	958	428	0	1216654
1578	958	428	914	1	1217082
1579	428	914	405	0	1217996
1580	914	405	945	1	1218401
1581	405	945	389	0	1219346
1582	945	389	934	1	1219735
1583	389	934	389	0	1220669
1584	934	389	954	1	1221058
1585	389	954	435	0	1222012
1586	954	435	915	1	1222447
1587	435	915	471	0	1223362
1588	915	471	852	1	1223833
1589	471	852	615	0	1224685
1590	852	615	716	1	1225300
1591	615	716	653	0	1226016
1592	716	653	658	0	1226669
1593	653	658	412	0	1227327
1594	658	412	899	1	1227739
1595	412	899	673	0	1228638
1596	899	673	658	0	1229311
1597	673	658	373	0	1229969
1598	658	373	934	1	1230342
1599	373	934	592	0	1231276
1600	934	592	747	1	1231868
1601	592	747	653	0	1232615
1602	747	653	654	0	1233268
1603	653	654	654	0	1233922
1604	654	654	654	0	1234576
1605	654	654	498	0	1235230
1606	654	498	817	1	1235728
1607	498	817	661	0	1236545
1608	817	661	658	0	1237206
1609	661	658	513	0	1237864
1610	658	513	802	1	1238377
1611	513	802	665	0	1239179
1612	802	665	658	0	1239844
1613	665	658	502	0	1240502
1614	658	502	809	1	1241004
1615	502	809	666	0	1241813
1616	809	666	653	0	1242479
1617	666	653	658	0	1243132
1618	653	658	661	0	1243790
1619	658	661	662	0	1244451
1620	661	662	657	0	1245113
1621	662	657	662	0	1245770
1622	657	662	533	0	1246432
1623	662	533	790	1	1246965
1624	533	790	669	0	1247755
1625	790	669	662	0	1248424
1626	669	662	513	0	1249086
1627	662	513	813	1	1249599
1628	513	813	670	0	1250412
1629	813	670	661	0	1251082
1630	670	661	510	0	1251743
1631	661	510	817	1	1252253
1632	510	817	662	0	1253070
1633	817	662	661	0	1253732
1634	662	661	514	0	1254393
1635	661	514	805	1	1254907
1636	514	805	665	0	1255712
1637	805	665	654	0	1256377
1638	665	654	514	0	1257031
1639	654	514	805	1	1257545
1640	514	805	580	0	1258350
1641	805	580	739	1	1258930
1642	580	739	459	0	1259669
1643	739	459	853	1	1260128
1644	459	853	677	0	1260981
1645	853	677	653	0	1261658
1646	677	653	537	0	1262311
1647	653	537	775	1	1262848
1648	537	775	661	0	1263623
1649	775	661	658	0	1264284
1650	661	658	614	0	1264942
1651	658	614	689	1	1265556
1652	614	689	669	0	1266245
1653	689	669	654	0	1266914
1654	669	654	623	0	1267568
1655	654	623	704	1	1268191
1656	623	704	669	0	1268895
1657	704	669	662	0	1269564
1658	669	662	618	0	1270226
1659	662	618	705	1	1270844
1660	618	705	661	0	1271549
1661	705	661	673	0	1272210
1662	661	673	662	0	1272883
1663	673	662	665	0	1273545
1664	662	665	669	0	1274210
1665	665	669	670	0	1274879
1666	669	670	665	0	1275549
1667	670	665	568	0	1276214
1668	665	568	771	1	1276782
1669	568	771	677	0	1277553
1670	771	677	661	0	1278230
1671	677	661	677	0	1278891
1672	661	677	658	0	1279568
1673	677	658	474	0	1280226
1674	658	474	872	1	1280700
1675	474	872	685	0	1281572
1676	872	685	673	0	1282257
1677	685	673	471	0	1282930
1678	673	471	864	1	1283401
1679	471	864	684	0	1284265
1680	864	684	670	0	1284949
1681	684	670	482	0	1285619
1682	670	482	848	1	1286101
1683	482	848	685	0	1286949
1684	848	685	673	0	1287634
1685	685	673	471	0	1288307
1686	673	471	860	1	1288778
1687	471	860	689	0	1289638
1688	860	689	673	0	1290327
1689	689	673	455	0	1291000
1690	673	455	891	1	1291455
1691	455	891	685	0	1292346
1692	891	685	677	0	1293031
1693	685	677	444	0	1293708
1694	677	444	902	1	1294152
1695	444	902	689	0	1295054
1696	902	689	673	0	1295743
1697	689	673	483	0	1296416
1698	673	483	879	1	1296899
1699	483	879	677	0	1297778
1700	879	677	670	0	1298455
1701	677	670	669	0	1299125
1702	670	669	673	0	1299794
1703	669	673	432	0	1300467
1704	673	432	895	1	1300899
1705	432	895	700	0	1301794
1706	895	700	673	0	1302494
1707	700	673	475	0	1303167
1708	673	475	860	1	1303642
1709	475	860	689	0	1304502
1710	860	689	673	0	1305191
1711	689	673	665	0	1305864
1712	673	665	658	0	1306529
1713	665	658	463	0	1307187
1714	658	463	891	1	1307650
1715	463	891	685	0	1308541
1716	891	685	669	0	1309226
1717	685	669	479	0	1309895
1718	669	479	871	1	1310374
1719	479	871	685	0	1311245
1720	871	685	669	0	1311930
1721	685	669	673	0	1312599
1722	669	673	670	0	1313272
1723	673	670	447	0	1313942
1724	670	447	879	1	1314389
1725	447	879	701	0	1315268
1726	879	701	669	0	1315969
1727	701	669	479	0	1316638
1728	669	479	860	1	1317117
1729	479	860	684	0	1317977
1730	860	684	670	0	1318661
1731	684	670	478	0	1319331
1732	670	478	856	1	1319809
1733	478	856	685	0	1320665
1734	856	685	662	0	1321350
1735	685	662	470	0	1322012
1736	662	470	872	1	1322482
1737	470	872	693	0	1323354
1738	872	693	677	0	1324047
1739	693	677	451	0	1324724
1740	677	451	895	1	1325175
1741	451	895	689	0	1326070
1742	895	689	673	0	1326759
1743	689	673	424	0	1327432
1744	673	424	926	1	1327856
1745	424	926	689	0	1328782
1746	926	689	677	0	1329471
1747	689	677	459	0	1330148
1748	677	459	883	1	1330607
1749	459	883	685	0	1331490
1750	883	685	673	0	1332175
1751	685	673	459	0	1332848
1752	673	459	880	1	1333307
1753	459	880	685	0	1334187
1754	880	685	673	0	1334872
1755	685	673	420	0	1335545
1756	673	420	918	1	1335965
1757	420	918	689	0	1336883
1758	918	689	673	0	1337572
1759	689	673	451	0	1338245
1760	673	451	884	1	1338696
1761	451	884	688	0	1339580
1762	884	688	678	0	1340268
1763	688	678	412	0	1340946
1764	678	412	930	1	1341358
1765	412	930	412	0	1342288
1766	930	412	950	1	1342700
1767	412	950	404	0	1343650
1768	950	404	981	1	1344054
1769	404	981	689	0	1345035
1770	981	689	669	0	1345724
1771	689	669	677	0	1346393
1772	669	677	665	0	1347070
1773	677	665	460	0	1347735
1774	665	460	875	1	1348195
1775	460	875	693	0	1349070
1776	875	693	673	0	1349763
1777	693	673	673	0	1350436
1778	673	673	669	0	1351109
1779	673	669	389	0	1351778
1780	669	389	985	1	1352167
1781	389	985	688	0	1353152
1782	985	688	678	0	1353840
1783	688	678	677	0	1354518
1784	678	677	677	0	1355195
1785	677	677	673	0	1355872
1786	677	673	673	0	1356545
1787	673	673	681	0	1357218
1788	673	681	669	0	1357899
1789	681	669	677	0	1358568
1790	669	677	673	0	1359245
1791	677	673	673	0	1359918
1792	673	673	674	0	1360591
1793	673	674	669	0	1361265
1794	674	669	669	0	1361934
1795	669	669	463	0	1362603
1796	669	463	880	1	1363066
1797	463	880	680	0	1363946
1798	880	680	670	0	1364626
1799	680	670	669	0	1365296
1800	670	669	665	0	1365965
1801	669	665	662	0	1366630
1802	665	662	673	0	1367292
1803	662	673	661	0	1367965
1804	673	661	670	0	1368626
1805	661	670	665	0	1369296
1806	670	665	669	0	1369961
1807	665	669	670	0	1370630
1808	669	670	665	0	1371300
1809	670	665	669	0	1371965
1810	665	669	670	0	1372634
1811	669	670	673	0	1373304
1812	670	673	665	0	1373977
1813	673	665	669	0	1374642
1814	665	669	673	0	1375311
1815	669	673	670	0	1375984
1816	673	670	673	0	1376654
1817	670	673	665	0	1377327
1818	673	665	677	0	1377992
1819	665	677	677	0	1378669
1820	677	677	673	0	1379346
1821	677	673	666	0	1380019
1822	673	666	681	0	1380685
1823	666	681	677	0	1381366
1824	681	677	677	0	1382043
1825	677	677	669	0	1382720
1826	677	669	677	0	1383389
1827	669	677	669	0	1384066
1828	677	669	685	0	1384735
1829	669	685	677	0	1385420
1830	685	677	673	0	1386097
1831	677	673	677	0	1386770
1832	673	677	678	0	1387447
1833	677	678	677	0	1388125
1834	678	677	680	0	1388802
1835	677	680	678	0	1389482
1836	680	678	684	0	1390160
1837	678	684	677	0	1390844
1838	684	677	681	0	1391521
1839	677	681	677	0	1392202
1840	681	677	685	0	1392879
1841	677	685	681	0	1393564
1842	685	681	681	0	1394245
1843	681	681	669	0	1394926
1844	681	669	685	0	1395595
1845	669	685	685	0	1396280
1846	685	685	681	0	1396965
1847	685	681	673	0	1397646
1848	681	673	677	0	1398319
1849	673	677	693	0	1398996
1850	677	693	677	0	1399689
1851	693	677	677	0	1400366
1852	677	677	681	0	1401043
1853	677	681	685	0	1401724
1854	681	685	677	0	1402409
1855	685	677	673	0	1403086
1856	677	673	685	0	1403759
1857	673	685	677	0	1404444
1858	685	677	681	0	1405121
1859	677	681	673	0	1405802
1860	681	673	681	0	1406475
1861	673	681	684	0	1407156
1862	681	684	681	0	1407840
1863	684	681	670	0	1408521
1864	681	670	692	0	1409191
1865	670	692	681	0	1409883
1866	692	681	677	0	1410564
1867	681	677	681	0	1411241
1868	677	681	681	0	1411922
1869	681	681	681	0	1412603
1870	681	681	673	0	1413284
1871	681	673	681	0	1413957
1872	673	681	681	0	1414638
1873	681	681	677	0	1415319
1874	681	677	677	0	1415996
1875	677	677	677	0	1416673
1876	677	677	681	0	1417350
1877	677	681	681	0	1418031
1878	681	681	677	0	1418712
1879	681	677	681	0	1419389
1880	677	681	685	0	1420070
1881	681	685	681	0	1420755
1882	685	681	681	0	1421436
1883	681	681	681	0	1422117
1884	681	681	684	0	1422798
1885	681	684	681	0	1423482
1886	684	681	681	0	1424163
1887	681	681	689	0	1424844
1888	681	689	689	0	1425533
1889	689	689	685	0	1426222
1890	689	685	681	0	1426907
1891	685	681	692	0	1427588
1892	681	692	689	0	1428280
1893	692	689	692	0	1428969
1894	689	692	685	0	1429661
1895	692	685	689	0	1430346
1896	685	689	685	0	1431035
1897	689	685	704	0	1431720
1898	685	704	689	0	1432424
1899	704	689	685	0	1433113
1900	689	685	688	0	1433798
1901	685	688	693	0	1434486
1902	688	693	700	0	1435179
1903	693	700	693	0	1435879
1904	700	693	689	0	1436572
1905	693	689	688	0	1437261
1906	689	688	697	0	1437949
1907	688	697	704	0	1438646
1908	697	704	693	0	1439350
1909	704	693	696	0	1440043
1910	693	696	689	0	1440739
1911	696	689	689	0	1441428
1912	689	689	696	0	1442117
1913	689	696	697	0	1442813
1914	696	697	685	0	1443510
1915	697	685	680	0	1444195
1916	685	680	689	0	1444875
1917	680	689	693	0	1445564
1918	689	693	689	0	1446257
1919	693	689	684	0	1446946
1920	689	684	689	0	1447630
1921	684	689	689	0	1448319
1922	689	689	685	0	1449008
1923	689	685	681	0	1449693
1924	685	681	684	0	1450374
1925	681	684	689	0	1451058
1926	684	689	685	0	1451747
1927	689	685	681	0	1452432
1928	685	681	681	0	1453113
1929	681	681	681	0	1453794
1930	681	681	685	0	1454475
1931	681	685	677	0	1455160
1932	685	677	673	0	1455837
1933	677	673	692	0	1456510
1934	673	692	689	0	1457202
1935	692	689	677	0	1457891
1936	689	677	681	0	1458568
1937	677	681	677	0	1459249
1938	681	677	685	0	1459926
1939	677	685	677	0	1460611
1940	685	677	677	0	1461288
1941	677	677	681	0	1461965
1942	677	681	673	0	1462646
1943	681	673	689	0	1463319
1944	673	689	677	0	1464008
1945	689	677	685	0	1464685
1946	677	685	688	0	1465370
1947	685	688	681	0	1466058
1948	688	681	685	0	1466739
1949	681	685	685	0	1467424
1950	685	685	689	0	1468109
1951	685	689	684	0	1468798
1952	689	684	689	0	1469482
1953	684	689	689	0	1470171
1954	689	689	693	0	1470860
1955	689	693	688	0	1471553
1956	693	688	689	0	1472241
1957	688	689	696	0	1472930
1958	689	696	701	0	1473626
1959	696	701	696	0	1474327
1960	701	696	693	0	1475023
1961	696	693	693	0	1475716
1962	693	693	684	0	1476409
1963	693	684	709	0	1477093
1964	684	709	688	0	1477802
1965	709	688	697	0	1478490
1966	688	697	696	0	1479187
1967	697	696	701	0	1479883
1968	696	701	692	0	1480584
1969	701	692	685	0	1481276
1970	692	685	704	0	1481961
1971	685	704	701	0	1482665
1972	704	701	692	0	1483366
1973	701	692	693	0	1484058
1974	692	693	693	0	1484751
1975	693	693	696	0	1485444
1976	693	696	693	0	1486140
1977	696	693	688	0	1486833
1978	693	688	693	0	1487521
1979	688	693	693	0	1488214
1980	693	693	696	0	1488907
1981	693	696	685	0	1489603
1982	696	685	685	0	1490288
1983	685	685	696	0	1490973
1984	685	696	708	0	1491669
1985	696	708	697	0	1492377
1986	708	697	689	0	1493074
1987	697	689	692	0	1493763
1988	689	692	697	0	1494455
1989	692	697	696	0	1495152
1990	697	696	693	0	1495848
1991	696	693	692	0	1496541
1992	693	692	697	0	1497233
1993	692	697	700	0	1497930
1994	697	700	689	0	1498630
1995	700	689	689	0	1499319
1996	689	689	696	0	1500008
1997	689	696	705	0	1500704
1998	696	705	696	0	1501409
1999	705	696	693	0	1502105
2000	696	693	692	0	1502798
2001	693	692	697	0	1503490
2002	692	697	696	0	1504187
2003	697	696	693	0	1504883
2004	696	693	692	0	1505576
2005	693	692	689	0	1506268
2006	692	689	712	0	1506957
2007	689	712	693	0	1507669
2008	712	693	696	0	1508362
2009	693	696	697	0	1509058
2010	696	697	696	0	1509755
2011	697	696	701	0	1510451
2012	696	701	692	0	1511152
2013	701	692	701	0	1511844
2014	692	701	700	0	1512545
2015	701	700	693	0	1513245
2016	700	693	688	0	1513938
2017	693	688	697	0	1514626
2018	688	697	696	0	1515323
2019	697	696	697	0	1516019
2020	696	697	685	0	1516716
2021	697	685	700	0	1517401
2022	685	700	697	0	1518101
2023	700	697	692	0	1518798
2024	697	692	685	0	1519490
2025	692	685	697	0	1520175
2026	685	697	696	0	1520872
2027	697	696	685	0	1521568
2028	696	685	685	0	1522253
2029	685	685	692	0	1522938
2030	685	692	689	0	1523630
2031	692	689	681	0	1524319
2032	689	681	685	0	1525000
2033	681	685	689	0	1525685
2034	685	689	688	0	1526374
2035	689	688	685	0	1527062
2036	688	685	685	0	1527747
2037	685	685	681	0	1528432
2038	685	681	696	0	1529113
2039	681	696	685	0	1529809
2040	696	685	685	0	1530494
2041	685	685	689	0	1531179
2042	685	689	685	0	1531868
2043	689	685	684	0	1532553
2044	685	684	685	0	1533237
2045	684	685	689	0	1533922
2046	685	689	689	0	1534611
2047	689	689	684	0	1535300
2048	689	684	685	0	1535984
2049	684	685	689	0	1536669
2050	685	689	689	0	1537358
2051	689	689	677	0	1538047
2052	689	677	700	0	1538724
2053	677	700	685	0	1539424
2054	700	685	677	0	1540109
2055	685	677	700	0	1540786
2056	677	700	689	0	1541486
2057	700	689	685	0	1542175
2058	689	685	693	0	1542860
2059	685	693	688	0	1543553
2060	693	688	697	0	1544241
2061	688	697	688	0	1544938
2062	697	688	689	0	1545626
2063	688	689	689	0	1546315
2064	689	689	700	0	1547004
2065	689	700	693	0	1547704
2066	700	693	692	0	1548397
2067	693	692	693	0	1549089
2068	692	693	704	0	1549782
2069	693	704	697	0	1550486
2070	704	697	696	0	1551183
2071	697	696	693	0	1551879
2072	696	693	704	0	1552572
2073	693	704	705	0	1553276
2074	704	705	700	0	1553981
2075	705	700	696	0	1554681
2076	700	696	701	0	1555377
2077	696	701	704	0	1556078
2078	701	704	700	0	1556782
2079	704	700	697	0	1557482
2080	700	697	704	0	1558179
2081	697	704	705	0	1558883
2082	704	705	649	0	1559588
2083	705	649	755	0	1560237
2084	649	755	642	0	1560992
2085	755	642	771	0	1561634
2086	642	771	712	0	1562405
2087	771	712	696	0	1563117
2088	712	696	697	0	1563813
2089	696	697	700	0	1564510
2090	697	700	701	0	1565210
2091	700	701	696	0	1565911
2092	701	696	693	0	1566607
2093	696	693	696	0	1567300
2094	693	696	700	0	1567996
2095	696	700	705	0	1568696
2096	700	705	696	0	1569401
2097	705	696	689	0	1570097
2098	696	689	700	0	1570786
2099	689	700	709	0	1571486
2100	700	709	688	0	1572195
2101	709	688	701	0	1572883
2102	688	701	692	0	1573584
2103	701	692	708	0	1574276
2104	692	708	697	0	1574984
2105	708	697	661	0	1575681
2106	697	661	728	0	1576342
2107	661	728	704	0	1577070
2108	728	704	697	0	1577774
2109	704	697	689	0	1578471
2110	697	689	700	0	1579160
2111	689	700	712	0	1579860
2112	700	712	693	0	1580572
2113	712	693	700	0	1581265
2114	693	700	693	0	1581965
2115	700	693	700	0	1582658
2116	693	700	712	0	1583358
2117	700	712	700	0	1584070
2118	712	700	697	0	1584770
2119	700	697	696	0	1585467
2120	697	696	701	0	1586163
2121	696	701	692	0	1586864
2122	701	692	716	0	1587556
2123	692	716	697	0	1588272
2124	716	697	700	0	1588969
2125	697	700	701	0	1589669
2126	700	701	719	0	1590370
2127	701	719	701	0	1591089
2128	719	701	704	0	1591790
2129	701	704	689	0	1592494
2130	704	689	720	0	1593183
2131	689	720	696	0	1593903
2132	720	696	712	0	1594599
2133	696	712	708	0	1595311
2134	712	708	705	0	1596019
2135	708	705	700	0	1596724
2136	705	700	704	0	1597424
2137	700	704	705	0	1598128
2138	704	705	700	0	1598833
2139	705	700	704	0	1599533
2140	700	704	697	0	1600237
2141	704	697	708	0	1600934
2142	697	708	700	0	1601642
2143	708	700	701	0	1602342
2144	700	701	696	0	1603043
2145	701	696	708	0	1603739
2146	696	708	697	0	1604447
2147	708	697	700	0	1605144
2148	697	700	697	0	1605844
2149	700	697	704	0	1606541
2150	697	704	685	0	1607245
2151	704	685	708	0	1607930
2152	685	708	708	0	1608638
2153	708	708	693	0	1609346
2154	708	693	704	0	1610039
2155	693	704	701	0	1610743
2156	704	701	708	0	1611444
2157	701	708	700	0	1612152
2158	708	700	697	0	1612852
2159	700	697	700	0	1613549
2160	697	700	697	0	1614249
2161	700	697	700	0	1614946
2162	697	700	696	0	1615646
2163	700	696	693	0	1616342
2164	696	693	693	0	1617035
2165	693	693	704	0	1617728
2166	693	704	700	0	1618432
2167	704	700	701	0	1619132
2168	700	701	700	0	1619833
2169	701	700	704	0	1620533
2170	700	704	705	0	1621237
2171	704	705	708	0	1621942
2172	705	708	704	0	1622650
2173	708	704	704	0	1623354
2174	704	704	705	0	1624058
2175	704	705	704	0	1624763
2176	705	704	673	0	1625467
2177	704	673	751	1	1626140
2178	673	751	704	0	1626891
2179	751	704	709	0	1627595
2180	704	709	704	0	1628304
2181	709	704	708	0	1629008
2182	704	708	712	0	1629716
2183	708	712	712	0	1630428
2184	712	712	677	0	1631140
2185	712	677	739	1	1631817
2186	677	739	716	0	1632556
2187	739	716	712	0	1633272
2188	716	712	712	0	1633984
2189	712	712	713	0	1634696
2190	712	713	712	0	1635409
2191	713	712	704	0	1636121
2192	712	704	716	0	1636825
2193	704	716	708	0	1637541
2194	716	708	716	0	1638249
2195	708	716	712	0	1638965
2196	716	712	704	0	1639677
2197	712	704	712	0	1640381
2198	704	712	677	0	1641093
2199	712	677	755	1	1641770
2200	677	755	720	0	1642525
2201	755	720	712	0	1643245
2202	720	712	708	0	1643957
2203	712	708	705	0	1644665
2204	708	705	719	0	1645370
2205	705	719	709	0	1646089
2206	719	709	704	0	1646798
2207	709	704	708	0	1647502
2208	704	708	712	0	1648210
2209	708	712	638	0	1648922
2210	712	638	798	1	1649560
2211	638	798	708	0	1650358
2212	798	708	708	0	1651066
2213	708	708	716	0	1651774
2214	708	716	708	0	1652490
2215	716	708	713	0	1653198
2216	708	713	700	0	1653911
2217	713	700	712	0	1654611
2218	700	712	712	0	1655323
2219	712	712	716	0	1656035
2220	712	716	712	0	1656751
2221	716	712	720	0	1657463
2222	712	720	708	0	1658183
2223	720	708	708	0	1658891
2224	708	708	712	0	1659599
2225	708	712	716	0	1660311
2226	712	716	708	0	1661027
2227	716	708	709	0	1661735
2228	708	709	704	0	1662444
2229	709	704	673	0	1663148
2230	704	673	767	1	1663821
2231	673	767	704	0	1664588
2232	767	704	712	0	1665292
2233	704	712	716	0	1666004
2234	712	716	716	0	1666720
2235	716	716	661	0	1667436
2236	716	661	755	1	1668097
2237	661	755	716	0	1668852
2238	755	716	716	0	1669568
2239	716	716	708	0	1670284
2240	716	708	708	0	1670992
2241	708	708	709	0	1671700
2242	708	709	712	0	1672409
2243	709	712	723	0	1673121
2244	712	723	728	0	1673844
2245	723	728	708	0	1674572
2246	728	708	708	0	1675280
2247	708	708	708	0	1675988
2248	708	708	720	0	1676696
2249	708	720	705	0	1677416
2250	720	705	704	0	1678121
2251	705	704	712	0	1678825
2252	704	712	708	0	1679537
2253	712	708	708	0	1680245
2254	708	708	701	0	1680953
2255	708	701	708	0	1681654
2256	701	708	708	0	1682362
2257	708	708	693	0	1683070
2258	708	693	716	0	1683763
2259	693	716	708	0	1684479
2260	716	708	708	0	1685187
2261	708	708	696	0	1685895
2262	708	696	709	0	1686591
2263	696	709	708	0	1687300
2264	709	708	704	0	1688008
2265	708	704	712	0	1688712
2266	704	712	704	0	1689424
2267	712	704	701	0	1690128
2268	704	701	704	0	1690829
2269	701	704	708	0	1691533
2270	704	708	701	0	1692241
2271	708	701	700	0	1692942
2272	701	700	704	0	1693642
2273	700	704	705	0	1694346
2274	704	705	704	0	1695051
2275	705	704	700	0	1695755
2276	704	700	708	0	1696455
2277	700	708	709	0	1697163
2278	708	709	700	0	1697872
2279	709	700	700	0	1698572
2280	700	700	705	0	1699272
2281	700	705	704	0	1699977
2282	705	704	704	0	1700681
2283	704	704	704	0	1701385
2284	704	704	697	0	1702089
2285	704	697	708	0	1702786
2286	697	708	701	0	1703494
2287	708	701	696	0	1704195
2288	701	696	708	0	1704891
2289	696	708	705	0	1705599
2290	708	705	700	0	1706304
2291	705	700	696	0	1707004
2292	700	696	701	0	1707700
2293	696	701	708	0	1708401
2294	701	708	700	0	1709109
2295	708	700	701	0	1709809
2296	700	701	696	0	1710510
2297	701	696	705	0	1711206
2298	696	705	704	0	1711911
2299	705	704	700	0	1712615
2300	704	700	701	0	1713315
2301	700	701	704	0	1714016
2302	701	704	700	0	1714720
2303	704	700	701	0	1715420
2304	700	701	700	0	1716121
2305	701	700	712	0	1716821
2306	700	712	704	0	1717533
2307	712	704	701	0	1718237
2308	704	701	700	0	1718938
2309	701	700	704	0	1719638
2310	700	704	709	0	1720342
2311	704	709	700	0	1721051
2312	709	700	704	0	1721751
2313	700	704	701	0	1722455
2314	704	701	704	0	1723156
2315	701	704	704	0	1723860
2316	704	704	701	0	1724564
2317	704	701	692	0	1725265
2318	701	692	708	0	1725957
2319	692	708	697	0	1726665
2320	708	697	696	0	1727362
2321	697	696	701	0	1728058
2322	696	701	700	0	1728759
2323	701	700	701	0	1729459
2324	700	701	696	0	1730160
2325	701	696	697	0	1730856
2326	696	697	704	0	1731553
2327	697	704	700	0	1732257
2328	704	700	704	0	1732957
2329	700	704	705	0	1733661
2330	704	705	700	0	1734366
2331	705	700	701	0	1735066
2332	700	701	708	0	1735767
2333	701	708	704	0	1736475
2334	708	704	704	0	1737179
2335	704	704	475	0	1737883
2336	704	475	938	1	1738358
2337	475	938	727	0	1739296
2338	938	727	709	0	1740023
2339	727	709	704	0	1740732
2340	709	704	708	0	1741436
2341	704	708	708	0	1742144
2342	708	708	712	0	1742852
2343	708	712	704	0	1743564
2344	712	704	705	0	1744268
2345	704	705	716	0	1744973
2346	705	716	712	0	1745689
2347	716	712	704	0	1746401
2348	712	704	444	0	1747105
2349	704	444	980	1	1747549
2350	444	980	720	0	1748529
2351	980	720	704	0	1749249
2352	720	704	716	0	1749953
2353	704	716	708	0	1750669
2354	716	708	705	0	1751377
2355	708	705	704	0	1752082
2356	705	704	708	0	1752786
2357	704	708	712	0	1753494
2358	708	712	705	0	1754206
2359	712	705	708	0	1754911
2360	705	708	708	0	1755619
2361	708	708	704	0	1756327
2362	708	704	724	0	1757031
2363	704	724	716	0	1757755
2364	724	716	716	0	1758471
2365	716	716	708	0	1759187
2366	716	708	704	0	1759895
2367	708	704	705	0	1760599
2368	704	705	712	0	1761304
2369	705	712	708	0	1762016
2370	712	708	700	0	1762724
2371	708	700	704	0	1763424
2372	700	704	709	0	1764128
2373	704	709	708	0	1764837
2374	709	708	712	0	1765545
2375	708	712	700	0	1766257
2376	712	700	704	0	1766957
2377	700	704	713	0	1767661
2378	704	713	712	0	1768374
2379	713	712	704	0	1769086
2380	712	704	704	0	1769790
2381	704	704	704	0	1770494
2382	704	704	713	0	1771198
2383	704	713	708	0	1771911
2384	713	708	700	0	1772619
2385	708	700	708	0	1773319
2386	700	708	705	0	1774027
2387	708	705	708	0	1774732
2388	705	708	708	0	1775440
2389	708	708	704	0	1776148
2390	708	704	708	0	1776852
2391	704	708	708	0	1777560
2392	708	708	709	0	1778268
2393	708	709	708	0	1778977
2394	709	708	704	0	1779685
2395	708	704	712	0	1780389
2396	704	712	704	0	1781101
2397	712	704	709	0	1781805
2398	704	709	708	0	1782514
2399	709	708	708	0	1783222
2400	708	708	712	0	1783930
2401	708	712	708	0	1784642
2402	712	708	708	0	1785350
2403	708	708	705	0	1786058
2404	708	705	716	0	1786763
2405	705	716	712	0	1787479
2406	716	712	712	0	1788191
2407	712	712	708	0	1788903
2408	712	708	700	0	1789611
2409	708	700	712	0	1790311
2410	700	712	712	0	1791023
2411	712	712	709	0	1791735
2412	712	709	708	0	1792444
2413	709	708	716	0	1793152
2414	708	716	712	0	1793868
2415	716	712	704	0	1794580
2416	712	704	712	0	1795284
2417	704	712	712	0	1795996
2418	712	712	712	0	1796708
2419	712	712	705	0	1797420
2420	712	705	708	0	1798125
2421	705	708	704	0	1798833
