index	i-1	i+0	i+1	Filter	Time
1	237	747	709	0	984
2	747	709	696	0	1693
3	709	696	693	0	2389
4	696	693	688	0	3082
5	693	688	685	0	3770
6	688	685	673	0	4455
7	685	673	666	0	5128
8	673	666	646	0	5794
9	666	646	634	0	6440
10	646	634	634	0	7074
11	634	634	483	0	7708
12	634	483	782	1	8191
13	483	782	743	0	8973
14	782	743	724	0	9716
15	743	724	720	0	10440
16	724	720	727	0	11160
17	720	727	736	0	11887
18	727	736	719	0	12623
19	736	719	724	0	13342
20	719	724	736	0	14066
21	724	736	735	0	14802
22	736	735	724	0	15537
23	735	724	727	0	16261
24	724	727	724	0	16988
25	727	724	708	0	17712
26	724	708	666	0	18420
27	708	666	649	0	19086
28	666	649	646	0	19735
29	649	646	923	0	20381
30	646	923	859	0	21304
31	923	859	748	0	22163
32	859	748	743	0	22911
33	748	743	723	0	23654
34	743	723	716	0	24377
35	723	716	709	0	25093
36	716	709	696	0	25802
37	709	696	685	0	26498
38	696	685	669	0	27183
39	685	669	658	0	27852
40	669	658	650	0	28510
41	658	650	980	0	29160
42	650	980	802	0	30140
43	980	802	700	0	30942
44	802	700	669	0	31642
45	700	669	654	0	32311
46	669	654	642	0	32965
47	654	642	638	0	33607
48	642	638	638	0	34245
49	638	638	884	0	34883
50	638	884	828	0	35767
51	884	828	732	0	36595
52	828	732	677	0	37327
53	732	677	661	0	38004
54	677	661	642	0	38665
55	661	642	639	0	39307
56	642	639	634	0	39946
57	639	634	638	0	40580
58	634	638	638	0	41218
59	638	638	891	0	41856
60	638	891	782	0	42747
61	891	782	708	0	43529
62	782	708	666	0	44237
63	708	666	634	0	44903
64	666	634	619	0	45537
65	634	619	926	0	46156
66	619	926	844	0	47082
67	926	844	790	0	47926
68	844	790	782	0	48716
69	790	782	755	0	49498
70	782	755	739	0	50253
71	755	739	724	0	50992
72	739	724	708	0	51716
73	724	708	716	0	52424
74	708	716	700	0	53140
75	716	700	697	0	53840
76	700	697	681	0	54537
77	697	681	673	0	55218
78	681	673	665	0	55891
79	673	665	1000	0	56556
80	665	1000	868	0	57556
81	1000	868	774	0	58424
82	868	774	709	0	59198
83	774	709	681	0	59907
84	709	681	665	0	60588
85	681	665	650	0	61253
86	665	650	646	0	61903
87	650	646	638	0	62549
88	646	638	642	0	63187
89	638	642	957	0	63829
90	642	957	802	0	64786
91	957	802	696	0	65588
92	802	696	677	0	66284
93	696	677	665	0	66961
94	677	665	646	0	67626
95	665	646	642	0	68272
96	646	642	642	0	68914
97	642	642	635	0	69556
98	642	635	926	0	70191
99	635	926	829	0	71117
100	926	829	712	0	71946
101	829	712	681	0	72658
102	712	681	669	0	73339
103	681	669	657	0	74008
104	669	657	662	0	74665
105	657	662	977	0	75327
106	662	977	832	0	76304
107	977	832	712	0	77136
108	832	712	689	0	77848
109	712	689	665	0	78537
110	689	665	662	0	79202
111	665	662	654	0	79864
112	662	654	653	0	80518
113	654	653	658	0	81171
114	653	658	969	0	81829
115	658	969	817	0	82798
116	969	817	759	0	83615
117	817	759	696	0	84374
118	759	696	677	0	85070
119	696	677	650	0	85747
120	677	650	634	0	86397
121	650	634	642	0	87031
122	634	642	619	0	87673
123	642	619	887	0	88292
124	619	887	743	0	89179
125	887	743	689	0	89922
126	743	689	661	0	90611
127	689	661	639	0	91272
128	661	639	626	0	91911
129	639	626	619	0	92537
130	626	619	607	0	93156
131	619	607	595	0	93763
132	607	595	595	0	94358
133	595	595	588	0	94953
134	595	588	611	0	95541
135	588	611	615	0	96152
136	611	615	618	0	96767
137	615	618	611	0	97385
138	618	611	615	0	97996
139	611	615	619	0	98611
140	615	619	610	0	99230
141	619	610	611	0	99840
142	610	611	611	0	100451
143	611	611	615	0	101062
144	611	615	611	0	101677
145	615	611	607	0	102288
146	611	607	611	0	102895
147	607	611	611	0	103506
148	611	611	603	0	104117
149	611	603	622	0	104720
150	603	622	611	0	105342
151	622	611	623	0	105953
152	611	623	615	0	106576
153	623	615	622	0	107191
154	615	622	623	0	107813
155	622	623	626	0	108436
156	623	626	623	0	109062
157	626	623	626	0	109685
158	623	626	627	0	110311
159	626	627	630	0	110938
160	627	630	634	0	111568
161	630	634	631	0	112202
162	634	631	630	0	112833
163	631	630	630	0	113463
164	630	630	635	0	114093
165	630	635	638	0	114728
166	635	638	642	0	115366
167	638	642	653	0	116008
168	642	653	646	0	116661
169	653	646	646	0	117307
170	646	646	642	0	117953
171	646	642	646	0	118595
172	642	646	650	0	119241
173	646	650	646	0	119891
174	650	646	650	0	120537
175	646	650	650	0	121187
176	650	650	649	0	121837
177	650	649	650	0	122486
178	649	650	650	0	123136
179	650	650	642	0	123786
180	650	642	642	0	124428
181	642	642	634	0	125070
182	642	634	611	0	125704
183	634	611	631	0	126315
184	611	631	653	0	126946
185	631	653	662	0	127599
186	653	662	669	0	128261
187	662	669	669	0	128930
188	669	669	673	0	129599
189	669	673	790	0	130272
190	673	790	712	0	131062
191	790	712	662	0	131774
192	712	662	646	0	132436
193	662	646	638	0	133082
194	646	638	615	0	133720
195	638	615	614	0	134335
196	615	614	623	0	134949
197	614	623	619	0	135572
198	623	619	867	0	136191
199	619	867	782	0	137058
200	867	782	736	0	137840
201	782	736	654	0	138576
202	736	654	642	0	139230
203	654	642	634	0	139872
204	642	634	630	0	140506
205	634	630	627	0	141136
206	630	627	630	0	141763
207	627	630	626	0	142393
208	630	626	895	0	143019
209	626	895	798	0	143914
210	895	798	728	0	144712
211	798	728	685	0	145440
212	728	685	653	0	146125
213	685	653	631	0	146778
214	653	631	634	0	147409
215	631	634	622	0	148043
216	634	622	619	0	148665
217	622	619	619	0	149284
218	619	619	891	0	149903
219	619	891	797	0	150794
220	891	797	701	0	151591
221	797	701	654	0	152292
222	701	654	645	0	152946
223	654	645	619	0	153591
224	645	619	623	0	154210
225	619	623	611	0	154833
226	623	611	871	0	155444
227	611	871	798	0	156315
228	871	798	681	0	157113
229	798	681	642	0	157794
230	681	642	638	0	158436
231	642	638	615	0	159074
232	638	615	599	0	159689
233	615	599	840	0	160288
234	599	840	744	0	161128
235	840	744	712	0	161872
236	744	712	646	0	162584
237	712	646	618	0	163230
238	646	618	607	0	163848
239	618	607	607	0	164455
240	607	607	592	0	165062
241	607	592	579	0	165654
242	592	579	829	0	166233
243	579	829	475	0	167062
244	829	475	428	1	167537
245	475	428	1089	1	167965
246	428	1089	681	0	169054
247	1089	681	623	0	169735
248	681	623	603	0	170358
249	623	603	603	0	170961
250	603	603	592	0	171564
251	603	592	587	0	172156
252	592	587	576	0	172743
253	587	576	576	0	173319
254	576	576	642	0	173895
255	576	642	444	0	174537
256	642	444	774	1	174981
257	444	774	634	0	175755
258	774	634	634	0	176389
259	634	634	658	0	177023
260	634	658	665	0	177681
261	658	665	677	0	178346
262	665	677	685	0	179023
263	677	685	650	0	179708
264	685	650	607	0	180358
265	650	607	588	0	180965
266	607	588	575	0	181553
267	588	575	572	0	182128
268	575	572	607	0	182700
269	572	607	572	0	183307
270	607	572	759	0	183879
271	572	759	922	1	184638
272	759	922	693	0	185560
273	922	693	665	0	186253
274	693	665	654	0	186918
275	665	654	638	0	187572
276	654	638	627	0	188210
277	638	627	622	0	188837
278	627	622	615	0	189459
279	622	615	611	0	190074
280	615	611	887	0	190685
281	611	887	770	0	191572
282	887	770	689	0	192342
283	770	689	646	0	193031
284	689	646	634	0	193677
285	646	634	619	0	194311
286	634	619	611	0	194930
287	619	611	607	0	195541
288	611	607	603	0	196148
289	607	603	840	0	196751
290	603	840	783	0	197591
291	840	783	700	0	198374
292	783	700	654	0	199074
293	700	654	642	0	199728
294	654	642	607	0	200370
295	642	607	595	0	200977
296	607	595	588	0	201572
297	595	588	727	0	202160
298	588	727	611	0	202887
299	727	611	654	0	203498
300	611	654	770	0	204152
301	654	770	658	0	204922
302	770	658	615	0	205580
303	658	615	583	0	206195
304	615	583	564	0	206778
305	583	564	724	0	207342
306	564	724	634	0	208066
307	724	634	627	0	208700
308	634	627	622	0	209327
309	627	622	596	0	209949
310	622	596	572	0	210545
311	596	572	579	0	211117
312	572	579	588	0	211696
313	579	588	591	0	212284
314	588	591	600	0	212875
315	591	600	599	0	213475
316	600	599	587	0	214074
317	599	587	600	0	214661
318	587	600	599	0	215261
319	600	599	595	0	215860
320	599	595	603	0	216455
321	595	603	600	0	217058
322	603	600	599	0	217658
323	600	599	599	0	218257
324	599	599	603	0	218856
325	599	603	611	0	219459
326	603	611	607	0	220070
327	611	607	611	0	220677
328	607	611	607	0	221288
329	611	607	603	0	221895
330	607	603	607	0	222498
331	603	607	603	0	223105
332	607	603	596	0	223708
333	603	596	607	0	224304
334	596	607	607	0	224911
335	607	607	603	0	225518
336	607	603	591	0	226121
337	603	591	584	0	226712
338	591	584	591	0	227296
339	584	591	595	0	227887
340	591	595	604	0	228482
341	595	604	599	0	229086
342	604	599	603	0	229685
343	599	603	603	0	230288
344	603	603	599	0	230891
345	603	599	603	0	231490
346	599	603	603	0	232093
347	603	603	604	0	232696
348	603	604	595	0	233300
349	604	595	603	0	233895
350	595	603	595	0	234498
351	603	595	600	0	235093
352	595	600	599	0	235693
353	600	599	599	0	236292
354	599	599	595	0	236891
355	599	595	596	0	237486
356	595	596	591	0	238082
357	596	591	603	0	238673
358	591	603	599	0	239276
359	603	599	592	0	239875
360	599	592	603	0	240467
361	592	603	603	0	241070
362	603	603	595	0	241673
363	603	595	600	0	242268
364	595	600	611	0	242868
365	600	611	595	0	243479
366	611	595	599	0	244074
367	595	599	607	0	244673
368	599	607	607	0	245280
369	607	607	607	0	245887
370	607	607	599	0	246494
371	607	599	611	0	247093
372	599	611	607	0	247704
373	611	607	603	0	248311
374	607	603	611	0	248914
375	603	611	607	0	249525
376	611	607	607	0	250132
377	607	607	600	0	250739
378	607	600	599	0	251339
379	600	599	587	0	251938
380	599	587	557	0	252525
381	587	557	552	0	253082
382	557	552	553	0	253634
383	552	553	545	0	254187
384	553	545	638	0	254732
385	545	638	611	0	255370
386	638	611	603	0	255981
387	611	603	599	0	256584
388	603	599	607	0	257183
389	599	607	615	0	257790
390	607	615	614	0	258405
391	615	614	600	0	259019
392	614	600	603	0	259619
393	600	603	607	0	260222
394	603	607	603	0	260829
395	607	603	599	0	261432
396	603	599	595	0	262031
397	599	595	604	0	262626
398	595	604	595	0	263230
399	604	595	599	0	263825
400	595	599	592	0	264424
401	599	592	595	0	265016
402	592	595	595	0	265611
403	595	595	599	0	266206
404	595	599	596	0	266805
405	599	596	595	0	267401
406	596	595	595	0	267996
407	595	595	600	0	268591
408	595	600	595	0	269191
409	600	595	603	0	269786
410	595	603	595	0	270389
411	603	595	596	0	270984
412	595	596	599	0	271580
413	596	599	595	0	272179
414	599	595	596	0	272774
415	595	596	595	0	273370
416	596	595	603	0	273965
417	595	603	599	0	274568
418	603	599	596	0	275167
419	599	596	595	0	275763
420	596	595	603	0	276358
421	595	603	592	0	276961
422	603	592	599	0	277553
423	592	599	599	0	278152
424	599	599	595	0	278751
425	599	595	603	0	279346
426	595	603	600	0	279949
427	603	600	595	0	280549
428	600	595	599	0	281144
429	595	599	603	0	281743
430	599	603	603	0	282346
431	603	603	615	0	282949
432	603	615	607	0	283564
433	615	607	611	0	284171
434	607	611	611	0	284782
435	611	611	607	0	285393
436	611	607	599	0	286000
437	607	599	599	0	286599
438	599	599	611	0	287198
439	599	611	607	0	287809
440	611	607	603	0	288416
441	607	603	615	0	289019
442	603	615	459	0	289634
443	615	459	751	1	290093
444	459	751	619	0	290844
445	751	619	623	0	291463
446	619	623	610	0	292086
447	623	610	615	0	292696
448	610	615	607	0	293311
449	615	607	615	0	293918
450	607	615	615	0	294533
451	615	615	607	0	295148
452	615	607	607	0	295755
453	607	607	611	0	296362
454	607	611	587	0	296973
455	611	587	603	0	297560
456	587	603	611	0	298163
457	603	611	611	0	298774
458	611	611	611	0	299385
459	611	611	615	0	299996
460	611	615	603	0	300611
461	615	603	611	0	301214
462	603	611	611	0	301825
463	611	611	603	0	302436
464	611	603	611	0	303039
465	603	611	611	0	303650
466	611	611	611	0	304261
467	611	611	618	0	304872
468	611	618	611	0	305490
469	618	611	580	0	306101
470	611	580	576	0	306681
471	580	576	607	0	307257
472	576	607	607	0	307864
473	607	607	611	0	308471
474	607	611	614	0	309082
475	611	614	615	0	309696
476	614	615	615	0	310311
477	615	615	595	0	310926
478	615	595	386	0	311521
479	595	386	789	1	311907
480	386	789	635	0	312696
481	789	635	630	0	313331
482	635	630	630	0	313961
483	630	630	615	0	314591
484	630	615	603	0	315206
485	615	603	623	0	315809
486	603	623	646	0	316432
487	623	646	654	0	317078
488	646	654	657	0	317732
489	654	657	662	0	318389
490	657	662	673	0	319051
491	662	673	716	0	319724
492	673	716	626	0	320440
493	716	626	595	0	321066
494	626	595	588	0	321661
495	595	588	588	0	322249
496	588	588	583	0	322837
497	588	583	584	0	323420
498	583	584	813	0	324004
499	584	813	790	0	324817
500	813	790	685	0	325607
501	790	685	638	0	326292
502	685	638	623	0	326930
503	638	623	607	0	327553
504	623	607	599	0	328160
505	607	599	607	0	328759
506	599	607	599	0	329366
507	607	599	588	0	329965
508	599	588	859	0	330553
509	588	859	775	0	331412
510	859	775	677	0	332187
511	775	677	634	0	332864
512	677	634	619	0	333498
513	634	619	615	0	334117
514	619	615	599	0	334732
515	615	599	786	0	335331
516	599	786	739	0	336117
517	786	739	716	0	336856
518	739	716	654	0	337572
519	716	654	622	0	338226
520	654	622	599	0	338848
521	622	599	588	0	339447
522	599	588	588	0	340035
523	588	588	832	0	340623
524	588	832	728	0	341455
525	832	728	669	0	342183
526	728	669	642	0	342852
527	669	642	607	0	343494
528	642	607	603	0	344101
529	607	603	596	0	344704
530	603	596	587	0	345300
531	596	587	677	0	345887
532	587	677	654	0	346564
533	677	654	630	0	347218
534	654	630	642	0	347848
535	630	642	658	0	348490
536	642	658	661	0	349148
537	658	661	658	0	349809
538	661	658	658	0	350467
539	658	658	669	0	351125
540	658	669	677	0	351794
541	669	677	689	0	352471
542	677	689	778	0	353160
543	689	778	766	0	353938
544	778	766	677	0	354704
545	766	677	650	0	355381
546	677	650	611	0	356031
547	650	611	611	0	356642
548	611	611	840	0	357253
549	611	840	794	0	358093
550	840	794	759	0	358887
551	794	759	661	0	359646
552	759	661	635	0	360307
553	661	635	622	0	360942
554	635	622	615	0	361564
555	622	615	611	0	362179
556	615	611	595	0	362790
557	611	595	631	0	363385
558	595	631	856	0	364016
559	631	856	751	0	364872
560	856	751	665	0	365623
561	751	665	630	0	366288
562	665	630	627	0	366918
563	630	627	615	0	367545
564	627	615	607	0	368160
565	615	607	879	0	368767
566	607	879	747	0	369646
567	879	747	712	0	370393
568	747	712	665	0	371105
569	712	665	642	0	371770
570	665	642	639	0	372412
571	642	639	626	0	373051
572	639	626	918	0	373677
573	626	918	767	0	374595
574	918	767	720	0	375362
575	767	720	665	0	376082
576	720	665	662	0	376747
577	665	662	653	0	377409
578	662	653	631	0	378062
579	653	631	898	0	378693
580	631	898	786	0	379591
581	898	786	705	0	380377
582	786	705	650	0	381082
583	705	650	634	0	381732
584	650	634	595	0	382366
585	634	595	584	0	382961
586	595	584	856	0	383545
587	584	856	731	0	384401
588	856	731	662	0	385132
589	731	662	634	0	385794
590	662	634	607	0	386428
591	634	607	595	0	387035
592	607	595	588	0	387630
593	595	588	829	0	388218
594	588	829	778	0	389047
595	829	778	689	0	389825
596	778	689	646	0	390514
597	689	646	630	0	391160
598	646	630	607	0	391790
599	630	607	595	0	392397
600	607	595	596	0	392992
601	595	596	875	0	393588
602	596	875	743	0	394463
603	875	743	669	0	395206
604	743	669	631	0	395875
605	669	631	622	0	396506
606	631	622	600	0	397128
607	622	600	595	0	397728
608	600	595	856	0	398323
609	595	856	790	0	399179
610	856	790	692	0	399969
611	790	692	658	0	400661
612	692	658	463	0	401319
613	658	463	790	1	401782
614	463	790	623	0	402572
615	790	623	945	0	403195
616	623	945	771	0	404140
617	945	771	680	0	404911
618	771	680	658	0	405591
619	680	658	638	0	406249
620	658	638	479	0	406887
621	638	479	1015	1	407366
622	479	1015	705	0	408381
623	1015	705	681	0	409086
624	705	681	669	0	409767
625	681	669	630	0	410436
626	669	630	584	0	411066
627	630	584	864	0	411650
628	584	864	747	0	412514
629	864	747	723	0	413261
630	747	723	658	0	413984
631	723	658	615	0	414642
632	658	615	611	0	415257
633	615	611	595	0	415868
634	611	595	743	0	416463
635	595	743	685	0	417206
636	743	685	685	0	417891
637	685	685	677	0	418576
638	685	677	603	0	419253
639	677	603	564	0	419856
640	603	564	813	0	420420
641	564	813	732	0	421233
642	813	732	693	0	421965
643	732	693	688	0	422658
644	693	688	646	0	423346
645	688	646	615	0	423992
646	646	615	603	0	424607
647	615	603	572	0	425210
648	603	572	568	0	425782
649	572	568	564	0	426350
650	568	564	810	0	426914
651	564	810	723	0	427724
652	810	723	662	0	428447
653	723	662	650	0	429109
654	662	650	688	0	429759
655	650	688	623	0	430447
656	688	623	615	0	431070
657	623	615	580	0	431685
658	615	580	564	0	432265
659	580	564	552	0	432829
660	564	552	405	0	433381
661	552	405	665	1	433786
662	405	665	514	0	434451
663	665	514	673	0	434965
664	514	673	782	0	435638
665	673	782	502	0	436420
666	782	502	825	1	436922
667	502	825	595	0	437747
668	825	595	565	0	438342
669	595	565	548	0	438907
670	565	548	526	0	439455
671	548	526	525	0	439981
672	526	525	513	0	440506
673	525	513	510	0	441019
674	513	510	736	0	441529
675	510	736	704	0	442265
676	736	704	665	0	442969
677	704	665	650	0	443634
678	665	650	588	0	444284
679	650	588	544	0	444872
680	588	544	530	0	445416
681	544	530	517	0	445946
682	530	517	510	0	446463
683	517	510	513	0	446973
684	510	513	506	0	447486
685	513	506	490	0	447992
686	506	490	456	0	448482
687	490	456	447	0	448938
688	456	447	751	0	449385
689	447	751	662	0	450136
690	751	662	642	0	450798
691	662	642	630	0	451440
692	642	630	642	0	452070
693	630	642	627	0	452712
694	642	627	622	0	453339
695	627	622	588	0	453961
696	622	588	537	0	454549
697	588	537	498	0	455086
698	537	498	490	0	455584
699	498	490	486	0	456074
700	490	486	456	0	456560
701	486	456	439	0	457016
702	456	439	440	0	457455
703	439	440	650	0	457895
704	440	650	712	0	458545
705	650	712	638	0	459257
706	712	638	623	0	459895
707	638	623	610	0	460518
708	623	610	615	0	461128
709	610	615	603	0	461743
710	615	603	557	0	462346
711	603	557	521	0	462903
712	557	521	487	0	463424
713	521	487	470	0	463911
714	487	470	475	0	464381
715	470	475	455	0	464856
716	475	455	588	0	465311
717	455	588	529	0	465899
718	588	529	541	0	466428
719	529	541	478	0	466969
720	541	478	456	0	467447
721	478	456	478	0	467903
722	456	478	572	0	468381
723	478	572	533	0	468953
724	572	533	471	0	469486
725	533	471	467	0	469957
726	471	467	455	0	470424
727	467	455	452	0	470879
728	455	452	467	0	471331
729	452	467	455	0	471798
730	467	455	455	0	472253
731	455	455	455	0	472708
732	455	455	440	0	473163
733	455	440	483	0	473603
734	440	483	482	0	474086
735	483	482	475	0	474568
736	482	475	451	0	475043
737	475	451	487	0	475494
738	451	487	466	0	475981
739	487	466	475	0	476447
740	466	475	448	0	476922
741	475	448	451	0	477370
742	448	451	467	0	477821
743	451	467	471	0	478288
744	467	471	467	0	478759
745	471	467	467	0	479226
746	467	467	463	0	479693
747	467	463	463	0	480156
748	463	463	459	0	480619
749	463	459	459	0	481078
750	459	459	451	0	481537
751	459	451	440	0	481988
752	451	440	436	0	482428
753	440	436	440	0	482864
754	436	440	443	0	483304
755	440	443	428	0	483747
756	443	428	444	0	484175
757	428	444	447	0	484619
758	444	447	448	0	485066
759	447	448	451	0	485514
760	448	451	459	0	485965
761	451	459	451	0	486424
762	459	451	460	0	486875
763	451	460	463	0	487335
764	460	463	463	0	487798
765	463	463	463	0	488261
766	463	463	451	0	488724
767	463	451	463	0	489175
768	451	463	436	0	489638
769	463	436	424	0	490074
770	436	424	428	0	490498
771	424	428	405	0	490926
772	428	405	432	0	491331
773	405	432	439	0	491763
774	432	439	444	0	492202
775	439	444	440	0	492646
776	444	440	455	0	493086
777	440	455	463	0	493541
778	455	463	455	0	494004
779	463	455	448	0	494459
780	455	448	455	0	494907
781	448	455	459	0	495362
782	455	459	436	0	495821
783	459	436	467	0	496257
784	436	467	436	0	496724
785	467	436	455	0	497160
786	436	455	459	0	497615
787	455	459	451	0	498074
788	459	451	452	0	498525
789	451	452	447	0	498977
790	452	447	455	0	499424
791	447	455	452	0	499879
792	455	452	451	0	500331
793	452	451	459	0	500782
794	451	459	459	0	501241
795	459	459	467	0	501700
796	459	467	456	0	502167
797	467	456	743	0	502623
798	456	743	583	1	503366
799	743	583	475	0	503949
800	583	475	479	0	504424
801	475	479	455	0	504903
802	479	455	436	0	505358
803	455	436	439	0	505794
804	436	439	456	0	506233
805	439	456	447	0	506689
806	456	447	444	0	507136
807	447	444	459	0	507580
808	444	459	443	0	508039
809	459	443	460	0	508482
810	443	460	435	0	508942
811	460	435	456	0	509377
812	435	456	455	0	509833
813	456	455	451	0	510288
814	455	451	444	0	510739
815	451	444	471	0	511183
816	444	471	432	0	511654
817	471	432	424	0	512086
818	432	424	463	0	512510
819	424	463	459	0	512973
820	463	459	443	0	513432
821	459	443	452	0	513875
822	443	452	467	0	514327
823	452	467	455	0	514794
824	467	455	428	0	515249
825	455	428	448	0	515677
826	428	448	455	0	516125
827	448	455	443	0	516580
828	455	443	448	0	517023
829	443	448	432	0	517471
830	448	432	459	0	517903
831	432	459	447	0	518362
832	459	447	452	0	518809
833	447	452	451	0	519261
834	452	451	463	0	519712
835	451	463	428	0	520175
836	463	428	444	0	520603
837	428	444	447	0	521047
838	444	447	448	0	521494
839	447	448	447	0	521942
840	448	447	413	0	522389
841	447	413	455	0	522802
842	413	455	482	0	523257
843	455	482	432	0	523739
844	482	432	444	0	524171
845	432	444	459	0	524615
846	444	459	436	0	525074
847	459	436	451	0	525510
848	436	451	448	0	525961
849	451	448	451	0	526409
850	448	451	455	0	526860
851	451	455	444	0	527315
852	455	444	439	0	527759
853	444	439	460	0	528198
854	439	460	470	0	528658
855	460	470	428	0	529128
856	470	428	448	0	529556
857	428	448	451	0	530004
858	448	451	428	0	530455
859	451	428	452	0	530883
860	428	452	451	0	531335
861	452	451	471	0	531786
862	451	471	432	0	532257
863	471	432	451	0	532689
864	432	451	440	0	533140
865	451	440	455	0	533580
866	440	455	455	0	534035
867	455	455	448	0	534490
868	455	448	455	0	534938
869	448	455	463	0	535393
870	455	463	463	0	535856
871	463	463	424	0	536319
872	463	424	463	0	536743
873	424	463	463	0	537206
874	463	463	463	0	537669
875	463	463	467	0	538132
876	463	467	463	0	538599
877	467	463	467	0	539062
878	463	467	420	0	539529
879	467	420	483	0	539949
880	420	483	467	0	540432
881	483	467	467	0	540899
882	467	467	467	0	541366
883	467	467	471	0	541833
884	467	471	463	0	542304
885	471	463	470	0	542767
886	463	470	467	0	543237
887	470	467	463	0	543704
888	467	463	459	0	544167
889	463	459	467	0	544626
890	459	467	471	0	545093
891	467	471	467	0	545564
892	471	467	467	0	546031
893	467	467	479	0	546498
894	467	479	467	0	546977
895	479	467	470	0	547444
896	467	470	487	0	547914
897	470	487	482	0	548401
898	487	482	491	0	548883
899	482	491	494	0	549374
900	491	494	486	0	549868
901	494	486	486	0	550354
902	486	486	502	0	550840
903	486	502	498	0	551342
904	502	498	479	0	551840
905	498	479	490	0	552319
906	479	490	502	0	552809
907	490	502	502	0	553311
908	502	502	491	0	553813
909	502	491	494	0	554304
910	491	494	506	0	554798
911	494	506	494	0	555304
912	506	494	494	0	555798
913	494	494	510	0	556292
914	494	510	502	0	556802
915	510	502	482	0	557304
916	502	482	494	0	557786
917	482	494	506	0	558280
918	494	506	494	0	558786
919	506	494	494	0	559280
920	494	494	506	0	559774
921	494	506	514	0	560280
922	506	514	502	0	560794
923	514	502	506	0	561296
924	502	506	509	0	561802
925	506	509	510	0	562311
926	509	510	498	0	562821
927	510	498	510	0	563319
928	498	510	510	0	563829
929	510	510	501	0	564339
930	510	501	499	0	564840
931	501	499	505	0	565339
932	499	505	510	0	565844
933	505	510	510	0	566354
934	510	510	502	0	566864
935	510	502	498	0	567366
936	502	498	510	0	567864
937	498	510	509	0	568374
938	510	509	498	0	568883
939	509	498	506	0	569381
940	498	506	502	0	569887
941	506	502	498	0	570389
942	502	498	506	0	570887
943	498	506	498	0	571393
944	506	498	498	0	571891
945	498	498	502	0	572389
946	498	502	502	0	572891
947	502	502	490	0	573393
948	502	490	498	0	573883
949	490	498	510	0	574381
950	498	510	502	0	574891
951	510	502	494	0	575393
952	502	494	510	0	575887
953	494	510	494	0	576397
954	510	494	502	0	576891
955	494	502	518	0	577393
956	502	518	509	0	577911
957	518	509	502	0	578420
958	509	502	510	0	578922
959	502	510	502	0	579432
960	510	502	498	0	579934
961	502	498	510	0	580432
962	498	510	498	0	580942
963	510	498	498	0	581440
964	498	498	506	0	581938
965	498	506	505	0	582444
966	506	505	502	0	582949
967	505	502	502	0	583451
968	502	502	510	0	583953
969	502	510	494	0	584463
970	510	494	510	0	584957
971	494	510	514	0	585467
972	510	514	501	0	585981
973	514	501	514	0	586482
974	501	514	522	0	586996
975	514	522	513	0	587518
976	522	513	514	0	588031
977	513	514	521	0	588545
978	514	521	510	0	589066
979	521	510	513	0	589576
980	510	513	518	0	590089
981	513	518	502	0	590607
982	518	502	514	0	591109
983	502	514	505	0	591623
984	514	505	506	0	592128
985	505	506	510	0	592634
986	506	510	506	0	593144
987	510	506	498	0	593650
988	506	498	506	0	594148
989	498	506	513	0	594654
990	506	513	502	0	595167
991	513	502	494	0	595669
992	502	494	510	0	596163
993	494	510	502	0	596673
994	510	502	498	0	597175
995	502	498	514	0	597673
996	498	514	517	0	598187
997	514	517	502	0	598704
998	517	502	514	0	599206
999	502	514	517	0	599720
1000	514	517	522	0	600237
1001	517	522	498	0	600759
1002	522	498	506	0	601257
1003	498	506	513	0	601763
1004	506	513	529	0	602276
1005	513	529	530	0	602805
1006	529	530	537	0	603335
1007	530	537	529	0	603872
1008	537	529	525	0	604401
1009	529	525	521	0	604926
1010	525	521	518	0	605447
1011	521	518	521	0	605965
1012	518	521	510	0	606486
1013	521	510	510	0	606996
1014	510	510	521	0	607506
1015	510	521	518	0	608027
1016	521	518	509	0	608545
1017	518	509	518	0	609054
1018	509	518	514	0	609572
1019	518	514	517	0	610086
1020	514	517	514	0	610603
1021	517	514	517	0	611117
1022	514	517	518	0	611634
1023	517	518	513	0	612152
1024	518	513	522	0	612665
1025	513	522	513	0	613187
1026	522	513	518	0	613700
1027	513	518	525	0	614218
1028	518	525	510	0	614743
1029	525	510	521	0	615253
1030	510	521	526	0	615774
1031	521	526	513	0	616300
1032	526	513	526	0	616813
1033	513	526	521	0	617339
1034	526	521	514	0	617860
1035	521	514	517	0	618374
1036	514	517	529	0	618891
1037	517	529	518	0	619420
1038	529	518	509	0	619938
1039	518	509	522	0	620447
1040	509	522	525	0	620969
1041	522	525	510	0	621494
1042	525	510	514	0	622004
1043	510	514	525	0	622518
1044	514	525	525	0	623043
1045	525	525	514	0	623568
1046	525	514	525	0	624082
1047	514	525	514	0	624607
1048	525	514	521	0	625121
1049	514	521	510	0	625642
1050	521	510	517	0	626152
1051	510	517	514	0	626669
1052	517	514	513	0	627183
1053	514	513	514	0	627696
1054	513	514	506	0	628210
1055	514	506	510	0	628716
1056	506	510	521	0	629226
1057	510	521	518	0	629747
1058	521	518	509	0	630265
1059	518	509	510	0	630774
1060	509	510	502	0	631284
1061	510	502	525	0	631786
1062	502	525	759	0	632311
1063	525	759	697	0	633070
1064	759	697	657	0	633767
1065	697	657	646	0	634424
1066	657	646	650	0	635070
1067	646	650	673	0	635720
1068	650	673	638	0	636393
1069	673	638	627	0	637031
1070	638	627	653	0	637658
1071	627	653	635	0	638311
1072	653	635	482	0	638946
1073	635	482	712	1	639428
1074	482	712	595	0	640140
1075	712	595	572	0	640735
1076	595	572	580	0	641307
1077	572	580	860	0	641887
1078	580	860	704	0	642747
1079	860	704	662	0	643451
1080	704	662	619	0	644113
1081	662	619	447	0	644732
1082	619	447	724	1	645179
1083	447	724	587	0	645903
1084	724	587	572	0	646490
1085	587	572	576	0	647062
1086	572	576	872	0	647638
1087	576	872	720	0	648510
1088	872	720	657	0	649230
1089	720	657	603	0	649887
1090	657	603	603	0	650490
1091	603	603	603	0	651093
1092	603	603	592	0	651696
1093	603	592	883	0	652288
1094	592	883	736	0	653171
1095	883	736	696	0	653907
1096	736	696	638	0	654603
1097	696	638	627	0	655241
1098	638	627	611	0	655868
1099	627	611	610	0	656479
1100	611	610	413	0	657089
1101	610	413	790	1	657502
1102	413	790	906	0	658292
1103	790	906	728	0	659198
1104	906	728	677	0	659926
1105	728	677	638	0	660603
1106	677	638	631	0	661241
1107	638	631	622	0	661872
1108	631	622	627	0	662494
1109	622	627	611	0	663121
1110	627	611	400	0	663732
1111	611	400	1144	1	664132
1112	400	1144	494	0	665276
1113	1144	494	997	1	665770
1114	494	997	634	0	666767
1115	997	634	630	0	667401
1116	634	630	615	0	668031
1117	630	615	611	0	668646
1118	615	611	401	0	669257
1119	611	401	836	1	669658
1120	401	836	899	0	670494
1121	836	899	782	0	671393
1122	899	782	689	0	672175
1123	782	689	642	0	672864
1124	689	642	642	0	673506
1125	642	642	638	0	674148
1126	642	638	630	0	674786
1127	638	630	623	0	675416
1128	630	623	638	0	676039
1129	623	638	949	0	676677
1130	638	949	767	0	677626
1131	949	767	735	0	678393
1132	767	735	662	0	679128
1133	735	662	646	0	679790
1134	662	646	638	0	680436
1135	646	638	630	0	681074
1136	638	630	631	0	681704
1137	630	631	622	0	682335
1138	631	622	615	0	682957
1139	622	615	930	0	683572
1140	615	930	763	0	684502
1141	930	763	743	0	685265
1142	763	743	665	0	686008
1143	743	665	642	0	686673
1144	665	642	642	0	687315
1145	642	642	627	0	687957
1146	642	627	400	0	688584
1147	627	400	837	1	688984
1148	400	837	626	0	689821
1149	837	626	615	0	690447
1150	626	615	954	0	691062
1151	615	954	758	0	692016
1152	954	758	747	0	692774
1153	758	747	537	0	693521
1154	747	537	790	1	694058
1155	537	790	638	0	694848
1156	790	638	646	0	695486
1157	638	646	638	0	696132
1158	646	638	642	0	696770
1159	638	642	623	0	697412
1160	642	623	607	0	698035
1161	623	607	949	0	698642
1162	607	949	759	0	699591
1163	949	759	736	0	700350
1164	759	736	669	0	701086
1165	736	669	665	0	701755
1166	669	665	638	0	702420
1167	665	638	635	0	703058
1168	638	635	638	0	703693
1169	635	638	642	0	704331
1170	638	642	642	0	704973
1171	642	642	980	0	705615
1172	642	980	779	1	706595
1173	980	779	708	0	707374
1174	779	708	657	0	708082
1175	708	657	638	0	708739
1176	657	638	639	0	709377
1177	638	639	622	0	710016
1178	639	622	623	0	710638
1179	622	623	622	0	711261
1180	623	622	635	0	711883
1181	622	635	937	0	712518
1182	635	937	759	0	713455
1183	937	759	704	0	714214
1184	759	704	662	0	714918
1185	704	662	650	0	715580
1186	662	650	638	0	716230
1187	650	638	634	0	716868
1188	638	634	634	0	717502
1189	634	634	634	0	718136
1190	634	634	615	0	718770
1191	634	615	891	0	719385
1192	615	891	810	0	720276
1193	891	810	696	0	721086
1194	810	696	642	0	721782
1195	696	642	646	0	722424
1196	642	646	642	0	723070
1197	646	642	646	0	723712
1198	642	646	630	0	724358
1199	646	630	627	0	724988
1200	630	627	630	0	725615
1201	627	630	638	0	726245
1202	630	638	638	0	726883
1203	638	638	646	0	727521
1204	638	646	654	0	728167
1205	646	654	650	0	728821
1206	654	650	654	0	729471
1207	650	654	645	0	730125
1208	654	645	654	0	730770
1209	645	654	650	0	731424
1210	654	650	654	0	732074
1211	650	654	661	0	732728
1212	654	661	654	0	733389
1213	661	654	650	0	734043
1214	654	650	649	0	734693
1215	650	649	662	0	735342
1216	649	662	661	0	736004
1217	662	661	662	0	736665
1218	661	662	661	0	737327
1219	662	661	506	0	737988
1220	661	506	821	1	738494
1221	506	821	666	0	739315
1222	821	666	677	0	739981
1223	666	677	661	0	740658
1224	677	661	662	0	741319
1225	661	662	649	0	741981
1226	662	649	716	0	742630
1227	649	716	689	0	743346
1228	716	689	700	0	744035
1229	689	700	712	0	744735
1230	700	712	728	0	745447
1231	712	728	911	0	746175
1232	728	911	801	0	747086
1233	911	801	728	0	747887
1234	801	728	689	0	748615
1235	728	689	665	0	749304
1236	689	665	654	0	749969
1237	665	654	645	0	750623
1238	654	645	646	0	751268
1239	645	646	642	0	751914
1240	646	642	646	0	752556
1241	642	646	642	0	753202
1242	646	642	631	0	753844
1243	642	631	992	0	754475
1244	631	992	801	1	755467
1245	992	801	705	0	756268
1246	801	705	669	0	756973
1247	705	669	658	0	757642
1248	669	658	653	0	758300
1249	658	653	650	0	758953
1250	653	650	642	0	759603
1251	650	642	638	0	760245
1252	642	638	1000	0	760883
1253	638	1000	802	1	761883
1254	1000	802	704	0	762685
1255	802	704	662	0	763389
1256	704	662	657	0	764051
1257	662	657	658	0	764708
1258	657	658	646	0	765366
1259	658	646	649	0	766012
1260	646	649	646	0	766661
1261	649	646	981	0	767307
1262	646	981	774	1	768288
1263	981	774	712	0	769062
1264	774	712	685	0	769774
1265	712	685	666	0	770459
1266	685	666	653	0	771125
1267	666	653	658	0	771778
1268	653	658	665	0	772436
1269	658	665	654	0	773101
1270	665	654	646	0	773755
1271	654	646	646	0	774401
1272	646	646	646	0	775047
1273	646	646	649	0	775693
1274	646	649	635	0	776342
1275	649	635	634	0	776977
1276	635	634	611	0	777611
1277	634	611	661	0	778222
1278	611	661	654	0	778883
1279	661	654	708	0	779537
1280	654	708	708	0	780245
1281	708	708	689	0	780953
1282	708	689	685	0	781642
1283	689	685	506	0	782327
1284	685	506	813	1	782833
1285	506	813	665	0	783646
1286	813	665	670	0	784311
1287	665	670	661	0	784981
1288	670	661	658	0	785642
1289	661	658	649	0	786300
1290	658	649	650	0	786949
1291	649	650	650	0	787599
1292	650	650	654	0	788249
1293	650	654	665	0	788903
1294	654	665	669	0	789568
1295	665	669	670	0	790237
1296	669	670	669	0	790907
1297	670	669	677	0	791576
1298	669	677	681	0	792253
1299	677	681	677	0	792934
1300	681	677	681	0	793611
1301	677	681	677	0	794292
1302	681	677	669	0	794969
1303	677	669	681	0	795638
1304	669	681	689	0	796319
1305	681	689	692	0	797008
1306	689	692	693	0	797700
1307	692	693	689	0	798393
1308	693	689	681	0	799082
1309	689	681	677	0	799763
1310	681	677	685	0	800440
1311	677	685	688	0	801125
1312	685	688	681	0	801813
1313	688	681	685	0	802494
1314	681	685	681	0	803179
1315	685	681	696	0	803860
1316	681	696	689	0	804556
1317	696	689	681	0	805245
1318	689	681	677	0	805926
1319	681	677	693	0	806603
1320	677	693	681	0	807296
1321	693	681	677	0	807977
1322	681	677	673	0	808654
1323	677	673	673	0	809327
1324	673	673	669	0	810000
1325	673	669	662	0	810669
1326	669	662	661	0	811331
1327	662	661	673	0	811992
1328	661	673	670	0	812665
1329	673	670	661	0	813335
1330	670	661	654	0	813996
1331	661	654	657	0	814650
1332	654	657	650	0	815307
1333	657	650	646	0	815957
1334	650	646	654	0	816603
1335	646	654	646	0	817257
1336	654	646	646	0	817903
1337	646	646	646	0	818549
1338	646	646	642	0	819195
1339	646	642	653	0	819837
1340	642	653	642	0	820490
1341	653	642	646	0	821132
1342	642	646	642	0	821778
1343	646	642	634	0	822420
1344	642	634	635	0	823054
1345	634	635	634	0	823689
1346	635	634	638	0	824323
1347	634	638	642	0	824961
1348	638	642	623	0	825603
1349	642	623	626	0	826226
1350	623	626	623	0	826852
1351	626	623	626	0	827475
1352	623	626	623	0	828101
1353	626	623	630	0	828724
1354	623	630	619	0	829354
1355	630	619	622	0	829973
1356	619	622	627	0	830595
1357	622	627	630	0	831222
1358	627	630	630	0	831852
1359	630	630	627	0	832482
1360	630	627	626	0	833109
1361	627	626	639	0	833735
1362	626	639	630	0	834374
1363	639	630	622	0	835004
1364	630	622	627	0	835626
1365	622	627	634	0	836253
1366	627	634	623	0	836887
1367	634	623	607	0	837510
1368	623	607	603	0	838117
1369	607	603	677	0	838720
1370	603	677	630	0	839397
1371	677	630	716	0	840027
1372	630	716	716	0	840743
1373	716	716	701	0	841459
1374	716	701	673	0	842160
1375	701	673	665	0	842833
1376	673	665	654	0	843498
1377	665	654	657	0	844152
1378	654	657	658	0	844809
1379	657	658	658	0	845467
1380	658	658	649	0	846125
1381	658	649	654	0	846774
1382	649	654	658	0	847428
1383	654	658	653	0	848086
1384	658	653	646	0	848739
1385	653	646	631	0	849385
1386	646	631	630	0	850016
1387	631	630	634	0	850646
1388	630	634	638	0	851280
1389	634	638	642	0	851918
1390	638	642	635	0	852560
1391	642	635	634	0	853195
1392	635	634	638	0	853829
1393	634	638	630	0	854467
1394	638	630	631	0	855097
1395	630	631	634	0	855728
1396	631	634	634	0	856362
1397	634	634	630	0	856996
1398	634	630	635	0	857626
1399	630	635	634	0	858261
1400	635	634	630	0	858895
1401	634	630	627	0	859525
1402	630	627	634	0	860152
1403	627	634	630	0	860786
1404	634	630	635	0	861416
1405	630	635	638	0	862051
1406	635	638	642	0	862689
1407	638	642	646	0	863331
1408	642	646	649	0	863977
1409	646	649	654	0	864626
1410	649	654	654	0	865280
1411	654	654	654	0	865934
1412	654	654	657	0	866588
1413	654	657	654	0	867245
1414	657	654	661	0	867899
1415	654	661	658	0	868560
1416	661	658	650	0	869218
1417	658	650	681	0	869868
1418	650	681	700	0	870549
1419	681	700	708	0	871249
1420	700	708	720	0	871957
1421	708	720	825	0	872677
1422	720	825	735	0	873502
1423	825	735	720	0	874237
1424	735	720	747	0	874957
1425	720	747	681	0	875704
1426	747	681	673	0	876385
1427	681	673	670	0	877058
1428	673	670	649	0	877728
1429	670	649	631	0	878377
1430	649	631	634	0	879008
1431	631	634	630	0	879642
1432	634	630	619	0	880272
1433	630	619	595	0	880891
1434	619	595	779	0	881486
1435	595	779	747	0	882265
1436	779	747	684	0	883012
1437	747	684	604	0	883696
1438	684	604	692	0	884300
1439	604	692	751	0	884992
1440	692	751	720	0	885743
1441	751	720	685	0	886463
1442	720	685	661	0	887148
1443	685	661	631	0	887809
1444	661	631	611	0	888440
1445	631	611	583	0	889051
1446	611	583	666	0	889634
1447	583	666	626	0	890300
1448	666	626	627	0	890926
1449	626	627	622	0	891553
1450	627	622	627	0	892175
1451	622	627	626	0	892802
1452	627	626	626	0	893428
1453	626	626	619	0	894054
1454	626	619	631	0	894673
1455	619	631	630	0	895304
1456	631	630	626	0	895934
1457	630	626	631	0	896560
1458	626	631	626	0	897191
1459	631	626	627	0	897817
1460	626	627	622	0	898444
1461	627	622	634	0	899066
1462	622	634	635	0	899700
1463	634	635	634	0	900335
1464	635	634	634	0	900969
1465	634	634	638	0	901603
1466	634	638	631	0	902241
1467	638	631	638	0	902872
1468	631	638	630	0	903510
1469	638	630	638	0	904140
1470	630	638	627	0	904778
1471	638	627	642	0	905405
1472	627	642	634	0	906047
1473	642	634	630	0	906681
1474	634	630	638	0	907311
1475	630	638	639	0	907949
1476	638	639	634	0	908588
1477	639	634	638	0	909222
1478	634	638	638	0	909860
1479	638	638	638	0	910498
1480	638	638	642	0	911136
1481	638	642	638	0	911778
1482	642	638	646	0	912416
1483	638	646	631	0	913062
1484	646	631	634	0	913693
1485	631	634	657	0	914327
1486	634	657	662	0	914984
1487	657	662	681	0	915646
1488	662	681	700	0	916327
1489	681	700	685	0	917027
1490	700	685	673	0	917712
1491	685	673	712	0	918385
1492	673	712	681	0	919097
1493	712	681	654	0	919778
1494	681	654	657	0	920432
1495	654	657	650	0	921089
1496	657	650	638	0	921739
1497	650	638	623	0	922377
1498	638	623	634	0	923000
1499	623	634	634	0	923634
1500	634	634	950	0	924268
1501	634	950	821	0	925218
1502	950	821	689	0	926039
1503	821	689	665	0	926728
1504	689	665	650	0	927393
1505	665	650	650	0	928043
1506	650	650	642	0	928693
1507	650	642	634	0	929335
1508	642	634	622	0	929969
1509	634	622	962	0	930591
1510	622	962	813	0	931553
1511	962	813	700	0	932366
1512	813	700	673	0	933066
1513	700	673	670	0	933739
1514	673	670	653	0	934409
1515	670	653	650	0	935062
1516	653	650	623	0	935712
1517	650	623	984	0	936335
1518	623	984	802	1	937319
1519	984	802	723	0	938121
1520	802	723	681	0	938844
1521	723	681	658	0	939525
1522	681	658	634	0	940183
1523	658	634	627	0	940817
1524	634	627	622	0	941444
1525	627	622	634	0	942066
1526	622	634	623	0	942700
1527	634	623	837	0	943323
1528	623	837	840	0	944160
1529	837	840	724	0	945000
1530	840	724	669	0	945724
1531	724	669	658	0	946393
1532	669	658	642	0	947051
1533	658	642	634	0	947693
1534	642	634	622	0	948327
1535	634	622	623	0	948949
1536	622	623	630	0	949572
1537	623	630	646	0	950202
1538	630	646	907	0	950848
1539	646	907	766	0	951755
1540	907	766	666	0	952521
1541	766	666	622	0	953187
1542	666	622	619	0	953809
1543	622	619	603	0	954428
1544	619	603	599	0	955031
1545	603	599	600	0	955630
1546	599	600	863	0	956230
1547	600	863	786	0	957093
1548	863	786	674	0	957879
1549	786	674	638	0	958553
1550	674	638	642	0	959191
1551	638	642	622	0	959833
1552	642	622	623	0	960455
1553	622	623	626	0	961078
1554	623	626	942	0	961704
1555	626	942	809	0	962646
1556	942	809	701	0	963455
1557	809	701	677	0	964156
1558	701	677	657	0	964833
1559	677	657	646	0	965490
1560	657	646	646	0	966136
1561	646	646	634	0	966782
1562	646	634	942	0	967416
1563	634	942	774	1	968358
1564	942	774	705	0	969132
1565	774	705	681	0	969837
1566	705	681	665	0	970518
1567	681	665	650	0	971183
1568	665	650	653	0	971833
1569	650	653	650	0	972486
1570	653	650	638	0	973136
1571	650	638	619	0	973774
1572	638	619	661	0	974393
1573	619	661	623	0	975054
1574	661	623	642	0	975677
1575	623	642	646	0	976319
1576	642	646	650	0	976965
1577	646	650	642	0	977615
1578	650	642	630	0	978257
1579	642	630	631	0	978887
1580	630	631	634	0	979518
1581	631	634	626	0	980152
1582	634	626	634	0	980778
1583	626	634	631	0	981412
1584	634	631	638	0	982043
1585	631	638	634	0	982681
1586	638	634	631	0	983315
1587	634	631	638	0	983946
1588	631	638	638	0	984584
1589	638	638	646	0	985222
1590	638	646	657	0	985868
1591	646	657	646	0	986525
1592	657	646	631	0	987171
1593	646	631	642	0	987802
1594	631	642	642	0	988444
1595	642	642	638	0	989086
1596	642	638	638	0	989724
1597	638	638	638	0	990362
1598	638	638	646	0	991000
1599	638	646	650	0	991646
1600	646	650	650	0	992296
1601	650	650	645	0	992946
1602	650	645	650	0	993591
1603	645	650	642	0	994241
1604	650	642	646	0	994883
1605	642	646	642	0	995529
1606	646	642	642	0	996171
1607	642	642	642	0	996813
1608	642	642	638	0	997455
1609	642	638	639	0	998093
1610	638	639	645	0	998732
1611	639	645	639	0	999377
1612	645	639	642	0	1000016
1613	639	642	646	0	1000658
1614	642	646	653	0	1001304
1615	646	653	658	0	1001957
1616	653	658	653	0	1002615
1617	658	653	650	0	1003268
1618	653	650	654	0	1003918
1619	650	654	665	0	1004572
1620	654	665	658	0	1005237
1621	665	658	665	0	1005895
1622	658	665	654	0	1006560
1623	665	654	669	0	1007214
1624	654	669	650	0	1007883
1625	669	650	650	0	1008533
1626	650	650	646	0	1009183
1627	650	646	657	0	1009829
1628	646	657	654	0	1010486
1629	657	654	650	0	1011140
1630	654	650	657	0	1011790
1631	650	657	654	0	1012447
1632	657	654	646	0	1013101
1633	654	646	646	0	1013747
1634	646	646	638	0	1014393
1635	646	638	642	0	1015031
1636	638	642	638	0	1015673
1637	642	638	646	0	1016311
1638	638	646	638	0	1016957
1639	646	638	642	0	1017595
1640	638	642	646	0	1018237
1641	642	646	638	0	1018883
1642	646	638	650	0	1019521
1643	638	650	650	0	1020171
1644	650	650	661	0	1020821
1645	650	661	666	0	1021482
1646	661	666	677	0	1022148
1647	666	677	673	0	1022825
1648	677	673	700	0	1023498
1649	673	700	716	0	1024198
1650	700	716	712	0	1024914
1651	716	712	806	0	1025626
1652	712	806	728	0	1026432
1653	806	728	715	0	1027160
1654	728	715	701	0	1027875
1655	715	701	685	0	1028576
1656	701	685	661	0	1029261
1657	685	661	654	0	1029922
1658	661	654	646	0	1030576
1659	654	646	634	0	1031222
1660	646	634	626	0	1031856
1661	634	626	615	0	1032482
1662	626	615	619	0	1033097
1663	615	619	922	0	1033716
1664	619	922	774	0	1034638
1665	922	774	685	0	1035412
1666	774	685	654	0	1036097
1667	685	654	619	0	1036751
1668	654	619	614	0	1037370
1669	619	614	615	0	1037984
1670	614	615	599	0	1038599
1671	615	599	895	0	1039198
1672	599	895	736	0	1040093
1673	895	736	696	0	1040829
1674	736	696	654	0	1041525
1675	696	654	630	0	1042179
1676	654	630	615	0	1042809
1677	630	615	611	0	1043424
1678	615	611	603	0	1044035
1679	611	603	607	0	1044638
1680	603	607	880	0	1045245
1681	607	880	731	0	1046125
1682	880	731	685	0	1046856
1683	731	685	657	0	1047541
1684	685	657	642	0	1048198
1685	657	642	639	0	1048840
1686	642	639	626	0	1049479
1687	639	626	627	0	1050105
1688	626	627	614	0	1050732
1689	627	614	724	0	1051346
1690	614	724	662	0	1052070
1691	724	662	669	0	1052732
1692	662	669	673	0	1053401
1693	669	673	673	0	1054074
1694	673	673	669	0	1054747
1695	673	669	673	0	1055416
1696	669	673	670	0	1056089
1697	673	670	669	0	1056759
1698	670	669	677	0	1057428
1699	669	677	677	0	1058105
1700	677	677	669	0	1058782
1701	677	669	674	0	1059451
1702	669	674	665	0	1060125
1703	674	665	669	0	1060790
1704	665	669	666	0	1061459
1705	669	666	665	0	1062125
1706	666	665	661	0	1062790
1707	665	661	670	0	1063451
1708	661	670	661	0	1064121
1709	670	661	654	0	1064782
1710	661	654	657	0	1065436
1711	654	657	650	0	1066093
1712	657	650	650	0	1066743
1713	650	650	650	0	1067393
1714	650	650	657	0	1068043
1715	650	657	662	0	1068700
1716	657	662	619	0	1069362
1717	662	619	642	0	1069981
1718	619	642	673	0	1070623
1719	642	673	677	0	1071296
1720	673	677	669	0	1071973
1721	677	669	681	0	1072642
1722	669	681	669	0	1073323
1723	681	669	669	0	1073992
1724	669	669	678	0	1074661
1725	669	678	669	0	1075339
1726	678	669	677	0	1076008
1727	669	677	689	0	1076685
1728	677	689	677	0	1077374
1729	689	677	638	0	1078051
1730	677	638	626	0	1078689
1731	638	626	623	0	1079315
1732	626	623	622	0	1079938
1733	623	622	619	0	1080560
1734	622	619	611	0	1081179
1735	619	611	615	0	1081790
1736	611	615	599	0	1082405
1737	615	599	883	0	1083004
1738	599	883	778	0	1083887
1739	883	778	642	0	1084665
1740	778	642	619	0	1085307
1741	642	619	611	0	1085926
1742	619	611	615	0	1086537
1743	611	615	603	0	1087152
1744	615	603	607	0	1087755
1745	603	607	615	0	1088362
1746	607	615	887	0	1088977
1747	615	887	794	0	1089864
1748	887	794	681	0	1090658
1749	794	681	665	0	1091339
1750	681	665	665	0	1092004
1751	665	665	650	0	1092669
1752	665	650	650	0	1093319
1753	650	650	642	0	1093969
1754	650	642	626	0	1094611
1755	642	626	934	0	1095237
1756	626	934	864	0	1096171
1757	934	864	689	0	1097035
1758	864	689	669	0	1097724
1759	689	669	650	0	1098393
1760	669	650	634	0	1099043
1761	650	634	630	0	1099677
1762	634	630	635	0	1100307
1763	630	635	630	0	1100942
1764	635	630	619	0	1101572
1765	630	619	949	0	1102191
1766	619	949	809	0	1103140
1767	949	809	712	0	1103949
1768	809	712	689	0	1104661
1769	712	689	681	0	1105350
1770	689	681	669	0	1106031
1771	681	669	670	0	1106700
1772	669	670	649	0	1107370
1773	670	649	1016	0	1108019
1774	649	1016	848	0	1109035
1775	1016	848	786	0	1109883
1776	848	786	759	0	1110669
1777	786	759	747	0	1111428
1778	759	747	739	0	1112175
1779	747	739	724	0	1112914
1780	739	724	712	0	1113638
1781	724	712	701	0	1114350
1782	712	701	684	0	1115051
1783	701	684	681	0	1115735
1784	684	681	673	0	1116416
1785	681	673	670	0	1117089
1786	673	670	653	0	1117759
1787	670	653	1004	0	1118412
1788	653	1004	786	1	1119416
1789	1004	786	709	0	1120202
1790	786	709	688	0	1120911
1791	709	688	662	0	1121599
1792	688	662	657	0	1122261
1793	662	657	642	0	1122918
1794	657	642	635	0	1123560
1795	642	635	622	0	1124195
1796	635	622	619	0	1124817
1797	622	619	665	0	1125436
1798	619	665	623	0	1126101
1799	665	623	688	0	1126724
1800	623	688	693	0	1127412
1801	688	693	685	0	1128105
1802	693	685	661	0	1128790
1803	685	661	650	0	1129451
1804	661	650	634	0	1130101
1805	650	634	639	0	1130735
1806	634	639	634	0	1131374
1807	639	634	626	0	1132008
1808	634	626	627	0	1132634
1809	626	627	622	0	1133261
1810	627	622	607	0	1133883
1811	622	607	596	0	1134490
1812	607	596	591	0	1135086
1813	596	591	588	0	1135677
1814	591	588	583	0	1136265
1815	588	583	580	0	1136848
1816	583	580	658	0	1137428
1817	580	658	626	0	1138086
1818	658	626	627	0	1138712
1819	626	627	626	0	1139339
1820	627	626	630	0	1139965
1821	626	630	627	0	1140595
1822	630	627	634	0	1141222
1823	627	634	630	0	1141856
1824	634	630	631	0	1142486
1825	630	631	634	0	1143117
1826	631	634	634	0	1143751
1827	634	634	631	0	1144385
1828	634	631	638	0	1145016
1829	631	638	638	0	1145654
1830	638	638	634	0	1146292
1831	638	634	638	0	1146926
1832	634	638	642	0	1147564
1833	638	642	650	0	1148206
1834	642	650	626	0	1148856
1835	650	626	631	0	1149482
1836	626	631	622	0	1150113
1837	631	622	631	0	1150735
1838	622	631	626	0	1151366
1839	631	626	619	0	1151992
1840	626	619	622	0	1152611
1841	619	622	623	0	1153233
1842	622	623	619	0	1153856
1843	623	619	622	0	1154475
1844	619	622	623	0	1155097
1845	622	623	622	0	1155720
1846	623	622	619	0	1156342
1847	622	619	623	0	1156961
1848	619	623	614	0	1157584
1849	623	614	623	0	1158198
1850	614	623	619	0	1158821
1851	623	619	614	0	1159440
1852	619	614	611	0	1160054
1853	614	611	615	0	1160665
1854	611	615	599	0	1161280
1855	615	599	592	0	1161879
1856	599	592	587	0	1162471
1857	592	587	584	0	1163058
1858	587	584	572	0	1163642
1859	584	572	572	0	1164214
1860	572	572	572	0	1164786
1861	572	572	576	0	1165358
1862	572	576	564	0	1165934
1863	576	564	681	0	1166498
1864	564	681	619	0	1167179
1865	681	619	614	0	1167798
1866	619	614	615	0	1168412
1867	614	615	623	0	1169027
1868	615	623	626	0	1169650
1869	623	626	627	0	1170276
1870	626	627	626	0	1170903
1871	627	626	631	0	1171529
1872	626	631	618	0	1172160
1873	631	618	619	0	1172778
1874	618	619	619	0	1173397
1875	619	619	622	0	1174016
1876	619	622	623	0	1174638
1877	622	623	622	0	1175261
1878	623	622	631	0	1175883
1879	622	631	626	0	1176514
1880	631	626	611	0	1177140
1881	626	611	630	0	1177751
1882	611	630	650	0	1178381
1883	630	650	646	0	1179031
1884	650	646	634	0	1179677
1885	646	634	600	0	1180311
1886	634	600	583	0	1180911
1887	600	583	584	0	1181494
1888	583	584	580	0	1182078
1889	584	580	579	0	1182658
1890	580	579	584	0	1183237
1891	579	584	848	0	1183821
1892	584	848	759	0	1184669
1893	848	759	650	0	1185428
1894	759	650	607	0	1186078
1895	650	607	607	0	1186685
1896	607	607	595	0	1187292
1897	607	595	599	0	1187887
1898	595	599	611	0	1188486
1899	599	611	596	0	1189097
1900	611	596	599	0	1189693
1901	596	599	844	0	1190292
1902	599	844	743	0	1191136
1903	844	743	658	0	1191879
1904	743	658	626	0	1192537
1905	658	626	604	0	1193163
1906	626	604	587	0	1193767
1907	604	587	580	0	1194354
1908	587	580	580	0	1194934
1909	580	580	587	0	1195514
1910	580	587	833	0	1196101
1911	587	833	747	0	1196934
1912	833	747	658	0	1197681
1913	747	658	607	0	1198339
1914	658	607	603	0	1198946
1915	607	603	583	0	1199549
1916	603	583	580	0	1200132
1917	583	580	576	0	1200712
1918	580	576	564	0	1201288
1919	576	564	817	0	1201852
1920	564	817	747	0	1202669
1921	817	747	689	0	1203416
1922	747	689	634	0	1204105
1923	689	634	607	0	1204739
1924	634	607	580	0	1205346
1925	607	580	580	0	1205926
1926	580	580	568	0	1206506
1927	580	568	568	0	1207074
1928	568	568	809	0	1207642
1929	568	809	747	0	1208451
1930	809	747	666	0	1209198
1931	747	666	626	0	1209864
1932	666	626	603	0	1210490
1933	626	603	584	0	1211093
1934	603	584	572	0	1211677
1935	584	572	564	0	1212249
1936	572	564	561	0	1212813
1937	564	561	556	0	1213374
1938	561	556	809	0	1213930
1939	556	809	759	0	1214739
1940	809	759	669	0	1215498
1941	759	669	623	0	1216167
1942	669	623	584	0	1216790
1943	623	584	579	0	1217374
1944	584	579	572	0	1217953
1945	579	572	564	0	1218525
1946	572	564	810	0	1219089
1947	564	810	747	0	1219899
1948	810	747	642	0	1220646
1949	747	642	603	0	1221288
1950	642	603	595	0	1221891
1951	603	595	580	0	1222486
1952	595	580	572	0	1223066
1953	580	572	568	0	1223638
1954	572	568	817	0	1224206
1955	568	817	763	0	1225023
1956	817	763	650	0	1225786
1957	763	650	615	0	1226436
1958	650	615	583	0	1227051
1959	615	583	580	0	1227634
1960	583	580	580	0	1228214
1961	580	580	576	0	1228794
1962	580	576	576	0	1229370
1963	576	576	817	0	1229946
1964	576	817	751	0	1230763
1965	817	751	657	0	1231514
1966	751	657	619	0	1232171
1967	657	619	599	0	1232790
1968	619	599	584	0	1233389
1969	599	584	692	0	1233973
1970	584	692	565	0	1234665
1971	692	565	525	0	1235230
1972	565	525	560	0	1235755
1973	525	560	362	0	1236315
1974	560	362	934	1	1236677
1975	362	934	622	0	1237611
1976	934	622	549	0	1238233
1977	622	549	510	0	1238782
1978	549	510	517	0	1239292
1979	510	517	530	0	1239809
1980	517	530	513	0	1240339
1981	530	513	529	0	1240852
1982	513	529	530	0	1241381
1983	529	530	513	0	1241911
1984	530	513	529	0	1242424
1985	513	529	417	0	1242953
1986	529	417	611	1	1243370
1987	417	611	505	0	1243981
1988	611	505	514	0	1244486
1989	505	514	510	0	1245000
1990	514	510	498	0	1245510
1991	510	498	510	0	1246008
1992	498	510	501	0	1246518
1993	510	501	499	0	1247019
1994	501	499	494	0	1247518
1995	499	494	389	0	1248012
1996	494	389	545	1	1248401
1997	389	545	509	0	1248946
1998	545	509	498	0	1249455
1999	509	498	491	0	1249953
2000	498	491	494	0	1250444
2001	491	494	498	0	1250938
2002	494	498	494	0	1251436
2003	498	494	486	0	1251930
2004	494	486	502	0	1252416
2005	486	502	491	0	1252918
2006	502	491	486	0	1253409
2007	491	486	494	0	1253895
2008	486	494	490	0	1254389
2009	494	490	479	0	1254879
2010	490	479	486	0	1255358
2011	479	486	487	0	1255844
2012	486	487	474	0	1256331
2013	487	474	483	0	1256805
2014	474	483	486	0	1257288
2015	483	486	487	0	1257774
2016	486	487	478	0	1258261
2017	487	478	475	0	1258739
2018	478	475	482	0	1259214
2019	475	482	475	0	1259696
2020	482	475	479	0	1260171
2021	475	479	447	0	1260650
2022	479	447	471	0	1261097
2023	447	471	479	0	1261568
2024	471	479	486	0	1262047
2025	479	486	479	0	1262533
2026	486	479	494	0	1263012
2027	479	494	467	0	1263506
2028	494	467	486	0	1263973
2029	467	486	479	0	1264459
2030	486	479	486	0	1264938
2031	479	486	487	0	1265424
2032	486	487	482	0	1265911
2033	487	482	486	0	1266393
2034	482	486	487	0	1266879
2035	486	487	486	0	1267366
2036	487	486	487	0	1267852
2037	486	487	486	0	1268339
2038	487	486	494	0	1268825
2039	486	494	490	0	1269319
2040	494	490	483	0	1269809
2041	490	483	494	0	1270292
2042	483	494	490	0	1270786
2043	494	490	487	0	1271276
2044	490	487	494	0	1271763
2045	487	494	494	0	1272257
2046	494	494	494	0	1272751
2047	494	494	494	0	1273245
2048	494	494	491	0	1273739
2049	494	491	498	0	1274230
2050	491	498	502	0	1274728
2051	498	502	498	0	1275230
2052	502	498	505	0	1275728
2053	498	505	502	0	1276233
2054	505	502	510	0	1276735
2055	502	510	525	0	1277245
2056	510	525	549	0	1277770
2057	525	549	553	0	1278319
2058	549	553	544	0	1278872
2059	553	544	541	0	1279416
2060	544	541	545	0	1279957
2061	541	545	537	0	1280502
2062	545	537	533	0	1281039
2063	537	533	533	0	1281572
2064	533	533	537	0	1282105
2065	533	537	533	0	1282642
2066	537	533	529	0	1283175
2067	533	529	529	0	1283704
2068	529	529	518	0	1284233
2069	529	518	525	0	1284751
2070	518	525	510	0	1285276
2071	525	510	510	0	1285786
2072	510	510	509	0	1286296
2073	510	509	510	0	1286805
2074	509	510	514	0	1287315
2075	510	514	502	0	1287829
2076	514	502	474	0	1288331
2077	502	474	499	0	1288805
2078	474	499	494	0	1289304
2079	499	494	517	0	1289798
2080	494	517	518	0	1290315
2081	517	518	498	0	1290833
2082	518	498	513	0	1291331
2083	498	513	526	0	1291844
2084	513	526	502	0	1292370
2085	526	502	521	0	1292872
2086	502	521	521	0	1293393
2087	521	521	533	0	1293914
2088	521	533	506	0	1294447
2089	533	506	506	0	1294953
2090	506	506	506	0	1295459
2091	506	506	506	0	1295965
2092	506	506	498	0	1296471
2093	506	498	506	0	1296969
2094	498	506	513	0	1297475
2095	506	513	522	0	1297988
2096	513	522	498	0	1298510
2097	522	498	510	0	1299008
2098	498	510	509	0	1299518
2099	510	509	487	0	1300027
2100	509	487	502	0	1300514
2101	487	502	513	0	1301016
2102	502	513	498	0	1301529
2103	513	498	494	0	1302027
2104	498	494	498	0	1302521
2105	494	498	506	0	1303019
2106	498	506	494	0	1303525
2107	506	494	499	0	1304019
2108	494	499	509	0	1304518
2109	499	509	483	0	1305027
2110	509	483	494	0	1305510
2111	483	494	506	0	1306004
2112	494	506	494	0	1306510
2113	506	494	498	0	1307004
2114	494	498	498	0	1307502
2115	498	498	506	0	1308000
2116	498	506	494	0	1308506
2117	506	494	486	0	1309000
2118	494	486	479	0	1309486
2119	486	479	494	0	1309965
2120	479	494	494	0	1310459
2121	494	494	494	0	1310953
2122	494	494	502	0	1311447
2123	494	502	495	0	1311949
2124	502	495	482	0	1312444
2125	495	482	490	0	1312926
2126	482	490	498	0	1313416
2127	490	498	487	0	1313914
2128	498	487	486	0	1314401
2129	487	486	502	0	1314887
2130	486	502	494	0	1315389
2131	502	494	494	0	1315883
2132	494	494	487	0	1316377
2133	494	487	498	0	1316864
2134	487	498	498	0	1317362
2135	498	498	490	0	1317860
2136	498	490	490	0	1318350
2137	490	490	495	0	1318840
2138	490	495	494	0	1319335
2139	495	494	486	0	1319829
2140	494	486	502	0	1320315
2141	486	502	494	0	1320817
2142	502	494	502	0	1321311
2143	494	502	491	0	1321813
2144	502	491	494	0	1322304
2145	491	494	490	0	1322798
2146	494	490	494	0	1323288
2147	490	494	486	0	1323782
2148	494	486	495	0	1324268
2149	486	495	494	0	1324763
2150	495	494	486	0	1325257
2151	494	486	490	0	1325743
2152	486	490	495	0	1326233
2153	490	495	486	0	1326728
2154	495	486	502	0	1327214
2155	486	502	479	0	1327716
2156	502	479	501	0	1328195
2157	479	501	483	0	1328696
2158	501	483	494	0	1329179
2159	483	494	490	0	1329673
2160	494	490	483	0	1330163
2161	490	483	502	0	1330646
2162	483	502	478	0	1331148
2163	502	478	495	0	1331626
2164	478	495	502	0	1332121
2165	495	502	490	0	1332623
2166	502	490	502	0	1333113
2167	490	502	490	0	1333615
2168	502	490	490	0	1334105
2169	490	490	498	0	1334595
2170	490	498	514	0	1335093
2171	498	514	475	0	1335607
2172	514	475	498	0	1336082
2173	475	498	506	0	1336580
2174	498	506	505	0	1337086
2175	506	505	495	0	1337591
2176	505	495	498	0	1338086
2177	495	498	502	0	1338584
2178	498	502	498	0	1339086
2179	502	498	502	0	1339584
2180	498	502	509	0	1340086
2181	502	509	494	0	1340595
2182	509	494	479	0	1341089
2183	494	479	455	0	1341568
2184	479	455	479	0	1342023
2185	455	479	506	0	1342502
2186	479	506	474	0	1343008
2187	506	474	506	0	1343482
2188	474	506	518	0	1343988
2189	506	518	513	0	1344506
2190	518	513	518	0	1345019
2191	513	518	502	0	1345537
2192	518	502	510	0	1346039
2193	502	510	521	0	1346549
2194	510	521	510	0	1347070
2195	521	510	506	0	1347580
2196	510	506	517	0	1348086
2197	506	517	506	0	1348603
2198	517	506	510	0	1349109
2199	506	510	509	0	1349619
2200	510	509	510	0	1350128
2201	509	510	506	0	1350638
2202	510	506	514	0	1351144
2203	506	514	505	0	1351658
2204	514	505	506	0	1352163
2205	505	506	514	0	1352669
2206	506	514	502	0	1353183
2207	514	502	510	0	1353685
2208	502	510	505	0	1354195
2209	510	505	510	0	1354700
2210	505	510	494	0	1355210
2211	510	494	498	0	1355704
2212	494	498	506	0	1356202
2213	498	506	518	0	1356708
2214	506	518	490	0	1357226
2215	518	490	498	0	1357716
2216	490	498	506	0	1358214
2217	498	506	498	0	1358720
2218	506	498	494	0	1359218
2219	498	494	502	0	1359712
2220	494	502	506	0	1360214
2221	502	506	494	0	1360720
2222	506	494	494	0	1361214
2223	494	494	502	0	1361708
2224	494	502	506	0	1362210
2225	502	506	494	0	1362716
2226	506	494	498	0	1363210
2227	494	498	506	0	1363708
2228	498	506	506	0	1364214
2229	506	506	498	0	1364720
2230	506	498	502	0	1365218
2231	498	502	506	0	1365720
2232	502	506	502	0	1366226
2233	506	502	498	0	1366728
2234	502	498	506	0	1367226
2235	498	506	498	0	1367732
2236	506	498	502	0	1368230
2237	498	502	505	0	1368732
2238	502	505	502	0	1369237
2239	505	502	502	0	1369739
2240	502	502	494	0	1370241
2241	502	494	436	0	1370735
2242	494	436	568	1	1371171
2243	436	568	502	0	1371739
2244	568	502	483	0	1372241
2245	502	483	498	0	1372724
2246	483	498	498	0	1373222
2247	498	498	486	0	1373720
2248	498	486	502	0	1374206
2249	486	502	498	0	1374708
2250	502	498	494	0	1375206
2251	498	494	498	0	1375700
2252	494	498	510	0	1376198
2253	498	510	490	0	1376708
2254	510	490	498	0	1377198
2255	490	498	502	0	1377696
2256	498	502	502	0	1378198
2257	502	502	498	0	1378700
2258	502	498	506	0	1379198
2259	498	506	510	0	1379704
2260	506	510	498	0	1380214
2261	510	498	498	0	1380712
2262	498	498	498	0	1381210
2263	498	498	506	0	1381708
2264	498	506	510	0	1382214
2265	506	510	502	0	1382724
2266	510	502	502	0	1383226
2267	502	502	509	0	1383728
2268	502	509	506	0	1384237
2269	509	506	510	0	1384743
2270	506	510	506	0	1385253
2271	510	506	506	0	1385759
2272	506	506	505	0	1386265
2273	506	505	502	0	1386770
2274	505	502	506	0	1387272
2275	502	506	514	0	1387778
2276	506	514	510	0	1388292
2277	514	510	509	0	1388802
2278	510	509	506	0	1389311
2279	509	506	514	0	1389817
2280	506	514	517	0	1390331
2281	514	517	510	0	1390848
2282	517	510	490	0	1391358
2283	510	490	506	0	1391848
2284	490	506	502	0	1392354
2285	506	502	510	0	1392856
2286	502	510	506	0	1393366
2287	510	506	502	0	1393872
2288	506	502	509	0	1394374
2289	502	509	510	0	1394883
2290	509	510	506	0	1395393
2291	510	506	498	0	1395899
2292	506	498	506	0	1396397
2293	498	506	517	0	1396903
2294	506	517	487	0	1397420
2295	517	487	502	0	1397907
2296	487	502	509	0	1398409
2297	502	509	498	0	1398918
2298	509	498	502	0	1399416
2299	498	502	518	0	1399918
2300	502	518	486	0	1400436
2301	518	486	502	0	1400922
2302	486	502	522	0	1401424
2303	502	522	486	0	1401946
2304	522	486	502	0	1402432
2305	486	502	502	0	1402934
2306	502	502	498	0	1403436
2307	502	498	502	0	1403934
2308	498	502	502	0	1404436
2309	502	502	498	0	1404938
2310	502	498	502	0	1405436
2311	498	502	494	0	1405938
2312	502	494	521	0	1406432
2313	494	521	483	0	1406953
2314	521	483	498	0	1407436
2315	483	498	498	0	1407934
2316	498	498	502	0	1408432
2317	498	502	502	0	1408934
2318	502	502	502	0	1409436
2319	502	502	482	0	1409938
2320	502	482	483	0	1410420
2321	482	483	432	0	1410903
2322	483	432	505	0	1411335
2323	432	505	499	0	1411840
2324	505	499	505	0	1412339
2325	499	505	506	0	1412844
2326	505	506	514	0	1413350
2327	506	514	513	0	1413864
2328	514	513	510	0	1414377
2329	513	510	510	0	1414887
2330	510	510	514	0	1415397
2331	510	514	505	0	1415911
2332	514	505	518	0	1416416
2333	505	518	506	0	1416934
2334	518	506	509	0	1417440
2335	506	509	506	0	1417949
2336	509	506	498	0	1418455
2337	506	498	494	0	1418953
2338	498	494	506	0	1419447
2339	494	506	502	0	1419953
2340	506	502	494	0	1420455
2341	502	494	498	0	1420949
2342	494	498	514	0	1421447
2343	498	514	494	0	1421961
2344	514	494	498	0	1422455
2345	494	498	498	0	1422953
2346	498	498	502	0	1423451
2347	498	502	386	0	1423953
2348	502	386	607	1	1424339
2349	386	607	505	0	1424946
2350	607	505	514	0	1425451
2351	505	514	482	0	1425965
2352	514	482	506	0	1426447
2353	482	506	498	0	1426953
2354	506	498	498	0	1427451
2355	498	498	506	0	1427949
2356	498	506	502	0	1428455
2357	506	502	494	0	1428957
2358	502	494	510	0	1429451
2359	494	510	506	0	1429961
2360	510	506	498	0	1430467
2361	506	498	506	0	1430965
2362	498	506	506	0	1431471
2363	506	506	502	0	1431977
2364	506	502	509	0	1432479
2365	502	509	502	0	1432988
2366	509	502	498	0	1433490
2367	502	498	502	0	1433988
2368	498	502	502	0	1434490
2369	502	502	502	0	1434992
2370	502	502	498	0	1435494
2371	502	498	498	0	1435992
2372	498	498	498	0	1436490
2373	498	498	498	0	1436988
2374	498	498	502	0	1437486
2375	498	502	498	0	1437988
2376	502	498	498	0	1438486
2377	498	498	502	0	1438984
2378	498	502	502	0	1439486
2379	502	502	502	0	1439988
2380	502	502	510	0	1440490
2381	502	510	498	0	1441000
2382	510	498	502	0	1441498
2383	498	502	506	0	1442000
2384	502	506	498	0	1442506
2385	506	498	490	0	1443004
2386	498	490	498	0	1443494
2387	490	498	494	0	1443992
2388	498	494	506	0	1444486
2389	494	506	498	0	1444992
2390	506	498	494	0	1445490
2391	498	494	498	0	1445984
2392	494	498	499	0	1446482
2393	498	499	501	0	1446981
2394	499	501	487	0	1447482
2395	501	487	494	0	1447969
2396	487	494	704	0	1448463
2397	494	704	638	0	1449167
2398	704	638	623	0	1449805
2399	638	623	615	0	1450428
2400	623	615	595	0	1451043
2401	615	595	615	0	1451638
2402	595	615	591	0	1452253
2403	615	591	545	0	1452844
2404	591	545	522	0	1453389
2405	545	522	653	0	1453911
2406	522	653	623	0	1454564
2407	653	623	615	0	1455187
2408	623	615	603	0	1455802
2409	615	603	611	0	1456405
2410	603	611	610	0	1457016
2411	611	610	397	0	1457626
2412	610	397	763	1	1458023
2413	397	763	541	0	1458786
2414	763	541	521	0	1459327
2415	541	521	529	0	1459848
2416	521	529	537	0	1460377
2417	529	537	530	0	1460914
2418	537	530	774	0	1461444
2419	530	774	704	0	1462218
2420	774	704	615	0	1462922
2421	704	615	564	0	1463537
2422	615	564	541	0	1464101
2423	564	541	537	0	1464642
2424	541	537	732	0	1465179
2425	537	732	673	0	1465911
2426	732	673	646	0	1466584
2427	673	646	626	0	1467230
2428	646	626	603	0	1467856
2429	626	603	580	0	1468459
2430	603	580	591	0	1469039
2431	580	591	588	0	1469630
2432	591	588	580	0	1470218
2433	588	580	556	0	1470798
2434	580	556	549	0	1471354
2435	556	549	544	0	1471903
2436	549	544	541	0	1472447
2437	544	541	631	0	1472988
2438	541	631	583	0	1473619
2439	631	583	553	0	1474202
2440	583	553	572	0	1474755
2441	553	572	646	0	1475327
2442	572	646	638	0	1475973
2443	646	638	630	0	1476611
2444	638	630	615	0	1477241
2445	630	615	607	0	1477856
2446	615	607	595	0	1478463
2447	607	595	607	0	1479058
2448	595	607	580	0	1479665
2449	607	580	595	0	1480245
2450	580	595	596	0	1480840
2451	595	596	377	0	1481436
2452	596	377	786	1	1481813
2453	377	786	592	0	1482599
2454	786	592	595	0	1483191
2455	592	595	576	0	1483786
2456	595	576	584	0	1484362
2457	576	584	564	0	1484946
2458	584	564	548	0	1485510
2459	564	548	553	0	1486058
2460	548	553	568	0	1486611
2461	553	568	591	0	1487179
2462	568	591	565	0	1487770
2463	591	565	560	0	1488335
2464	565	560	568	0	1488895
2465	560	568	580	0	1489463
2466	568	580	583	0	1490043
2467	580	583	584	0	1490626
2468	583	584	588	0	1491210
2469	584	588	587	0	1491798
2470	588	587	584	0	1492385
2471	587	584	580	0	1492969
2472	584	580	579	0	1493549
2473	580	579	580	0	1494128
2474	579	580	588	0	1494708
2475	580	588	583	0	1495296
2476	588	583	584	0	1495879
2477	583	584	591	0	1496463
2478	584	591	584	0	1497054
2479	591	584	580	0	1497638
2480	584	580	587	0	1498218
2481	580	587	576	0	1498805
2482	587	576	576	0	1499381
2483	576	576	592	0	1499957
2484	576	592	595	0	1500549
2485	592	595	580	0	1501144
2486	595	580	580	0	1501724
2487	580	580	591	0	1502304
2488	580	591	572	0	1502895
2489	591	572	584	0	1503467
2490	572	584	591	0	1504051
2491	584	591	584	0	1504642
2492	591	584	579	0	1505226
2493	584	579	584	0	1505805
2494	579	584	576	0	1506389
2495	584	576	572	0	1506965
2496	576	572	580	0	1507537
2497	572	580	576	0	1508117
2498	580	576	575	0	1508693
2499	576	575	580	0	1509268
2500	575	580	576	0	1509848
2501	580	576	576	0	1510424
2502	576	576	572	0	1511000
2503	576	572	584	0	1511572
2504	572	584	576	0	1512156
2505	584	576	572	0	1512732
2506	576	572	575	0	1513304
2507	572	575	576	0	1513879
2508	575	576	580	0	1514455
2509	576	580	576	0	1515035
2510	580	576	572	0	1515611
2511	576	572	580	0	1516183
2512	572	580	591	0	1516763
2513	580	591	568	0	1517354
2514	591	568	568	0	1517922
2515	568	568	572	0	1518490
2516	568	572	584	0	1519062
2517	572	584	576	0	1519646
2518	584	576	591	0	1520222
2519	576	591	580	0	1520813
2520	591	580	576	0	1521393
2521	580	576	584	0	1521969
2522	576	584	583	0	1522553
2523	584	583	409	0	1523136
2524	583	409	731	1	1523545
2525	409	731	588	0	1524276
2526	731	588	576	0	1524864
2527	588	576	576	0	1525440
2528	576	576	579	0	1526016
2529	576	579	576	0	1526595
2530	579	576	568	0	1527171
2531	576	568	565	0	1527739
2532	568	565	544	0	1528304
2533	565	544	529	0	1528848
2534	544	529	534	0	1529377
2535	529	534	525	0	1529911
2536	534	525	517	0	1530436
2537	525	517	518	0	1530953
2538	517	518	646	0	1531471
2539	518	646	587	0	1532117
2540	646	587	564	0	1532704
2541	587	564	576	0	1533268
2542	564	576	584	0	1533844
2543	576	584	580	0	1534428
2544	584	580	587	0	1535008
2545	580	587	580	0	1535595
2546	587	580	572	0	1536175
2547	580	572	588	0	1536747
2548	572	588	576	0	1537335
2549	588	576	568	0	1537911
2550	576	568	587	0	1538479
2551	568	587	584	0	1539066
2552	587	584	576	0	1539650
2553	584	576	579	0	1540226
2554	576	579	584	0	1540805
2555	579	584	576	0	1541389
2556	584	576	580	0	1541965
2557	576	580	572	0	1542545
2558	580	572	568	0	1543117
2559	572	568	580	0	1543685
2560	568	580	575	0	1544265
2561	580	575	576	0	1544840
2562	575	576	580	0	1545416
2563	576	580	576	0	1545996
2564	580	576	572	0	1546572
2565	576	572	580	0	1547144
2566	572	580	572	0	1547724
2567	580	572	568	0	1548296
2568	572	568	576	0	1548864
2569	568	576	576	0	1549440
2570	576	576	575	0	1550016
2571	576	575	572	0	1550591
2572	575	572	576	0	1551163
2573	572	576	584	0	1551739
2574	576	584	568	0	1552323
2575	584	568	568	0	1552891
2576	568	568	580	0	1553459
2577	568	580	580	0	1554039
2578	580	580	568	0	1554619
2579	580	568	568	0	1555187
2580	568	568	576	0	1555755
2581	568	576	583	0	1556331
2582	576	583	444	0	1556914
2583	583	444	693	1	1557358
2584	444	693	575	0	1558051
2585	693	575	572	0	1558626
2586	575	572	557	0	1559198
2587	572	557	576	0	1559755
2588	557	576	580	0	1560331
2589	576	580	571	0	1560911
2590	580	571	565	0	1561482
2591	571	565	579	0	1562047
2592	565	579	569	0	1562626
2593	579	569	572	0	1563195
2594	569	572	568	0	1563767
2595	572	568	576	0	1564335
2596	568	576	564	0	1564911
2597	576	564	564	0	1565475
2598	564	564	572	0	1566039
2599	564	572	584	0	1566611
2600	572	584	579	0	1567195
2601	584	579	572	0	1567774
2602	579	572	576	0	1568346
2603	572	576	580	0	1568922
2604	576	580	572	0	1569502
2605	580	572	584	0	1570074
2606	572	584	579	0	1570658
2607	584	579	580	0	1571237
2608	579	580	588	0	1571817
2609	580	588	579	0	1572405
2610	588	579	580	0	1572984
2611	579	580	584	0	1573564
2612	580	584	576	0	1574148
2613	584	576	576	0	1574724
2614	576	576	579	0	1575300
2615	576	579	596	0	1575879
2616	579	596	583	0	1576475
2617	596	583	588	0	1577058
2618	583	588	568	0	1577646
2619	588	568	564	0	1578214
2620	568	564	576	0	1578778
2621	564	576	588	0	1579354
2622	576	588	587	0	1579942
2623	588	587	584	0	1580529
2624	587	584	583	0	1581113
2625	584	583	592	0	1581696
2626	583	592	580	0	1582288
2627	592	580	576	0	1582868
2628	580	576	579	0	1583444
2629	576	579	580	0	1584023
2630	579	580	580	0	1584603
2631	580	580	587	0	1585183
2632	580	587	584	0	1585770
2633	587	584	576	0	1586354
2634	584	576	584	0	1586930
2635	576	584	579	0	1587514
2636	584	579	580	0	1588093
2637	579	580	416	0	1588673
2638	580	416	740	1	1589089
2639	416	740	591	0	1589829
2640	740	591	584	0	1590420
2641	591	584	584	0	1591004
2642	584	584	579	0	1591588
2643	584	579	588	0	1592167
2644	579	588	591	0	1592755
2645	588	591	580	0	1593346
2646	591	580	572	0	1593926
2647	580	572	595	0	1594498
2648	572	595	584	0	1595093
2649	595	584	584	0	1595677
2650	584	584	595	0	1596261
2651	584	595	588	0	1596856
2652	595	588	579	0	1597444
2653	588	579	592	0	1598023
2654	579	592	580	0	1598615
2655	592	580	583	0	1599195
2656	580	583	576	0	1599778
2657	583	576	588	0	1600354
2658	576	588	583	0	1600942
2659	588	583	580	0	1601525
2660	583	580	576	0	1602105
2661	580	576	373	0	1602681
2662	576	373	775	1	1603054
2663	373	775	583	0	1603829
2664	775	583	584	0	1604412
2665	583	584	576	0	1604996
2666	584	576	576	0	1605572
2667	576	576	580	0	1606148
2668	576	580	583	0	1606728
2669	580	583	580	0	1607311
2670	583	580	572	0	1607891
2671	580	572	588	0	1608463
2672	572	588	579	0	1609051
2673	588	579	576	0	1609630
2674	579	576	584	0	1610206
2675	576	584	580	0	1610790
2676	584	580	583	0	1611370
2677	580	583	592	0	1611953
2678	583	592	587	0	1612545
2679	592	587	592	0	1613132
2680	587	592	583	0	1613724
2681	592	583	588	0	1614307
2682	583	588	599	0	1614895
2683	588	599	584	0	1615494
2684	599	584	576	0	1616078
2685	584	576	591	0	1616654
2686	576	591	592	0	1617245
2687	591	592	599	0	1617837
2688	592	599	587	0	1618436
2689	599	587	588	0	1619023
2690	587	588	595	0	1619611
2691	588	595	588	0	1620206
2692	595	588	576	0	1620794
2693	588	576	595	0	1621370
2694	576	595	588	0	1621965
2695	595	588	575	0	1622553
2696	588	575	576	0	1623128
2697	575	576	448	0	1623704
2698	576	448	708	1	1624152
2699	448	708	587	0	1624860
2700	708	587	584	0	1625447
2701	587	584	584	0	1626031
2702	584	584	576	0	1626615
2703	584	576	583	0	1627191
2704	576	583	370	0	1627774
2705	583	370	782	1	1628144
2706	370	782	592	0	1628926
2707	782	592	579	0	1629518
2708	592	579	580	0	1630097
2709	579	580	584	0	1630677
2710	580	584	583	0	1631261
2711	584	583	572	0	1631844
2712	583	572	580	0	1632416
2713	572	580	572	0	1632996
2714	580	572	568	0	1633568
2715	572	568	557	0	1634136
2716	568	557	544	0	1634693
2717	557	544	526	0	1635237
2718	544	526	521	0	1635763
2719	526	521	529	0	1636284
2720	521	529	627	0	1636813
2721	529	627	583	0	1637440
2722	627	583	572	0	1638023
2723	583	572	576	0	1638595
2724	572	576	580	0	1639171
2725	576	580	588	0	1639751
2726	580	588	603	0	1640339
2727	588	603	591	0	1640942
2728	603	591	592	0	1641533
2729	591	592	591	0	1642125
2730	592	591	595	0	1642716
2731	591	595	588	0	1643311
2732	595	588	580	0	1643899
2733	588	580	595	0	1644479
2734	580	595	591	0	1645074
2735	595	591	588	0	1645665
2736	591	588	595	0	1646253
2737	588	595	592	0	1646848
2738	595	592	583	0	1647440
2739	592	583	588	0	1648023
2740	583	588	580	0	1648611
2741	588	580	579	0	1649191
2742	580	579	596	0	1649770
2743	579	596	583	0	1650366
2744	596	583	584	0	1650949
2745	583	584	588	0	1651533
2746	584	588	583	0	1652121
2747	588	583	576	0	1652704
2748	583	576	580	0	1653280
2749	576	580	568	0	1653860
2750	580	568	545	0	1654428
2751	568	545	545	0	1654973
2752	545	545	536	0	1655518
2753	545	536	530	0	1656054
2754	536	530	521	0	1656584
2755	530	521	518	0	1657105
2756	521	518	645	0	1657623
2757	518	645	588	0	1658268
2758	645	588	576	0	1658856
2759	588	576	584	0	1659432
2760	576	584	583	0	1660016
2761	584	583	580	0	1660599
2762	583	580	580	0	1661179
2763	580	580	576	0	1661759
2764	580	576	579	0	1662335
2765	576	579	572	0	1662914
2766	579	572	572	0	1663486
2767	572	572	580	0	1664058
2768	572	580	568	0	1664638
2769	580	568	549	0	1665206
2770	568	549	545	0	1665755
2771	549	545	540	0	1666300
2772	545	540	530	0	1666840
2773	540	530	537	0	1667370
2774	530	537	537	0	1667907
2775	537	537	645	0	1668444
2776	537	645	584	0	1669089
2777	645	584	588	0	1669673
2778	584	588	579	0	1670261
2779	588	579	580	0	1670840
2780	579	580	580	0	1671420
2781	580	580	580	0	1672000
2782	580	580	568	0	1672580
2783	580	568	584	0	1673148
2784	568	584	575	0	1673732
2785	584	575	572	0	1674307
2786	575	572	580	0	1674879
2787	572	580	584	0	1675459
2788	580	584	572	0	1676043
2789	584	572	576	0	1676615
2790	572	576	576	0	1677191
2791	576	576	579	0	1677767
2792	576	579	572	0	1678346
2793	579	572	568	0	1678918
2794	572	568	580	0	1679486
2795	568	580	572	0	1680066
2796	580	572	568	0	1680638
2797	572	568	580	0	1681206
2798	568	580	576	0	1681786
2799	580	576	584	0	1682362
2800	576	584	583	0	1682946
2801	584	583	588	0	1683529
2802	583	588	583	0	1684117
2803	588	583	576	0	1684700
2804	583	576	580	0	1685276
2805	576	580	436	0	1685856
2806	580	436	716	1	1686292
2807	436	716	587	0	1687008
2808	716	587	584	0	1687595
2809	587	584	568	0	1688179
2810	584	568	584	0	1688747
2811	568	584	583	0	1689331
2812	584	583	432	0	1689914
2813	583	432	708	1	1690346
2814	432	708	557	0	1691054
2815	708	557	545	0	1691611
2816	557	545	540	0	1692156
2817	545	540	526	0	1692696
2818	540	526	529	0	1693222
2819	526	529	397	0	1693751
2820	529	397	560	1	1694148
2821	397	560	662	1	1694708
2822	560	662	568	0	1695370
2823	662	568	568	0	1695938
2824	568	568	685	0	1696506
2825	568	685	712	0	1697191
2826	685	712	716	0	1697903
2827	712	716	665	0	1698619
2828	716	665	607	0	1699284
2829	665	607	584	0	1699891
2830	607	584	568	0	1700475
2831	584	568	568	0	1701043
2832	568	568	552	0	1701611
2833	568	552	549	0	1702163
2834	552	549	739	0	1702712
2835	549	739	740	0	1703451
2836	739	740	649	0	1704191
2837	740	649	604	0	1704840
2838	649	604	579	0	1705444
2839	604	579	557	0	1706023
2840	579	557	552	0	1706580
2841	557	552	549	0	1707132
2842	552	549	731	0	1707681
2843	549	731	716	0	1708412
2844	731	716	662	0	1709128
2845	716	662	615	0	1709790
2846	662	615	568	0	1710405
2847	615	568	560	0	1710973
2848	568	560	553	0	1711533
2849	560	553	544	0	1712086
2850	553	544	537	0	1712630
2851	544	537	712	0	1713167
2852	537	712	763	0	1713879
2853	712	763	623	0	1714642
2854	763	623	579	0	1715265
2855	623	579	576	0	1715844
2856	579	576	526	0	1716420
2857	576	526	529	0	1716946
2858	526	529	533	0	1717475
2859	529	533	377	0	1718008
2860	533	377	957	1	1718385
2861	377	957	744	0	1719342
2862	957	744	591	0	1720086
2863	744	591	576	0	1720677
2864	591	576	580	0	1721253
2865	576	580	576	0	1721833
2866	580	576	568	0	1722409
2867	576	568	560	0	1722977
2868	568	560	552	0	1723537
2869	560	552	537	0	1724089
2870	552	537	751	0	1724626
2871	537	751	701	0	1725377
2872	751	701	657	0	1726078
2873	701	657	596	0	1726735
2874	657	596	568	0	1727331
2875	596	568	541	0	1727899
2876	568	541	537	0	1728440
2877	541	537	533	0	1728977
2878	537	533	525	0	1729510
2879	533	525	747	0	1730035
2880	525	747	712	0	1730782
2881	747	712	634	0	1731494
2882	712	634	596	0	1732128
2883	634	596	560	0	1732724
2884	596	560	541	0	1733284
2885	560	541	537	0	1733825
2886	541	537	533	0	1734362
2887	537	533	529	0	1734895
2888	533	529	413	0	1735424
2889	529	413	945	1	1735837
2890	413	945	716	0	1736782
2891	945	716	580	0	1737498
2892	716	580	548	0	1738078
2893	580	548	530	0	1738626
2894	548	530	540	0	1739156
2895	530	540	545	0	1739696
2896	540	545	529	0	1740241
2897	545	529	526	0	1740770
2898	529	526	513	0	1741296
2899	526	513	568	0	1741809
2900	513	568	522	0	1742377
2901	568	522	443	0	1742899
2902	522	443	533	0	1743342
2903	443	533	654	0	1743875
2904	533	654	654	0	1744529
2905	654	654	661	0	1745183
2906	654	661	646	0	1745844
2907	661	646	568	0	1746490
2908	646	568	549	0	1747058
2909	568	549	525	0	1747607
2910	549	525	506	0	1748132
2911	525	506	510	0	1748638
2912	506	510	669	0	1749148
2913	510	669	595	0	1749817
2914	669	595	561	0	1750412
2915	595	561	541	0	1750973
2916	561	541	486	0	1751514
2917	541	486	642	0	1752000
2918	486	642	685	0	1752642
2919	642	685	603	0	1753327
2920	685	603	545	0	1753930
2921	603	545	533	0	1754475
2922	545	533	525	0	1755008
2923	533	525	732	0	1755533
2924	525	732	684	0	1756265
2925	732	684	689	0	1756949
2926	684	689	642	0	1757638
2927	689	642	638	0	1758280
2928	642	638	638	0	1758918
2929	638	638	642	0	1759556
2930	638	642	658	0	1760198
2931	642	658	623	0	1760856
2932	658	623	603	0	1761479
2933	623	603	587	0	1762082
2934	603	587	576	0	1762669
2935	587	576	564	0	1763245
2936	576	564	565	0	1763809
2937	564	565	560	0	1764374
2938	565	560	556	0	1764934
2939	560	556	362	0	1765490
2940	556	362	992	1	1765852
2941	362	992	709	0	1766844
2942	992	709	642	0	1767553
2943	709	642	595	0	1768195
2944	642	595	572	0	1768790
2945	595	572	564	0	1769362
2946	572	564	556	0	1769926
2947	564	556	557	0	1770482
2948	556	557	552	0	1771039
2949	557	552	576	0	1771591
2950	552	576	786	0	1772167
2951	576	786	716	0	1772953
2952	786	716	635	0	1773669
2953	716	635	587	0	1774304
2954	635	587	568	0	1774891
2955	587	568	557	0	1775459
2956	568	557	552	0	1776016
2957	557	552	557	0	1776568
2958	552	557	801	0	1777125
2959	557	801	716	0	1777926
2960	801	716	626	0	1778642
2961	716	626	580	0	1779268
2962	626	580	561	0	1779848
2963	580	561	564	0	1780409
2964	561	564	552	0	1780973
2965	564	552	537	0	1781525
2966	552	537	763	0	1782062
2967	537	763	693	0	1782825
2968	763	693	626	0	1783518
2969	693	626	580	0	1784144
2970	626	580	568	0	1784724
2971	580	568	548	0	1785292
2972	568	548	534	0	1785840
2973	548	534	533	0	1786374
2974	534	533	529	0	1786907
2975	533	529	599	0	1787436
2976	529	599	603	0	1788035
2977	599	603	576	0	1788638
2978	603	576	568	0	1789214
2979	576	568	560	0	1789782
2980	568	560	565	0	1790342
2981	560	565	564	0	1790907
2982	565	564	580	0	1791471
2983	564	580	587	0	1792051
2984	580	587	588	0	1792638
2985	587	588	579	0	1793226
2986	588	579	565	0	1793805
2987	579	565	568	0	1794370
2988	565	568	572	0	1794938
2989	568	572	576	0	1795510
2990	572	576	568	0	1796086
2991	576	568	556	0	1796654
2992	568	556	549	0	1797210
2993	556	549	537	0	1797759
2994	549	537	537	0	1798296
2995	537	537	533	0	1798833
