i-1	i+0	i+1	Filter	Time
214	751	872	0	965
751	872	863	0	1837
872	863	818	0	2700
863	818	774	0	3518
818	774	774	0	4292
774	774	774	0	5066
774	774	779	0	5840
774	779	762	0	6619
779	762	759	0	7381
762	759	720	0	8140
759	720	712	0	8860
720	712	700	0	9572
712	700	767	0	10272
700	767	728	0	11039
767	728	739	0	11767
728	739	755	0	12506
739	755	743	0	13261
755	743	743	0	14004
743	743	743	0	14747
743	743	736	0	15490
743	736	739	0	16226
736	739	728	0	16965
739	728	731	0	17693
728	731	739	0	18424
731	739	740	0	19163
739	740	739	0	19903
740	739	735	0	20642
739	735	736	0	21377
735	736	747	0	22113
736	747	743	0	22860
747	743	751	0	23603
743	751	739	0	24354
751	739	747	0	25093
739	747	755	0	25840
747	755	759	0	26595
755	759	755	0	27354
759	755	755	0	28109
755	755	759	0	28864
755	759	751	0	29623
759	751	751	0	30374
751	751	747	0	31125
751	747	747	0	31872
747	747	755	0	32619
747	755	751	0	33374
755	751	747	0	34125
751	747	743	0	34872
747	743	743	0	35615
743	743	747	0	36358
743	747	743	0	37105
747	743	740	0	37848
743	740	684	0	38588
740	684	724	0	39272
684	724	887	0	39996
724	887	872	0	40883
887	872	883	0	41755
872	883	763	0	42638
883	763	731	0	43401
763	731	720	0	44132
731	720	704	0	44852
720	704	1063	0	45556
704	1063	895	0	46619
1063	895	766	0	47514
895	766	732	0	48280
766	732	696	0	49012
732	696	1090	0	49708
696	1090	895	0	50798
1090	895	774	0	51693
895	774	731	0	52467
774	731	709	0	53198
731	709	700	0	53907
709	700	712	0	54607
700	712	1066	0	55319
712	1066	899	0	56385
1066	899	805	0	57284
899	805	755	0	58089
805	755	751	0	58844
755	751	747	0	59595
751	747	1090	0	60342
747	1090	1728	0	61432
1090	1728	1501	0	63160
1728	1501	1421	0	64661
1501	1421	1124	0	66082
1421	1124	1650	0	67206
1124	1650	1479	0	68856
1650	1479	1704	0	70335
1479	1704	1591	1	72039
1704	1591	1545	0	73630
1591	1545	1541	0	75175
1545	1541	1560	0	76716
1541	1560	1568	0	78276
1560	1568	1475	0	79844
1568	1475	1420	0	81319
1475	1420	790	0	82739
1420	790	1409	0	83529
790	1409	1463	0	84938
1409	1463	1327	0	86401
1463	1327	692	0	87728
1327	692	1304	0	88420
692	1304	1210	0	89724
1304	1210	1191	0	90934
1210	1191	704	0	92125
1191	704	1268	0	92829
704	1268	1160	0	94097
1268	1160	731	0	95257
1160	731	1242	0	95988
731	1242	1175	0	97230
1242	1175	1136	0	98405
1175	1136	1136	0	99541
1136	1136	1125	0	100677
1136	1125	1175	0	101802
1125	1175	622	0	102977
1175	622	1253	0	103599
622	1253	1370	0	104852
1253	1370	1498	0	106222
1370	1498	1482	0	107720
1498	1482	1257	0	109202
1482	1257	1502	0	110459
1257	1502	821	0	111961
1502	821	1522	0	112782
821	1522	1097	0	114304
1522	1097	770	0	115401
1097	770	747	0	116171
770	747	720	0	116918
747	720	1047	0	117638
720	1047	953	0	118685
1047	953	817	0	119638
953	817	798	0	120455
817	798	1591	0	121253
798	1591	1152	1	122844
1591	1152	1451	0	123996
1152	1451	1425	0	125447
1451	1425	1120	0	126872
1425	1120	969	0	127992
1120	969	1529	0	128961
969	1529	1456	1	130490
1529	1456	1136	0	131946
1456	1136	941	0	133082
1136	941	1432	0	134023
941	1432	1401	0	135455
1432	1401	759	0	136856
1401	759	953	0	137615
759	953	946	0	138568
953	946	863	0	139514
946	863	814	0	140377
863	814	1482	0	141191
814	1482	930	1	142673
1482	930	1475	0	143603
930	1475	801	1	145078
1475	801	759	0	145879
801	759	1506	0	146638
759	1506	1156	1	148144
1506	1156	797	0	149300
1156	797	782	0	150097
797	782	747	0	150879
782	747	1070	0	151626
747	1070	969	0	152696
1070	969	833	0	153665
969	833	802	0	154498
833	802	778	0	155300
802	778	766	0	156078
778	766	755	0	156844
766	755	716	0	157599
755	716	1055	0	158315
716	1055	949	0	159370
1055	949	860	0	160319
949	860	837	0	161179
860	837	813	0	162016
837	813	786	0	162829
813	786	786	0	163615
786	786	782	0	164401
786	782	770	0	165183
782	770	872	0	165953
770	872	778	0	166825
872	778	1374	0	167603
778	1374	533	1	168977
1374	533	1509	1	169510
533	1509	786	0	171019
1509	786	1343	0	171805
786	1343	1082	0	173148
1343	1082	797	0	174230
1082	797	829	0	175027
797	829	759	0	175856
829	759	735	0	176615
759	735	697	0	177350
735	697	696	0	178047
697	696	989	0	178743
696	989	875	0	179732
989	875	778	0	180607
875	778	736	0	181385
778	736	1035	0	182121
736	1035	918	0	183156
1035	918	1471	0	184074
918	1471	1393	0	185545
1471	1393	1315	0	186938
1393	1315	1222	0	188253
1315	1222	1451	0	189475
1222	1451	1467	0	190926
1451	1467	1490	0	192393
1467	1490	1537	0	193883
1490	1537	1129	0	195420
1537	1129	949	0	196549
1129	949	1475	0	197498
949	1475	1451	0	198973
1475	1451	1522	0	200424
1451	1522	1358	0	201946
1522	1358	653	0	203304
1358	653	1284	0	203957
653	1284	1401	0	205241
1284	1401	1078	0	206642
1401	1078	1424	0	207720
1078	1424	1350	0	209144
1424	1350	1300	0	210494
1350	1300	1241	0	211794
1300	1241	673	0	213035
1241	673	751	0	213708
673	751	755	0	214459
751	755	860	0	215214
755	860	852	0	216074
860	852	883	0	216926
852	883	864	0	217809
883	864	833	0	218673
864	833	1373	0	219506
833	1373	1366	0	220879
1373	1366	1432	0	222245
1366	1432	1537	0	223677
1432	1537	1506	0	225214
1537	1506	1506	0	226720
1506	1506	1264	0	228226
1506	1264	1607	0	229490
1264	1607	1557	0	231097
1607	1557	1334	0	232654
1557	1334	1635	0	233988
1334	1635	1490	0	235623
1635	1490	1124	0	237113
1490	1124	938	0	238237
1124	938	1416	0	239175
938	1416	1393	0	240591
1416	1393	1456	0	241984
1393	1456	1042	0	243440
1456	1042	833	0	244482
1042	833	786	0	245315
833	786	1187	0	246101
786	1187	1019	0	247288
1187	1019	1553	0	248307
1019	1553	1591	0	249860
1553	1591	1012	0	251451
1591	1012	891	0	252463
1012	891	872	0	253354
891	872	817	0	254226
872	817	871	0	255043
817	871	782	0	255914
871	782	771	0	256696
782	771	1319	0	257467
771	1319	1510	0	258786
1319	1510	1116	1	260296
1510	1116	751	0	261412
1116	751	1343	0	262163
751	1343	1513	0	263506
1343	1513	1545	1	265019
1513	1545	1533	0	266564
1545	1533	1522	1	268097
1533	1522	1171	0	269619
1522	1171	965	0	270790
1171	965	829	0	271755
965	829	782	0	272584
829	782	755	0	273366
782	755	801	0	274121
755	801	1113	0	274922
801	1113	887	0	276035
1113	887	798	0	276922
887	798	770	0	277720
798	770	759	0	278490
770	759	778	0	279249
759	778	1066	0	280027
778	1066	533	0	281093
1066	533	1195	1	281626
533	1195	778	0	282821
1195	778	755	0	283599
778	755	716	0	284354
755	716	1019	0	285070
716	1019	907	0	286089
1019	907	782	0	286996
907	782	732	0	287778
782	732	1039	0	288510
732	1039	906	0	289549
1039	906	817	0	290455
906	817	763	0	291272
817	763	724	0	292035
763	724	1058	0	292759
724	1058	934	0	293817
1058	934	798	0	294751
934	798	762	0	295549
798	762	728	0	296311
762	728	1109	0	297039
728	1109	910	0	298148
1109	910	814	0	299058
910	814	770	0	299872
814	770	759	0	300642
770	759	743	0	301401
759	743	1070	0	302144
743	1070	946	0	303214
1070	946	797	0	304160
946	797	755	0	304957
797	755	743	0	305712
755	743	732	0	306455
743	732	704	0	307187
732	704	1074	0	307891
704	1074	930	0	308965
1074	930	809	0	309895
930	809	759	0	310704
809	759	732	0	311463
759	732	723	0	312195
732	723	728	0	312918
723	728	720	0	313646
728	720	1085	0	314366
720	1085	895	0	315451
1085	895	802	0	316346
895	802	770	0	317148
802	770	751	0	317918
770	751	1113	0	318669
751	1113	938	0	319782
1113	938	825	0	320720
938	825	782	0	321545
825	782	747	0	322327
782	747	1078	0	323074
747	1078	899	0	324152
1078	899	848	0	325051
899	848	759	0	325899
848	759	723	0	326658
759	723	708	0	327381
723	708	697	0	328089
708	697	1105	0	328786
697	1105	922	0	329891
1105	922	821	0	330813
922	821	755	0	331634
821	755	739	0	332389
755	739	732	0	333128
739	732	728	0	333860
732	728	1105	0	334588
728	1105	914	0	335693
1105	914	798	0	336607
914	798	770	0	337405
798	770	739	0	338175
770	739	1094	0	338914
739	1094	922	0	340008
1094	922	821	0	340930
922	821	770	0	341751
821	770	736	0	342521
770	736	1089	0	343257
736	1089	915	0	344346
1089	915	805	0	345261
915	805	767	0	346066
805	767	731	0	346833
767	731	1094	0	347564
731	1094	906	0	348658
1094	906	798	0	349564
906	798	766	0	350362
798	766	724	0	351128
766	724	1097	0	351852
724	1097	923	0	352949
1097	923	817	0	353872
923	817	766	0	354689
817	766	736	0	355455
766	736	712	0	356191
736	712	727	0	356903
712	727	724	0	357630
727	724	922	0	358354
724	922	1024	0	359276
922	1024	852	0	360300
1024	852	829	0	361152
852	829	863	0	361981
829	863	860	0	362844
863	860	856	0	363704
860	856	841	0	364560
856	841	836	0	365401
841	836	833	0	366237
836	833	907	0	367070
833	907	825	0	367977
907	825	789	0	368802
825	789	775	0	369591
789	775	755	0	370366
775	755	914	0	371121
755	914	1008	0	372035
914	1008	945	0	373043
1008	945	849	0	373988
945	849	801	0	374837
849	801	771	0	375638
801	771	739	0	376409
771	739	1136	0	377148
739	1136	957	0	378284
1136	957	841	0	379241
957	841	782	0	380082
841	782	762	0	380864
782	762	759	0	381626
762	759	755	0	382385
759	755	1156	0	383140
755	1156	953	0	384296
1156	953	829	0	385249
953	829	786	0	386078
829	786	552	0	386864
786	552	934	1	387416
552	934	720	0	388350
934	720	1105	0	389070
720	1105	953	0	390175
1105	953	818	0	391128
953	818	782	0	391946
818	782	770	0	392728
782	770	763	0	393498
770	763	1148	0	394261
763	1148	972	0	395409
1148	972	829	0	396381
972	829	790	0	397210
829	790	763	0	398000
790	763	751	0	398763
763	751	716	0	399514
751	716	1140	0	400230
716	1140	941	0	401370
1140	941	825	0	402311
941	825	778	0	403136
825	778	759	0	403914
778	759	739	0	404673
759	739	1129	0	405412
739	1129	965	0	406541
1129	965	805	0	407506
965	805	771	0	408311
805	771	751	0	409082
771	751	739	0	409833
751	739	743	0	410572
739	743	806	0	411315
743	806	1093	0	412121
806	1093	957	0	413214
1093	957	848	0	414171
957	848	818	0	415019
848	818	786	0	415837
818	786	766	0	416623
786	766	743	0	417389
766	743	732	0	418132
743	732	708	0	418864
732	708	1089	0	419572
708	1089	911	0	420661
1089	911	805	0	421572
911	805	740	0	422377
805	740	723	0	423117
740	723	724	0	423840
723	724	736	0	424564
724	736	1066	0	425300
736	1066	918	0	426366
1066	918	821	0	427284
918	821	782	0	428105
821	782	778	0	428887
782	778	767	0	429665
778	767	1089	0	430432
767	1089	985	0	431521
1089	985	829	0	432506
985	829	801	0	433335
829	801	786	0	434136
801	786	771	0	434922
786	771	1105	0	435693
771	1105	953	0	436798
1105	953	817	0	437751
953	817	755	0	438568
817	755	735	0	439323
755	735	755	0	440058
735	755	763	0	440813
755	763	759	0	441576
763	759	731	0	442335
759	731	736	0	443066
731	736	1042	0	443802
736	1042	868	0	444844
1042	868	786	0	445712
868	786	728	0	446498
786	728	727	0	447226
728	727	751	0	447953
727	751	743	0	448704
751	743	732	0	449447
743	732	728	0	450179
732	728	700	0	450907
728	700	704	0	451607
700	704	712	0	452311
704	712	720	0	453023
712	720	1409	0	453743
720	1409	1471	1	455152
1409	1471	1513	0	456623
1471	1513	1432	1	458136
1513	1432	1004	0	459568
1432	1004	903	0	460572
1004	903	848	0	461475
903	848	1471	0	462323
848	1471	1583	1	463794
1471	1583	849	0	465377
1583	849	1474	0	466226
849	1474	845	1	467700
1474	845	801	0	468545
845	801	771	0	469346
801	771	758	0	470117
771	758	1444	0	470875
758	1444	1521	0	472319
1444	1521	1526	1	473840
1521	1526	1385	0	475366
1526	1385	875	0	476751
1385	875	1339	0	477626
875	1339	1319	0	478965
1339	1319	1362	0	480284
1319	1362	1284	0	481646
1362	1284	1284	0	482930
1284	1284	1280	0	484214
1284	1280	1273	0	485494
1280	1273	626	0	486767
1273	626	693	0	487393
626	693	677	0	488086
693	677	692	0	488763
677	692	712	0	489455
692	712	716	0	490167
712	716	736	0	490883
716	736	1334	0	491619
736	1334	1456	0	492953
1334	1456	789	0	494409
1456	789	1409	0	495198
789	1409	798	1	496607
1409	798	747	0	497405
798	747	739	0	498152
747	739	743	0	498891
739	743	743	0	499634
743	743	736	0	500377
743	736	724	0	501113
736	724	727	0	501837
724	727	736	0	502564
727	736	739	0	503300
736	739	739	0	504039
739	739	740	0	504778
739	740	747	0	505518
740	747	751	0	506265
747	751	735	0	507016
751	735	751	0	507751
735	751	751	0	508502
751	751	766	0	509253
751	766	767	0	510019
766	767	767	0	510786
767	767	770	0	511553
767	770	774	0	512323
770	774	771	0	513097
774	771	774	0	513868
771	774	786	0	514642
774	786	778	0	515428
786	778	755	0	516206
778	755	708	0	516961
755	708	740	0	517669
708	740	704	0	518409
740	704	708	0	519113
704	708	716	0	519821
708	716	728	0	520537
716	728	708	0	521265
728	708	704	0	521973
708	704	716	0	522677
704	716	700	0	523393
716	700	705	0	524093
700	705	716	0	524798
705	716	700	0	525514
716	700	704	0	526214
700	704	716	0	526918
704	716	728	0	527634
716	728	727	0	528362
728	727	736	0	529089
727	736	735	0	529825
736	735	716	0	530560
735	716	732	0	531276
716	732	739	0	532008
732	739	759	0	532747
739	759	1389	0	533506
759	1389	1549	1	534895
1389	1549	1544	0	536444
1549	1544	849	1	537988
1544	849	1447	0	538837
849	1447	829	1	540284
1447	829	790	0	541113
829	790	782	0	541903
790	782	794	0	542685
782	794	801	0	543479
794	801	786	0	544280
801	786	790	0	545066
786	790	798	0	545856
790	798	801	0	546654
798	801	802	0	547455
801	802	794	0	548257
802	794	786	0	549051
794	786	774	0	549837
786	774	770	0	550611
774	770	775	0	551381
770	775	755	0	552156
775	755	754	0	552911
755	754	747	0	553665
754	747	751	0	554412
747	751	744	0	555163
751	744	735	0	555907
744	735	728	0	556642
735	728	708	0	557370
728	708	720	0	558078
708	720	755	0	558798
720	755	758	0	559553
755	758	806	0	560311
758	806	696	0	561117
806	696	848	0	561813
696	848	751	0	562661
848	751	833	0	563412
751	833	724	0	564245
833	724	696	0	564969
724	696	716	0	565665
696	716	969	0	566381
716	969	922	0	567350
969	922	763	0	568272
922	763	724	0	569035
763	724	716	0	569759
724	716	696	0	570475
716	696	1004	0	571171
696	1004	879	0	572175
1004	879	779	0	573054
879	779	747	0	573833
779	747	735	0	574580
747	735	1062	0	575315
735	1062	907	0	576377
1062	907	802	0	577284
907	802	774	0	578086
802	774	766	0	578860
774	766	1148	0	579626
766	1148	981	0	580774
1148	981	844	0	581755
981	844	802	0	582599
844	802	778	0	583401
802	778	759	0	584179
778	759	1148	0	584938
759	1148	945	0	586086
1148	945	837	0	587031
945	837	801	0	587868
837	801	778	0	588669
801	778	779	0	589447
778	779	762	0	590226
779	762	915	0	590988
762	915	992	0	591903
915	992	848	0	592895
992	848	907	0	593743
848	907	797	0	594650
907	797	755	0	595447
797	755	755	0	596202
755	755	743	0	596957
755	743	1133	0	597700
743	1133	961	0	598833
1133	961	840	0	599794
961	840	802	0	600634
840	802	770	0	601436
802	770	747	0	602206
770	747	1117	0	602953
747	1117	957	0	604070
1117	957	810	0	605027
957	810	774	0	605837
810	774	755	0	606611
774	755	743	0	607366
755	743	1109	0	608109
743	1109	961	0	609218
1109	961	825	0	610179
961	825	805	0	611004
825	805	786	0	611809
805	786	806	0	612595
786	806	1128	0	613401
806	1128	887	0	614529
1128	887	961	0	615416
887	961	915	0	616377
961	915	918	0	617292
915	918	860	0	618210
918	860	841	0	619070
860	841	879	0	619911
841	879	883	0	620790
879	883	860	0	621673
883	860	837	0	622533
860	837	922	0	623370
837	922	825	0	624292
922	825	801	0	625117
825	801	778	0	625918
801	778	736	0	626696
778	736	1163	0	627432
736	1163	977	0	628595
1163	977	856	0	629572
977	856	817	0	630428
856	817	790	0	631245
817	790	767	0	632035
790	767	743	0	632802
767	743	1109	0	633545
743	1109	945	0	634654
1109	945	813	0	635599
945	813	771	0	636412
813	771	747	0	637183
771	747	1062	0	637930
747	1062	856	0	638992
1062	856	907	0	639848
856	907	790	0	640755
907	790	747	0	641545
790	747	727	0	642292
747	727	732	0	643019
727	732	728	0	643751
732	728	1058	0	644479
728	1058	926	0	645537
1058	926	782	0	646463
926	782	763	0	647245
782	763	727	0	648008
763	727	709	0	648735
727	709	1062	0	649444
709	1062	906	0	650506
1062	906	786	0	651412
906	786	751	0	652198
786	751	709	0	652949
751	709	1003	0	653658
709	1003	969	0	654661
1003	969	837	0	655630
969	837	801	0	656467
837	801	763	0	657268
801	763	732	0	658031
763	732	716	0	658763
732	716	712	0	659479
716	712	1058	0	660191
712	1058	864	0	661249
1058	864	755	0	662113
864	755	743	0	662868
755	743	739	0	663611
743	739	739	0	664350
739	739	728	0	665089
739	728	724	0	665817
728	724	743	0	666541
724	743	743	0	667284
743	743	740	0	668027
743	740	751	0	668767
740	751	750	0	669518
751	750	748	0	670268
750	748	731	0	671016
748	731	728	0	671747
731	728	735	0	672475
728	735	743	0	673210
735	743	743	0	673953
743	743	740	0	674696
743	740	743	0	675436
740	743	759	0	676179
743	759	770	0	676938
759	770	771	0	677708
770	771	774	0	678479
771	774	770	0	679253
774	770	763	0	680023
770	763	767	0	680786
763	767	770	0	681553
767	770	770	0	682323
770	770	763	0	683093
770	763	770	0	683856
763	770	767	0	684626
770	767	770	0	685393
767	770	779	0	686163
770	779	774	0	686942
779	774	774	0	687716
774	774	771	0	688490
774	771	778	0	689261
771	778	790	0	690039
778	790	786	0	690829
790	786	794	0	691615
786	794	789	0	692409
794	789	798	0	693198
789	798	825	0	693996
798	825	969	0	694821
825	969	836	0	695790
969	836	821	0	696626
836	821	919	0	697447
821	919	817	0	698366
919	817	794	0	699183
817	794	766	0	699977
794	766	751	0	700743
766	751	1113	0	701494
751	1113	844	0	702607
1113	844	817	0	703451
844	817	903	0	704268
817	903	798	0	705171
903	798	766	0	705969
798	766	744	0	706735
766	744	735	0	707479
744	735	716	0	708214
735	716	1148	0	708930
716	1148	848	1	710078
1148	848	911	0	710926
848	911	797	0	711837
911	797	743	0	712634
797	743	724	0	713377
743	724	712	0	714101
724	712	728	0	714813
712	728	1109	0	715541
728	1109	934	0	716650
1109	934	786	0	717584
934	786	758	0	718370
786	758	747	0	719128
758	747	740	0	719875
747	740	712	0	720615
740	712	1089	0	721327
712	1089	891	0	722416
1089	891	798	0	723307
891	798	763	0	724105
798	763	751	0	724868
763	751	723	0	725619
751	723	740	0	726342
723	740	739	0	727082
740	739	759	0	727821
739	759	759	0	728580
759	759	758	0	729339
759	758	751	0	730097
758	751	763	0	730848
751	763	766	0	731611
763	766	775	0	732377
766	775	778	0	733152
775	778	770	0	733930
778	770	755	0	734700
770	755	743	0	735455
755	743	755	0	736198
743	755	759	0	736953
755	759	759	0	737712
759	759	751	0	738471
759	751	747	0	739222
751	747	751	0	739969
747	751	774	0	740720
751	774	771	0	741494
774	771	774	0	742265
771	774	770	0	743039
774	770	759	0	743809
770	759	747	0	744568
759	747	751	0	745315
747	751	759	0	746066
751	759	774	0	746825
759	774	786	0	747599
774	786	767	0	748385
786	767	751	0	749152
767	751	747	0	749903
751	747	759	0	750650
747	759	762	0	751409
759	762	763	0	752171
762	763	739	0	752934
763	739	747	0	753673
739	747	763	0	754420
747	763	774	0	755183
763	774	782	0	755957
774	782	775	0	756739
782	775	766	0	757514
775	766	771	0	758280
766	771	778	0	759051
771	778	778	0	759829
778	778	778	0	760607
778	778	775	0	761385
778	775	770	0	762160
775	770	770	0	762930
770	770	775	0	763700
770	775	758	0	764475
775	758	751	0	765233
758	751	759	0	765984
751	759	763	0	766743
759	763	762	0	767506
763	762	751	0	768268
762	751	744	0	769019
751	744	747	0	769763
744	747	751	0	770510
747	751	758	0	771261
751	758	744	0	772019
758	744	743	0	772763
744	743	759	0	773506
743	759	778	0	774265
759	778	770	0	775043
778	770	767	0	775813
770	767	759	0	776580
767	759	754	0	777339
759	754	759	0	778093
754	759	771	0	778852
759	771	770	0	779623
771	770	770	0	780393
770	770	775	0	781163
770	775	786	0	781938
775	786	786	0	782724
786	786	782	0	783510
786	782	778	0	784292
782	778	774	0	785070
778	774	786	0	785844
774	786	779	0	786630
786	779	793	0	787409
779	793	779	0	788202
793	779	766	0	788981
779	766	774	0	789747
766	774	786	0	790521
774	786	782	0	791307
786	782	771	0	792089
782	771	766	0	792860
771	766	771	0	793626
766	771	774	0	794397
771	774	782	0	795171
774	782	779	0	795953
782	779	774	0	796732
779	774	778	0	797506
774	778	786	0	798284
778	786	786	0	799070
786	786	778	0	799856
786	778	771	0	800634
778	771	762	0	801405
771	762	763	0	802167
762	763	766	0	802930
763	766	759	0	803696
766	759	755	0	804455
759	755	743	0	805210
755	743	747	0	805953
743	747	751	0	806700
747	751	751	0	807451
751	751	744	0	808202
751	744	739	0	808946
744	739	731	0	809685
739	731	736	0	810416
731	736	747	0	811152
736	747	747	0	811899
747	747	735	0	812646
747	735	728	0	813381
735	728	731	0	814109
728	731	744	0	814840
731	744	755	0	815584
744	755	739	0	816339
755	739	743	0	817078
739	743	743	0	817821
743	743	751	0	818564
743	751	755	0	819315
751	755	767	0	820070
755	767	751	0	820837
767	751	723	0	821588
751	723	755	0	822311
723	755	841	0	823066
755	841	840	0	823907
841	840	817	0	824747
840	817	782	0	825564
817	782	771	0	826346
782	771	774	0	827117
771	774	774	0	827891
774	774	775	0	828665
774	775	755	0	829440
775	755	743	0	830195
755	743	743	0	830938
743	743	759	0	831681
743	759	755	0	832440
759	755	747	0	833195
755	747	735	0	833942
747	735	739	0	834677
735	739	744	0	835416
739	744	754	0	836160
744	754	740	0	836914
754	740	731	0	837654
740	731	740	0	838385
731	740	747	0	839125
740	747	762	0	839872
747	762	771	0	840634
762	771	755	0	841405
771	755	751	0	842160
755	751	758	0	842911
751	758	775	0	843669
758	775	789	0	844444
775	789	810	0	845233
789	810	809	0	846043
810	809	786	0	846852
809	786	767	0	847638
786	767	774	0	848405
767	774	774	0	849179
774	774	759	0	849953
774	759	751	0	850712
759	751	759	0	851463
751	759	762	0	852222
759	762	771	0	852984
762	771	770	0	853755
771	770	771	0	854525
770	771	782	0	855296
771	782	782	0	856078
782	782	790	0	856860
782	790	762	0	857650
790	762	748	0	858412
762	748	743	0	859160
748	743	751	0	859903
743	751	762	0	860654
751	762	747	0	861416
762	747	736	0	862163
747	736	739	0	862899
736	739	743	0	863638
739	743	744	0	864381
743	744	754	0	865125
744	754	716	0	865879
754	716	705	0	866595
716	705	782	0	867300
705	782	790	0	868082
782	790	778	0	868872
790	778	755	0	869650
778	755	747	0	870405
755	747	735	0	871152
747	735	739	0	871887
735	739	755	0	872626
739	755	763	0	873381
755	763	755	0	874144
763	755	747	0	874899
755	747	747	0	875646
747	747	755	0	876393
747	755	766	0	877148
755	766	771	0	877914
766	771	751	0	878685
771	751	743	0	879436
751	743	735	0	880179
743	735	740	0	880914
735	740	743	0	881654
740	743	739	0	882397
743	739	732	0	883136
739	732	723	0	883868
732	723	724	0	884591
723	724	720	0	885315
724	720	728	0	886035
720	728	708	0	886763
728	708	669	0	887471
708	669	848	0	888140
669	848	903	0	888988
848	903	778	0	889891
903	778	852	0	890669
778	852	736	0	891521
852	736	704	0	892257
736	704	700	0	892961
704	700	1039	0	893661
700	1039	915	0	894700
1039	915	759	0	895615
915	759	712	0	896374
759	712	700	0	897086
712	700	700	0	897786
700	700	1074	0	898486
700	1074	938	0	899560
1074	938	794	0	900498
938	794	751	0	901292
794	751	735	0	902043
751	735	732	0	902778
735	732	1062	0	903510
732	1062	946	0	904572
1062	946	809	0	905518
946	809	766	0	906327
809	766	763	0	907093
766	763	743	0	907856
763	743	1152	0	908599
743	1152	918	0	909751
1152	918	833	0	910669
918	833	794	0	911502
833	794	755	0	912296
794	755	751	0	913051
755	751	1132	0	913802
751	1132	860	0	914934
1132	860	922	0	915794
860	922	809	0	916716
922	809	775	0	917525
809	775	766	0	918300
775	766	720	0	919066
766	720	1117	0	919786
720	1117	914	0	920903
1117	914	786	0	921817
914	786	747	0	922603
786	747	728	0	923350
747	728	724	0	924078
728	724	731	0	924802
724	731	1023	0	925533
731	1023	880	0	926556
1023	880	906	0	927436
880	906	794	0	928342
906	794	771	0	929136
794	771	735	0	929907
771	735	1074	0	930642
735	1074	953	0	931716
1074	953	852	0	932669
953	852	818	0	933521
852	818	813	0	934339
818	813	860	0	935152
813	860	934	0	936012
860	934	1011	0	936946
934	1011	872	0	937957
1011	872	864	0	938829
872	864	906	0	939693
864	906	922	0	940599
906	922	891	0	941521
922	891	872	0	942412
891	872	856	0	943284
872	856	833	0	944140
856	833	805	0	944973
833	805	887	0	945778
805	887	779	0	946665
887	779	751	0	947444
779	751	739	0	948195
751	739	735	0	948934
739	735	1140	0	949669
735	1140	930	0	950809
1140	930	817	0	951739
930	817	790	0	952556
817	790	767	0	953346
790	767	755	0	954113
767	755	751	0	954868
755	751	914	0	955619
751	914	1020	0	956533
914	1020	867	0	957553
1020	867	934	0	958420
867	934	829	0	959354
934	829	798	0	960183
829	798	762	0	960981
798	762	739	0	961743
762	739	716	0	962482
739	716	744	0	963198
716	744	1116	0	963942
744	1116	938	0	965058
1116	938	809	0	965996
938	809	763	0	966805
809	763	763	0	967568
763	763	778	0	968331
763	778	770	0	969109
778	770	1129	0	969879
770	1129	879	0	971008
1129	879	926	0	971887
879	926	806	0	972813
926	806	766	0	973619
806	766	740	0	974385
766	740	1112	0	975125
740	1112	958	0	976237
1112	958	840	0	977195
958	840	786	0	978035
840	786	751	0	978821
786	751	735	0	979572
751	735	716	0	980307
735	716	1090	0	981023
716	1090	922	0	982113
1090	922	798	0	983035
922	798	774	0	983833
798	774	767	0	984607
774	767	751	0	985374
767	751	739	0	986125
751	739	1089	0	986864
739	1089	938	0	987953
1089	938	802	0	988891
938	802	774	0	989693
802	774	766	0	990467
774	766	748	0	991233
766	748	1093	0	991981
748	1093	977	0	993074
1093	977	801	0	994051
977	801	759	0	994852
801	759	743	0	995611
759	743	716	0	996354
743	716	1086	0	997070
716	1086	945	0	998156
1086	945	802	0	999101
945	802	778	0	999903
802	778	759	0	1000681
778	759	1116	0	1001440
759	1116	942	0	1002556
1116	942	860	0	1003498
942	860	794	0	1004358
860	794	778	0	1005152
794	778	751	0	1005930
778	751	1062	0	1006681
751	1062	973	0	1007743
1062	973	829	0	1008716
973	829	782	0	1009545
829	782	751	0	1010327
782	751	731	0	1011078
751	731	724	0	1011809
731	724	728	0	1012533
724	728	708	0	1013261
728	708	1019	0	1013969
708	1019	872	0	1014988
1019	872	907	0	1015860
872	907	793	0	1016767
907	793	767	0	1017560
793	767	739	0	1018327
767	739	736	0	1019066
739	736	1062	0	1019802
736	1062	961	0	1020864
1062	961	805	0	1021825
961	805	763	0	1022630
805	763	735	0	1023393
763	735	728	0	1024128
735	728	732	0	1024856
728	732	723	0	1025588
732	723	1094	0	1026311
723	1094	949	0	1027405
1094	949	837	0	1028354
949	837	805	0	1029191
837	805	778	0	1029996
805	778	775	0	1030774
778	775	778	0	1031549
775	778	945	0	1032327
778	945	1043	0	1033272
945	1043	887	0	1034315
1043	887	872	0	1035202
887	872	856	0	1036074
872	856	844	0	1036930
856	844	817	0	1037774
844	817	903	0	1038591
817	903	798	0	1039494
903	798	770	0	1040292
798	770	747	0	1041062
770	747	732	0	1041809
747	732	720	0	1042541
732	720	1097	0	1043261
720	1097	918	0	1044358
1097	918	794	0	1045276
918	794	767	0	1046070
794	767	743	0	1046837
767	743	747	0	1047580
743	747	1062	0	1048327
747	1062	977	0	1049389
1062	977	809	0	1050366
977	809	763	0	1051175
809	763	755	0	1051938
763	755	727	0	1052693
755	727	1133	0	1053420
727	1133	945	0	1054553
1133	945	825	0	1055498
945	825	790	0	1056323
825	790	755	0	1057113
790	755	735	0	1057868
755	735	720	0	1058603
735	720	1062	0	1059323
720	1062	946	0	1060385
1062	946	809	0	1061331
946	809	759	0	1062140
809	759	735	0	1062899
759	735	736	0	1063634
735	736	723	0	1064370
736	723	1117	0	1065093
723	1117	969	0	1066210
1117	969	817	0	1067179
969	817	794	0	1067996
817	794	778	0	1068790
794	778	763	0	1069568
778	763	1148	0	1070331
763	1148	984	0	1071479
1148	984	821	0	1072463
984	821	790	0	1073284
821	790	766	0	1074074
790	766	748	0	1074840
766	748	731	0	1075588
748	731	1121	0	1076319
731	1121	910	0	1077440
1121	910	790	0	1078350
910	790	759	0	1079140
790	759	735	0	1079899
759	735	720	0	1080634
735	720	1113	0	1081354
720	1113	930	0	1082467
1113	930	825	0	1083397
930	825	782	0	1084222
825	782	759	0	1085004
782	759	751	0	1085763
759	751	1132	0	1086514
751	1132	980	0	1087646
1132	980	821	0	1088626
980	821	786	0	1089447
821	786	775	0	1090233
786	775	766	0	1091008
775	766	744	0	1091774
766	744	1136	0	1092518
744	1136	941	0	1093654
1136	941	790	0	1094595
941	790	743	0	1095385
790	743	720	0	1096128
743	720	720	0	1096848
720	720	716	0	1097568
720	716	1117	0	1098284
716	1117	906	0	1099401
1117	906	806	0	1100307
906	806	766	0	1101113
806	766	755	0	1101879
766	755	720	0	1102634
755	720	1121	0	1103354
720	1121	945	0	1104475
1121	945	802	0	1105420
945	802	766	0	1106222
802	766	744	0	1106988
766	744	735	0	1107732
744	735	743	0	1108467
735	743	759	0	1109210
743	759	918	0	1109969
759	918	981	0	1110887
918	981	828	0	1111868
981	828	884	0	1112696
828	884	774	0	1113580
884	774	755	0	1114354
774	755	731	0	1115109
755	731	1117	0	1115840
731	1117	926	0	1116957
1117	926	852	0	1117883
926	852	794	0	1118735
852	794	767	0	1119529
794	767	747	0	1120296
767	747	1175	0	1121043
747	1175	969	0	1122218
1175	969	860	0	1123187
969	860	825	0	1124047
860	825	801	0	1124872
825	801	782	0	1125673
801	782	751	0	1126455
782	751	1078	0	1127206
751	1078	961	0	1128284
1078	961	786	0	1129245
961	786	747	0	1130031
786	747	732	0	1130778
747	732	727	0	1131510
732	727	728	0	1132237
727	728	728	0	1132965
728	728	1081	0	1133693
728	1081	954	0	1134774
1081	954	801	0	1135728
954	801	775	0	1136529
801	775	747	0	1137304
775	747	739	0	1138051
747	739	735	0	1138790
739	735	1109	0	1139525
735	1109	946	0	1140634
1109	946	809	0	1141580
946	809	771	0	1142389
809	771	754	0	1143160
771	754	747	0	1143914
754	747	740	0	1144661
747	740	762	0	1145401
740	762	1109	0	1146163
762	1109	930	0	1147272
1109	930	786	0	1148202
930	786	740	0	1148988
786	740	723	0	1149728
740	723	716	0	1150451
723	716	712	0	1151167
716	712	720	0	1151879
712	720	1113	0	1152599
720	1113	911	0	1153712
1113	911	786	0	1154623
911	786	758	0	1155409
786	758	740	0	1156167
758	740	719	0	1156907
740	719	1113	0	1157626
719	1113	903	0	1158739
1113	903	786	0	1159642
903	786	770	0	1160428
786	770	763	0	1161198
770	763	739	0	1161961
763	739	1109	0	1162700
739	1109	989	0	1163809
1109	989	809	0	1164798
989	809	770	0	1165607
809	770	748	0	1166377
770	748	731	0	1167125
748	731	720	0	1167856
731	720	712	0	1168576
720	712	689	0	1169288
712	689	673	0	1169977
689	673	879	0	1170650
673	879	864	0	1171529
879	864	875	0	1172393
864	875	759	0	1173268
875	759	740	0	1174027
759	740	680	0	1174767
740	680	685	0	1175447
680	685	677	0	1176132
685	677	942	0	1176809
677	942	833	0	1177751
942	833	684	0	1178584
833	684	685	0	1179268
684	685	899	0	1179953
685	899	844	0	1180852
899	844	794	0	1181696
844	794	856	0	1182490
794	856	771	0	1183346
856	771	747	0	1184117
771	747	731	0	1184864
747	731	736	0	1185595
731	736	727	0	1186331
736	727	1039	0	1187058
727	1039	973	0	1188097
1039	973	825	0	1189070
973	825	786	0	1189895
825	786	759	0	1190681
786	759	735	0	1191440
759	735	1047	0	1192175
735	1047	930	0	1193222
1047	930	786	0	1194152
930	786	751	0	1194938
786	751	731	0	1195689
751	731	1047	0	1196420
731	1047	903	0	1197467
1047	903	770	0	1198370
903	770	712	0	1199140
770	712	708	0	1199852
712	708	716	0	1200560
708	716	720	0	1201276
716	720	1117	0	1201996
720	1117	941	0	1203113
1117	941	845	0	1204054
941	845	817	0	1204899
845	817	805	0	1205716
817	805	786	0	1206521
805	786	794	0	1207307
786	794	938	0	1208101
794	938	1012	0	1209039
938	1012	949	0	1210051
1012	949	903	0	1211000
949	903	910	0	1211903
903	910	915	0	1212813
910	915	879	0	1213728
915	879	840	0	1214607
879	840	833	0	1215447
840	833	821	0	1216280
833	821	802	0	1217101
821	802	770	0	1217903
802	770	747	0	1218673
770	747	728	0	1219420
747	728	700	0	1220148
728	700	685	0	1220848
700	685	697	0	1221533
685	697	696	0	1222230
697	696	580	0	1222926
696	580	642	0	1223506
580	642	716	0	1224148
642	716	1082	0	1224864
716	1082	844	0	1225946
1082	844	891	0	1226790
844	891	798	0	1227681
891	798	778	0	1228479
798	778	774	0	1229257
778	774	751	0	1230031
774	751	798	0	1230782
751	798	786	0	1231580
798	786	805	0	1232366
786	805	802	0	1233171
805	802	797	0	1233973
802	797	806	0	1234770
797	806	805	0	1235576
806	805	814	0	1236381
805	814	817	0	1237195
814	817	809	0	1238012
817	809	813	0	1238821
809	813	813	0	1239634
813	813	810	0	1240447
813	810	801	0	1241257
810	801	798	0	1242058
801	798	794	0	1242856
798	794	790	0	1243650
794	790	793	0	1244440
790	793	1452	0	1245233
793	1452	813	1	1246685
1452	813	1440	0	1247498
813	1440	1482	0	1248938
1440	1482	1502	0	1250420
1482	1502	1428	1	1251922
1502	1428	1405	0	1253350
1428	1405	1490	0	1254755
1405	1490	1483	0	1256245
1490	1483	836	0	1257728
1483	836	1417	0	1258564
836	1417	778	0	1259981
1417	778	731	0	1260759
778	731	740	0	1261490
731	740	1393	0	1262230
740	1393	828	0	1263623
1393	828	1378	0	1264451
828	1378	1517	0	1265829
1378	1517	825	0	1267346
1517	825	1374	0	1268171
825	1374	844	0	1269545
1374	844	817	0	1270389
844	817	1455	0	1271206
817	1455	845	0	1272661
1455	845	1463	0	1273506
845	1463	1478	0	1274969
1463	1478	1378	0	1276447
1478	1378	1549	0	1277825
1378	1549	976	0	1279374
1549	976	926	0	1280350
976	926	1549	0	1281276
926	1549	1047	1	1282825
1549	1047	809	0	1283872
1047	809	801	0	1284681
809	801	1440	0	1285482
801	1440	1140	1	1286922
1440	1140	868	0	1288062
1140	868	922	0	1288930
868	922	806	0	1289852
922	806	770	0	1290658
806	770	739	0	1291428
770	739	1063	0	1292167
739	1063	898	0	1293230
1063	898	833	0	1294128
898	833	759	0	1294961
833	759	724	0	1295720
759	724	704	0	1296444
724	704	712	0	1297148
704	712	1015	0	1297860
712	1015	892	0	1298875
1015	892	770	0	1299767
892	770	743	0	1300537
770	743	724	0	1301280
743	724	1070	0	1302004
724	1070	914	0	1303074
1070	914	825	0	1303988
914	825	763	0	1304813
825	763	728	0	1305576
763	728	731	0	1306304
728	731	1043	0	1307035
731	1043	945	0	1308078
1043	945	806	0	1309023
945	806	794	0	1309829
806	794	778	0	1310623
794	778	782	0	1311401
778	782	891	0	1312183
782	891	965	0	1313074
891	965	829	0	1314039
965	829	891	0	1314868
829	891	778	0	1315759
891	778	739	0	1316537
778	739	728	0	1317276
739	728	1117	0	1318004
728	1117	961	0	1319121
1117	961	821	0	1320082
961	821	778	0	1320903
821	778	759	0	1321681
778	759	774	0	1322440
759	774	911	0	1323214
774	911	976	0	1324125
911	976	950	0	1325101
976	950	860	0	1326051
950	860	824	0	1326911
860	824	810	0	1327735
824	810	805	0	1328545
810	805	817	0	1329350
805	817	821	0	1330167
817	821	810	0	1330988
821	810	747	0	1331798
810	747	1124	0	1332545
747	1124	584	0	1333669
1124	584	1202	1	1334253
584	1202	786	0	1335455
1202	786	872	0	1336241
786	872	782	0	1337113
872	782	763	0	1337895
782	763	743	0	1338658
763	743	1101	0	1339401
743	1101	969	0	1340502
1101	969	856	0	1341471
969	856	829	0	1342327
856	829	801	0	1343156
829	801	786	0	1343957
801	786	1175	0	1344743
786	1175	989	0	1345918
1175	989	875	0	1346907
989	875	837	0	1347782
875	837	809	0	1348619
837	809	782	0	1349428
809	782	782	0	1350210
782	782	1156	0	1350992
782	1156	856	0	1352148
1156	856	934	0	1353004
856	934	790	0	1353938
934	790	751	0	1354728
790	751	731	0	1355479
751	731	728	0	1356210
731	728	723	0	1356938
728	723	716	0	1357661
723	716	1067	0	1358377
716	1067	980	0	1359444
1067	980	821	0	1360424
980	821	778	0	1361245
821	778	755	0	1362023
778	755	736	0	1362778
755	736	739	0	1363514
736	739	1117	0	1364253
739	1117	953	0	1365370
1117	953	817	0	1366323
953	817	763	0	1367140
817	763	747	0	1367903
763	747	739	0	1368650
747	739	736	0	1369389
739	736	735	0	1370125
736	735	1093	0	1370860
735	1093	942	0	1371953
1093	942	805	0	1372895
942	805	786	0	1373700
805	786	763	0	1374486
786	763	751	0	1375249
763	751	1136	0	1376000
751	1136	942	0	1377136
1136	942	825	0	1378078
942	825	778	0	1378903
825	778	751	0	1379681
778	751	728	0	1380432
751	728	1155	0	1381160
728	1155	957	0	1382315
1155	957	837	0	1383272
957	837	790	0	1384109
837	790	759	0	1384899
790	759	727	0	1385658
759	727	704	0	1386385
727	704	1032	0	1387089
704	1032	957	0	1388121
1032	957	801	0	1389078
957	801	751	0	1389879
801	751	751	0	1390630
751	751	732	0	1391381
751	732	1105	0	1392113
732	1105	942	0	1393218
1105	942	813	0	1394160
942	813	797	0	1394973
813	797	779	0	1395770
797	779	797	0	1396549
779	797	934	0	1397346
797	934	1000	0	1398280
934	1000	868	0	1399280
1000	868	949	0	1400148
868	949	841	0	1401097
949	841	782	0	1401938
841	782	743	0	1402720
782	743	724	0	1403463
743	724	720	0	1404187
724	720	727	0	1404907
720	727	1066	0	1405634
727	1066	926	0	1406700
1066	926	783	0	1407626
926	783	762	0	1408409
783	762	743	0	1409171
762	743	1086	0	1409914
743	1086	903	0	1411000
1086	903	860	0	1411903
903	860	778	0	1412763
860	778	747	0	1413541
778	747	735	0	1414288
747	735	724	0	1415023
735	724	1156	0	1415747
724	1156	910	0	1416903
1156	910	829	0	1417813
910	829	790	0	1418642
829	790	778	0	1419432
790	778	755	0	1420210
778	755	1148	0	1420965
755	1148	953	0	1422113
1148	953	864	0	1423066
953	864	813	0	1423930
864	813	763	0	1424743
813	763	739	0	1425506
763	739	728	0	1426245
739	728	708	0	1426973
728	708	1132	0	1427681
708	1132	919	0	1428813
1132	919	844	0	1429732
919	844	790	0	1430576
844	790	762	0	1431366
790	762	744	0	1432128
762	744	1128	0	1432872
744	1128	946	0	1434000
1128	946	832	0	1434946
946	832	794	0	1435778
832	794	786	0	1436572
794	786	774	0	1437358
786	774	1168	0	1438132
774	1168	988	0	1439300
1168	988	856	0	1440288
988	856	821	0	1441144
856	821	786	0	1441965
821	786	763	0	1442751
786	763	747	0	1443514
763	747	739	0	1444261
747	739	724	0	1445000
739	724	1054	0	1445724
724	1054	868	0	1446778
1054	868	794	0	1447646
868	794	755	0	1448440
794	755	712	0	1449195
755	712	712	0	1449907
712	712	708	0	1450619
712	708	724	0	1451327
708	724	716	0	1452051
724	716	719	0	1452767
716	719	728	0	1453486
719	728	739	0	1454214
728	739	747	0	1454953
739	747	751	0	1455700
747	751	759	0	1456451
751	759	755	0	1457210
759	755	759	0	1457965
755	759	766	0	1458724
759	766	775	0	1459490
766	775	778	0	1460265
775	778	774	0	1461043
778	774	767	0	1461817
774	767	751	0	1462584
767	751	747	0	1463335
751	747	747	0	1464082
747	747	747	0	1464829
747	747	743	0	1465576
747	743	751	0	1466319
743	751	755	0	1467070
751	755	766	0	1467825
755	766	779	0	1468591
766	779	778	0	1469370
779	778	778	0	1470148
778	778	786	0	1470926
778	786	798	0	1471712
786	798	794	0	1472510
798	794	789	0	1473304
794	789	786	0	1474093
789	786	790	0	1474879
786	790	782	0	1475669
790	782	782	0	1476451
782	782	775	0	1477233
782	775	774	0	1478008
775	774	774	0	1478782
774	774	779	0	1479556
774	779	770	0	1480335
779	770	767	0	1481105
770	767	762	0	1481872
767	762	755	0	1482634
762	755	759	0	1483389
755	759	751	0	1484148
759	751	747	0	1484899
751	747	735	0	1485646
747	735	732	0	1486381
735	732	727	0	1487113
732	727	736	0	1487840
727	736	735	0	1488576
736	735	743	0	1489311
735	743	748	0	1490054
743	748	747	0	1490802
748	747	735	0	1491549
747	735	732	0	1492284
735	732	704	0	1493016
732	704	720	0	1493720
704	720	790	0	1494440
720	790	782	0	1495230
790	782	762	0	1496012
782	762	740	0	1496774
762	740	743	0	1497514
740	743	751	0	1498257
743	751	759	0	1499008
751	759	754	0	1499767
759	754	759	0	1500521
754	759	751	0	1501280
759	751	759	0	1502031
751	759	766	0	1502790
759	766	771	0	1503556
766	771	759	0	1504327
771	759	766	0	1505086
759	766	771	0	1505852
766	771	762	0	1506623
771	762	759	0	1507385
762	759	751	0	1508144
759	751	739	0	1508895
751	739	751	0	1509634
739	751	751	0	1510385
751	751	755	0	1511136
751	755	755	0	1511891
755	755	755	0	1512646
755	755	759	0	1513401
755	759	766	0	1514160
759	766	770	0	1514926
766	770	767	0	1515696
770	767	763	0	1516463
767	763	770	0	1517226
763	770	767	0	1517996
770	767	770	0	1518763
767	770	771	0	1519533
770	771	766	0	1520304
771	766	767	0	1521070
766	767	782	0	1521837
767	782	786	0	1522619
782	786	774	0	1523405
786	774	767	0	1524179
774	767	770	0	1524946
767	770	774	0	1525716
770	774	775	0	1526490
774	775	762	0	1527265
775	762	755	0	1528027
762	755	747	0	1528782
755	747	739	0	1529529
747	739	736	0	1530268
739	736	747	0	1531004
736	747	739	0	1531751
747	739	747	0	1532490
739	747	751	0	1533237
747	751	755	0	1533988
751	755	747	0	1534743
755	747	751	0	1535490
747	751	747	0	1536241
751	747	716	0	1536988
747	716	771	0	1537704
716	771	747	0	1538475
771	747	751	0	1539222
747	751	759	0	1539973
751	759	766	0	1540732
759	766	770	0	1541498
766	770	767	0	1542268
770	767	767	0	1543035
767	767	766	0	1543802
767	766	778	0	1544568
766	778	779	0	1545346
778	779	774	0	1546125
779	774	770	0	1546899
774	770	767	0	1547669
770	767	762	0	1548436
767	762	751	0	1549198
762	751	751	0	1549949
751	751	755	0	1550700
751	755	763	0	1551455
755	763	755	0	1552218
763	755	762	0	1552973
755	762	771	0	1553735
762	771	778	0	1554506
771	778	782	0	1555284
778	782	782	0	1556066
782	782	778	0	1556848
782	778	767	0	1557626
778	767	778	0	1558393
767	778	786	0	1559171
778	786	782	0	1559957
786	782	775	0	1560739
782	775	766	0	1561514
775	766	759	0	1562280
766	759	770	0	1563039
759	770	771	0	1563809
770	771	770	0	1564580
771	770	759	0	1565350
770	759	751	0	1566109
759	751	747	0	1566860
751	747	755	0	1567607
747	755	755	0	1568362
755	755	751	0	1569117
755	751	747	0	1569868
751	747	743	0	1570615
747	743	743	0	1571358
743	743	747	0	1572101
743	747	755	0	1572848
747	755	743	0	1573603
755	743	736	0	1574346
743	736	743	0	1575082
736	743	755	0	1575825
743	755	755	0	1576580
755	755	758	0	1577335
755	758	755	0	1578093
758	755	759	0	1578848
755	759	759	0	1579607
759	759	747	0	1580366
759	747	751	0	1581113
747	751	747	0	1581864
751	747	755	0	1582611
747	755	755	0	1583366
755	755	751	0	1584121
755	751	751	0	1584872
751	751	735	0	1585623
751	735	739	0	1586358
735	739	736	0	1587097
739	736	731	0	1587833
736	731	732	0	1588564
731	732	731	0	1589296
732	731	732	0	1590027
731	732	739	0	1590759
732	739	759	0	1591498
739	759	759	0	1592257
759	759	762	0	1593016
759	762	755	0	1593778
762	755	751	0	1594533
755	751	763	0	1595284
751	763	766	0	1596047
763	766	775	0	1596813
766	775	766	0	1597588
775	766	759	0	1598354
766	759	755	0	1599113
759	755	770	0	1599868
755	770	774	0	1600638
770	774	775	0	1601412
774	775	770	0	1602187
775	770	767	0	1602957
770	767	778	0	1603724
767	778	778	0	1604502
778	778	782	0	1605280
778	782	771	0	1606062
782	771	770	0	1606833
771	770	767	0	1607603
770	767	766	0	1608370
767	766	771	0	1609136
766	771	770	0	1609907
771	770	763	0	1610677
770	763	766	0	1611440
763	766	767	0	1612206
766	767	751	0	1612973
767	751	743	0	1613724
751	743	743	0	1614467
743	743	747	0	1615210
743	747	751	0	1615957
747	751	747	0	1616708
751	747	751	0	1617455
747	751	747	0	1618206
751	747	763	0	1618953
747	763	766	0	1619716
763	766	771	0	1620482
766	771	770	0	1621253
771	770	755	0	1622023
770	755	778	0	1622778
755	778	783	0	1623556
778	783	801	0	1624339
783	801	806	0	1625140
801	806	961	0	1625946
806	961	867	0	1626907
961	867	821	0	1627774
867	821	919	0	1628595
821	919	821	0	1629514
919	821	805	0	1630335
821	805	782	0	1631140
805	782	751	0	1631922
782	751	716	0	1632673
751	716	1148	0	1633389
716	1148	910	0	1634537
1148	910	853	0	1635447
910	853	832	0	1636300
853	832	821	0	1637132
832	821	810	0	1637953
821	810	805	0	1638763
810	805	887	0	1639568
805	887	802	0	1640455
887	802	766	0	1641257
802	766	740	0	1642023
766	740	731	0	1642763
740	731	736	0	1643494
731	736	739	0	1644230
736	739	1062	0	1644969
739	1062	876	0	1646031
1062	876	926	0	1646907
876	926	828	0	1647833
926	828	802	0	1648661
828	802	848	0	1649463
802	848	876	0	1650311
848	876	867	0	1651187
876	867	860	0	1652054
867	860	845	0	1652914
860	845	899	0	1653759
845	899	786	0	1654658
899	786	735	0	1655444
786	735	712	0	1656179
735	712	1070	0	1656891
712	1070	922	0	1657961
1070	922	837	0	1658883
922	837	840	0	1659720
837	840	845	0	1660560
840	845	832	0	1661405
845	832	837	0	1662237
832	837	852	0	1663074
837	852	926	0	1663926
852	926	837	0	1664852
926	837	793	0	1665689
837	793	763	0	1666482
793	763	728	0	1667245
763	728	1113	0	1667973
728	1113	984	0	1669086
1113	984	914	0	1670070
984	914	919	0	1670984
914	919	895	0	1671903
919	895	852	0	1672798
895	852	910	0	1673650
852	910	845	0	1674560
910	845	832	0	1675405
845	832	849	0	1676237
832	849	856	0	1677086
849	856	875	0	1677942
856	875	837	0	1678817
875	837	836	0	1679654
837	836	825	0	1680490
836	825	891	0	1681315
825	891	798	0	1682206
891	798	766	0	1683004
798	766	751	0	1683770
766	751	740	0	1684521
751	740	1109	0	1685261
740	1109	949	0	1686370
1109	949	825	0	1687319
949	825	778	0	1688144
825	778	763	0	1688922
778	763	747	0	1689685
763	747	743	0	1690432
747	743	716	0	1691175
743	716	1128	0	1691891
716	1128	895	0	1693019
1128	895	919	0	1693914
895	919	817	0	1694833
919	817	786	0	1695650
817	786	778	0	1696436
786	778	763	0	1697214
778	763	755	0	1697977
763	755	1175	0	1698732
755	1175	871	0	1699907
1175	871	911	0	1700778
871	911	805	0	1701689
911	805	774	0	1702494
805	774	763	0	1703268
774	763	759	0	1704031
763	759	751	0	1704790
759	751	1120	0	1705541
751	1120	880	0	1706661
1120	880	910	0	1707541
880	910	833	0	1708451
910	833	802	0	1709284
833	802	782	0	1710086
802	782	778	0	1710868
782	778	755	0	1711646
778	755	1183	0	1712401
755	1183	949	0	1713584
1183	949	837	0	1714533
949	837	793	0	1715370
837	793	763	0	1716163
793	763	743	0	1716926
763	743	751	0	1717669
743	751	740	0	1718420
751	740	1140	0	1719160
740	1140	875	0	1720300
1140	875	911	0	1721175
875	911	793	0	1722086
911	793	775	0	1722879
793	775	762	0	1723654
775	762	751	0	1724416
762	751	747	0	1725167
751	747	1102	0	1725914
747	1102	902	0	1727016
1102	902	950	0	1727918
902	950	817	0	1728868
950	817	805	0	1729685
817	805	782	0	1730490
805	782	767	0	1731272
782	767	1171	0	1732039
767	1171	953	0	1733210
1171	953	872	0	1734163
953	872	813	0	1735035
872	813	786	0	1735848
813	786	775	0	1736634
786	775	766	0	1737409
775	766	755	0	1738175
766	755	798	0	1738930
755	798	1097	0	1739728
798	1097	871	0	1740825
1097	871	810	0	1741696
871	810	871	0	1742506
810	871	759	0	1743377
871	759	739	0	1744136
759	739	728	0	1744875
739	728	732	0	1745603
728	732	716	0	1746335
732	716	1155	0	1747051
716	1155	957	0	1748206
1155	957	856	0	1749163
957	856	806	0	1750019
856	806	794	0	1750825
806	794	762	0	1751619
794	762	1144	0	1752381
762	1144	965	0	1753525
1144	965	849	0	1754490
965	849	809	0	1755339
849	809	782	0	1756148
809	782	763	0	1756930
782	763	1140	0	1757693
763	1140	949	0	1758833
1140	949	829	0	1759782
949	829	770	0	1760611
829	770	744	0	1761381
770	744	747	0	1762125
744	747	723	0	1762872
747	723	1020	0	1763595
723	1020	895	0	1764615
1020	895	914	0	1765510
895	914	794	0	1766424
914	794	763	0	1767218
794	763	762	0	1767981
763	762	751	0	1768743
762	751	732	0	1769494
751	732	1128	0	1770226
732	1128	969	0	1771354
1128	969	825	0	1772323
969	825	778	0	1773148
825	778	759	0	1773926
778	759	755	0	1774685
759	755	743	0	1775440
755	743	1144	0	1776183
743	1144	973	0	1777327
1144	973	821	0	1778300
973	821	782	0	1779121
821	782	758	0	1779903
782	758	744	0	1780661
758	744	720	0	1781405
744	720	1120	0	1782125
720	1120	930	0	1783245
1120	930	790	0	1784175
930	790	755	0	1784965
790	755	735	0	1785720
755	735	740	0	1786455
735	740	712	0	1787195
740	712	1101	0	1787907
712	1101	973	0	1789008
1101	973	809	0	1789981
973	809	770	0	1790790
809	770	747	0	1791560
770	747	740	0	1792307
747	740	720	0	1793047
740	720	1101	0	1793767
720	1101	934	0	1794868
1101	934	801	0	1795802
934	801	771	0	1796603
801	771	754	0	1797374
771	754	740	0	1798128
