index	i-1	i+0	i+1	Filter	Time
1	280	704	701	0	984
2	704	701	681	0	1685
3	701	681	692	0	2366
4	681	692	697	0	3058
5	692	697	704	0	3755
6	697	704	681	0	4459
7	704	681	704	0	5140
8	681	704	720	0	5844
9	704	720	728	0	6564
10	720	728	704	0	7292
11	728	704	720	0	7996
12	704	720	724	0	8716
13	720	724	727	0	9440
14	724	727	728	0	10167
15	727	728	696	0	10895
16	728	696	697	0	11591
17	696	697	704	0	12288
18	697	704	720	0	12992
19	704	720	720	0	13712
20	720	720	693	0	14432
21	720	693	712	0	15125
22	693	712	712	0	15837
23	712	712	731	0	16549
24	712	731	724	0	17280
25	731	724	692	0	18004
26	724	692	705	0	18696
27	692	705	700	0	19401
28	705	700	704	0	20101
29	700	704	689	0	20805
30	704	689	685	0	21494
31	689	685	696	0	22179
32	685	696	709	0	22875
33	696	709	716	0	23584
34	709	716	704	0	24300
35	716	704	689	0	25004
36	704	689	692	0	25693
37	689	692	704	0	26385
38	692	704	713	0	27089
39	704	713	712	0	27802
40	713	712	684	0	28514
41	712	684	701	0	29198
42	684	701	700	0	29899
43	701	700	712	0	30599
44	700	712	689	0	31311
45	712	689	704	0	32000
46	689	704	705	0	32704
47	704	705	716	0	33409
48	705	716	712	0	34125
49	716	712	700	0	34837
50	712	700	704	0	35537
51	700	704	712	0	36241
52	704	712	728	0	36953
53	712	728	712	0	37681
54	728	712	704	0	38393
55	712	704	712	0	39097
56	704	712	720	0	39809
57	712	720	728	0	40529
58	720	728	700	0	41257
59	728	700	720	0	41957
60	700	720	728	0	42677
61	720	728	743	0	43405
62	728	743	720	0	44148
63	743	720	716	0	44868
64	720	716	723	0	45584
65	716	723	751	0	46307
66	723	751	775	0	47058
67	751	775	751	0	47833
68	775	751	723	0	48584
69	751	723	736	0	49307
70	723	736	735	0	50043
71	736	735	740	0	50778
72	735	740	700	0	51518
73	740	700	731	0	52218
74	700	731	728	0	52949
75	731	728	739	0	53677
76	728	739	740	0	54416
77	739	740	712	0	55156
78	740	712	731	0	55868
79	712	731	740	0	56599
80	731	740	735	0	57339
81	740	735	704	0	58074
82	735	704	704	0	58778
83	704	704	709	0	59482
84	704	709	704	0	60191
85	709	704	693	0	60895
86	704	693	677	0	61588
87	693	677	681	0	62265
88	677	681	684	0	62946
89	681	684	662	0	63630
90	684	662	669	0	64292
91	662	669	677	0	64961
92	669	677	693	0	65638
93	677	693	720	0	66331
94	693	720	688	0	67051
95	720	688	677	0	67739
96	688	677	681	0	68416
97	677	681	701	0	69097
98	681	701	739	0	69798
99	701	739	778	0	70537
100	739	778	759	0	71315
101	778	759	728	0	72074
102	759	728	754	0	72802
103	728	754	779	0	73556
104	754	779	809	0	74335
105	779	809	782	0	75144
106	809	782	735	0	75926
107	782	735	755	0	76661
108	735	755	763	0	77416
109	755	763	774	0	78179
110	763	774	775	0	78953
111	774	775	735	0	79728
112	775	735	751	0	80463
113	735	751	751	0	81214
114	751	751	751	0	81965
115	751	751	724	0	82716
116	751	724	747	0	83440
117	724	747	762	0	84187
118	747	762	783	0	84949
119	762	783	739	0	85732
120	783	739	755	0	86471
121	739	755	770	0	87226
122	755	770	778	0	87996
123	770	778	744	0	88774
124	778	744	731	0	89518
125	744	731	739	0	90249
126	731	739	759	0	90988
127	739	759	747	0	91747
128	759	747	724	0	92494
129	747	724	728	0	93218
130	724	728	747	0	93946
131	728	747	754	0	94693
132	747	754	759	0	95447
133	754	759	716	0	96206
134	759	716	724	0	96922
135	716	724	728	0	97646
136	724	728	727	0	98374
137	728	727	693	0	99101
138	727	693	688	0	99794
139	693	688	689	0	100482
140	688	689	712	0	101171
141	689	712	755	0	101883
142	712	755	806	0	102638
143	755	806	770	0	103444
144	806	770	747	0	104214
145	770	747	771	0	104961
146	747	771	766	0	105732
147	771	766	751	0	106498
148	766	751	720	0	107249
149	751	720	689	0	107969
150	720	689	692	0	108658
151	689	692	689	0	109350
152	692	689	739	0	110039
153	689	739	751	0	110778
154	739	751	817	0	111529
155	751	817	821	0	112346
156	817	821	849	0	113167
157	821	849	805	0	114016
158	849	805	770	0	114821
159	805	770	732	0	115591
160	770	732	712	0	116323
161	732	712	704	0	117035
162	712	704	712	0	117739
163	704	712	697	0	118451
164	712	697	716	0	119148
165	697	716	739	0	119864
166	716	739	755	0	120603
167	739	755	786	0	121358
168	755	786	802	0	122144
169	786	802	762	0	122946
170	802	762	767	0	123708
171	762	767	770	0	124475
172	767	770	774	0	125245
173	770	774	759	0	126019
174	774	759	728	0	126778
175	759	728	727	0	127506
176	728	727	740	0	128233
177	727	740	762	0	128973
178	740	762	763	0	129735
179	762	763	724	0	130498
180	763	724	700	0	131222
181	724	700	704	0	131922
182	700	704	689	0	132626
183	704	689	704	0	133315
184	689	704	705	0	134019
185	704	705	708	0	134724
186	705	708	731	0	135432
187	708	731	751	0	136163
188	731	751	751	0	136914
189	751	751	755	0	137665
190	751	755	767	0	138420
191	755	767	774	0	139187
192	767	774	798	0	139961
193	774	798	794	0	140759
194	798	794	801	0	141553
195	794	801	751	0	142354
196	801	751	774	0	143105
197	751	774	767	0	143879
198	774	767	794	0	144646
199	767	794	793	0	145440
200	794	793	810	0	146233
201	793	810	766	0	147043
202	810	766	786	0	147809
203	766	786	798	0	148595
204	786	798	805	0	149393
205	798	805	810	0	150198
206	805	810	797	0	151008
207	810	797	763	0	151805
208	797	763	763	0	152568
209	763	763	770	0	153331
210	763	770	782	0	154101
211	770	782	771	0	154883
212	782	771	743	0	155654
213	771	743	728	0	156397
214	743	728	731	0	157125
215	728	731	728	0	157856
216	731	728	735	0	158584
217	728	735	728	0	159319
218	735	728	700	0	160047
219	728	700	708	0	160747
220	700	708	724	0	161455
221	708	724	743	0	162179
222	724	743	759	0	162922
223	743	759	751	0	163681
224	759	751	735	0	164432
225	751	735	716	0	165167
226	735	716	716	0	165883
227	716	716	716	0	166599
228	716	716	728	0	167315
229	716	728	739	0	168043
230	728	739	743	0	168782
231	739	743	747	0	169525
232	743	747	716	0	170272
233	747	716	720	0	170988
234	716	720	732	0	171708
235	720	732	743	0	172440
236	732	743	759	0	173183
237	743	759	743	0	173942
238	759	743	724	0	174685
239	743	724	743	0	175409
240	724	743	755	0	176152
241	743	755	766	0	176907
242	755	766	778	0	177673
243	766	778	782	0	178451
244	778	782	724	0	179233
245	782	724	747	0	179957
246	724	747	747	0	180704
247	747	747	763	0	181451
248	747	763	774	0	182214
249	763	774	744	0	182988
250	774	744	739	0	183732
251	744	739	747	0	184471
252	739	747	755	0	185218
253	747	755	762	0	185973
254	755	762	724	0	186735
255	762	724	728	0	187459
256	724	728	735	0	188187
257	728	735	736	0	188922
258	735	736	751	0	189658
259	736	751	747	0	190409
260	751	747	719	0	191156
261	747	719	744	0	191875
262	719	744	739	0	192619
263	744	739	743	0	193358
264	739	743	716	0	194101
265	743	716	724	0	194817
266	716	724	720	0	195541
267	724	720	720	0	196261
268	720	720	708	0	196981
269	720	708	720	0	197689
270	708	720	727	0	198409
271	720	727	763	0	199136
272	727	763	755	0	199899
273	763	755	739	0	200654
274	755	739	747	0	201393
275	739	747	763	0	202140
276	747	763	758	0	202903
277	763	758	763	0	203661
278	758	763	751	0	204424
279	763	751	712	0	205175
280	751	712	704	0	205887
281	712	704	705	0	206591
282	704	705	685	0	207296
283	705	685	688	0	207981
284	685	688	681	0	208669
285	688	681	704	0	209350
286	681	704	732	0	210054
287	704	732	743	0	210786
288	732	743	728	0	211529
289	743	728	727	0	212257
290	728	727	720	0	212984
291	727	720	747	0	213704
292	720	747	767	0	214451
293	747	767	766	0	215218
294	767	766	767	0	215984
295	766	767	728	0	216751
296	767	728	735	0	217479
297	728	735	751	0	218214
298	735	751	763	0	218965
299	751	763	770	0	219728
300	763	770	743	0	220498
301	770	743	732	0	221241
302	743	732	739	0	221973
303	732	739	751	0	222712
304	739	751	763	0	223463
305	751	763	762	0	224226
306	763	762	747	0	224988
307	762	747	732	0	225735
308	747	732	747	0	226467
309	732	747	770	0	227214
310	747	770	771	0	227984
311	770	771	766	0	228755
312	771	766	775	0	229521
313	766	775	790	0	230296
314	775	790	793	0	231086
315	790	793	751	0	231879
316	793	751	751	0	232630
317	751	751	744	0	233381
318	751	744	743	0	234125
319	744	743	723	0	234868
320	743	723	697	0	235591
321	723	697	685	0	236288
322	697	685	700	0	236973
323	685	700	736	0	237673
324	700	736	778	0	238409
325	736	778	805	0	239187
326	778	805	825	0	239992
327	805	825	817	0	240817
328	825	817	775	0	241634
329	817	775	793	0	242409
330	775	793	794	0	243202
331	793	794	817	0	243996
332	794	817	825	0	244813
333	817	825	782	0	245638
334	825	782	790	0	246420
335	782	790	802	0	247210
336	790	802	828	0	248012
337	802	828	849	0	248840
338	828	849	832	0	249689
339	849	832	794	0	250521
340	832	794	794	0	251315
341	794	794	805	0	252109
342	794	805	806	0	252914
343	805	806	813	0	253720
344	806	813	767	0	254533
345	813	767	762	0	255300
346	767	762	790	0	256062
347	762	790	813	0	256852
348	790	813	821	0	257665
349	813	821	818	0	258486
350	821	818	785	0	259304
351	818	785	794	0	260089
352	785	794	802	0	260883
353	794	802	813	0	261685
354	802	813	786	0	262498
355	813	786	759	0	263284
356	786	759	774	0	264043
357	759	774	778	0	264817
358	774	778	806	0	265595
359	778	806	762	0	266401
360	806	762	775	0	267163
361	762	775	786	0	267938
362	775	786	782	0	268724
363	786	782	782	0	269506
364	782	782	731	0	270288
365	782	731	744	0	271019
366	731	744	727	0	271763
367	744	727	747	0	272490
368	727	747	747	0	273237
369	747	747	732	0	273984
370	747	732	712	0	274716
371	732	712	708	0	275428
372	712	708	701	0	276136
373	708	701	716	0	276837
374	701	716	731	0	277553
375	716	731	739	0	278284
376	731	739	747	0	279023
377	739	747	736	0	279770
378	747	736	720	0	280506
379	736	720	739	0	281226
380	720	739	755	0	281965
381	739	755	805	0	282720
382	755	805	814	0	283525
383	805	814	805	0	284339
384	814	805	782	0	285144
385	805	782	778	0	285926
386	782	778	798	0	286704
387	778	798	805	0	287502
388	798	805	818	0	288307
389	805	818	801	0	289125
390	818	801	759	0	289926
391	801	759	762	0	290685
392	759	762	775	0	291447
393	762	775	801	0	292222
394	775	801	810	0	293023
395	801	810	786	0	293833
396	810	786	790	0	294619
397	786	790	797	0	295409
398	790	797	810	0	296206
399	797	810	797	0	297016
400	810	797	759	0	297813
401	797	759	763	0	298572
402	759	763	770	0	299335
403	763	770	786	0	300105
404	770	786	778	0	300891
405	786	778	755	0	301669
406	778	755	771	0	302424
407	755	771	774	0	303195
408	771	774	782	0	303969
409	774	782	751	0	304751
410	782	751	747	0	305502
411	751	747	763	0	306249
412	747	763	778	0	307012
413	763	778	782	0	307790
414	778	782	747	0	308572
415	782	747	755	0	309319
416	747	755	766	0	310074
417	755	766	767	0	310840
418	766	767	778	0	311607
419	767	778	740	0	312385
420	778	740	739	0	313125
421	740	739	743	0	313864
422	739	743	763	0	314607
423	743	763	786	0	315370
424	763	786	770	0	316156
425	786	770	747	0	316926
426	770	747	751	0	317673
427	747	751	767	0	318424
428	751	767	762	0	319191
429	767	762	740	0	319953
430	762	740	719	0	320693
431	740	719	720	0	321412
432	719	720	736	0	322132
433	720	736	758	0	322868
434	736	758	759	0	323626
435	758	759	736	0	324385
436	759	736	735	0	325121
437	736	735	751	0	325856
438	735	751	767	0	326607
439	751	767	766	0	327374
440	767	766	767	0	328140
441	766	767	723	0	328907
442	767	723	720	0	329630
443	723	720	732	0	330350
444	720	732	751	0	331082
445	732	751	755	0	331833
446	751	755	762	0	332588
447	755	762	732	0	333350
448	762	732	731	0	334082
449	732	731	743	0	334813
450	731	743	759	0	335556
451	743	759	771	0	336315
452	759	771	758	0	337086
453	771	758	732	0	337844
454	758	732	731	0	338576
455	732	731	744	0	339307
456	731	744	770	0	340051
457	744	770	782	0	340821
458	770	782	763	0	341603
459	782	763	735	0	342366
460	763	735	732	0	343101
461	735	732	751	0	343833
462	732	751	766	0	344584
463	751	766	755	0	345350
464	766	755	732	0	346105
465	755	732	731	0	346837
466	732	731	743	0	347568
467	731	743	747	0	348311
468	743	747	759	0	349058
469	747	759	720	0	349817
470	759	720	716	0	350537
471	720	716	728	0	351253
472	716	728	731	0	351981
473	728	731	751	0	352712
474	731	751	743	0	353463
475	751	743	716	0	354206
476	743	716	724	0	354922
477	716	724	743	0	355646
478	724	743	767	0	356389
479	743	767	762	0	357156
480	767	762	740	0	357918
481	762	740	762	0	358658
482	740	762	778	0	359420
483	762	778	794	0	360198
484	778	794	759	0	360992
485	794	759	735	0	361751
486	759	735	732	0	362486
487	735	732	743	0	363218
488	732	743	755	0	363961
489	743	755	751	0	364716
490	755	751	731	0	365467
491	751	731	744	0	366198
492	731	744	758	0	366942
493	744	758	763	0	367700
494	758	763	755	0	368463
495	763	755	735	0	369218
496	755	735	747	0	369953
497	735	747	747	0	370700
498	747	747	767	0	371447
499	747	767	755	0	372214
500	767	755	735	0	372969
501	755	735	732	0	373704
502	735	732	751	0	374436
503	732	751	778	0	375187
504	751	778	759	0	375965
505	778	759	739	0	376724
506	759	739	751	0	377463
507	739	751	755	0	378214
508	751	755	774	0	378969
509	755	774	782	0	379743
510	774	782	755	0	380525
511	782	755	755	0	381280
512	755	755	770	0	382035
513	755	770	783	0	382805
514	770	783	801	0	383588
515	783	801	782	0	384389
516	801	782	743	0	385171
517	782	743	712	0	385914
518	743	712	713	0	386626
519	712	713	708	0	387339
520	713	708	723	0	388047
521	708	723	712	0	388770
522	723	712	697	0	389482
523	712	697	712	0	390179
524	697	712	732	0	390891
525	712	732	739	0	391623
526	732	739	755	0	392362
527	739	755	758	0	393117
528	755	758	763	0	393875
529	758	763	736	0	394638
530	763	736	715	0	395374
531	736	715	716	0	396089
532	715	716	728	0	396805
533	716	728	739	0	397533
534	728	739	755	0	398272
535	739	755	720	0	399027
536	755	720	732	0	399747
537	720	732	758	0	400479
538	732	758	790	0	401237
539	758	790	810	0	402027
540	790	810	778	0	402837
541	810	778	766	0	403615
542	778	766	782	0	404381
543	766	782	810	0	405163
544	782	810	829	0	405973
545	810	829	832	0	406802
546	829	832	810	0	407634
547	832	810	762	0	408444
548	810	762	763	0	409206
549	762	763	778	0	409969
550	763	778	813	0	410747
551	778	813	810	0	411560
552	813	810	801	0	412370
553	810	801	763	0	413171
554	801	763	774	0	413934
555	763	774	786	0	414708
556	774	786	813	0	415494
557	786	813	814	0	416307
558	813	814	805	0	417121
559	814	805	774	0	417926
560	805	774	775	0	418700
561	774	775	778	0	419475
562	775	778	813	0	420253
563	778	813	829	0	421066
564	813	829	805	0	421895
565	829	805	775	0	422700
566	805	775	790	0	423475
567	775	790	797	0	424265
568	790	797	810	0	425062
569	797	810	813	0	425872
570	810	813	778	0	426685
571	813	778	802	0	427463
572	778	802	809	0	428265
573	802	809	817	0	429074
574	809	817	821	0	429891
575	817	821	786	0	430712
576	821	786	786	0	431498
577	786	786	798	0	432284
578	786	798	805	0	433082
579	798	805	806	0	433887
580	805	806	770	0	434693
581	806	770	782	0	435463
582	770	782	798	0	436245
583	782	798	809	0	437043
584	798	809	802	0	437852
585	809	802	755	0	438654
586	802	755	758	0	439409
587	755	758	771	0	440167
588	758	771	786	0	440938
589	771	786	786	0	441724
590	786	786	766	0	442510
591	786	766	736	0	443276
592	766	736	743	0	444012
593	736	743	751	0	444755
594	743	751	774	0	445506
595	751	774	802	0	446280
596	774	802	790	0	447082
597	802	790	758	0	447872
598	790	758	767	0	448630
599	758	767	774	0	449397
600	767	774	767	0	450171
601	774	767	739	0	450938
602	767	739	720	0	451677
603	739	720	735	0	452397
604	720	735	743	0	453132
605	735	743	755	0	453875
606	743	755	724	0	454630
607	755	724	739	0	455354
608	724	739	736	0	456093
609	739	736	751	0	456829
610	736	751	751	0	457580
611	751	751	731	0	458331
612	751	731	732	0	459062
613	731	732	755	0	459794
614	732	755	778	0	460549
615	755	778	798	0	461327
616	778	798	793	0	462125
617	798	793	802	0	462918
618	793	802	813	0	463720
619	802	813	763	0	464533
620	813	763	758	0	465296
621	763	758	767	0	466054
622	758	767	786	0	466821
623	767	786	802	0	467607
624	786	802	789	0	468409
625	802	789	771	0	469198
626	789	771	790	0	469969
627	771	790	786	0	470759
628	790	786	794	0	471545
629	786	794	786	0	472339
630	794	786	750	0	473125
631	786	750	759	0	473875
632	750	759	771	0	474634
633	759	771	793	0	475405
634	771	793	821	0	476198
635	793	821	802	0	477019
636	821	802	759	0	477821
637	802	759	755	0	478580
638	759	755	770	0	479335
639	755	770	786	0	480105
640	770	786	802	0	480891
641	786	802	770	0	481693
642	802	770	759	0	482463
643	770	759	786	0	483222
644	759	786	809	0	484008
645	786	809	821	0	484817
646	809	821	790	0	485638
647	821	790	763	0	486428
648	790	763	774	0	487191
649	763	774	786	0	487965
650	774	786	798	0	488751
651	786	798	790	0	489549
652	798	790	754	0	490339
653	790	754	767	0	491093
654	754	767	774	0	491860
655	767	774	763	0	492634
656	774	763	755	0	493397
657	763	755	743	0	494152
658	755	743	724	0	494895
659	743	724	727	0	495619
660	724	727	747	0	496346
661	727	747	771	0	497093
662	747	771	790	0	497864
663	771	790	778	0	498654
664	790	778	755	0	499432
665	778	755	770	0	500187
666	755	770	767	0	500957
667	770	767	782	0	501724
668	767	782	762	0	502506
669	782	762	736	0	503268
670	762	736	743	0	504004
671	736	743	774	0	504747
672	743	774	790	0	505521
673	774	790	790	0	506311
674	790	790	771	0	507101
675	790	771	782	0	507872
676	771	782	793	0	508654
677	782	793	786	0	509447
678	793	786	775	0	510233
679	786	775	735	0	511008
680	775	735	716	0	511743
681	735	716	708	0	512459
682	716	708	705	0	513167
683	708	705	751	0	513872
684	705	751	743	0	514623
685	751	743	716	0	515366
686	743	716	723	0	516082
687	716	723	755	0	516805
688	723	755	759	0	517560
689	755	759	774	0	518319
690	759	774	767	0	519093
691	774	767	778	0	519860
692	767	778	767	0	520638
693	778	767	731	0	521405
694	767	731	732	0	522136
695	731	732	751	0	522868
696	732	751	762	0	523619
697	751	762	771	0	524381
698	762	771	731	0	525152
699	771	731	747	0	525883
700	731	747	767	0	526630
701	747	767	778	0	527397
702	767	778	774	0	528175
703	778	774	747	0	528949
704	774	747	763	0	529696
705	747	763	786	0	530459
706	763	786	786	0	531245
707	786	786	778	0	532031
708	786	778	744	0	532809
709	778	744	762	0	533553
710	744	762	794	0	534315
711	762	794	809	0	535109
712	794	809	806	0	535918
713	809	806	758	0	536724
714	806	758	748	0	537482
715	758	748	735	0	538230
716	748	735	731	0	538965
717	735	731	724	0	539696
718	731	724	708	0	540420
719	724	708	724	0	541128
720	708	724	739	0	541852
721	724	739	767	0	542591
722	739	767	790	0	543358
723	767	790	759	0	544148
724	790	759	731	0	544907
725	759	731	739	0	545638
726	731	739	748	0	546377
727	739	748	758	0	547125
728	748	758	740	0	547883
729	758	740	708	0	548623
730	740	708	712	0	549331
731	708	712	720	0	550043
732	712	720	774	0	550763
733	720	774	759	0	551537
734	774	759	747	0	552296
735	759	747	778	0	553043
736	747	778	790	0	553821
737	778	790	798	0	554611
738	790	798	789	0	555409
739	798	789	783	0	556198
740	789	783	766	0	556981
741	783	766	735	0	557747
742	766	735	736	0	558482
743	735	736	751	0	559218
744	736	751	774	0	559969
745	751	774	798	0	560743
746	774	798	778	0	561541
747	798	778	759	0	562319
748	778	759	770	0	563078
749	759	770	778	0	563848
750	770	778	790	0	564626
751	778	790	790	0	565416
752	790	790	771	0	566206
753	790	771	774	0	566977
754	771	774	790	0	567751
755	774	790	805	0	568541
756	790	805	817	0	569346
757	805	817	810	0	570163
758	817	810	770	0	570973
759	810	770	775	0	571743
760	770	775	782	0	572518
761	775	782	797	0	573300
762	782	797	798	0	574097
763	797	798	790	0	574895
764	798	790	762	0	575685
765	790	762	751	0	576447
766	762	751	763	0	577198
767	751	763	767	0	577961
768	763	767	797	0	578728
769	767	797	786	0	579525
770	797	786	755	0	580311
771	786	755	755	0	581066
772	755	755	770	0	581821
773	755	770	798	0	582591
774	770	798	821	0	583389
775	798	821	821	0	584210
776	821	821	790	0	585031
777	821	790	770	0	585821
778	790	770	759	0	586591
779	770	759	720	0	587350
780	759	720	724	0	588070
781	720	724	731	0	588794
782	724	731	740	0	589525
783	731	740	751	0	590265
784	740	751	778	0	591016
785	751	778	778	0	591794
786	778	778	747	0	592572
787	778	747	732	0	593319
788	747	732	743	0	594051
789	732	743	762	0	594794
790	743	762	798	0	595556
791	762	798	786	0	596354
792	798	786	767	0	597140
793	786	767	774	0	597907
794	767	774	798	0	598681
795	774	798	832	0	599479
796	798	832	825	0	600311
797	832	825	810	0	601136
798	825	810	778	0	601946
799	810	778	786	0	602724
800	778	786	794	0	603510
801	786	794	813	0	604304
802	794	813	801	0	605117
803	813	801	767	0	605918
804	801	767	766	0	606685
805	767	766	775	0	607451
806	766	775	782	0	608226
807	775	782	801	0	609008
808	782	801	786	0	609809
809	801	786	767	0	610595
810	786	767	774	0	611362
811	767	774	786	0	612136
812	774	786	802	0	612922
813	786	802	805	0	613724
814	802	805	813	0	614529
815	805	813	802	0	615342
816	813	802	790	0	616144
817	802	790	747	0	616934
818	790	747	747	0	617681
819	747	747	755	0	618428
820	747	755	778	0	619183
821	755	778	790	0	619961
822	778	790	778	0	620751
823	790	778	751	0	621529
824	778	751	747	0	622280
825	751	747	759	0	623027
826	747	759	770	0	623786
827	759	770	771	0	624556
828	770	771	751	0	625327
829	771	751	731	0	626078
830	751	731	732	0	626809
831	731	732	743	0	627541
832	732	743	778	0	628284
833	743	778	782	0	629062
834	778	782	747	0	629844
835	782	747	751	0	630591
836	747	751	767	0	631342
837	751	767	770	0	632109
838	767	770	775	0	632879
839	770	775	743	0	633654
840	775	743	743	0	634397
841	743	743	755	0	635140
842	743	755	770	0	635895
843	755	770	775	0	636665
844	770	775	758	0	637440
845	775	758	736	0	638198
846	758	736	747	0	638934
847	736	747	763	0	639681
848	747	763	770	0	640444
849	763	770	770	0	641214
850	770	770	759	0	641984
851	770	759	732	0	642743
852	759	732	720	0	643475
853	732	720	727	0	644195
854	720	727	751	0	644922
855	727	751	767	0	645673
856	751	767	731	0	646440
857	767	731	740	0	647171
858	731	740	750	0	647911
859	740	750	763	0	648661
860	750	763	771	0	649424
861	763	771	743	0	650195
862	771	743	723	0	650938
863	743	723	728	0	651661
864	723	728	724	0	652389
865	728	724	743	0	653113
866	724	743	712	0	653856
867	743	712	704	0	654568
868	712	704	701	0	655272
869	704	701	723	0	655973
870	701	723	736	0	656696
871	723	736	747	0	657432
872	736	747	732	0	658179
873	747	732	708	0	658911
874	732	708	704	0	659619
875	708	704	689	0	660323
876	704	689	688	0	661012
877	689	688	693	0	661700
878	688	693	689	0	662393
879	693	689	681	0	663082
880	689	681	673	0	663763
881	681	673	673	0	664436
882	673	673	693	0	665109
883	673	693	684	0	665802
884	693	684	693	0	666486
885	684	693	716	0	667179
886	693	716	735	0	667895
887	716	735	744	0	668630
888	735	744	743	0	669374
889	744	743	723	0	670117
890	743	723	732	0	670840
891	723	732	747	0	671572
892	732	747	763	0	672319
893	747	763	762	0	673082
894	763	762	732	0	673844
895	762	732	724	0	674576
896	732	724	727	0	675300
897	724	727	724	0	676027
898	727	724	708	0	676751
899	724	708	712	0	677459
900	708	712	728	0	678171
901	712	728	755	0	678899
902	728	755	758	0	679654
903	755	758	744	0	680412
904	758	744	723	0	681156
905	744	723	728	0	681879
906	723	728	739	0	682607
907	728	739	751	0	683346
908	739	751	740	0	684097
909	751	740	727	0	684837
910	740	727	728	0	685564
911	727	728	747	0	686292
912	728	747	759	0	687039
913	747	759	770	0	687798
914	759	770	736	0	688568
915	770	736	723	0	689304
916	736	723	736	0	690027
917	723	736	751	0	690763
918	736	751	747	0	691514
919	751	747	731	0	692261
920	747	731	720	0	692992
921	731	720	720	0	693712
922	720	720	712	0	694432
923	720	712	712	0	695144
924	712	712	693	0	695856
925	712	693	696	0	696549
926	693	696	720	0	697245
927	696	720	739	0	697965
928	720	739	728	0	698704
929	739	728	712	0	699432
930	728	712	728	0	700144
931	712	728	743	0	700872
932	728	743	755	0	701615
933	743	755	751	0	702370
934	755	751	723	0	703121
935	751	723	732	0	703844
936	723	732	731	0	704576
937	732	731	709	0	705307
938	731	709	680	0	706016
939	709	680	701	0	706696
940	680	701	669	0	707397
941	701	669	654	0	708066
942	669	654	642	0	708720
943	654	642	634	0	709362
944	642	634	646	0	709996
945	634	646	673	0	710642
946	646	673	693	0	711315
947	673	693	712	0	712008
948	693	712	724	0	712720
949	712	724	739	0	713444
950	724	739	731	0	714183
951	739	731	732	0	714914
952	731	732	720	0	715646
953	732	720	700	0	716366
954	720	700	685	0	717066
955	700	685	681	0	717751
956	685	681	700	0	718432
957	681	700	705	0	719132
958	700	705	719	0	719837
959	705	719	697	0	720556
960	719	697	696	0	721253
961	697	696	697	0	721949
962	696	697	716	0	722646
963	697	716	751	0	723362
964	716	751	782	0	724113
965	751	782	782	0	724895
966	782	782	755	0	725677
967	782	755	735	0	726432
968	755	735	744	0	727167
969	735	744	750	0	727911
970	744	750	755	0	728661
971	750	755	751	0	729416
972	755	751	724	0	730167
973	751	724	716	0	730891
974	724	716	728	0	731607
975	716	728	735	0	732335
976	728	735	743	0	733070
977	735	743	743	0	733813
978	743	743	732	0	734556
979	743	732	712	0	735288
980	732	712	720	0	736000
981	712	720	727	0	736720
982	720	727	736	0	737447
983	727	736	728	0	738183
984	736	728	735	0	738911
985	728	735	739	0	739646
986	735	739	740	0	740385
987	739	740	719	0	741125
988	740	719	736	0	741844
989	719	736	712	0	742580
990	736	712	716	0	743292
991	712	716	731	0	744008
992	716	731	705	0	744739
993	731	705	719	0	745444
994	705	719	720	0	746163
995	719	720	716	0	746883
996	720	716	705	0	747599
997	716	705	708	0	748304
998	705	708	720	0	749012
999	708	720	700	0	749732
1000	720	700	708	0	750432
1001	700	708	720	0	751140
1002	708	720	724	0	751860
1003	720	724	716	0	752584
1004	724	716	719	0	753300
1005	716	719	724	0	754019
1006	719	724	712	0	754743
1007	724	712	685	0	755455
1008	712	685	697	0	756140
1009	685	697	688	0	756837
1010	697	688	693	0	757525
1011	688	693	677	0	758218
1012	693	677	700	0	758895
1013	677	700	716	0	759595
1014	700	716	724	0	760311
1015	716	724	704	0	761035
1016	724	704	724	0	761739
1017	704	724	728	0	762463
1018	724	728	739	0	763191
1019	728	739	728	0	763930
1020	739	728	712	0	764658
1021	728	712	712	0	765370
1022	712	712	716	0	766082
1023	712	716	723	0	766798
1024	716	723	705	0	767521
1025	723	705	696	0	768226
1026	705	696	716	0	768922
1027	696	716	728	0	769638
1028	716	728	735	0	770366
1029	728	735	720	0	771101
1030	735	720	700	0	771821
1031	720	700	705	0	772521
1032	700	705	712	0	773226
1033	705	712	716	0	773938
1034	712	716	700	0	774654
1035	716	700	708	0	775354
1036	700	708	720	0	776062
1037	708	720	732	0	776782
1038	720	732	731	0	777514
1039	732	731	697	0	778245
1040	731	697	712	0	778942
1041	697	712	708	0	779654
1042	712	708	704	0	780362
1043	708	704	685	0	781066
1044	704	685	700	0	781751
1045	685	700	705	0	782451
1046	700	705	716	0	783156
1047	705	716	692	0	783872
1048	716	692	712	0	784564
1049	692	712	712	0	785276
1050	712	712	708	0	785988
1051	712	708	697	0	786696
1052	708	697	700	0	787393
1053	697	700	701	0	788093
1054	700	701	712	0	788794
1055	701	712	704	0	789506
1056	712	704	693	0	790210
1057	704	693	708	0	790903
1058	693	708	731	0	791611
1059	708	731	736	0	792342
1060	731	736	712	0	793078
1061	736	712	739	0	793790
1062	712	739	751	0	794529
1063	739	751	759	0	795280
1064	751	759	731	0	796039
1065	759	731	724	0	796770
1066	731	724	716	0	797494
1067	724	716	724	0	798210
1068	716	724	724	0	798934
1069	724	724	712	0	799658
1070	724	712	688	0	800370
1071	712	688	701	0	801058
1072	688	701	704	0	801759
1073	701	704	693	0	802463
1074	704	693	688	0	803156
1075	693	688	693	0	803844
1076	688	693	700	0	804537
1077	693	700	709	0	805237
1078	700	709	696	0	805946
1079	709	696	697	0	806642
1080	696	697	712	0	807339
1081	697	712	712	0	808051
1082	712	712	723	0	808763
1083	712	723	693	0	809486
1084	723	693	735	0	810179
1085	693	735	728	0	810914
1086	735	728	735	0	811642
1087	728	735	712	0	812377
1088	735	712	716	0	813089
1089	712	716	732	0	813805
1090	716	732	743	0	814537
1091	732	743	716	0	815280
1092	743	716	704	0	815996
1093	716	704	712	0	816700
1094	704	712	713	0	817412
1095	712	713	704	0	818125
1096	713	704	692	0	818829
1097	704	692	677	0	819521
1098	692	677	685	0	820198
1099	677	685	697	0	820883
1100	685	697	685	0	821580
1101	697	685	677	0	822265
1102	685	677	700	0	822942
1103	677	700	716	0	823642
1104	700	716	704	0	824358
1105	716	704	708	0	825062
1106	704	708	744	0	825770
1107	708	744	747	0	826514
1108	744	747	766	0	827261
1109	747	766	728	0	828027
1110	766	728	735	0	828755
1111	728	735	751	0	829490
1112	735	751	728	0	830241
1113	751	728	743	0	830969
1114	728	743	739	0	831712
1115	743	739	744	0	832451
1116	739	744	716	0	833195
1117	744	716	700	0	833911
1118	716	700	704	0	834611
1119	700	704	701	0	835315
1120	704	701	696	0	836016
1121	701	696	677	0	836712
1122	696	677	685	0	837389
1123	677	685	681	0	838074
1124	685	681	677	0	838755
1125	681	677	673	0	839432
1126	677	673	673	0	840105
1127	673	673	701	0	840778
1128	673	701	727	0	841479
1129	701	727	705	0	842206
1130	727	705	704	0	842911
1131	705	704	720	0	843615
1132	704	720	735	0	844335
1133	720	735	716	0	845070
1134	735	716	704	0	845786
1135	716	704	716	0	846490
1136	704	716	732	0	847206
1137	716	732	735	0	847938
1138	732	735	708	0	848673
1139	735	708	716	0	849381
1140	708	716	724	0	850097
1141	716	724	712	0	850821
1142	724	712	704	0	851533
1143	712	704	681	0	852237
1144	704	681	697	0	852918
1145	681	697	700	0	853615
1146	697	700	701	0	854315
1147	700	701	692	0	855016
1148	701	692	677	0	855708
1149	692	677	693	0	856385
1150	677	693	700	0	857078
1151	693	700	712	0	857778
1152	700	712	697	0	858490
1153	712	697	677	0	859187
1154	697	677	692	0	859864
1155	677	692	701	0	860556
1156	692	701	716	0	861257
1157	701	716	712	0	861973
1158	716	712	689	0	862685
1159	712	689	700	0	863374
1160	689	700	708	0	864074
1161	700	708	720	0	864782
1162	708	720	700	0	865502
1163	720	700	689	0	866202
1164	700	689	693	0	866891
1165	689	693	696	0	867584
1166	693	696	712	0	868280
1167	696	712	701	0	868992
1168	712	701	688	0	869693
1169	701	688	701	0	870381
1170	688	701	700	0	871082
1171	701	700	704	0	871782
1172	700	704	681	0	872486
1173	704	681	697	0	873167
1174	681	697	700	0	873864
1175	697	700	701	0	874564
1176	700	701	673	0	875265
1177	701	673	677	0	875938
1178	673	677	673	0	876615
1179	677	673	689	0	877288
1180	673	689	692	0	877977
1181	689	692	662	0	878669
1182	692	662	669	0	879331
1183	662	669	673	0	880000
1184	669	673	681	0	880673
1185	673	681	689	0	881354
1186	681	689	665	0	882043
1187	689	665	662	0	882708
1188	665	662	673	0	883370
1189	662	673	681	0	884043
1190	673	681	685	0	884724
1191	681	685	684	0	885409
1192	685	684	662	0	886093
1193	684	662	657	0	886755
1194	662	657	670	0	887412
1195	657	670	688	0	888082
1196	670	688	689	0	888770
1197	688	689	673	0	889459
1198	689	673	689	0	890132
1199	673	689	697	0	890821
1200	689	697	712	0	891518
1201	697	712	692	0	892230
1202	712	692	677	0	892922
1203	692	677	697	0	893599
1204	677	697	704	0	894296
1205	697	704	700	0	895000
1206	704	700	689	0	895700
1207	700	689	665	0	896389
1208	689	665	678	0	897054
1209	665	678	684	0	897732
1210	678	684	701	0	898416
1211	684	701	704	0	899117
1212	701	704	669	0	899821
1213	704	669	662	0	900490
1214	669	662	669	0	901152
1215	662	669	677	0	901821
1216	669	677	673	0	902498
1217	677	673	701	0	903171
1218	673	701	665	0	903872
1219	701	665	689	0	904537
1220	665	689	673	0	905226
1221	689	673	700	0	905899
1222	673	700	693	0	906599
1223	700	693	681	0	907292
1224	693	681	692	0	907973
1225	681	692	705	0	908665
1226	692	705	692	0	909370
1227	705	692	673	0	910062
1228	692	673	662	0	910735
1229	673	662	661	0	911397
1230	662	661	635	0	912058
1231	661	635	634	0	912693
1232	635	634	634	0	913327
1233	634	634	619	0	913961
1234	634	619	618	0	914580
1235	619	618	635	0	915198
1236	618	635	622	0	915833
1237	635	622	623	0	916455
1238	622	623	626	0	917078
1239	623	626	623	0	917704
1240	626	623	622	0	918327
1241	623	622	619	0	918949
1242	622	619	607	0	919568
1243	619	607	607	0	920175
1244	607	607	619	0	920782
1245	607	619	626	0	921401
1246	619	626	634	0	922027
1247	626	634	643	0	922661
1248	634	643	645	0	923304
1249	643	645	646	0	923949
1250	645	646	646	0	924595
1251	646	646	634	0	925241
1252	646	634	643	0	925875
1253	634	643	645	0	926518
1254	643	645	685	0	927163
1255	645	685	693	0	927848
1256	685	693	673	0	928541
1257	693	673	677	0	929214
1258	673	677	689	0	929891
1259	677	689	681	0	930580
1260	689	681	653	0	931261
1261	681	653	650	0	931914
1262	653	650	662	0	932564
1263	650	662	661	0	933226
1264	662	661	642	0	933887
1265	661	642	638	0	934529
1266	642	638	623	0	935167
1267	638	623	622	0	935790
1268	623	622	607	0	936412
1269	622	607	611	0	937019
1270	607	611	600	0	937630
1271	611	600	583	0	938230
1272	600	583	596	0	938813
1273	583	596	595	0	939409
1274	596	595	576	0	940004
1275	595	576	572	0	940580
1276	576	572	583	0	941152
1277	572	583	572	0	941735
1278	583	572	565	0	942307
1279	572	565	568	0	942872
1280	565	568	552	0	943440
1281	568	552	557	0	943992
1282	552	557	548	0	944549
1283	557	548	549	0	945097
1284	548	549	545	0	945646
1285	549	545	537	0	946191
1286	545	537	529	0	946728
1287	537	529	556	0	947257
1288	529	556	533	0	947813
1289	556	533	522	0	948346
1290	533	522	529	0	948868
1291	522	529	521	0	949397
1292	529	521	526	0	949918
1293	521	526	517	0	950444
1294	526	517	521	0	950961
1295	517	521	514	0	951482
1296	521	514	514	0	951996
1297	514	514	498	0	952510
1298	514	498	506	0	953008
1299	498	506	505	0	953514
1300	506	505	518	0	954019
1301	505	518	498	0	954537
1302	518	498	498	0	955035
1303	498	498	506	0	955533
1304	498	506	502	0	956039
1305	506	502	506	0	956541
1306	502	506	498	0	957047
1307	506	498	502	0	957545
1308	498	502	517	0	958047
1309	502	517	502	0	958564
1310	517	502	518	0	959066
1311	502	518	494	0	959584
1312	518	494	506	0	960078
1313	494	506	517	0	960584
1314	506	517	510	0	961101
1315	517	510	521	0	961611
1316	510	521	518	0	962132
1317	521	518	533	0	962650
1318	518	533	533	0	963183
1319	533	533	541	0	963716
1320	533	541	545	0	964257
1321	541	545	540	0	964802
1322	545	540	541	0	965342
1323	540	541	549	0	965883
1324	541	549	545	0	966432
1325	549	545	544	0	966977
1326	545	544	545	0	967521
1327	544	545	537	0	968066
1328	545	537	541	0	968603
1329	537	541	545	0	969144
1330	541	545	537	0	969689
1331	545	537	533	0	970226
1332	537	533	533	0	970759
1333	533	533	541	0	971292
1334	533	541	537	0	971833
1335	541	537	541	0	972370
1336	537	541	540	0	972911
1337	541	540	537	0	973451
1338	540	537	541	0	973988
1339	537	541	537	0	974529
1340	541	537	537	0	975066
1341	537	537	533	0	975603
1342	537	533	537	0	976136
1343	533	537	537	0	976673
1344	537	537	541	0	977210
1345	537	541	537	0	977751
1346	541	537	541	0	978288
1347	537	541	545	0	978829
1348	541	545	533	0	979374
1349	545	533	533	0	979907
1350	533	533	533	0	980440
1351	533	533	525	0	980973
1352	533	525	533	0	981498
1353	525	533	537	0	982031
1354	533	537	557	0	982568
1355	537	557	571	0	983125
1356	557	571	569	0	983696
1357	571	569	556	0	984265
1358	569	556	564	0	984821
1359	556	564	545	0	985385
1360	564	545	560	0	985930
1361	545	560	557	0	986490
1362	560	557	548	0	987047
1363	557	548	549	0	987595
1364	548	549	545	0	988144
1365	549	545	544	0	988689
1366	545	544	534	0	989233
1367	544	534	533	0	989767
1368	534	533	533	0	990300
1369	533	533	517	0	990833
1370	533	517	525	0	991350
1371	517	525	518	0	991875
1372	525	518	514	0	992393
1373	518	514	513	0	992907
1374	514	513	514	0	993420
1375	513	514	506	0	993934
1376	514	506	517	0	994440
1377	506	517	510	0	994957
1378	517	510	514	0	995467
1379	510	514	525	0	995981
1380	514	525	529	0	996506
1381	525	529	533	0	997035
1382	529	533	521	0	997568
1383	533	521	526	0	998089
1384	521	526	529	0	998615
1385	526	529	529	0	999144
1386	529	529	525	0	999673
1387	529	525	530	0	1000198
1388	525	530	529	0	1000728
1389	530	529	521	0	1001257
1390	529	521	526	0	1001778
1391	521	526	525	0	1002304
1392	526	525	513	0	1002829
1393	525	513	526	0	1003342
1394	513	526	513	0	1003868
1395	526	513	510	0	1004381
1396	513	510	518	0	1004891
1397	510	518	509	0	1005409
1398	518	509	514	0	1005918
1399	509	514	514	0	1006432
1400	514	514	509	0	1006946
1401	514	509	506	0	1007455
1402	509	506	514	0	1007961
1403	506	514	521	0	1008475
1404	514	521	518	0	1008996
1405	521	518	529	0	1009514
1406	518	529	529	0	1010043
1407	529	529	529	0	1010572
1408	529	529	537	0	1011101
1409	529	537	537	0	1011638
1410	537	537	545	0	1012175
1411	537	545	541	0	1012720
1412	545	541	525	0	1013261
1413	541	525	549	0	1013786
1414	525	549	509	0	1014335
1415	549	509	541	0	1014844
1416	509	541	537	0	1015385
1417	541	537	529	0	1015922
1418	537	529	533	0	1016451
1419	529	533	541	0	1016984
1420	533	541	510	0	1017525
1421	541	510	529	0	1018035
1422	510	529	533	0	1018564
1423	529	533	510	0	1019097
1424	533	510	521	0	1019607
1425	510	521	522	0	1020128
1426	521	522	525	0	1020650
1427	522	525	518	0	1021175
1428	525	518	529	0	1021693
1429	518	529	521	0	1022222
1430	529	521	522	0	1022743
1431	521	522	525	0	1023265
1432	522	525	525	0	1023790
1433	525	525	518	0	1024315
1434	525	518	517	0	1024833
1435	518	517	502	0	1025350
1436	517	502	525	0	1025852
1437	502	525	530	0	1026377
1438	525	530	513	0	1026907
1439	530	513	537	0	1027420
1440	513	537	502	0	1027957
1441	537	502	522	0	1028459
1442	502	522	533	0	1028981
1443	522	533	502	0	1029514
1444	533	502	525	0	1030016
1445	502	525	517	0	1030541
1446	525	517	518	0	1031058
1447	517	518	513	0	1031576
1448	518	513	522	0	1032089
1449	513	522	517	0	1032611
1450	522	517	530	0	1033128
1451	517	530	502	0	1033658
1452	530	502	521	0	1034160
1453	502	521	502	0	1034681
1454	521	502	517	0	1035183
1455	502	517	522	0	1035700
1456	517	522	513	0	1036222
1457	522	513	502	0	1036735
1458	513	502	514	0	1037237
1459	502	514	506	0	1037751
1460	514	506	510	0	1038257
1461	506	510	501	0	1038767
1462	510	501	499	0	1039268
1463	501	499	501	0	1039767
1464	499	501	499	0	1040268
1465	501	499	498	0	1040767
1466	499	498	490	0	1041265
1467	498	490	490	0	1041755
1468	490	490	502	0	1042245
1469	490	502	483	0	1042747
1470	502	483	474	0	1043230
1471	483	474	491	0	1043704
1472	474	491	482	0	1044195
1473	491	482	479	0	1044677
1474	482	479	478	0	1045156
1475	479	478	479	0	1045634
1476	478	479	478	0	1046113
1477	479	478	475	0	1046591
1478	478	475	487	0	1047066
1479	475	487	490	0	1047553
1480	487	490	478	0	1048043
1481	490	478	479	0	1048521
1482	478	479	490	0	1049000
1483	479	490	494	0	1049490
1484	490	494	475	0	1049984
1485	494	475	494	0	1050459
1486	475	494	487	0	1050953
1487	494	487	474	0	1051440
1488	487	474	483	0	1051914
1489	474	483	486	0	1052397
1490	483	486	487	0	1052883
1491	486	487	482	0	1053370
1492	487	482	487	0	1053852
1493	482	487	482	0	1054339
1494	487	482	479	0	1054821
1495	482	479	486	0	1055300
1496	479	486	486	0	1055786
1497	486	486	483	0	1056272
1498	486	483	494	0	1056755
1499	483	494	467	0	1057249
1500	494	467	486	0	1057716
1501	467	486	479	0	1058202
1502	486	479	479	0	1058681
1503	479	479	486	0	1059160
1504	479	486	471	0	1059646
1505	486	471	478	0	1060117
1506	471	478	475	0	1060595
1507	478	475	483	0	1061070
1508	475	483	470	0	1061553
1509	483	470	475	0	1062023
1510	470	475	479	0	1062498
1511	475	479	482	0	1062977
1512	479	482	475	0	1063459
1513	482	475	475	0	1063934
1514	475	475	478	0	1064409
1515	475	478	475	0	1064887
1516	478	475	475	0	1065362
1517	475	475	474	0	1065837
1518	475	474	471	0	1066311
1519	474	471	475	0	1066782
1520	471	475	467	0	1067257
1521	475	467	474	0	1067724
1522	467	474	471	0	1068198
1523	474	471	479	0	1068669
1524	471	479	467	0	1069148
1525	479	467	471	0	1069615
1526	467	471	470	0	1070086
1527	471	470	467	0	1070556
1528	470	467	483	0	1071023
1529	467	483	463	0	1071506
1530	483	463	471	0	1071969
1531	463	471	467	0	1072440
1532	471	467	470	0	1072907
1533	467	470	460	0	1073377
1534	470	460	467	0	1073837
1535	460	467	466	0	1074304
1536	467	466	475	0	1074770
1537	466	475	463	0	1075245
1538	475	463	483	0	1075708
1539	463	483	467	0	1076191
1540	483	467	467	0	1076658
1541	467	467	482	0	1077125
1542	467	482	467	0	1077607
1543	482	467	482	0	1078074
1544	467	482	475	0	1078556
1545	482	475	475	0	1079031
1546	475	475	478	0	1079506
1547	475	478	475	0	1079984
1548	478	475	479	0	1080459
1549	475	479	474	0	1080938
1550	479	474	479	0	1081412
1551	474	479	483	0	1081891
1552	479	483	474	0	1082374
1553	483	474	467	0	1082848
1554	474	467	475	0	1083315
1555	467	475	475	0	1083790
1556	475	475	482	0	1084265
1557	475	482	475	0	1084747
1558	482	475	471	0	1085222
1559	475	471	482	0	1085693
1560	471	482	475	0	1086175
1561	482	475	478	0	1086650
1562	475	478	475	0	1087128
1563	478	475	479	0	1087603
1564	475	479	463	0	1088082
1565	479	463	494	1	1088545
1566	463	494	475	0	1089039
1567	494	475	490	0	1089514
1568	475	490	467	0	1090004
1569	490	467	475	0	1090471
1570	467	475	478	0	1090946
1571	475	478	475	0	1091424
1572	478	475	475	0	1091899
1573	475	475	474	0	1092374
1574	475	474	475	0	1092848
1575	474	475	475	0	1093323
1576	475	475	474	0	1093798
1577	475	474	475	0	1094272
1578	474	475	479	0	1094747
1579	475	479	474	0	1095226
1580	479	474	479	0	1095700
1581	474	479	482	0	1096179
1582	479	482	487	0	1096661
1583	482	487	482	0	1097148
1584	487	482	479	0	1097630
1585	482	479	475	0	1098109
1586	479	475	478	0	1098584
1587	475	478	479	0	1099062
1588	478	479	486	0	1099541
1589	479	486	479	0	1100027
1590	486	479	478	0	1100506
1591	479	478	475	0	1100984
1592	478	475	487	0	1101459
1593	475	487	478	0	1101946
1594	487	478	479	0	1102424
1595	478	479	478	0	1102903
1596	479	478	448	0	1103381
1597	478	448	315	1	1103829
1598	448	315	658	1	1104144
1599	315	658	478	0	1104802
1600	658	478	463	0	1105280
1601	478	463	459	0	1105743
1602	463	459	471	0	1106202
1603	459	471	459	0	1106673
1604	471	459	463	0	1107132
1605	459	463	452	0	1107595
1606	463	452	451	0	1108047
1607	452	451	463	0	1108498
1608	451	463	459	0	1108961
1609	463	459	463	0	1109420
1610	459	463	448	0	1109883
1611	463	448	428	0	1110331
1612	448	428	494	1	1110759
1613	428	494	459	0	1111253
1614	494	459	459	0	1111712
1615	459	459	448	0	1112171
1616	459	448	463	0	1112619
1617	448	463	467	0	1113082
1618	463	467	455	0	1113549
1619	467	455	455	0	1114004
1620	455	455	459	0	1114459
1621	455	459	463	0	1114918
1622	459	463	459	0	1115381
1623	463	459	460	0	1115840
1624	459	460	455	0	1116300
1625	460	455	459	0	1116755
1626	455	459	459	0	1117214
1627	459	459	459	0	1117673
1628	459	459	456	0	1118132
1629	459	456	455	0	1118588
1630	456	455	455	0	1119043
1631	455	455	459	0	1119498
1632	455	459	455	0	1119957
1633	459	455	456	0	1120412
1634	455	456	459	0	1120868
1635	456	459	463	0	1121327
1636	459	463	451	0	1121790
1637	463	451	452	0	1122241
1638	451	452	451	0	1122693
1639	452	451	455	0	1123144
1640	451	455	452	0	1123599
1641	455	452	447	0	1124051
1642	452	447	451	0	1124498
1643	447	451	456	0	1124949
1644	451	456	451	0	1125405
1645	456	451	455	0	1125856
1646	451	455	452	0	1126311
1647	455	452	447	0	1126763
1648	452	447	455	0	1127210
1649	447	455	440	0	1127665
1650	455	440	467	0	1128105
1651	440	467	440	0	1128572
1652	467	440	459	0	1129012
1653	440	459	451	0	1129471
1654	459	451	436	0	1129922
1655	451	436	451	0	1130358
1656	436	451	444	0	1130809
1657	451	444	440	0	1131253
1658	444	440	447	0	1131693
1659	440	447	444	0	1132140
1660	447	444	443	0	1132584
1661	444	443	444	0	1133027
1662	443	444	459	0	1133471
1663	444	459	436	0	1133930
1664	459	436	439	0	1134366
1665	436	439	444	0	1134805
1666	439	444	455	0	1135249
1667	444	455	440	0	1135704
1668	455	440	447	0	1136144
1669	440	447	440	0	1136591
1670	447	440	444	0	1137031
1671	440	444	443	0	1137475
1672	444	443	452	0	1137918
1673	443	452	439	0	1138370
1674	452	439	448	0	1138809
1675	439	448	447	0	1139257
1676	448	447	440	0	1139704
1677	447	440	444	0	1140144
1678	440	444	447	0	1140588
1679	444	447	444	0	1141035
1680	447	444	443	0	1141479
1681	444	443	401	0	1141922
1682	443	401	303	1	1142323
1683	401	303	600	1	1142626
1684	303	600	474	0	1143226
1685	600	474	440	0	1143700
1686	474	440	444	0	1144140
1687	440	444	439	0	1144584
1688	444	439	444	0	1145023
1689	439	444	440	0	1145467
1690	444	440	443	0	1145907
1691	440	443	444	0	1146350
1692	443	444	451	0	1146794
1693	444	451	436	0	1147245
1694	451	436	440	0	1147681
1695	436	440	443	0	1148121
1696	440	443	440	0	1148564
1697	443	440	443	0	1149004
1698	440	443	440	0	1149447
1699	443	440	444	0	1149887
1700	440	444	439	0	1150331
1701	444	439	444	0	1150770
1702	439	444	444	0	1151214
1703	444	444	447	0	1151658
1704	444	447	448	0	1152105
1705	447	448	443	0	1152553
1706	448	443	448	0	1152996
1707	443	448	443	0	1153444
1708	448	443	448	0	1153887
1709	443	448	443	0	1154335
1710	448	443	448	0	1154778
1711	443	448	443	0	1155226
1712	448	443	448	0	1155669
1713	443	448	447	0	1156117
1714	448	447	440	0	1156564
1715	447	440	447	0	1157004
1716	440	447	456	0	1157451
1717	447	456	447	0	1157907
1718	456	447	448	0	1158354
1719	447	448	447	0	1158802
1720	448	447	447	0	1159249
1721	447	447	448	0	1159696
1722	447	448	451	0	1160144
1723	448	451	448	0	1160595
1724	451	448	455	0	1161043
1725	448	455	455	0	1161498
1726	455	455	459	0	1161953
1727	455	459	452	0	1162412
1728	459	452	463	0	1162864
1729	452	463	451	0	1163327
1730	463	451	452	0	1163778
1731	451	452	459	0	1164230
1732	452	459	459	0	1164689
1733	459	459	443	0	1165148
1734	459	443	456	0	1165591
1735	443	456	451	0	1166047
1736	456	451	451	0	1166498
1737	451	451	452	0	1166949
1738	451	452	451	0	1167401
1739	452	451	455	0	1167852
1740	451	455	456	0	1168307
1741	455	456	463	0	1168763
1742	456	463	455	0	1169226
1743	463	455	463	0	1169681
1744	455	463	467	0	1170144
1745	463	467	467	0	1170611
1746	467	467	475	0	1171078
1747	467	475	478	0	1171553
1748	475	478	475	0	1172031
1749	478	475	478	0	1172506
1750	475	478	479	0	1172984
1751	478	479	486	0	1173463
1752	479	486	483	0	1173949
1753	486	483	486	0	1174432
1754	483	486	487	0	1174918
1755	486	487	482	0	1175405
1756	487	482	490	0	1175887
1757	482	490	487	0	1176377
1758	490	487	494	0	1176864
1759	487	494	490	0	1177358
1760	494	490	491	0	1177848
1761	490	491	486	0	1178339
1762	491	486	490	0	1178825
1763	486	490	487	0	1179315
1764	490	487	486	0	1179802
1765	487	486	498	0	1180288
1766	486	498	494	0	1180786
1767	498	494	498	0	1181280
1768	494	498	498	0	1181778
1769	498	498	502	0	1182276
1770	498	502	498	0	1182778
1771	502	498	506	0	1183276
1772	498	506	506	0	1183782
1773	506	506	506	0	1184288
1774	506	506	506	0	1184794
1775	506	506	505	0	1185300
1776	506	505	502	0	1185805
1777	505	502	502	0	1186307
1778	502	502	495	0	1186809
1779	502	495	498	0	1187304
1780	495	498	486	0	1187802
1781	498	486	494	0	1188288
1782	486	494	490	0	1188782
1783	494	490	491	0	1189272
1784	490	491	494	0	1189763
1785	491	494	490	0	1190257
1786	494	490	490	0	1190747
1787	490	490	498	0	1191237
1788	490	498	491	0	1191735
1789	498	491	490	0	1192226
1790	491	490	490	0	1192716
1791	490	490	490	0	1193206
1792	490	490	491	0	1193696
1793	490	491	486	0	1194187
1794	491	486	490	0	1194673
1795	486	490	491	0	1195163
1796	490	491	498	0	1195654
1797	491	498	498	0	1196152
1798	498	498	510	0	1196650
1799	498	510	505	0	1197160
1800	510	505	506	0	1197665
1801	505	506	506	0	1198171
1802	506	506	510	0	1198677
1803	506	510	509	0	1199187
1804	510	509	514	0	1199696
1805	509	514	518	0	1200210
1806	514	518	521	0	1200728
1807	518	521	506	0	1201249
1808	521	506	513	0	1201755
1809	506	513	518	0	1202268
1810	513	518	521	0	1202786
1811	518	521	518	0	1203307
1812	521	518	517	0	1203825
1813	518	517	510	0	1204342
1814	517	510	506	0	1204852
1815	510	506	510	0	1205358
1816	506	510	513	0	1205868
1817	510	513	498	0	1206381
1818	513	498	510	0	1206879
1819	498	510	506	0	1207389
1820	510	506	502	0	1207895
1821	506	502	510	0	1208397
1822	502	510	509	0	1208907
1823	510	509	514	0	1209416
1824	509	514	510	0	1209930
1825	514	510	517	0	1210440
1826	510	517	498	0	1210957
1827	517	498	510	0	1211455
1828	498	510	502	0	1211965
1829	510	502	506	0	1212467
1830	502	506	502	0	1212973
1831	506	502	502	0	1213475
1832	502	502	517	0	1213977
1833	502	517	498	0	1214494
1834	517	498	506	0	1214992
1835	498	506	506	0	1215498
1836	506	506	506	0	1216004
1837	506	506	529	0	1216510
1838	506	529	498	0	1217039
1839	529	498	514	0	1217537
1840	498	514	529	0	1218051
1841	514	529	525	0	1218580
1842	529	525	529	0	1219105
1843	525	529	522	0	1219634
1844	529	522	521	0	1220156
1845	522	521	529	0	1220677
1846	521	529	537	0	1221206
1847	529	537	533	0	1221743
1848	537	533	529	0	1222276
1849	533	529	526	0	1222805
1850	529	526	537	0	1223331
1851	526	537	541	0	1223868
1852	537	541	540	0	1224409
1853	541	540	533	0	1224949
1854	540	533	537	0	1225482
1855	533	537	530	0	1226019
1856	537	530	537	0	1226549
1857	530	537	537	0	1227086
1858	537	537	540	0	1227623
1859	537	540	537	0	1228163
1860	540	537	533	0	1228700
1861	537	533	537	0	1229233
1862	533	537	545	0	1229770
1863	537	545	541	0	1230315
1864	545	541	541	0	1230856
1865	541	541	541	0	1231397
1866	541	541	533	0	1231938
1867	541	533	529	0	1232471
1868	533	529	529	0	1233000
1869	529	529	537	0	1233529
1870	529	537	541	0	1234066
1871	537	541	533	0	1234607
1872	541	533	529	0	1235140
1873	533	529	529	0	1235669
1874	529	529	534	0	1236198
1875	529	534	533	0	1236732
1876	534	533	540	0	1237265
1877	533	540	537	0	1237805
1878	540	537	537	0	1238342
1879	537	537	537	0	1238879
1880	537	537	533	0	1239416
1881	537	533	537	0	1239949
1882	533	537	541	0	1240486
1883	537	541	533	0	1241027
1884	541	533	518	0	1241560
1885	533	518	525	0	1242078
1886	518	525	529	0	1242603
1887	525	529	518	0	1243132
1888	529	518	521	0	1243650
1889	518	521	518	0	1244171
1890	521	518	521	0	1244689
1891	518	521	518	0	1245210
1892	521	518	521	0	1245728
1893	518	521	521	0	1246249
1894	521	521	526	0	1246770
1895	521	526	525	0	1247296
1896	526	525	525	0	1247821
1897	525	525	522	0	1248346
1898	525	522	521	0	1248868
1899	522	521	522	0	1249389
1900	521	522	525	0	1249911
1901	522	525	525	0	1250436
1902	525	525	525	0	1250961
1903	525	525	522	0	1251486
1904	525	522	525	0	1252008
1905	522	525	525	0	1252533
1906	525	525	530	0	1253058
1907	525	530	533	0	1253588
1908	530	533	533	0	1254121
1909	533	533	533	0	1254654
1910	533	533	533	0	1255187
1911	533	533	537	0	1255720
1912	533	537	533	0	1256257
1913	537	533	529	0	1256790
1914	533	529	549	0	1257319
1915	529	549	525	0	1257868
1916	549	525	533	0	1258393
1917	525	533	529	0	1258926
1918	533	529	533	0	1259455
1919	529	533	526	0	1259988
1920	533	526	525	0	1260514
1921	526	525	521	0	1261039
1922	525	521	514	0	1261560
1923	521	514	514	0	1262074
1924	514	514	501	0	1262588
1925	514	501	502	0	1263089
1926	501	502	502	0	1263591
1927	502	502	495	0	1264093
1928	502	495	501	0	1264588
1929	495	501	506	0	1265089
1930	501	506	506	0	1265595
1931	506	506	514	0	1266101
1932	506	514	517	0	1266615
1933	514	517	533	0	1267132
1934	517	533	545	0	1267665
1935	533	545	514	0	1268210
1936	545	514	537	0	1268724
1937	514	537	541	0	1269261
1938	537	541	533	0	1269802
1939	541	533	533	0	1270335
1940	533	533	544	0	1270868
1941	533	544	541	0	1271412
1942	544	541	565	0	1271953
1943	541	565	540	0	1272518
1944	565	540	545	0	1273058
1945	540	545	541	0	1273603
1946	545	541	545	0	1274144
1947	541	545	537	0	1274689
1948	545	537	533	0	1275226
1949	537	533	541	0	1275759
1950	533	541	533	0	1276300
1951	541	533	533	0	1276833
1952	533	533	521	0	1277366
1953	533	521	541	0	1277887
1954	521	541	518	0	1278428
1955	541	518	540	0	1278946
1956	518	540	533	0	1279486
1957	540	533	549	0	1280019
1958	533	549	529	0	1280568
1959	549	529	557	0	1281097
1960	529	557	560	0	1281654
1961	557	560	564	0	1282214
1962	560	564	557	0	1282778
1963	564	557	560	0	1283335
1964	557	560	576	0	1283895
1965	560	576	560	0	1284471
1966	576	560	568	0	1285031
1967	560	568	553	0	1285599
1968	568	553	552	0	1286152
1969	553	552	561	0	1286704
1970	552	561	552	0	1287265
1971	561	552	564	0	1287817
1972	552	564	557	0	1288381
1973	564	557	572	0	1288938
1974	557	572	568	0	1289510
1975	572	568	560	0	1290078
1976	568	560	564	0	1290638
1977	560	564	565	0	1291202
1978	564	565	552	0	1291767
1979	565	552	560	0	1292319
1980	552	560	553	0	1292879
1981	560	553	556	0	1293432
1982	553	556	561	0	1293988
1983	556	561	583	0	1294549
1984	561	583	526	0	1295132
1985	583	526	560	0	1295658
1986	526	560	552	0	1296218
1987	560	552	576	0	1296770
1988	552	576	576	0	1297346
1989	576	576	599	0	1297922
1990	576	599	615	0	1298521
1991	599	615	584	0	1299136
1992	615	584	595	0	1299720
1993	584	595	596	0	1300315
1994	595	596	603	0	1300911
1995	596	603	618	0	1301514
1996	603	618	619	0	1302132
1997	618	619	591	0	1302751
1998	619	591	596	0	1303342
1999	591	596	591	0	1303938
2000	596	591	588	0	1304529
2001	591	588	587	0	1305117
2002	588	587	584	0	1305704
2003	587	584	584	0	1306288
2004	584	584	575	0	1306872
2005	584	575	584	0	1307447
2006	575	584	580	0	1308031
2007	584	580	580	0	1308611
2008	580	580	579	0	1309191
2009	580	579	576	0	1309770
2010	579	576	584	0	1310346
2011	576	584	580	0	1310930
2012	584	580	587	0	1311510
2013	580	587	580	0	1312097
2014	587	580	572	0	1312677
2015	580	572	572	0	1313249
2016	572	572	572	0	1313821
2017	572	572	564	0	1314393
2018	572	564	557	0	1314957
2019	564	557	556	0	1315514
2020	557	556	560	0	1316070
2021	556	560	572	0	1316630
2022	560	572	584	0	1317202
2023	572	584	599	0	1317786
2024	584	599	603	0	1318385
2025	599	603	611	0	1318988
2026	603	611	592	0	1319599
2027	611	592	591	0	1320191
2028	592	591	572	0	1320782
2029	591	572	580	0	1321354
2030	572	580	564	0	1321934
2031	580	564	560	0	1322498
2032	564	560	565	0	1323058
2033	560	565	564	0	1323623
2034	565	564	568	0	1324187
2035	564	568	568	0	1324755
2036	568	568	576	0	1325323
2037	568	576	580	0	1325899
2038	576	580	575	0	1326479
2039	580	575	569	0	1327054
2040	575	569	568	0	1327623
2041	569	568	572	0	1328191
2042	568	572	576	0	1328763
2043	572	576	591	0	1329339
2044	576	591	580	0	1329930
2045	591	580	572	0	1330510
2046	580	572	583	0	1331082
2047	572	583	584	0	1331665
2048	583	584	603	0	1332249
2049	584	603	595	0	1332852
2050	603	595	588	0	1333447
2051	595	588	595	0	1334035
2052	588	595	580	0	1334630
2053	595	580	576	0	1335210
2054	580	576	588	0	1335786
2055	576	588	579	0	1336374
2056	588	579	572	0	1336953
2057	579	572	576	0	1337525
2058	572	576	572	0	1338101
2059	576	572	584	0	1338673
2060	572	584	583	0	1339257
2061	584	583	580	0	1339840
2062	583	580	576	0	1340420
2063	580	576	576	0	1340996
2064	576	576	576	0	1341572
2065	576	576	572	0	1342148
2066	576	572	564	0	1342720
2067	572	564	568	0	1343284
2068	564	568	564	0	1343852
2069	568	564	561	0	1344416
2070	564	561	572	0	1344977
2071	561	572	564	0	1345549
2072	572	564	572	0	1346113
2073	564	572	580	0	1346685
2074	572	580	599	0	1347265
2075	580	599	568	0	1347864
2076	599	568	576	0	1348432
2077	568	576	576	0	1349008
2078	576	576	579	0	1349584
2079	576	579	580	0	1350163
2080	579	580	576	0	1350743
2081	580	576	576	0	1351319
2082	576	576	568	0	1351895
2083	576	568	576	0	1352463
2084	568	576	576	0	1353039
2085	576	576	580	0	1353615
2086	576	580	575	0	1354195
2087	580	575	569	0	1354770
2088	575	569	568	0	1355339
2089	569	568	568	0	1355907
2090	568	568	576	0	1356475
2091	568	576	572	0	1357051
2092	576	572	575	0	1357623
2093	572	575	565	0	1358198
2094	575	565	564	0	1358763
2095	565	564	568	0	1359327
2096	564	568	568	0	1359895
2097	568	568	580	0	1360463
2098	568	580	583	0	1361043
2099	580	583	596	0	1361626
2100	583	596	583	0	1362222
2101	596	583	588	0	1362805
2102	583	588	588	0	1363393
2103	588	588	603	0	1363981
2104	588	603	603	0	1364584
2105	603	603	587	0	1365187
2106	603	587	588	0	1365774
2107	587	588	576	0	1366362
2108	588	576	572	0	1366938
2109	576	572	568	0	1367510
2110	572	568	572	0	1368078
2111	568	572	564	0	1368650
2112	572	564	553	0	1369214
2113	564	553	556	0	1369767
2114	553	556	533	0	1370323
2115	556	533	549	0	1370856
2116	533	549	560	0	1371405
2117	549	560	525	0	1371965
2118	560	525	533	0	1372490
2119	525	533	537	0	1373023
2120	533	537	553	0	1373560
2121	537	553	548	0	1374113
2122	553	548	561	0	1374661
2123	548	561	572	0	1375222
2124	561	572	587	0	1375794
2125	572	587	565	0	1376381
2126	587	565	575	0	1376946
2127	565	575	561	0	1377521
2128	575	561	568	0	1378082
2129	561	568	568	0	1378650
2130	568	568	572	0	1379218
2131	568	572	568	0	1379790
2132	572	568	564	0	1380358
2133	568	564	568	0	1380922
2134	564	568	549	0	1381490
2135	568	549	568	0	1382039
2136	549	568	556	0	1382607
2137	568	556	549	0	1383163
2138	556	549	541	0	1383712
2139	549	541	541	0	1384253
2140	541	541	545	0	1384794
2141	541	545	548	0	1385339
2142	545	548	549	0	1385887
2143	548	549	560	0	1386436
2144	549	560	541	0	1386996
2145	560	541	560	0	1387537
2146	541	560	561	0	1388097
2147	560	561	575	0	1388658
2148	561	575	537	0	1389233
2149	575	537	545	0	1389770
2150	537	545	564	0	1390315
2151	545	564	549	0	1390879
2152	564	549	545	0	1391428
2153	549	545	560	0	1391973
2154	545	560	568	0	1392533
2155	560	568	568	0	1393101
2156	568	568	459	0	1393669
2157	568	459	627	1	1394128
2158	459	627	556	0	1394755
2159	627	556	561	0	1395311
2160	556	561	529	0	1395872
2161	561	529	552	0	1396401
2162	529	552	568	0	1396953
2163	552	568	568	0	1397521
2164	568	568	584	0	1398089
2165	568	584	584	0	1398673
2166	584	584	560	0	1399257
2167	584	560	568	0	1399817
2168	560	568	564	0	1400385
2169	568	564	576	0	1400949
2170	564	576	588	0	1401525
2171	576	588	568	0	1402113
2172	588	568	587	0	1402681
2173	568	587	565	0	1403268
2174	587	565	576	0	1403833
2175	565	576	575	0	1404409
2176	576	575	572	0	1404984
2177	575	572	569	0	1405556
2178	572	569	595	0	1406125
2179	569	595	572	0	1406720
2180	595	572	568	0	1407292
2181	572	568	591	0	1407860
2182	568	591	576	0	1408451
2183	591	576	576	0	1409027
2184	576	576	572	0	1409603
2185	576	572	572	0	1410175
2186	572	572	564	0	1410747
2187	572	564	568	0	1411311
2188	564	568	553	0	1411879
2189	568	553	549	0	1412432
2190	553	549	552	0	1412981
2191	549	552	533	0	1413533
2192	552	533	525	0	1414066
2193	533	525	541	0	1414591
2194	525	541	533	0	1415132
2195	541	533	522	0	1415665
2196	533	522	529	0	1416187
2197	522	529	529	0	1416716
2198	529	529	533	0	1417245
2199	529	533	541	0	1417778
2200	533	541	556	0	1418319
2201	541	556	553	0	1418875
2202	556	553	541	0	1419428
2203	553	541	545	0	1419969
2204	541	545	552	0	1420514
2205	545	552	541	0	1421066
2206	552	541	537	0	1421607
2207	541	537	537	0	1422144
2208	537	537	533	0	1422681
2209	537	533	529	0	1423214
2210	533	529	525	0	1423743
2211	529	525	518	0	1424268
2212	525	518	525	0	1424786
2213	518	525	522	0	1425311
2214	525	522	525	0	1425833
2215	522	525	517	0	1426358
2216	525	517	530	0	1426875
2217	517	530	513	0	1427405
2218	530	513	522	0	1427918
2219	513	522	529	0	1428440
2220	522	529	510	0	1428969
2221	529	510	521	0	1429479
2222	510	521	518	0	1430000
2223	521	518	505	0	1430518
2224	518	505	510	0	1431023
2225	505	510	502	0	1431533
2226	510	502	479	0	1432035
2227	502	479	513	0	1432514
2228	479	513	491	0	1433027
2229	513	491	498	0	1433518
2230	491	498	502	0	1434016
2231	498	502	513	0	1434518
2232	502	513	525	0	1435031
2233	513	525	514	0	1435556
2234	525	514	525	0	1436070
2235	514	525	518	0	1436595
2236	525	518	537	0	1437113
2237	518	537	576	0	1437650
2238	537	576	595	0	1438226
2239	576	595	611	0	1438821
2240	595	611	607	0	1439432
2241	611	607	611	0	1440039
2242	607	611	607	0	1440650
2243	611	607	591	0	1441257
2244	607	591	588	0	1441848
2245	591	588	576	0	1442436
2246	588	576	568	0	1443012
2247	576	568	568	0	1443580
2248	568	568	529	0	1444148
2249	568	529	545	0	1444677
2250	529	545	560	0	1445222
2251	545	560	533	0	1445782
2252	560	533	560	0	1446315
2253	533	560	541	0	1446875
2254	560	541	545	0	1447416
2255	541	545	553	0	1447961
2256	545	553	564	0	1448514
2257	553	564	568	0	1449078
2258	564	568	576	0	1449646
2259	568	576	599	0	1450222
2260	576	599	599	0	1450821
2261	599	599	607	0	1451420
2262	599	607	611	0	1452027
2263	607	611	603	0	1452638
2264	611	603	603	0	1453241
2265	603	603	615	0	1453844
2266	603	615	619	0	1454459
2267	615	619	618	0	1455078
2268	619	618	580	0	1455696
2269	618	580	599	0	1456276
2270	580	599	569	0	1456875
2271	599	569	591	0	1457444
2272	569	591	584	0	1458035
2273	591	584	591	0	1458619
2274	584	591	599	0	1459210
2275	591	599	607	0	1459809
2276	599	607	588	0	1460416
2277	607	588	591	0	1461004
2278	588	591	580	0	1461595
2279	591	580	588	0	1462175
2280	580	588	556	0	1462763
2281	588	556	568	0	1463319
2282	556	568	560	0	1463887
2283	568	560	580	0	1464447
2284	560	580	588	0	1465027
2285	580	588	595	0	1465615
2286	588	595	599	0	1466210
2287	595	599	600	0	1466809
2288	599	600	610	0	1467409
2289	600	610	623	0	1468019
2290	610	623	638	0	1468642
2291	623	638	611	0	1469280
2292	638	611	607	0	1469891
2293	611	607	615	0	1470498
2294	607	615	619	0	1471113
2295	615	619	642	0	1471732
2296	619	642	657	0	1472374
2297	642	657	662	0	1473031
2298	657	662	638	0	1473693
2299	662	638	634	0	1474331
2300	638	634	630	0	1474965
2301	634	630	615	0	1475595
2302	630	615	623	0	1476210
2303	615	623	603	0	1476833
2304	623	603	615	0	1477436
2305	603	615	614	0	1478051
2306	615	614	623	0	1478665
2307	614	623	623	0	1479288
2308	623	623	618	0	1479911
2309	623	618	615	0	1480529
2310	618	615	607	0	1481144
2311	615	607	603	0	1481751
2312	607	603	603	0	1482354
2313	603	603	599	0	1482957
2314	603	599	584	0	1483556
2315	599	584	592	0	1484140
2316	584	592	572	0	1484732
2317	592	572	583	0	1485304
2318	572	583	592	0	1485887
2319	583	592	587	0	1486479
2320	592	587	619	0	1487066
2321	587	619	587	0	1487685
2322	619	587	580	0	1488272
2323	587	580	588	0	1488852
2324	580	588	576	0	1489440
2325	588	576	575	0	1490016
2326	576	575	545	0	1490591
2327	575	545	584	0	1491136
2328	545	584	576	0	1491720
2329	584	576	572	0	1492296
2330	576	572	595	0	1492868
2331	572	595	599	0	1493463
2332	595	599	603	0	1494062
2333	599	603	611	0	1494665
2334	603	611	611	0	1495276
2335	611	611	611	0	1495887
2336	611	611	595	0	1496498
2337	611	595	611	0	1497093
2338	595	611	603	0	1497704
2339	611	603	607	0	1498307
2340	603	607	596	0	1498914
2341	607	596	595	0	1499510
2342	596	595	588	0	1500105
2343	595	588	599	0	1500693
2344	588	599	619	0	1501292
2345	599	619	626	0	1501911
2346	619	626	615	0	1502537
2347	626	615	603	0	1503152
2348	615	603	611	0	1503755
2349	603	611	591	0	1504366
2350	611	591	596	0	1504957
2351	591	596	603	0	1505553
2352	596	603	614	0	1506156
2353	603	614	604	0	1506770
2354	614	604	610	0	1507374
2355	604	610	619	0	1507984
2356	610	619	642	0	1508603
2357	619	642	669	0	1509245
2358	642	669	642	0	1509914
2359	669	642	646	0	1510556
2360	642	646	638	0	1511202
2361	646	638	654	0	1511840
2362	638	654	666	0	1512494
2363	654	666	669	0	1513160
2364	666	669	661	0	1513829
2365	669	661	646	0	1514490
2366	661	646	634	0	1515136
2367	646	634	623	0	1515770
2368	634	623	626	0	1516393
2369	623	626	627	0	1517019
2370	626	627	622	0	1517646
2371	627	622	623	0	1518268
2372	622	623	619	0	1518891
2373	623	619	615	0	1519510
2374	619	615	607	0	1520125
2375	615	607	575	0	1520732
2376	607	575	600	0	1521307
2377	575	600	583	0	1521907
2378	600	583	588	0	1522490
2379	583	588	607	0	1523078
2380	588	607	630	0	1523685
2381	607	630	631	0	1524315
2382	630	631	642	0	1524946
2383	631	642	645	0	1525588
2384	642	645	658	0	1526233
2385	645	658	634	0	1526891
2386	658	634	635	0	1527525
2387	634	635	583	0	1528160
2388	635	583	631	0	1528743
2389	583	631	595	0	1529374
2390	631	595	595	0	1529969
2391	595	595	592	0	1530564
2392	595	592	611	0	1531156
2393	592	611	618	0	1531767
2394	611	618	638	0	1532385
2395	618	638	654	0	1533023
2396	638	654	658	0	1533677
2397	654	658	653	0	1534335
2398	658	653	666	0	1534988
2399	653	666	665	0	1535654
2400	666	665	658	0	1536319
2401	665	658	677	0	1536977
2402	658	677	653	0	1537654
2403	677	653	627	0	1538307
2404	653	627	634	0	1538934
2405	627	634	611	0	1539568
2406	634	611	603	0	1540179
2407	611	603	615	0	1540782
2408	603	615	626	0	1541397
2409	615	626	635	0	1542023
2410	626	635	649	0	1542658
2411	635	649	670	0	1543307
2412	649	670	661	0	1543977
2413	670	661	654	0	1544638
2414	661	654	650	0	1545292
2415	654	650	630	0	1545942
2416	650	630	642	0	1546572
2417	630	642	661	0	1547214
2418	642	661	654	0	1547875
2419	661	654	650	0	1548529
2420	654	650	673	0	1549179
2421	650	673	662	0	1549852
2422	673	662	653	0	1550514
2423	662	653	662	0	1551167
2424	653	662	657	0	1551829
2425	662	657	658	0	1552486
2426	657	658	654	0	1553144
2427	658	654	673	0	1553798
2428	654	673	692	0	1554471
2429	673	692	701	0	1555163
2430	692	701	700	0	1555864
2431	701	700	701	0	1556564
2432	700	701	696	0	1557265
2433	701	696	654	0	1557961
2434	696	654	657	0	1558615
2435	654	657	650	0	1559272
2436	657	650	662	0	1559922
2437	650	662	700	0	1560584
2438	662	700	735	0	1561284
2439	700	735	720	0	1562019
2440	735	720	685	0	1562739
2441	720	685	693	0	1563424
2442	685	693	700	0	1564117
2443	693	700	708	0	1564817
2444	700	708	697	0	1565525
2445	708	697	689	0	1566222
2446	697	689	688	0	1566911
2447	689	688	669	0	1567599
2448	688	669	670	0	1568268
2449	669	670	650	0	1568938
2450	670	650	642	0	1569588
2451	650	642	626	0	1570230
2452	642	626	626	0	1570856
2453	626	626	623	0	1571482
2454	626	623	607	0	1572105
2455	623	607	611	0	1572712
2456	607	611	603	0	1573323
2457	611	603	615	0	1573926
2458	603	615	584	0	1574541
2459	615	584	583	0	1575125
2460	584	583	592	0	1575708
2461	583	592	587	0	1576300
2462	592	587	592	0	1576887
2463	587	592	587	0	1577479
2464	592	587	572	0	1578066
2465	587	572	599	0	1578638
2466	572	599	611	0	1579237
2467	599	611	627	0	1579848
2468	611	627	638	0	1580475
2469	627	638	642	0	1581113
2470	638	642	634	0	1581755
2471	642	634	607	0	1582389
2472	634	607	611	0	1582996
2473	607	611	603	0	1583607
2474	611	603	599	0	1584210
2475	603	599	615	0	1584809
2476	599	615	623	0	1585424
2477	615	623	634	0	1586047
2478	623	634	638	0	1586681
2479	634	638	646	0	1587319
2480	638	646	630	0	1587965
2481	646	630	619	0	1588595
2482	630	619	615	0	1589214
2483	619	615	599	0	1589829
2484	615	599	623	0	1590428
2485	599	623	630	0	1591051
2486	623	630	634	0	1591681
2487	630	634	623	0	1592315
2488	634	623	618	0	1592938
2489	623	618	604	0	1593556
2490	618	604	607	0	1594160
2491	604	607	607	0	1594767
2492	607	607	622	0	1595374
2493	607	622	611	0	1595996
2494	622	611	619	0	1596607
2495	611	619	607	0	1597226
2496	619	607	595	0	1597833
2497	607	595	588	0	1598428
2498	595	588	583	0	1599016
2499	588	583	584	0	1599599
2500	583	584	576	0	1600183
2501	584	576	580	0	1600759
2502	576	580	556	0	1601339
2503	580	556	599	0	1601895
2504	556	599	564	0	1602494
2505	599	564	576	0	1603058
2506	564	576	584	0	1603634
2507	576	584	599	0	1604218
2508	584	599	627	0	1604817
2509	599	627	673	0	1605444
2510	627	673	681	0	1606117
2511	673	681	642	0	1606798
2512	681	642	630	0	1607440
2513	642	630	638	0	1608070
2514	630	638	646	0	1608708
2515	638	646	654	0	1609354
2516	646	654	657	0	1610008
2517	654	657	666	0	1610665
2518	657	666	673	0	1611331
2519	666	673	654	0	1612004
2520	673	654	638	0	1612658
2521	654	638	622	0	1613296
2522	638	622	631	0	1613918
2523	622	631	649	0	1614549
2524	631	649	642	0	1615198
2525	649	642	642	0	1615840
2526	642	642	654	0	1616482
2527	642	654	677	0	1617136
2528	654	677	673	0	1617813
2529	677	673	662	0	1618486
2530	673	662	646	0	1619148
2531	662	646	650	0	1619794
2532	646	650	618	0	1620444
2533	650	618	634	0	1621062
2534	618	634	604	0	1621696
2535	634	604	599	0	1622300
2536	604	599	595	0	1622899
2537	599	595	595	0	1623494
2538	595	595	607	0	1624089
2539	595	607	608	0	1624696
2540	607	608	614	0	1625304
2541	608	614	611	0	1625918
2542	614	611	603	0	1626529
2543	611	603	607	0	1627132
2544	603	607	623	0	1627739
2545	607	623	657	0	1628362
2546	623	657	697	0	1629019
2547	657	697	685	0	1629716
2548	697	685	688	0	1630401
2549	685	688	681	0	1631089
2550	688	681	670	0	1631770
2551	681	670	657	0	1632440
2552	670	657	646	0	1633097
2553	657	646	611	0	1633743
2554	646	611	623	0	1634354
2555	611	623	611	0	1634977
2556	623	611	595	0	1635588
2557	611	595	619	0	1636183
2558	595	619	638	0	1636802
2559	619	638	653	0	1637440
2560	638	653	666	0	1638093
2561	653	666	681	0	1638759
2562	666	681	653	0	1639440
2563	681	653	639	0	1640093
2564	653	639	638	0	1640732
2565	639	638	638	0	1641370
2566	638	638	638	0	1642008
2567	638	638	646	0	1642646
2568	638	646	642	0	1643292
2569	646	642	638	0	1643934
2570	642	638	630	0	1644572
2571	638	630	615	0	1645202
2572	630	615	599	0	1645817
2573	615	599	603	0	1646416
2574	599	603	607	0	1647019
2575	603	607	623	0	1647626
2576	607	623	658	0	1648249
2577	623	658	692	0	1648907
2578	658	692	712	0	1649599
2579	692	712	716	0	1650311
2580	712	716	712	0	1651027
2581	716	712	693	0	1651739
2582	712	693	685	0	1652432
2583	693	685	681	0	1653117
2584	685	681	669	0	1653798
2585	681	669	634	0	1654467
2586	669	634	642	0	1655101
2587	634	642	623	0	1655743
2588	642	623	615	0	1656366
2589	623	615	634	0	1656981
2590	615	634	665	0	1657615
2591	634	665	658	0	1658280
2592	665	658	650	0	1658938
2593	658	650	669	0	1659588
2594	650	669	700	0	1660257
2595	669	700	712	0	1660957
2596	700	712	724	0	1661669
2597	712	724	677	0	1662393
2598	724	677	642	0	1663070
2599	677	642	658	0	1663712
2600	642	658	630	0	1664370
2601	658	630	615	0	1665000
2602	630	615	615	0	1665615
2603	615	615	618	0	1666230
2604	615	618	615	0	1666848
2605	618	615	619	0	1667463
2606	615	619	618	0	1668082
2607	619	618	607	0	1668700
2608	618	607	607	0	1669307
2609	607	607	607	0	1669914
2610	607	607	635	0	1670521
2611	607	635	649	0	1671156
2612	635	649	654	0	1671805
2613	649	654	662	0	1672459
2614	654	662	634	0	1673121
2615	662	634	634	0	1673755
2616	634	634	627	0	1674389
2617	634	627	622	0	1675016
2618	627	622	627	0	1675638
2619	622	627	638	0	1676265
2620	627	638	638	0	1676903
2621	638	638	650	0	1677541
2622	638	650	642	0	1678191
2623	650	642	646	0	1678833
2624	642	646	649	0	1679479
2625	646	649	646	0	1680128
2626	649	646	642	0	1680774
2627	646	642	646	0	1681416
2628	642	646	642	0	1682062
2629	646	642	603	0	1682704
2630	642	603	623	0	1683307
2631	603	623	607	0	1683930
2632	623	607	615	0	1684537
2633	607	615	626	0	1685152
2634	615	626	642	0	1685778
2635	626	642	666	0	1686420
2636	642	666	688	0	1687086
2637	666	688	654	0	1687774
2638	688	654	646	0	1688428
2639	654	646	646	0	1689074
2640	646	646	650	0	1689720
2641	646	650	653	0	1690370
2642	650	653	662	0	1691023
2643	653	662	661	0	1691685
2644	662	661	662	0	1692346
2645	661	662	653	0	1693008
2646	662	653	646	0	1693661
2647	653	646	635	0	1694307
2648	646	635	626	0	1694942
2649	635	626	627	0	1695568
2650	626	627	614	0	1696195
2651	627	614	623	0	1696809
2652	614	623	611	0	1697432
2653	623	611	607	0	1698043
2654	611	607	607	0	1698650
2655	607	607	587	0	1699257
2656	607	587	596	0	1699844
2657	587	596	599	0	1700440
2658	596	599	599	0	1701039
2659	599	599	595	0	1701638
2660	599	595	619	0	1702233
2661	595	619	627	0	1702852
2662	619	627	614	0	1703479
2663	627	614	607	0	1704093
2664	614	607	604	0	1704700
2665	607	604	599	0	1705304
2666	604	599	615	0	1705903
2667	599	615	634	0	1706518
2668	615	634	650	0	1707152
2669	634	650	649	0	1707802
2670	650	649	650	0	1708451
2671	649	650	638	0	1709101
2672	650	638	627	0	1709739
2673	638	627	618	0	1710366
2674	627	618	619	0	1710984
2675	618	619	623	0	1711603
2676	619	623	611	0	1712226
2677	623	611	610	0	1712837
2678	611	610	607	0	1713447
2679	610	607	592	0	1714054
2680	607	592	591	0	1714646
2681	592	591	607	0	1715237
2682	591	607	611	0	1715844
2683	607	611	627	0	1716455
2684	611	627	650	0	1717082
2685	627	650	645	0	1717732
2686	650	645	627	0	1718377
2687	645	627	626	0	1719004
2688	627	626	635	0	1719630
2689	626	635	657	0	1720265
2690	635	657	681	0	1720922
2691	657	681	689	0	1721603
2692	681	689	681	0	1722292
2693	689	681	688	0	1722973
2694	681	688	681	0	1723661
2695	688	681	685	0	1724342
2696	681	685	712	0	1725027
2697	685	712	747	0	1725739
2698	712	747	763	0	1726486
2699	747	763	704	0	1727249
2700	763	704	701	0	1727953
2701	704	701	696	0	1728654
2702	701	696	697	0	1729350
2703	696	697	692	0	1730047
2704	697	692	689	0	1730739
2705	692	689	697	0	1731428
2706	689	697	700	0	1732125
2707	697	700	696	0	1732825
2708	700	696	685	0	1733521
2709	696	685	677	0	1734206
2710	685	677	666	0	1734883
2711	677	666	653	0	1735549
2712	666	653	638	0	1736202
2713	653	638	631	0	1736840
2714	638	631	630	0	1737471
2715	631	630	638	0	1738101
2716	630	638	635	0	1738739
2717	638	635	649	0	1739374
2718	635	649	673	0	1740023
2719	649	673	678	0	1740696
2720	673	678	680	0	1741374
2721	678	680	681	0	1742054
2722	680	681	674	0	1742735
2723	681	674	669	0	1743409
2724	674	669	665	0	1744078
2725	669	665	658	0	1744743
2726	665	658	646	0	1745401
2727	658	646	661	0	1746047
2728	646	661	685	0	1746708
2729	661	685	693	0	1747393
2730	685	693	684	0	1748086
2731	693	684	697	0	1748770
2732	684	697	693	0	1749467
2733	697	693	684	0	1750160
2734	693	684	685	0	1750844
2735	684	685	654	0	1751529
2736	685	654	654	0	1752183
2737	654	654	645	0	1752837
2738	654	645	646	0	1753482
2739	645	646	650	0	1754128
2740	646	650	654	0	1754778
2741	650	654	665	0	1755432
2742	654	665	666	0	1756097
2743	665	666	657	0	1756763
2744	666	657	654	0	1757420
2745	657	654	638	0	1758074
2746	654	638	634	0	1758712
2747	638	634	619	0	1759346
2748	634	619	619	0	1759965
2749	619	619	622	0	1760584
2750	619	622	650	0	1761206
2751	622	650	720	0	1761856
2752	650	720	763	0	1762576
2753	720	763	762	0	1763339
2754	763	762	693	0	1764101
2755	762	693	681	0	1764794
2756	693	681	673	0	1765475
2757	681	673	657	0	1766148
2758	673	657	674	0	1766805
2759	657	674	696	0	1767479
2760	674	696	724	0	1768175
2761	696	724	720	0	1768899
2762	724	720	700	0	1769619
2763	720	700	681	0	1770319
2764	700	681	669	0	1771000
2765	681	669	658	0	1771669
2766	669	658	654	0	1772327
2767	658	654	634	0	1772981
2768	654	634	626	0	1773615
2769	634	626	615	0	1774241
2770	626	615	611	0	1774856
2771	615	611	607	0	1775467
2772	611	607	603	0	1776074
2773	607	603	591	0	1776677
2774	603	591	588	0	1777268
2775	591	588	588	0	1777856
2776	588	588	595	0	1778444
2777	588	595	619	0	1779039
2778	595	619	642	0	1779658
2779	619	642	653	0	1780300
2780	642	653	681	0	1780953
2781	653	681	681	0	1781634
2782	681	681	658	0	1782315
2783	681	658	650	0	1782973
2784	658	650	669	0	1783623
2785	650	669	681	0	1784292
2786	669	681	685	0	1784973
2787	681	685	681	0	1785658
2788	685	681	684	0	1786339
2789	681	684	673	0	1787023
2790	684	673	662	0	1787696
2791	673	662	646	0	1788358
2792	662	646	638	0	1789004
2793	646	638	642	0	1789642
2794	638	642	650	0	1790284
2795	642	650	673	0	1790934
2796	650	673	677	0	1791607
2797	673	677	681	0	1792284
2798	677	681	669	0	1792965
2799	681	669	673	0	1793634
2800	669	673	658	0	1794307
2801	673	658	642	0	1794965
2802	658	642	630	0	1795607
2803	642	630	619	0	1796237
2804	630	619	615	0	1796856
2805	619	615	638	0	1797471
2806	615	638	681	0	1798109
2807	638	681	712	0	1798790
