index	i-1	i+0	i+1	Filter	Time
1	191	708	689	0	899
2	708	689	696	0	1588
3	689	696	708	0	2284
4	696	708	708	0	2992
5	708	708	697	0	3700
6	708	697	669	0	4397
7	697	669	677	0	5066
8	669	677	658	0	5743
9	677	658	661	0	6401
10	658	661	642	0	7062
11	661	642	646	0	7704
12	642	646	646	0	8350
13	646	646	673	0	8996
14	646	673	666	0	9669
15	673	666	704	0	10335
16	666	704	731	0	11039
17	704	731	763	0	11770
18	731	763	774	0	12533
19	763	774	782	0	13307
20	774	782	751	0	14089
21	782	751	751	0	14840
22	751	751	744	0	15591
23	751	744	735	0	16335
24	744	735	700	0	17070
25	735	700	677	0	17770
26	700	677	654	0	18447
27	677	654	646	0	19101
28	654	646	634	0	19747
29	646	634	611	0	20381
30	634	611	619	0	20992
31	611	619	650	0	21611
32	619	650	692	0	22261
33	650	692	681	0	22953
34	692	681	681	0	23634
35	681	681	677	0	24315
36	681	677	697	0	24992
37	677	697	700	0	25689
38	697	700	673	0	26389
39	700	673	670	0	27062
40	673	670	669	0	27732
41	670	669	669	0	28401
42	669	669	669	0	29070
43	669	669	662	0	29739
44	669	662	665	0	30401
45	662	665	677	0	31066
46	665	677	689	0	31743
47	677	689	689	0	32432
48	689	689	692	0	33121
49	689	692	705	0	33813
50	692	705	712	0	34518
51	705	712	700	0	35230
52	712	700	681	0	35930
53	700	681	673	0	36611
54	681	673	681	0	37284
55	673	681	693	0	37965
56	681	693	692	0	38658
57	693	692	693	0	39350
58	692	693	677	0	40043
59	693	677	650	0	40720
60	677	650	653	0	41370
61	650	653	662	0	42023
62	653	662	689	0	42685
63	662	689	723	0	43374
64	689	723	740	0	44097
65	723	740	739	0	44837
66	740	739	708	0	45576
67	739	708	700	0	46284
68	708	700	681	0	46984
69	700	681	681	0	47665
70	681	681	681	0	48346
71	681	681	705	0	49027
72	681	705	735	0	49732
73	705	735	763	0	50467
74	735	763	770	0	51230
75	763	770	747	0	52000
76	770	747	708	0	52747
77	747	708	689	0	53455
78	708	689	685	0	54144
79	689	685	669	0	54829
80	685	669	669	0	55498
81	669	669	658	0	56167
82	669	658	665	0	56825
83	658	665	654	0	57490
84	665	654	665	0	58144
85	654	665	689	0	58809
86	665	689	700	0	59498
87	689	700	709	0	60198
88	700	709	692	0	60907
89	709	692	666	0	61599
90	692	666	665	0	62265
91	666	665	677	0	62930
92	665	677	673	0	63607
93	677	673	697	0	64280
94	673	697	739	0	64977
95	697	739	759	0	65716
96	739	759	762	0	66475
97	759	762	755	0	67237
98	762	755	732	0	67992
99	755	732	700	0	68724
100	732	700	693	0	69424
101	700	693	673	0	70117
102	693	673	654	0	70790
103	673	654	677	0	71444
104	654	677	684	0	72121
105	677	684	689	0	72805
106	684	689	666	0	73494
107	689	666	684	0	74160
108	666	684	693	0	74844
109	684	693	700	0	75537
110	693	700	681	0	76237
111	700	681	705	0	76918
112	681	705	688	0	77623
113	705	688	716	0	78311
114	688	716	720	0	79027
115	716	720	720	0	79747
116	720	720	708	0	80467
117	720	708	693	0	81175
118	708	693	665	0	81868
119	693	665	654	0	82533
120	665	654	642	0	83187
121	654	642	626	0	83829
122	642	626	642	0	84455
123	626	642	666	0	85097
124	642	666	735	0	85763
125	666	735	806	0	86498
126	735	806	844	0	87304
127	806	844	840	0	88148
128	844	840	806	0	88988
129	840	806	801	0	89794
130	806	801	794	0	90595
131	801	794	798	0	91389
132	794	798	782	0	92187
133	798	782	751	0	92969
134	782	751	724	0	93720
135	751	724	673	0	94444
136	724	673	653	0	95117
137	673	653	662	0	95770
138	653	662	673	0	96432
139	662	673	724	0	97105
140	673	724	770	0	97829
141	724	770	782	0	98599
142	770	782	775	0	99381
143	782	775	766	0	100156
144	775	766	739	0	100922
145	766	739	705	0	101661
146	739	705	681	0	102366
147	705	681	665	0	103047
148	681	665	673	0	103712
149	665	673	666	0	104385
150	673	666	673	0	105051
151	666	673	657	0	105724
152	673	657	666	0	106381
153	657	666	669	0	107047
154	666	669	685	0	107716
155	669	685	724	0	108401
156	685	724	774	0	109125
157	724	774	809	0	109899
158	774	809	774	0	110708
159	809	774	775	0	111482
160	774	775	770	0	112257
161	775	770	736	0	113027
162	770	736	696	0	113763
163	736	696	673	0	114459
164	696	673	658	0	115132
165	673	658	661	0	115790
166	658	661	674	0	116451
167	661	674	684	0	117125
168	674	684	705	0	117809
169	684	705	731	0	118514
170	705	731	743	0	119245
171	731	743	740	0	119988
172	743	740	747	0	120728
173	740	747	755	0	121475
174	747	755	751	0	122230
175	755	751	743	0	122981
176	751	743	743	0	123724
177	743	743	751	0	124467
178	743	751	743	0	125218
179	751	743	751	0	125961
180	743	751	747	0	126712
181	751	747	755	0	127459
182	747	755	747	0	128214
183	755	747	739	0	128961
184	747	739	724	0	129700
185	739	724	716	0	130424
186	724	716	712	0	131140
187	716	712	728	0	131852
188	712	728	731	0	132580
189	728	731	751	0	133311
190	731	751	736	0	134062
191	751	736	720	0	134798
192	736	720	731	0	135518
193	720	731	735	0	136249
194	731	735	728	0	136984
195	735	728	720	0	137712
196	728	720	731	0	138432
197	720	731	740	0	139163
198	731	740	731	0	139903
199	740	731	708	0	140634
200	731	708	701	0	141342
201	708	701	712	0	142043
202	701	712	692	0	142755
203	712	692	705	0	143447
204	692	705	700	0	144152
205	705	700	689	0	144852
206	700	689	696	0	145541
207	689	696	685	0	146237
208	696	685	681	0	146922
209	685	681	689	0	147603
210	681	689	712	0	148292
211	689	712	731	0	149004
212	712	731	751	0	149735
213	731	751	775	0	150486
214	751	775	790	0	151261
215	775	790	793	0	152051
216	790	793	798	0	152844
217	793	798	782	0	153642
218	798	782	747	0	154424
219	782	747	740	0	155171
220	747	740	727	0	155911
221	740	727	712	0	156638
222	727	712	704	0	157350
223	712	704	701	0	158054
224	704	701	708	0	158755
225	701	708	708	0	159463
226	708	708	724	0	160171
227	708	724	739	0	160895
228	724	739	747	0	161634
229	739	747	747	0	162381
230	747	747	751	0	163128
231	747	751	767	0	163879
232	751	767	759	0	164646
233	767	759	758	0	165405
234	759	758	763	0	166163
235	758	763	751	0	166926
236	763	751	743	0	167677
237	751	743	732	0	168420
238	743	732	723	0	169152
239	732	723	724	0	169875
240	723	724	728	0	170599
241	724	728	743	0	171327
242	728	743	751	0	172070
243	743	751	743	0	172821
244	751	743	759	0	173564
245	743	759	724	0	174323
246	759	724	735	0	175047
247	724	735	743	0	175782
248	735	743	720	0	176525
249	743	720	732	0	177245
250	720	732	735	0	177977
251	732	735	728	0	178712
252	735	728	716	0	179440
253	728	716	723	0	180156
254	716	723	728	0	180879
255	723	728	720	0	181607
256	728	720	720	0	182327
257	720	720	735	0	183047
258	720	735	739	0	183782
259	735	739	747	0	184521
260	739	747	771	0	185268
261	747	771	770	0	186039
262	771	770	779	0	186809
263	770	779	762	0	187588
264	779	762	763	0	188350
265	762	763	762	0	189113
266	763	762	759	0	189875
267	762	759	743	0	190634
268	759	743	732	0	191377
269	743	732	704	0	192109
270	732	704	716	0	192813
271	704	716	724	0	193529
272	716	724	735	0	194253
273	724	735	763	0	194988
274	735	763	782	0	195751
275	763	782	786	0	196533
276	782	786	782	0	197319
277	786	782	778	0	198101
278	782	778	759	0	198879
279	778	759	763	0	199638
280	759	763	759	0	200401
281	763	759	754	0	201160
282	759	754	728	0	201914
283	754	728	728	0	202642
284	728	728	719	0	203370
285	728	719	732	0	204089
286	719	732	735	0	204821
287	732	735	740	0	205556
288	735	740	747	0	206296
289	740	747	751	0	207043
290	747	751	755	0	207794
291	751	755	762	0	208549
292	755	762	747	0	209311
293	762	747	751	0	210058
294	747	751	751	0	210809
295	751	751	744	0	211560
296	751	744	735	0	212304
297	744	735	735	0	213039
298	735	735	724	0	213774
299	735	724	728	0	214498
300	724	728	720	0	215226
301	728	720	704	0	215946
302	720	704	685	0	216650
303	704	685	681	0	217335
304	685	681	677	0	218016
305	681	677	684	0	218693
306	677	684	712	0	219377
307	684	712	744	0	220089
308	712	744	743	0	220833
309	744	743	728	0	221576
310	743	728	704	0	222304
311	728	704	708	0	223008
312	704	708	720	0	223716
313	708	720	716	0	224436
314	720	716	704	0	225152
315	716	704	704	0	225856
316	704	704	705	0	226560
317	704	705	712	0	227265
318	705	712	700	0	227977
319	712	700	685	0	228677
320	700	685	677	0	229362
321	685	677	665	0	230039
322	677	665	658	0	230704
323	665	658	654	0	231362
324	658	654	657	0	232016
325	654	657	654	0	232673
326	657	654	669	0	233327
327	654	669	700	0	233996
328	669	700	697	0	234696
329	700	697	720	0	235393
330	697	720	716	0	236113
331	720	716	724	0	236829
332	716	724	754	0	237553
333	724	754	747	0	238307
334	754	747	732	0	239054
335	747	732	712	0	239786
336	732	712	685	0	240498
337	712	685	669	0	241183
338	685	669	662	0	241852
339	669	662	665	0	242514
340	662	665	696	0	243179
341	665	696	748	0	243875
342	696	748	778	0	244623
343	748	778	809	0	245401
344	778	809	825	0	246210
345	809	825	825	0	247035
346	825	825	794	0	247860
347	825	794	793	0	248654
348	794	793	798	0	249447
349	793	798	774	0	250245
350	798	774	740	0	251019
351	774	740	735	0	251759
352	740	735	712	0	252494
353	735	712	712	0	253206
354	712	712	720	0	253918
355	712	720	739	0	254638
356	720	739	748	0	255377
357	739	748	762	0	256125
358	748	762	786	0	256887
359	762	786	786	0	257673
360	786	786	759	0	258459
361	786	759	755	0	259218
362	759	755	751	0	259973
363	755	751	743	0	260724
364	751	743	751	0	261467
365	743	751	770	0	262218
366	751	770	775	0	262988
367	770	775	770	0	263763
368	775	770	782	0	264533
369	770	782	786	0	265315
370	782	786	751	0	266101
371	786	751	755	0	266852
372	751	755	751	0	267607
373	755	751	751	0	268358
374	751	751	743	0	269109
375	751	743	747	0	269852
376	743	747	747	0	270599
377	747	747	747	0	271346
378	747	747	751	0	272093
379	747	751	744	0	272844
380	751	744	739	0	273588
381	744	739	743	0	274327
382	739	743	743	0	275070
383	743	743	747	0	275813
384	743	747	724	0	276560
385	747	724	728	0	277284
386	724	728	720	0	278012
387	728	720	727	0	278732
388	720	727	759	0	279459
389	727	759	755	0	280218
390	759	755	720	0	280973
391	755	720	708	0	281693
392	720	708	708	0	282401
393	708	708	720	0	283109
394	708	720	692	0	283829
395	720	692	705	0	284521
396	692	705	688	0	285226
397	705	688	693	0	285914
398	688	693	693	0	286607
399	693	693	696	0	287300
400	693	696	704	0	287996
401	696	704	709	0	288700
402	704	709	669	0	289409
403	709	669	673	0	290078
404	669	673	669	0	290751
405	673	669	677	0	291420
406	669	677	712	0	292097
407	677	712	728	0	292809
408	712	728	720	0	293537
409	728	720	720	0	294257
410	720	720	704	0	294977
411	720	704	708	0	295681
412	704	708	708	0	296389
413	708	708	697	0	297097
414	708	697	712	0	297794
415	697	712	724	0	298506
416	712	724	731	0	299230
417	724	731	716	0	299961
418	731	716	708	0	300677
419	716	708	693	0	301385
420	708	693	700	0	302078
421	693	700	701	0	302778
422	700	701	708	0	303479
423	701	708	712	0	304187
424	708	712	685	0	304899
425	712	685	704	0	305584
426	685	704	693	0	306288
427	704	693	684	0	306981
428	693	684	693	0	307665
429	684	693	708	0	308358
430	693	708	701	0	309066
431	708	701	692	0	309767
432	701	692	701	0	310459
433	692	701	712	0	311160
434	701	712	696	0	311872
435	712	696	681	0	312568
436	696	681	665	0	313249
437	681	665	670	0	313914
438	665	670	646	0	314584
439	670	646	661	0	315230
440	646	661	662	0	315891
441	661	662	669	0	316553
442	662	669	677	0	317222
443	669	677	673	0	317899
444	677	673	658	0	318572
445	673	658	645	0	319230
446	658	645	646	0	319875
447	645	646	654	0	320521
448	646	654	654	0	321175
449	654	654	653	0	321829
450	654	653	643	0	322482
451	653	643	642	0	323125
452	643	642	649	0	323767
453	642	649	654	0	324416
454	649	654	650	0	325070
455	654	650	646	0	325720
456	650	646	630	0	326366
457	646	630	619	0	326996
458	630	619	622	0	327615
459	619	622	627	0	328237
460	622	627	630	0	328864
461	627	630	654	0	329494
462	630	654	638	0	330148
463	654	638	646	0	330786
464	638	646	646	0	331432
465	646	646	642	0	332078
466	646	642	626	0	332720
467	642	626	642	0	333346
468	626	642	650	0	333988
469	642	650	650	0	334638
470	650	650	650	0	335288
471	650	650	630	0	335938
472	650	630	630	0	336568
473	630	630	635	0	337198
474	630	635	634	0	337833
475	635	634	622	0	338467
476	634	622	619	0	339089
477	622	619	631	0	339708
478	619	631	630	0	340339
479	631	630	622	0	340969
480	630	622	623	0	341591
481	622	623	623	0	342214
482	623	623	630	0	342837
483	623	630	619	0	343467
484	630	619	622	0	344086
485	619	622	627	0	344708
486	622	627	634	0	345335
487	627	634	642	0	345969
488	634	642	642	0	346611
489	642	642	622	0	347253
490	642	622	619	0	347875
491	622	619	619	0	348494
492	619	619	615	0	349113
493	619	615	611	0	349728
494	615	611	603	0	350339
495	611	603	599	0	350942
496	603	599	615	0	351541
497	599	615	622	0	352156
498	615	622	634	0	352778
499	622	634	615	0	353412
500	634	615	623	0	354027
501	615	623	626	0	354650
502	623	626	635	0	355276
503	626	635	630	0	355911
504	635	630	607	0	356541
505	630	607	615	0	357148
506	607	615	622	0	357763
507	615	622	603	0	358385
508	622	603	619	0	358988
509	603	619	611	0	359607
510	619	611	619	0	360218
511	611	619	622	0	360837
512	619	622	627	0	361459
513	622	627	603	0	362086
514	627	603	607	0	362689
515	603	607	611	0	363296
516	607	611	622	0	363907
517	611	622	623	0	364529
518	622	623	630	0	365152
519	623	630	619	0	365782
520	630	619	603	0	366401
521	619	603	607	0	367004
522	603	607	619	0	367611
523	607	619	622	0	368230
524	619	622	623	0	368852
525	622	623	603	0	369475
526	623	603	607	0	370078
527	603	607	603	0	370685
528	607	603	619	0	371288
529	603	619	622	0	371907
530	619	622	623	0	372529
531	622	623	603	0	373152
532	623	603	607	0	373755
533	603	607	615	0	374362
534	607	615	607	0	374977
535	615	607	614	0	375584
536	607	614	607	0	376198
537	614	607	604	0	376805
538	607	604	591	0	377409
539	604	591	572	0	378000
540	591	572	568	0	378572
541	572	568	580	0	379140
542	568	580	584	0	379720
543	580	584	583	0	380304
544	584	583	580	0	380887
545	583	580	591	0	381467
546	580	591	603	0	382058
547	591	603	600	0	382661
548	603	600	587	0	383261
549	600	587	603	0	383848
550	587	603	607	0	384451
551	603	607	600	0	385058
552	607	600	591	0	385658
553	600	591	599	0	386249
554	591	599	599	0	386848
555	599	599	592	0	387447
556	599	592	587	0	388039
557	592	587	600	0	388626
558	587	600	607	0	389226
559	600	607	599	0	389833
560	607	599	595	0	390432
561	599	595	596	0	391027
562	595	596	599	0	391623
563	596	599	595	0	392222
564	599	595	584	0	392817
565	595	584	583	0	393401
566	584	583	596	0	393984
567	583	596	599	0	394580
568	596	599	588	0	395179
569	599	588	587	0	395767
570	588	587	595	0	396354
571	587	595	607	0	396949
572	595	607	592	0	397556
573	607	592	595	0	398148
574	592	595	603	0	398743
575	595	603	619	0	399346
576	603	619	619	0	399965
577	619	619	614	0	400584
578	619	614	596	0	401198
579	614	596	587	0	401794
580	596	587	600	0	402381
581	587	600	626	0	402981
582	600	626	595	0	403607
583	626	595	607	0	404202
584	595	607	600	0	404809
585	607	600	607	0	405409
586	600	607	607	0	406016
587	607	607	599	0	406623
588	607	599	599	0	407222
589	599	599	595	0	407821
590	599	595	603	0	408416
591	595	603	604	0	409019
592	603	604	622	0	409623
593	604	622	638	0	410245
594	622	638	638	0	410883
595	638	638	619	0	411521
596	638	619	615	0	412140
597	619	615	603	0	412755
598	615	603	584	0	413358
599	603	584	591	0	413942
600	584	591	584	0	414533
601	591	584	572	0	415117
602	584	572	583	0	415689
603	572	583	580	0	416272
604	583	580	564	0	416852
605	580	564	572	0	417416
606	564	572	572	0	417988
607	572	572	580	0	418560
608	572	580	599	0	419140
609	580	599	603	0	419739
610	599	603	588	0	420342
611	603	588	595	0	420930
612	588	595	611	0	421525
613	595	611	599	0	422136
614	611	599	584	0	422735
615	599	584	607	0	423319
616	584	607	615	0	423926
617	607	615	591	0	424541
618	615	591	600	0	425132
619	591	600	603	0	425732
620	600	603	591	0	426335
621	603	591	580	0	426926
622	591	580	583	0	427506
623	580	583	580	0	428089
624	583	580	572	0	428669
625	580	572	568	0	429241
626	572	568	568	0	429809
627	568	568	572	0	430377
628	568	572	576	0	430949
629	572	576	568	0	431525
630	576	568	565	0	432093
631	568	565	575	0	432658
632	565	575	565	0	433233
633	575	565	564	0	433798
634	565	564	568	0	434362
635	564	568	576	0	434930
636	568	576	572	0	435506
637	576	572	564	0	436078
638	572	564	580	0	436642
639	564	580	576	0	437222
640	580	576	568	0	437798
641	576	568	568	0	438366
642	568	568	580	0	438934
643	568	580	591	0	439514
644	580	591	595	0	440105
645	591	595	588	0	440700
646	595	588	587	0	441288
647	588	587	576	0	441875
648	587	576	568	0	442451
649	576	568	572	0	443019
650	568	572	576	0	443591
651	572	576	568	0	444167
652	576	568	576	0	444735
653	568	576	588	0	445311
654	576	588	572	0	445899
655	588	572	568	0	446471
656	572	568	568	0	447039
657	568	568	584	0	447607
658	568	584	579	0	448191
659	584	579	572	0	448770
660	579	572	576	0	449342
661	572	576	572	0	449918
662	576	572	564	0	450490
663	572	564	565	0	451054
664	564	565	560	0	451619
665	565	560	549	0	452179
666	560	549	552	0	452728
667	549	552	553	0	453280
668	552	553	548	0	453833
669	553	548	537	0	454381
670	548	537	537	0	454918
671	537	537	529	0	455455
672	537	529	534	0	455984
673	529	534	540	0	456518
674	534	540	537	0	457058
675	540	537	541	0	457595
676	537	541	537	0	458136
677	541	537	549	0	458673
678	537	549	560	0	459222
679	549	560	557	0	459782
680	560	557	560	0	460339
681	557	560	572	0	460899
682	560	572	572	0	461471
683	572	572	576	0	462043
684	572	576	568	0	462619
685	576	568	564	0	463187
686	568	564	580	0	463751
687	564	580	576	0	464331
688	580	576	568	0	464907
689	576	568	579	0	465475
690	568	579	584	0	466054
691	579	584	592	0	466638
692	584	592	575	0	467230
693	592	575	572	0	467805
694	575	572	584	0	468377
695	572	584	588	0	468961
696	584	588	583	0	469549
697	588	583	564	0	470132
698	583	564	584	0	470696
699	564	584	576	0	471280
700	584	576	591	0	471856
701	576	591	576	0	472447
702	591	576	576	0	473023
703	576	576	584	0	473599
704	576	584	580	0	474183
705	584	580	576	0	474763
706	580	576	583	0	475339
707	576	583	592	0	475922
708	583	592	583	0	476514
709	592	583	580	0	477097
710	583	580	599	0	477677
711	580	599	599	0	478276
712	599	599	580	0	478875
713	599	580	580	0	479455
714	580	580	591	0	480035
715	580	591	592	0	480626
716	591	592	576	0	481218
717	592	576	580	0	481794
718	576	580	583	0	482374
719	580	583	588	0	482957
720	583	588	580	0	483545
721	588	580	583	0	484125
722	580	583	588	0	484708
723	583	588	595	0	485296
724	588	595	584	0	485891
725	595	584	591	0	486475
726	584	591	592	0	487066
727	591	592	595	0	487658
728	592	595	607	0	488253
729	595	607	603	0	488860
730	607	603	591	0	489463
731	603	591	600	0	490054
732	591	600	599	0	490654
733	600	599	591	0	491253
734	599	591	596	0	491844
735	591	596	599	0	492440
736	596	599	603	0	493039
737	599	603	588	0	493642
738	603	588	595	0	494230
739	588	595	595	0	494825
740	595	595	584	0	495420
741	595	584	587	0	496004
742	584	587	600	0	496591
743	587	600	603	0	497191
744	600	603	607	0	497794
745	603	607	599	0	498401
746	607	599	615	0	499000
747	599	615	615	0	499615
748	615	615	607	0	500230
749	615	607	607	0	500837
750	607	607	610	0	501444
751	607	610	611	0	502054
752	610	611	603	0	502665
753	611	603	604	0	503268
754	603	604	607	0	503872
755	604	607	599	0	504479
756	607	599	591	0	505078
757	599	591	588	0	505669
758	591	588	587	0	506257
759	588	587	631	0	506844
760	587	631	653	0	507475
761	631	653	631	0	508128
762	653	631	638	0	508759
763	631	638	626	0	509397
764	638	626	611	0	510023
765	626	611	619	0	510634
766	611	619	607	0	511253
767	619	607	603	0	511860
768	607	603	607	0	512463
769	603	607	603	0	513070
770	607	603	611	0	513673
771	603	611	619	0	514284
772	611	619	603	0	514903
773	619	603	603	0	515506
774	603	603	615	0	516109
775	603	615	618	0	516724
776	615	618	611	0	517342
777	618	611	603	0	517953
778	611	603	607	0	518556
779	603	607	604	0	519163
780	607	604	595	0	519767
781	604	595	595	0	520362
782	595	595	599	0	520957
783	595	599	600	0	521556
784	599	600	587	0	522156
785	600	587	603	0	522743
786	587	603	603	0	523346
787	603	603	600	0	523949
788	603	600	599	0	524549
789	600	599	619	0	525148
790	599	619	614	0	525767
791	619	614	603	0	526381
792	614	603	611	0	526984
793	603	611	615	0	527595
794	611	615	588	0	528210
795	615	588	599	0	528798
796	588	599	611	0	529397
797	599	611	595	0	530008
798	611	595	595	0	530603
799	595	595	600	0	531198
800	595	600	587	0	531798
801	600	587	596	0	532385
802	587	596	595	0	532981
803	596	595	584	0	533576
804	595	584	587	0	534160
805	584	587	584	0	534747
806	587	584	587	0	535331
807	584	587	580	0	535918
808	587	580	591	0	536498
809	580	591	596	0	537089
810	591	596	611	0	537685
811	596	611	611	0	538296
812	611	611	595	0	538907
813	611	595	591	0	539502
814	595	591	592	0	540093
815	591	592	591	0	540685
816	592	591	584	0	541276
817	591	584	591	0	541860
818	584	591	596	0	542451
819	591	596	595	0	543047
820	596	595	595	0	543642
821	595	595	607	0	544237
822	595	607	596	0	544844
823	607	596	603	0	545440
824	596	603	603	0	546043
825	603	603	607	0	546646
826	603	607	607	0	547253
827	607	607	587	0	547860
828	607	587	576	0	548447
829	587	576	565	0	549023
830	576	565	568	0	549588
831	565	568	583	0	550156
832	568	583	592	0	550739
833	583	592	591	0	551331
834	592	591	588	0	551922
835	591	588	611	0	552510
836	588	611	611	0	553121
837	611	611	599	0	553732
838	611	599	603	0	554331
839	599	603	615	0	554934
840	603	615	603	0	555549
841	615	603	599	0	556152
842	603	599	611	0	556751
843	599	611	619	0	557362
844	611	619	607	0	557981
845	619	607	614	0	558588
846	607	614	627	0	559202
847	614	627	607	0	559829
848	627	607	618	0	560436
849	607	618	627	0	561054
850	618	627	630	0	561681
851	627	630	607	0	562311
852	630	607	607	0	562918
853	607	607	619	0	563525
854	607	619	623	0	564144
855	619	623	599	0	564767
856	623	599	607	0	565366
857	599	607	615	0	565973
858	607	615	603	0	566588
859	615	603	603	0	567191
860	603	603	618	0	567794
861	603	618	615	0	568412
862	618	615	615	0	569027
863	615	615	630	0	569642
864	615	630	627	0	570272
865	630	627	622	0	570899
866	627	622	642	0	571521
867	622	642	631	0	572163
868	642	631	618	0	572794
869	631	618	631	0	573412
870	618	631	634	0	574043
871	631	634	607	0	574677
872	634	607	630	0	575284
873	607	630	639	0	575914
874	630	639	622	0	576553
875	639	622	630	0	577175
876	622	630	635	0	577805
877	630	635	622	0	578440
878	635	622	619	0	579062
879	622	619	638	0	579681
880	619	638	615	0	580319
881	638	615	622	0	580934
882	615	622	635	0	581556
883	622	635	630	0	582191
884	635	630	619	0	582821
885	630	619	626	0	583440
886	619	626	638	0	584066
887	626	638	619	0	584704
888	638	619	615	0	585323
889	619	615	618	0	585938
890	615	618	623	0	586556
891	618	623	615	0	587179
892	623	615	622	0	587794
893	615	622	619	0	588416
894	622	619	603	0	589035
895	619	603	611	0	589638
896	603	611	603	0	590249
897	611	603	607	0	590852
898	603	607	611	0	591459
899	607	611	603	0	592070
900	611	603	603	0	592673
901	603	603	611	0	593276
902	603	611	619	0	593887
903	611	619	630	0	594506
904	619	630	638	0	595136
905	630	638	619	0	595774
906	638	619	626	0	596393
907	619	626	615	0	597019
908	626	615	619	0	597634
909	615	619	607	0	598253
910	619	607	615	0	598860
911	607	615	626	0	599475
912	615	626	631	0	600101
913	626	631	618	0	600732
914	631	618	623	0	601350
915	618	623	638	0	601973
916	623	638	634	0	602611
917	638	634	627	0	603245
918	634	627	610	0	603872
919	627	610	631	0	604482
920	610	631	611	0	605113
921	631	611	599	0	605724
922	611	599	607	0	606323
923	599	607	607	0	606930
924	607	607	615	0	607537
925	607	615	611	0	608152
926	615	611	599	0	608763
927	611	599	622	0	609362
928	599	622	627	0	609984
929	622	627	622	0	610611
930	627	622	615	0	611233
931	622	615	623	0	611848
932	615	623	626	0	612471
933	623	626	619	0	613097
934	626	619	611	0	613716
935	619	611	630	0	614327
936	611	630	631	0	614957
937	630	631	630	0	615588
938	631	630	619	0	616218
939	630	619	622	0	616837
940	619	622	654	0	617459
941	622	654	669	0	618113
942	654	669	677	0	618782
943	669	677	658	0	619459
944	677	658	669	0	620117
945	658	669	677	0	620786
946	669	677	650	0	621463
947	677	650	626	0	622113
948	650	626	623	0	622739
949	626	623	634	0	623362
950	623	634	623	0	623996
951	634	623	611	0	624619
952	623	611	626	0	625230
953	611	626	623	0	625856
954	626	623	614	0	626479
955	623	614	607	0	627093
956	614	607	619	0	627700
957	607	619	619	0	628319
958	619	619	626	0	628938
959	619	626	631	0	629564
960	626	631	634	0	630195
961	631	634	634	0	630829
962	634	634	630	0	631463
963	634	630	635	0	632093
964	630	635	634	0	632728
965	635	634	626	0	633362
966	634	626	615	0	633988
967	626	615	595	0	634603
968	615	595	596	0	635198
969	595	596	626	0	635794
970	596	626	623	0	636420
971	626	623	618	0	637043
972	623	618	615	0	637661
973	618	615	635	0	638276
974	615	635	630	0	638911
975	635	630	673	0	639541
976	630	673	689	0	640214
977	673	689	692	0	640903
978	689	692	712	0	641595
979	692	712	744	0	642307
980	712	744	743	0	643051
981	744	743	724	0	643794
982	743	724	747	0	644518
983	724	747	739	0	645265
984	747	739	673	0	646004
985	739	673	677	0	646677
986	673	677	650	0	647354
987	677	650	654	0	648004
988	650	654	681	0	648658
989	654	681	712	0	649339
990	681	712	723	0	650051
991	712	723	708	0	650774
992	723	708	736	0	651482
993	708	736	747	0	652218
994	736	747	716	0	652965
995	747	716	716	0	653681
996	716	716	716	0	654397
997	716	716	696	0	655113
998	716	696	677	0	655809
999	696	677	677	0	656486
1000	677	677	681	0	657163
1001	677	681	666	0	657844
1002	681	666	669	0	658510
1003	666	669	685	0	659179
1004	669	685	720	0	659864
1005	685	720	720	0	660584
1006	720	720	700	0	661304
1007	720	700	712	0	662004
1008	700	712	728	0	662716
1009	712	728	700	0	663444
1010	728	700	743	0	664144
1011	700	743	743	0	664887
1012	743	743	732	0	665630
1013	743	732	770	0	666362
1014	732	770	786	0	667132
1015	770	786	747	0	667918
1016	786	747	732	0	668665
1017	747	732	720	0	669397
1018	732	720	762	0	670117
1019	720	762	759	0	670879
1020	762	759	724	0	671638
1021	759	724	689	0	672362
1022	724	689	727	0	673051
1023	689	727	693	0	673778
1024	727	693	685	0	674471
1025	693	685	681	0	675156
1026	685	681	688	0	675837
1027	681	688	693	0	676525
1028	688	693	700	0	677218
1029	693	700	705	0	677918
1030	700	705	681	0	678623
1031	705	681	700	0	679304
1032	681	700	689	0	680004
1033	700	689	692	0	680693
1034	689	692	704	0	681385
1035	692	704	724	0	682089
1036	704	724	705	0	682813
1037	724	705	739	0	683518
1038	705	739	716	0	684257
1039	739	716	712	0	684973
1040	716	712	708	0	685685
1041	712	708	720	0	686393
1042	708	720	743	0	687113
1043	720	743	747	0	687856
1044	743	747	747	0	688603
1045	747	747	724	0	689350
1046	747	724	708	0	690074
1047	724	708	693	0	690782
1048	708	693	692	0	691475
1049	693	692	693	0	692167
1050	692	693	700	0	692860
1051	693	700	705	0	693560
1052	700	705	716	0	694265
1053	705	716	735	0	694981
1054	716	735	735	0	695716
1055	735	735	771	0	696451
1056	735	771	766	0	697222
1057	771	766	740	0	697988
1058	766	740	700	0	698728
1059	740	700	689	0	699428
1060	700	689	692	0	700117
1061	689	692	712	0	700809
1062	692	712	716	0	701521
1063	712	716	689	0	702237
1064	716	689	693	0	702926
1065	689	693	692	0	703619
1066	693	692	736	0	704311
1067	692	736	793	0	705047
1068	736	793	779	0	705840
1069	793	779	782	0	706619
1070	779	782	786	0	707401
1071	782	786	747	0	708187
1072	786	747	724	0	708934
1073	747	724	712	0	709658
1074	724	712	692	0	710370
1075	712	692	670	0	711062
1076	692	670	653	0	711732
1077	670	653	646	0	712385
1078	653	646	642	0	713031
1079	646	642	634	0	713673
1080	642	634	654	0	714307
1081	634	654	689	0	714961
1082	654	689	813	0	715650
1083	689	813	767	0	716463
1084	813	767	770	0	717230
1085	767	770	794	0	718000
1086	770	794	724	0	718794
1087	794	724	719	0	719518
1088	724	719	716	0	720237
1089	719	716	743	0	720953
1090	716	743	736	0	721696
1091	743	736	712	0	722432
1092	736	712	724	0	723144
1093	712	724	700	0	723868
1094	724	700	708	0	724568
1095	700	708	689	0	725276
1096	708	689	681	0	725965
1097	689	681	731	0	726646
1098	681	731	775	0	727377
1099	731	775	786	0	728152
1100	775	786	790	0	728938
1101	786	790	778	0	729728
1102	790	778	747	0	730506
1103	778	747	693	0	731253
1104	747	693	684	0	731946
1105	693	684	709	0	732630
1106	684	709	708	0	733339
1107	709	708	712	0	734047
1108	708	712	700	0	734759
1109	712	700	673	0	735459
1110	700	673	689	0	736132
1111	673	689	689	0	736821
1112	689	689	688	0	737510
1113	689	688	658	0	738198
1114	688	658	685	0	738856
1115	658	685	700	0	739541
1116	685	700	755	0	740241
1117	700	755	751	0	740996
1118	755	751	712	0	741747
1119	751	712	704	0	742459
1120	712	704	681	0	743163
1121	704	681	709	0	743844
1122	681	709	751	0	744553
1123	709	751	766	0	745304
1124	751	766	770	0	746070
1125	766	770	744	0	746840
1126	770	744	751	0	747584
1127	744	751	723	0	748335
1128	751	723	701	0	749058
1129	723	701	708	0	749759
1130	701	708	716	0	750467
1131	708	716	685	0	751183
1132	716	685	708	0	751868
1133	685	708	728	0	752576
1134	708	728	750	0	753304
1135	728	750	751	0	754054
1136	750	751	724	0	754805
1137	751	724	739	0	755529
1138	724	739	724	0	756268
1139	739	724	693	0	756992
1140	724	693	704	0	757685
1141	693	704	697	0	758389
1142	704	697	688	0	759086
1143	697	688	670	0	759774
1144	688	670	684	0	760444
1145	670	684	674	0	761128
1146	684	674	692	0	761802
1147	674	692	697	0	762494
1148	692	697	700	0	763191
1149	697	700	693	0	763891
1150	700	693	681	0	764584
1151	693	681	677	0	765265
1152	681	677	688	0	765942
1153	677	688	693	0	766630
1154	688	693	689	0	767323
1155	693	689	665	0	768012
1156	689	665	673	0	768677
1157	665	673	669	0	769350
1158	673	669	662	0	770019
1159	669	662	669	0	770681
1160	662	669	662	0	771350
1161	669	662	677	0	772012
1162	662	677	669	0	772689
1163	677	669	677	0	773358
1164	669	677	665	0	774035
1165	677	665	658	0	774700
1166	665	658	654	0	775358
1167	658	654	649	0	776012
1168	654	649	650	0	776661
1169	649	650	654	0	777311
1170	650	654	654	0	777965
1171	654	654	657	0	778619
1172	654	657	673	0	779276
1173	657	673	666	0	779949
1174	673	666	665	0	780615
1175	666	665	662	0	781280
1176	665	662	634	0	781942
1177	662	634	634	0	782576
1178	634	634	638	0	783210
1179	634	638	666	0	783848
1180	638	666	692	0	784514
1181	666	692	720	0	785206
1182	692	720	747	0	785926
1183	720	747	712	0	786673
1184	747	712	724	0	787385
1185	712	724	716	0	788109
1186	724	716	712	0	788825
1187	716	712	685	0	789537
1188	712	685	681	0	790222
1189	685	681	704	0	790903
1190	681	704	739	0	791607
1191	704	739	771	0	792346
1192	739	771	774	0	793117
1193	771	774	724	0	793891
1194	774	724	727	0	794615
1195	724	727	701	0	795342
1196	727	701	689	0	796043
1197	701	689	692	0	796732
1198	689	692	701	0	797424
1199	692	701	684	0	798125
1200	701	684	701	0	798809
1201	684	701	704	0	799510
1202	701	704	700	0	800214
1203	704	700	712	0	800914
1204	700	712	709	0	801626
1205	712	709	704	0	802335
1206	709	704	700	0	803039
1207	704	700	708	0	803739
1208	700	708	705	0	804447
1209	708	705	700	0	805152
1210	705	700	708	0	805852
1211	700	708	697	0	806560
1212	708	697	708	0	807257
1213	697	708	708	0	807965
1214	708	708	716	0	808673
1215	708	716	712	0	809389
1216	716	712	720	0	810101
1217	712	720	720	0	810821
1218	720	720	708	0	811541
1219	720	708	724	0	812249
1220	708	724	716	0	812973
1221	724	716	692	0	813689
1222	716	692	701	0	814381
1223	692	701	712	0	815082
1224	701	712	681	0	815794
1225	712	681	696	0	816475
1226	681	696	701	0	817171
1227	696	701	700	0	817872
1228	701	700	716	0	818572
1229	700	716	747	0	819288
1230	716	747	767	0	820035
1231	747	767	793	0	820802
1232	767	793	740	0	821595
1233	793	740	716	0	822335
1234	740	716	692	0	823051
1235	716	692	666	0	823743
1236	692	666	653	0	824409
1237	666	653	646	0	825062
1238	653	646	631	0	825708
1239	646	631	638	0	826339
1240	631	638	626	0	826977
1241	638	626	634	0	827603
1242	626	634	627	0	828237
1243	634	627	634	0	828864
1244	627	634	638	0	829498
1245	634	638	642	0	830136
1246	638	642	650	0	830778
1247	642	650	673	0	831428
1248	650	673	673	0	832101
1249	673	673	670	0	832774
1250	673	670	673	0	833444
1251	670	673	681	0	834117
1252	673	681	684	0	834798
1253	681	684	685	0	835482
1254	684	685	677	0	836167
1255	685	677	681	0	836844
1256	677	681	666	0	837525
1257	681	666	677	0	838191
1258	666	677	665	0	838868
1259	677	665	662	0	839533
1260	665	662	669	0	840195
1261	662	669	673	0	840864
1262	669	673	696	0	841537
1263	673	696	685	0	842233
1264	696	685	705	0	842918
1265	685	705	716	0	843623
1266	705	716	715	0	844339
1267	716	715	713	0	845054
1268	715	713	708	0	845767
1269	713	708	716	0	846475
1270	708	716	684	0	847191
1271	716	684	681	0	847875
1272	684	681	693	0	848556
1273	681	693	681	0	849249
1274	693	681	658	0	849930
1275	681	658	680	0	850588
1276	658	680	685	0	851268
1277	680	685	689	0	851953
1278	685	689	673	0	852642
1279	689	673	650	0	853315
1280	673	650	650	0	853965
1281	650	650	653	0	854615
1282	650	653	654	0	855268
1283	653	654	646	0	855922
1284	654	646	650	0	856568
1285	646	650	665	0	857218
1286	650	665	693	0	857883
1287	665	693	720	0	858576
1288	693	720	712	0	859296
1289	720	712	708	0	860008
1290	712	708	716	0	860716
1291	708	716	700	0	861432
1292	716	700	666	0	862132
1293	700	666	677	0	862798
1294	666	677	677	0	863475
1295	677	677	685	0	864152
1296	677	685	677	0	864837
1297	685	677	681	0	865514
1298	677	681	680	0	866195
1299	681	680	685	0	866875
1300	680	685	685	0	867560
1301	685	685	704	0	868245
1302	685	704	693	0	868949
1303	704	693	712	0	869642
1304	693	712	735	0	870354
1305	712	735	755	0	871089
1306	735	755	736	0	871844
1307	755	736	747	0	872580
1308	736	747	739	0	873327
1309	747	739	728	0	874066
1310	739	728	724	0	874794
1311	728	724	735	0	875518
1312	724	735	766	0	876253
1313	735	766	748	0	877019
1314	766	748	723	0	877767
1315	748	723	716	0	878490
1316	723	716	697	0	879206
1317	716	697	677	0	879903
1318	697	677	665	0	880580
1319	677	665	666	0	881245
1320	665	666	673	0	881911
1321	666	673	669	0	882584
1322	673	669	700	0	883253
1323	669	700	740	0	883953
1324	700	740	762	0	884693
1325	740	762	775	0	885455
1326	762	775	723	0	886230
1327	775	723	740	0	886953
1328	723	740	727	0	887693
1329	740	727	724	0	888420
1330	727	724	708	0	889144
1331	724	708	701	0	889852
1332	708	701	677	0	890553
1333	701	677	665	0	891230
1334	677	665	661	0	891895
1335	665	661	658	0	892556
1336	661	658	650	0	893214
1337	658	650	646	0	893864
1338	650	646	673	0	894510
1339	646	673	708	0	895183
1340	673	708	685	0	895891
1341	708	685	665	0	896576
1342	685	665	650	0	897241
1343	665	650	658	0	897891
1344	650	658	665	0	898549
1345	658	665	704	0	899214
1346	665	704	716	0	899918
1347	704	716	743	0	900634
1348	716	743	786	0	901377
1349	743	786	779	0	902163
1350	786	779	793	0	902942
1351	779	793	798	0	903735
1352	793	798	724	0	904533
1353	798	724	704	0	905257
1354	724	704	708	0	905961
1355	704	708	732	0	906669
1356	708	732	786	0	907401
1357	732	786	825	0	908187
1358	786	825	840	0	909012
1359	825	840	841	0	909852
1360	840	841	836	0	910693
1361	841	836	810	0	911529
1362	836	810	789	0	912339
1363	810	789	767	0	913128
1364	789	767	739	0	913895
1365	767	739	732	0	914634
1366	739	732	716	0	915366
1367	732	716	708	0	916082
1368	716	708	696	0	916790
1369	708	696	689	0	917486
1370	696	689	677	0	918175
1371	689	677	673	0	918852
1372	677	673	658	0	919525
1373	673	658	657	0	920183
1374	658	657	642	0	920840
1375	657	642	658	0	921482
1376	642	658	638	0	922140
1377	658	638	631	0	922778
1378	638	631	642	0	923409
1379	631	642	669	0	924051
1380	642	669	681	0	924720
1381	669	681	665	0	925401
1382	681	665	669	0	926066
1383	665	669	681	0	926735
1384	669	681	670	0	927416
1385	681	670	692	0	928086
1386	670	692	701	0	928778
1387	692	701	677	0	929479
1388	701	677	684	0	930156
1389	677	684	689	0	930840
1390	684	689	689	0	931529
1391	689	689	661	0	932218
1392	689	661	666	0	932879
1393	661	666	681	0	933545
1394	666	681	688	0	934226
1395	681	688	685	0	934914
1396	688	685	673	0	935599
1397	685	673	650	0	936272
1398	673	650	650	0	936922
1399	650	650	650	0	937572
1400	650	650	665	0	938222
1401	650	665	623	0	938887
1402	665	623	455	0	939510
1403	623	455	833	1	939965
1404	455	833	642	0	940798
1405	833	642	638	0	941440
1406	642	638	638	0	942078
1407	638	638	626	0	942716
1408	638	626	623	0	943342
1409	626	623	623	0	943965
1410	623	623	622	0	944588
1411	623	622	658	0	945210
1412	622	658	708	0	945868
1413	658	708	743	0	946576
1414	708	743	806	0	947319
1415	743	806	789	0	948125
1416	806	789	802	0	948914
1417	789	802	805	0	949716
1418	802	805	783	0	950521
1419	805	783	754	0	951304
1420	783	754	724	0	952058
1421	754	724	700	0	952782
1422	724	700	697	0	953482
1423	700	697	693	0	954179
1424	697	693	692	0	954872
1425	693	692	693	0	955564
1426	692	693	673	0	956257
1427	693	673	654	0	956930
1428	673	654	646	0	957584
1429	654	646	653	0	958230
1430	646	653	638	0	958883
1431	653	638	627	0	959521
1432	638	627	642	0	960148
1433	627	642	646	0	960790
1434	642	646	665	0	961436
1435	646	665	673	0	962101
1436	665	673	716	0	962774
1437	673	716	720	0	963490
1438	716	720	720	0	964210
1439	720	720	739	0	964930
1440	720	739	763	0	965669
1441	739	763	763	0	966432
1442	763	763	758	0	967195
1443	763	758	747	0	967953
1444	758	747	720	0	968700
1445	747	720	689	0	969420
1446	720	689	669	0	970109
1447	689	669	669	0	970778
1448	669	669	666	0	971447
1449	669	666	677	0	972113
1450	666	677	677	0	972790
1451	677	677	658	0	973467
1452	677	658	645	0	974125
1453	658	645	646	0	974770
1454	645	646	646	0	975416
1455	646	646	666	0	976062
1456	646	666	657	0	976728
1457	666	657	689	0	977385
1458	657	689	685	0	978074
1459	689	685	716	0	978759
1460	685	716	723	0	979475
1461	716	723	720	0	980198
1462	723	720	724	0	980918
1463	720	724	720	0	981642
1464	724	720	708	0	982362
1465	720	708	693	0	983070
1466	708	693	677	0	983763
1467	693	677	673	0	984440
1468	677	673	661	0	985113
1469	673	661	658	0	985774
1470	661	658	661	0	986432
1471	658	661	666	0	987093
1472	661	666	673	0	987759
1473	666	673	665	0	988432
1474	673	665	673	0	989097
1475	665	673	674	0	989770
1476	673	674	677	0	990444
1477	674	677	661	0	991121
1478	677	661	669	0	991782
1479	661	669	662	0	992451
1480	669	662	669	0	993113
1481	662	669	673	0	993782
1482	669	673	673	0	994455
1483	673	673	681	0	995128
1484	673	681	670	0	995809
1485	681	670	653	0	996479
1486	670	653	662	0	997132
1487	653	662	657	0	997794
1488	662	657	650	0	998451
1489	657	650	662	0	999101
1490	650	662	669	0	999763
1491	662	669	665	0	1000432
1492	669	665	662	0	1001097
1493	665	662	661	0	1001759
1494	662	661	662	0	1002420
1495	661	662	657	0	1003082
1496	662	657	654	0	1003739
1497	657	654	646	0	1004393
1498	654	646	642	0	1005039
1499	646	642	642	0	1005681
1500	642	642	630	0	1006323
1501	642	630	615	0	1006953
1502	630	615	611	0	1007568
1503	615	611	603	0	1008179
1504	611	603	615	0	1008782
1505	603	615	615	0	1009397
1506	615	615	622	0	1010012
1507	615	622	642	0	1010634
1508	622	642	685	0	1011276
1509	642	685	732	0	1011961
1510	685	732	723	0	1012693
1511	732	723	716	0	1013416
1512	723	716	705	0	1014132
1513	716	705	692	0	1014837
1514	705	692	677	0	1015529
1515	692	677	673	0	1016206
1516	677	673	666	0	1016879
1517	673	666	669	0	1017545
1518	666	669	658	0	1018214
1519	669	658	661	0	1018872
1520	658	661	654	0	1019533
1521	661	654	638	0	1020187
1522	654	638	642	0	1020825
1523	638	642	642	0	1021467
1524	642	642	638	0	1022109
1525	642	638	654	0	1022747
1526	638	654	657	0	1023401
1527	654	657	724	0	1024058
1528	657	724	728	0	1024782
1529	724	728	712	0	1025510
1530	728	712	689	0	1026222
1531	712	689	696	0	1026911
1532	689	696	693	0	1027607
1533	696	693	673	0	1028300
1534	693	673	696	0	1028973
1535	673	696	689	0	1029669
1536	696	689	696	0	1030358
1537	689	696	705	0	1031054
1538	696	705	692	0	1031759
1539	705	692	685	0	1032451
1540	692	685	677	0	1033136
1541	685	677	681	0	1033813
1542	677	681	662	0	1034494
1543	681	662	649	0	1035156
1544	662	649	642	0	1035805
1545	649	642	670	0	1036447
1546	642	670	653	0	1037117
1547	670	653	658	0	1037770
1548	653	658	658	0	1038428
1549	658	658	727	0	1039086
1550	658	727	701	0	1039813
1551	727	701	684	0	1040514
1552	701	684	677	0	1041198
1553	684	677	662	0	1041875
1554	677	662	658	0	1042537
1555	662	658	653	0	1043195
1556	658	653	646	0	1043848
1557	653	646	650	0	1044494
1558	646	650	673	0	1045144
1559	650	673	693	0	1045817
1560	673	693	688	0	1046510
1561	693	688	697	0	1047198
1562	688	697	696	0	1047895
1563	697	696	689	0	1048591
1564	696	689	693	0	1049280
1565	689	693	723	0	1049973
1566	693	723	693	0	1050696
1567	723	693	677	0	1051389
1568	693	677	658	0	1052066
1569	677	658	657	0	1052724
1570	658	657	666	0	1053381
1571	657	666	661	0	1054047
1572	666	661	666	0	1054708
1573	661	666	669	0	1055374
1574	666	669	669	0	1056043
1575	669	669	669	0	1056712
1576	669	669	677	0	1057381
1577	669	677	689	0	1058058
1578	677	689	677	0	1058747
1579	689	677	693	0	1059424
1580	677	693	688	0	1060117
1581	693	688	689	0	1060805
1582	688	689	681	0	1061494
1583	689	681	697	0	1062175
1584	681	697	700	0	1062872
1585	697	700	708	0	1063572
1586	700	708	689	0	1064280
1587	708	689	654	0	1064969
1588	689	654	649	0	1065623
1589	654	649	642	0	1066272
1590	649	642	635	0	1066914
1591	642	635	634	0	1067549
1592	635	634	634	0	1068183
1593	634	634	638	0	1068817
1594	634	638	646	0	1069455
1595	638	646	697	0	1070101
1596	646	697	751	0	1070798
1597	697	751	770	0	1071549
1598	751	770	782	0	1072319
1599	770	782	813	0	1073101
1600	782	813	837	0	1073914
1601	813	837	837	0	1074751
1602	837	837	786	0	1075588
1603	837	786	782	0	1076374
1604	786	782	778	0	1077156
1605	782	778	755	0	1077934
1606	778	755	716	0	1078689
1607	755	716	712	0	1079405
1608	716	712	735	0	1080117
1609	712	735	751	0	1080852
1610	735	751	732	0	1081603
1611	751	732	716	0	1082335
1612	732	716	692	0	1083051
1613	716	692	693	0	1083743
1614	692	693	681	0	1084436
1615	693	681	673	0	1085117
1616	681	673	692	0	1085790
1617	673	692	705	0	1086482
1618	692	705	724	0	1087187
1619	705	724	750	0	1087911
1620	724	750	755	0	1088661
1621	750	755	751	0	1089416
1622	755	751	720	0	1090167
1623	751	720	712	0	1090887
1624	720	712	705	0	1091599
1625	712	705	712	0	1092304
1626	705	712	712	0	1093016
1627	712	712	704	0	1093728
1628	712	704	704	0	1094432
1629	704	704	681	0	1095136
1630	704	681	685	0	1095817
1631	681	685	677	0	1096502
1632	685	677	669	0	1097179
1633	677	669	650	0	1097848
1634	669	650	662	0	1098498
1635	650	662	653	0	1099160
1636	662	653	650	0	1099813
1637	653	650	646	0	1100463
1638	650	646	646	0	1101109
1639	646	646	650	0	1101755
1640	646	650	665	0	1102405
1641	650	665	662	0	1103070
1642	665	662	657	0	1103732
1643	662	657	650	0	1104389
1644	657	650	634	0	1105039
1645	650	634	627	0	1105673
1646	634	627	611	0	1106300
1647	627	611	607	0	1106911
1648	611	607	618	0	1107518
1649	607	618	646	0	1108136
1650	618	646	673	0	1108782
1651	646	673	670	0	1109455
1652	673	670	684	0	1110125
1653	670	684	732	0	1110809
1654	684	732	747	0	1111541
1655	732	747	751	0	1112288
1656	747	751	759	0	1113039
1657	751	759	743	0	1113798
1658	759	743	724	0	1114541
1659	743	724	700	0	1115265
1660	724	700	661	0	1115965
1661	700	661	646	0	1116626
1662	661	646	639	0	1117272
1663	646	639	626	0	1117911
1664	639	626	638	0	1118537
1665	626	638	654	0	1119175
1666	638	654	673	0	1119829
1667	654	673	708	0	1120502
1668	673	708	708	0	1121210
1669	708	708	693	0	1121918
1670	708	693	669	0	1122611
1671	693	669	654	0	1123280
1672	669	654	650	0	1123934
1673	654	650	661	0	1124584
1674	650	661	693	0	1125245
1675	661	693	681	0	1125938
1676	693	681	681	0	1126619
1677	681	681	704	0	1127300
1678	681	704	712	0	1128004
1679	704	712	712	0	1128716
1680	712	712	697	0	1129428
1681	712	697	677	0	1130125
1682	697	677	649	0	1130802
1683	677	649	635	0	1131451
1684	649	635	642	0	1132086
1685	635	642	653	0	1132728
1686	642	653	646	0	1133381
1687	653	646	642	0	1134027
1688	646	642	670	0	1134669
1689	642	670	692	0	1135339
1690	670	692	720	0	1136031
1691	692	720	708	0	1136751
1692	720	708	697	0	1137459
1693	708	697	755	0	1138156
1694	697	755	789	0	1138911
1695	755	789	798	0	1139700
1696	789	798	778	0	1140498
1697	798	778	716	0	1141276
1698	778	716	689	0	1141992
1699	716	689	704	0	1142681
1700	689	704	755	0	1143385
1701	704	755	732	0	1144140
1702	755	732	727	0	1144872
1703	732	727	732	0	1145599
1704	727	732	720	0	1146331
1705	732	720	723	0	1147051
1706	720	723	705	0	1147774
1707	723	705	700	0	1148479
1708	705	700	712	0	1149179
1709	700	712	790	0	1149891
1710	712	790	759	0	1150681
1711	790	759	758	0	1151440
1712	759	758	740	0	1152198
1713	758	740	720	0	1152938
1714	740	720	708	0	1153658
1715	720	708	723	0	1154366
1716	708	723	720	0	1155089
1717	723	720	732	0	1155809
1718	720	732	755	0	1156541
1719	732	755	762	0	1157296
1720	755	762	759	0	1158058
1721	762	759	736	0	1158817
1722	759	736	731	0	1159553
1723	736	731	724	0	1160284
1724	731	724	716	0	1161008
1725	724	716	696	0	1161724
1726	716	696	708	0	1162420
1727	696	708	685	0	1163128
1728	708	685	685	0	1163813
1729	685	685	665	0	1164498
1730	685	665	666	0	1165163
1731	665	666	669	0	1165829
1732	666	669	681	0	1166498
1733	669	681	673	0	1167179
1734	681	673	673	0	1167852
1735	673	673	650	0	1168525
1736	673	650	646	0	1169175
1737	650	646	630	0	1169821
1738	646	630	642	0	1170451
1739	630	642	646	0	1171093
1740	642	646	646	0	1171739
1741	646	646	662	0	1172385
1742	646	662	696	0	1173047
1743	662	696	716	0	1173743
1744	696	716	701	0	1174459
1745	716	701	680	0	1175160
1746	701	680	685	0	1175840
1747	680	685	732	0	1176525
1748	685	732	743	0	1177257
1749	732	743	743	0	1178000
1750	743	743	767	0	1178743
1751	743	767	751	0	1179510
1752	767	751	747	0	1180261
1753	751	747	770	0	1181008
1754	747	770	794	0	1181778
1755	770	794	809	0	1182572
1756	794	809	794	0	1183381
1757	809	794	743	0	1184175
1758	794	743	728	0	1184918
1759	743	728	735	0	1185646
1760	728	735	732	0	1186381
1761	735	732	720	0	1187113
1762	732	720	735	0	1187833
1763	720	735	724	0	1188568
1764	735	724	735	0	1189292
1765	724	735	736	0	1190027
1766	735	736	747	0	1190763
1767	736	747	731	0	1191510
1768	747	731	743	0	1192241
1769	731	743	751	0	1192984
1770	743	751	747	0	1193735
1771	751	747	740	0	1194482
1772	747	740	731	0	1195222
1773	740	731	732	0	1195953
1774	731	732	720	0	1196685
1775	732	720	727	0	1197405
1776	720	727	720	0	1198132
1777	727	720	747	0	1198852
1778	720	747	802	0	1199599
1779	747	802	821	0	1200401
1780	802	821	829	0	1201222
1781	821	829	801	0	1202051
1782	829	801	774	0	1202852
1783	801	774	728	0	1203626
1784	774	728	693	0	1204354
1785	728	693	669	0	1205047
1786	693	669	654	0	1205716
1787	669	654	649	0	1206370
1788	654	649	666	0	1207019
1789	649	666	685	0	1207685
1790	666	685	700	0	1208370
1791	685	700	732	0	1209070
1792	700	732	758	0	1209802
1793	732	758	744	0	1210560
1794	758	744	801	0	1211304
1795	744	801	817	0	1212105
1796	801	817	825	0	1212922
1797	817	825	856	0	1213747
1798	825	856	825	0	1214603
1799	856	825	856	0	1215428
1800	825	856	837	0	1216284
1801	856	837	809	0	1217121
1802	837	809	790	0	1217930
1803	809	790	755	0	1218720
1804	790	755	735	0	1219475
1805	755	735	739	0	1220210
1806	735	739	736	0	1220949
1807	739	736	735	0	1221685
1808	736	735	716	0	1222420
1809	735	716	724	0	1223136
1810	716	724	716	0	1223860
1811	724	716	712	0	1224576
1812	716	712	716	0	1225288
1813	712	716	712	0	1226004
1814	716	712	696	0	1226716
1815	712	696	689	0	1227412
1816	696	689	708	0	1228101
1817	689	708	732	0	1228809
1818	708	732	755	0	1229541
1819	732	755	755	0	1230296
1820	755	755	719	0	1231051
1821	755	719	740	0	1231770
1822	719	740	743	0	1232510
1823	740	743	700	0	1233253
1824	743	700	712	0	1233953
1825	700	712	716	0	1234665
1826	712	716	705	0	1235381
1827	716	705	716	0	1236086
1828	705	716	723	0	1236802
1829	716	723	720	0	1237525
1830	723	720	736	0	1238245
1831	720	736	758	0	1238981
1832	736	758	740	0	1239739
1833	758	740	751	0	1240479
1834	740	751	762	0	1241230
1835	751	762	728	0	1241992
1836	762	728	716	0	1242720
1837	728	716	700	0	1243436
1838	716	700	708	0	1244136
1839	700	708	724	0	1244844
1840	708	724	736	0	1245568
1841	724	736	750	0	1246304
1842	736	750	779	0	1247054
1843	750	779	778	0	1247833
1844	779	778	798	0	1248611
1845	778	798	789	0	1249409
1846	798	789	802	0	1250198
1847	789	802	798	0	1251000
1848	802	798	762	0	1251798
1849	798	762	724	0	1252560
1850	762	724	704	0	1253284
1851	724	704	693	0	1253988
1852	704	693	685	0	1254681
1853	693	685	692	0	1255366
1854	685	692	716	0	1256058
1855	692	716	728	0	1256774
1856	716	728	724	0	1257502
1857	728	724	692	0	1258226
1858	724	692	724	0	1258918
1859	692	724	732	0	1259642
1860	724	732	727	0	1260374
1861	732	727	728	0	1261101
1862	727	728	708	0	1261829
1863	728	708	724	0	1262537
1864	708	724	723	0	1263261
1865	724	723	705	0	1263984
1866	723	705	712	0	1264689
1867	705	712	727	0	1265401
1868	712	727	744	0	1266128
1869	727	744	751	0	1266872
1870	744	751	716	0	1267623
1871	751	716	700	0	1268339
1872	716	700	677	0	1269039
1873	700	677	661	0	1269716
1874	677	661	662	0	1270377
1875	661	662	669	0	1271039
1876	662	669	669	0	1271708
1877	669	669	658	0	1272377
1878	669	658	658	0	1273035
1879	658	658	661	0	1273693
1880	658	661	642	0	1274354
1881	661	642	630	0	1274996
1882	642	630	666	0	1275626
1883	630	666	708	0	1276292
1884	666	708	794	0	1277000
1885	708	794	867	0	1277794
1886	794	867	464	0	1278661
1887	867	464	1217	1	1279125
1888	464	1217	779	0	1280342
1889	1217	779	727	0	1281121
1890	779	727	724	0	1281848
1891	727	724	747	0	1282572
1892	724	747	782	0	1283319
1893	747	782	813	0	1284101
1894	782	813	818	0	1284914
1895	813	818	766	0	1285732
1896	818	766	786	0	1286498
1897	766	786	794	0	1287284
1898	786	794	759	0	1288078
1899	794	759	739	0	1288837
1900	759	739	751	0	1289576
1901	739	751	735	0	1290327
1902	751	735	747	0	1291062
1903	735	747	744	0	1291809
1904	747	744	743	0	1292553
1905	744	743	755	0	1293296
1906	743	755	782	0	1294051
1907	755	782	817	0	1294833
1908	782	817	821	0	1295650
1909	817	821	794	0	1296471
1910	821	794	762	0	1297265
1911	794	762	763	0	1298027
1912	762	763	747	0	1298790
1913	763	747	755	0	1299537
1914	747	755	762	0	1300292
1915	755	762	751	0	1301054
1916	762	751	736	0	1301805
1917	751	736	724	0	1302541
1918	736	724	708	0	1303265
1919	724	708	696	0	1303973
1920	708	696	701	0	1304669
1921	696	701	731	0	1305370
1922	701	731	759	0	1306101
1923	731	759	790	0	1306860
1924	759	790	797	0	1307650
1925	790	797	767	0	1308447
1926	797	767	759	0	1309214
1927	767	759	743	0	1309973
1928	759	743	716	0	1310716
1929	743	716	696	0	1311432
1930	716	696	701	0	1312128
1931	696	701	696	0	1312829
1932	701	696	728	0	1313525
1933	696	728	720	0	1314253
1934	728	720	704	0	1314973
1935	720	704	697	0	1315677
1936	704	697	715	0	1316374
1937	697	715	744	0	1317089
1938	715	744	743	0	1317833
1939	744	743	751	0	1318576
1940	743	751	759	0	1319327
1941	751	759	747	0	1320086
1942	759	747	731	0	1320833
1943	747	731	728	0	1321564
1944	731	728	724	0	1322292
1945	728	724	727	0	1323016
1946	724	727	724	0	1323743
1947	727	724	731	0	1324467
1948	724	731	728	0	1325198
1949	731	728	739	0	1325926
1950	728	739	732	0	1326665
1951	739	732	743	0	1327397
1952	732	743	759	0	1328140
1953	743	759	759	0	1328899
1954	759	759	712	0	1329658
1955	759	712	731	0	1330370
1956	712	731	716	0	1331101
1957	731	716	701	0	1331817
1958	716	701	712	0	1332518
1959	701	712	708	0	1333230
1960	712	708	708	0	1333938
1961	708	708	693	0	1334646
1962	708	693	700	0	1335339
1963	693	700	689	0	1336039
1964	700	689	673	0	1336728
1965	689	673	696	0	1337401
1966	673	696	712	0	1338097
1967	696	712	716	0	1338809
1968	712	716	736	0	1339525
1969	716	736	727	0	1340261
1970	736	727	728	0	1340988
1971	727	728	739	0	1341716
1972	728	739	712	0	1342455
1973	739	712	701	0	1343167
1974	712	701	474	0	1343868
1975	701	474	946	1	1344342
1976	474	946	673	0	1345288
1977	946	673	669	0	1345961
1978	673	669	681	0	1346630
1979	669	681	701	0	1347311
1980	681	701	708	0	1348012
1981	701	708	731	0	1348720
1982	708	731	744	0	1349451
1983	731	744	751	0	1350195
1984	744	751	754	0	1350946
1985	751	754	767	0	1351700
1986	754	767	770	0	1352467
1987	767	770	767	0	1353237
1988	770	767	782	0	1354004
1989	767	782	786	0	1354786
1990	782	786	782	0	1355572
1991	786	782	790	0	1356354
1992	782	790	770	0	1357144
1993	790	770	759	0	1357914
1994	770	759	743	0	1358673
1995	759	743	728	0	1359416
1996	743	728	716	0	1360144
1997	728	716	712	0	1360860
1998	716	712	704	0	1361572
1999	712	704	701	0	1362276
2000	704	701	700	0	1362977
2001	701	700	697	0	1363677
2002	700	697	692	0	1364374
2003	697	692	697	0	1365066
2004	692	697	688	0	1365763
2005	697	688	693	0	1366451
2006	688	693	685	0	1367144
2007	693	685	685	0	1367829
2008	685	685	696	0	1368514
2009	685	696	704	0	1369210
2010	696	704	720	0	1369914
2011	704	720	755	0	1370634
2012	720	755	739	0	1371389
2013	755	739	736	0	1372128
2014	739	736	727	0	1372864
2015	736	727	720	0	1373591
2016	727	720	724	0	1374311
2017	720	724	712	0	1375035
2018	724	712	700	0	1375747
2019	712	700	697	0	1376447
2020	700	697	689	0	1377144
2021	697	689	688	0	1377833
2022	689	688	697	0	1378521
2023	688	697	696	0	1379218
2024	697	696	693	0	1379914
2025	696	693	681	0	1380607
2026	693	681	677	0	1381288
2027	681	677	669	0	1381965
2028	677	669	658	0	1382634
2029	669	658	650	0	1383292
2030	658	650	646	0	1383942
2031	650	646	649	0	1384588
2032	646	649	642	0	1385237
2033	649	642	639	0	1385879
2034	642	639	634	0	1386518
2035	639	634	638	0	1387152
2036	634	638	630	0	1387790
2037	638	630	631	0	1388420
2038	630	631	653	0	1389051
2039	631	653	677	0	1389704
2040	653	677	720	0	1390381
2041	677	720	747	0	1391101
2042	720	747	743	0	1391848
2043	747	743	763	0	1392591
2044	743	763	771	0	1393354
2045	763	771	743	0	1394125
2046	771	743	739	0	1394868
2047	743	739	751	0	1395607
2048	739	751	731	0	1396358
2049	751	731	724	0	1397089
2050	731	724	728	0	1397813
2051	724	728	720	0	1398541
2052	728	720	720	0	1399261
2053	720	720	723	0	1399981
2054	720	723	740	0	1400704
2055	723	740	747	0	1401444
2056	740	747	758	0	1402191
2057	747	758	783	0	1402949
2058	758	783	770	0	1403732
2059	783	770	782	0	1404502
2060	770	782	778	0	1405284
2061	782	778	767	0	1406062
2062	778	767	755	0	1406829
2063	767	755	758	0	1407584
2064	755	758	747	0	1408342
2065	758	747	755	0	1409089
2066	747	755	755	0	1409844
2067	755	755	763	0	1410599
2068	755	763	778	0	1411362
2069	763	778	794	0	1412140
2070	778	794	786	0	1412934
2071	794	786	782	0	1413720
2072	786	782	778	0	1414502
2073	782	778	763	0	1415280
2074	778	763	762	0	1416043
2075	763	762	751	0	1416805
2076	762	751	744	0	1417556
2077	751	744	747	0	1418300
2078	744	747	755	0	1419047
2079	747	755	774	0	1419802
2080	755	774	782	0	1420576
2081	774	782	786	0	1421358
2082	782	786	794	0	1422144
2083	786	794	786	0	1422938
2084	794	786	782	0	1423724
2085	786	782	774	0	1424506
2086	782	774	774	0	1425280
2087	774	774	779	0	1426054
2088	774	779	786	0	1426833
2089	779	786	782	0	1427619
2090	786	782	790	0	1428401
2091	782	790	801	0	1429191
2092	790	801	798	0	1429992
2093	801	798	798	0	1430790
2094	798	798	789	0	1431588
2095	798	789	779	0	1432377
2096	789	779	778	0	1433156
2097	779	778	778	0	1433934
2098	778	778	763	0	1434712
2099	778	763	774	0	1435475
2100	763	774	774	0	1436249
2101	774	774	767	0	1437023
2102	774	767	770	0	1437790
2103	767	770	767	0	1438560
2104	770	767	747	0	1439327
2105	767	747	747	0	1440074
2106	747	747	759	0	1440821
2107	747	759	751	0	1441580
2108	759	751	755	0	1442331
2109	751	755	751	0	1443086
2110	755	751	751	0	1443837
2111	751	751	754	0	1444588
2112	751	754	759	0	1445342
2113	754	759	759	0	1446101
2114	759	759	755	0	1446860
2115	759	755	762	0	1447615
2116	755	762	759	0	1448377
2117	762	759	771	0	1449136
2118	759	771	766	0	1449907
2119	771	766	751	0	1450673
2120	766	751	743	0	1451424
2121	751	743	740	0	1452167
2122	743	740	735	0	1452907
2123	740	735	747	0	1453642
2124	735	747	751	0	1454389
2125	747	751	767	0	1455140
2126	751	767	778	0	1455907
2127	767	778	782	0	1456685
2128	778	782	790	0	1457467
2129	782	790	774	0	1458257
2130	790	774	782	0	1459031
2131	774	782	778	0	1459813
2132	782	778	767	0	1460591
2133	778	767	763	0	1461358
2134	767	763	762	0	1462121
2135	763	762	771	0	1462883
2136	762	771	762	0	1463654
2137	771	762	775	0	1464416
2138	762	775	778	0	1465191
2139	775	778	766	0	1465969
2140	778	766	775	0	1466735
2141	766	775	782	0	1467510
2142	775	782	774	0	1468292
2143	782	774	778	0	1469066
2144	774	778	786	0	1469844
2145	778	786	782	0	1470630
2146	786	782	771	0	1471412
2147	782	771	759	0	1472183
2148	771	759	747	0	1472942
2149	759	747	751	0	1473689
2150	747	751	751	0	1474440
2151	751	751	751	0	1475191
2152	751	751	751	0	1475942
2153	751	751	747	0	1476693
2154	751	747	751	0	1477440
2155	747	751	762	0	1478191
2156	751	762	767	0	1478953
2157	762	767	751	0	1479720
2158	767	751	762	0	1480471
2159	751	762	755	0	1481233
2160	762	755	751	0	1481988
2161	755	751	736	0	1482739
2162	751	736	708	0	1483475
2163	736	708	696	0	1484183
2164	708	696	693	0	1484879
2165	696	693	677	0	1485572
2166	693	677	673	0	1486249
2167	677	673	677	0	1486922
2168	673	677	677	0	1487599
2169	677	677	685	0	1488276
2170	677	685	685	0	1488961
2171	685	685	689	0	1489646
2172	685	689	688	0	1490335
2173	689	688	693	0	1491023
2174	688	693	696	0	1491716
2175	693	696	705	0	1492412
2176	696	705	712	0	1493117
2177	705	712	704	0	1493829
2178	712	704	708	0	1494533
2179	704	708	720	0	1495241
2180	708	720	708	0	1495961
2181	720	708	732	0	1496669
2182	708	732	731	0	1497401
2183	732	731	705	0	1498132
2184	731	705	696	0	1498837
2185	705	696	697	0	1499533
2186	696	697	696	0	1500230
2187	697	696	700	0	1500926
2188	696	700	724	0	1501626
2189	700	724	716	0	1502350
2190	724	716	716	0	1503066
2191	716	716	716	0	1503782
2192	716	716	712	0	1504498
2193	716	712	697	0	1505210
2194	712	697	708	0	1505907
2195	697	708	712	0	1506615
2196	708	712	708	0	1507327
2197	712	708	716	0	1508035
2198	708	716	739	0	1508751
2199	716	739	728	0	1509490
2200	739	728	743	0	1510218
2201	728	743	739	0	1510961
2202	743	739	716	0	1511700
2203	739	716	701	0	1512416
2204	716	701	700	0	1513117
2205	701	700	701	0	1513817
2206	700	701	704	0	1514518
2207	701	704	724	0	1515222
2208	704	724	712	0	1515946
2209	724	712	747	0	1516658
2210	712	747	739	0	1517405
2211	747	739	708	0	1518144
2212	739	708	732	0	1518852
2213	708	732	716	0	1519584
2214	732	716	696	0	1520300
2215	716	696	700	0	1520996
2216	696	700	705	0	1521696
2217	700	705	696	0	1522401
2218	705	696	701	0	1523097
2219	696	701	708	0	1523798
2220	701	708	704	0	1524506
2221	708	704	704	0	1525210
2222	704	704	728	0	1525914
2223	704	728	735	0	1526642
2224	728	735	712	0	1527377
2225	735	712	728	0	1528089
2226	712	728	732	0	1528817
2227	728	732	719	0	1529549
2228	732	719	720	0	1530268
2229	719	720	716	0	1530988
2230	720	716	701	0	1531704
2231	716	701	700	0	1532405
2232	701	700	724	0	1533105
2233	700	724	739	0	1533829
2234	724	739	712	0	1534568
2235	739	712	728	0	1535280
2236	712	728	720	0	1536008
2237	728	720	700	0	1536728
2238	720	700	693	0	1537428
2239	700	693	739	0	1538121
2240	693	739	731	0	1538860
2241	739	731	728	0	1539591
2242	731	728	728	0	1540319
2243	728	728	712	0	1541047
2244	728	712	731	0	1541759
2245	712	731	716	0	1542490
2246	731	716	712	0	1543206
2247	716	712	716	0	1543918
2248	712	716	705	0	1544634
2249	716	705	715	0	1545339
2250	705	715	713	0	1546054
2251	715	713	704	0	1546767
2252	713	704	716	0	1547471
2253	704	716	700	0	1548187
2254	716	700	708	0	1548887
2255	700	708	709	0	1549595
2256	708	709	700	0	1550304
2257	709	700	696	0	1551004
2258	700	696	693	0	1551700
2259	696	693	681	0	1552393
2260	693	681	696	0	1553074
2261	681	696	728	0	1553770
2262	696	728	747	0	1554498
2263	728	747	720	0	1555245
2264	747	720	735	0	1555965
2265	720	735	709	0	1556700
2266	735	709	692	0	1557409
2267	709	692	693	0	1558101
2268	692	693	685	0	1558794
2269	693	685	681	0	1559479
2270	685	681	680	0	1560160
2271	681	680	674	0	1560840
2272	680	674	677	0	1561514
2273	674	677	688	0	1562191
2274	677	688	677	0	1562879
2275	688	677	685	0	1563556
2276	677	685	693	0	1564241
2277	685	693	689	0	1564934
2278	693	689	677	0	1565623
2279	689	677	692	0	1566300
2280	677	692	693	0	1566992
2281	692	693	692	0	1567685
2282	693	692	697	0	1568377
2283	692	697	689	0	1569074
2284	697	689	688	0	1569763
2285	689	688	685	0	1570451
2286	688	685	681	0	1571136
2287	685	681	677	0	1571817
2288	681	677	677	0	1572494
2289	677	677	669	0	1573171
2290	677	669	678	0	1573840
2291	669	678	680	0	1574518
2292	678	680	674	0	1575198
2293	680	674	696	0	1575872
2294	674	696	720	0	1576568
2295	696	720	728	0	1577288
2296	720	728	700	0	1578016
2297	728	700	708	0	1578716
2298	700	708	712	0	1579424
2299	708	712	689	0	1580136
2300	712	689	700	0	1580825
2301	689	700	689	0	1581525
2302	700	689	669	0	1582214
2303	689	669	677	0	1582883
2304	669	677	685	0	1583560
2305	677	685	685	0	1584245
2306	685	685	689	0	1584930
2307	685	689	696	0	1585619
2308	689	696	701	0	1586315
2309	696	701	700	0	1587016
2310	701	700	708	0	1587716
2311	700	708	708	0	1588424
2312	708	708	708	0	1589132
2313	708	708	709	0	1589840
2314	708	709	696	0	1590549
2315	709	696	701	0	1591245
2316	696	701	688	0	1591946
2317	701	688	677	0	1592634
2318	688	677	642	0	1593311
2319	677	642	638	0	1593953
2320	642	638	646	0	1594591
2321	638	646	638	0	1595237
2322	646	638	654	0	1595875
2323	638	654	666	0	1596529
2324	654	666	665	0	1597195
2325	666	665	677	0	1597860
2326	665	677	685	0	1598537
2327	677	685	677	0	1599222
2328	685	677	685	0	1599899
2329	677	685	669	0	1600584
2330	685	669	658	0	1601253
2331	669	658	657	0	1601911
2332	658	657	650	0	1602568
2333	657	650	654	0	1603218
2334	650	654	642	0	1603872
2335	654	642	649	0	1604514
2336	642	649	646	0	1605163
2337	649	646	642	0	1605809
2338	646	642	650	0	1606451
2339	642	650	638	0	1607101
2340	650	638	650	0	1607739
2341	638	650	638	0	1608389
2342	650	638	627	0	1609027
2343	638	627	630	0	1609654
2344	627	630	623	0	1610284
2345	630	623	634	0	1610907
2346	623	634	622	0	1611541
2347	634	622	623	0	1612163
2348	622	623	626	0	1612786
2349	623	626	607	0	1613412
2350	626	607	627	0	1614019
2351	607	627	607	0	1614646
2352	627	607	615	0	1615253
2353	607	615	607	0	1615868
2354	615	607	599	0	1616475
2355	607	599	603	0	1617074
2356	599	603	591	0	1617677
2357	603	591	596	0	1618268
2358	591	596	587	0	1618864
2359	596	587	592	0	1619451
2360	587	592	583	0	1620043
2361	592	583	576	0	1620626
2362	583	576	580	0	1621202
2363	576	580	576	0	1621782
2364	580	576	568	0	1622358
2365	576	568	572	0	1622926
2366	568	572	572	0	1623498
2367	572	572	560	0	1624070
2368	572	560	557	0	1624630
2369	560	557	552	0	1625187
2370	557	552	557	0	1625739
2371	552	557	544	0	1626296
2372	557	544	553	0	1626840
2373	544	553	556	0	1627393
2374	553	556	557	0	1627949
2375	556	557	552	0	1628506
2376	557	552	561	0	1629058
2377	552	561	556	0	1629619
2378	561	556	553	0	1630175
2379	556	553	556	0	1630728
2380	553	556	553	0	1631284
2381	556	553	560	0	1631837
2382	553	560	560	0	1632397
2383	560	560	557	0	1632957
2384	560	557	556	0	1633514
2385	557	556	553	0	1634070
2386	556	553	552	0	1634623
2387	553	552	553	0	1635175
2388	552	553	556	0	1635728
2389	553	556	549	0	1636284
2390	556	549	552	0	1636833
2391	549	552	553	0	1637385
2392	552	553	548	0	1637938
2393	553	548	545	0	1638486
2394	548	545	537	0	1639031
2395	545	537	537	0	1639568
2396	537	537	537	0	1640105
2397	537	537	533	0	1640642
2398	537	533	537	0	1641175
2399	533	537	533	0	1641712
2400	537	533	537	0	1642245
2401	533	537	533	0	1642782
2402	537	533	533	0	1643315
2403	533	533	529	0	1643848
2404	533	529	530	0	1644377
2405	529	530	533	0	1644907
2406	530	533	525	0	1645440
2407	533	525	525	0	1645965
2408	525	525	529	0	1646490
2409	525	529	534	0	1647019
2410	529	534	529	0	1647553
2411	534	529	529	0	1648082
2412	529	529	529	0	1648611
2413	529	529	521	0	1649140
2414	529	521	522	0	1649661
2415	521	522	517	0	1650183
2416	522	517	526	0	1650700
2417	517	526	517	0	1651226
2418	526	517	510	0	1651743
2419	517	510	517	0	1652253
2420	510	517	510	0	1652770
2421	517	510	514	0	1653280
2422	510	514	510	0	1653794
2423	514	510	517	0	1654304
2424	510	517	514	0	1654821
2425	517	514	513	0	1655335
2426	514	513	514	0	1655848
2427	513	514	517	0	1656362
2428	514	517	510	0	1656879
2429	517	510	522	0	1657389
2430	510	522	517	0	1657911
2431	522	517	518	0	1658428
2432	517	518	517	0	1658946
2433	518	517	518	0	1659463
2434	517	518	517	0	1659981
2435	518	517	518	0	1660498
2436	517	518	533	0	1661016
2437	518	533	540	0	1661549
2438	533	540	545	0	1662089
2439	540	545	545	0	1662634
2440	545	545	560	0	1663179
2441	545	560	553	0	1663739
2442	560	553	548	0	1664292
2443	553	548	553	0	1664840
2444	548	553	553	0	1665393
2445	553	553	552	0	1665946
2446	553	552	553	0	1666498
2447	552	553	548	0	1667051
2448	553	548	549	0	1667599
2449	548	549	545	0	1668148
2450	549	545	540	0	1668693
2451	545	540	541	0	1669233
2452	540	541	537	0	1669774
2453	541	537	533	0	1670311
2454	537	533	537	0	1670844
2455	533	537	537	0	1671381
2456	537	537	537	0	1671918
2457	537	537	541	0	1672455
2458	537	541	545	0	1672996
2459	541	545	541	0	1673541
2460	545	541	564	0	1674082
2461	541	564	560	0	1674646
2462	564	560	564	0	1675206
2463	560	564	580	0	1675770
2464	564	580	596	0	1676350
2465	580	596	634	0	1676946
2466	596	634	642	0	1677580
2467	634	642	630	0	1678222
2468	642	630	615	0	1678852
2469	630	615	615	0	1679467
2470	615	615	618	0	1680082
2471	615	618	607	0	1680700
2472	618	607	600	0	1681307
2473	607	600	575	0	1681907
2474	600	575	565	0	1682482
2475	575	565	564	0	1683047
2476	565	564	564	0	1683611
2477	564	564	568	0	1684175
2478	564	568	580	0	1684743
2479	568	580	638	0	1685323
2480	580	638	712	0	1685961
2481	638	712	701	0	1686673
2482	712	701	692	0	1687374
2483	701	692	712	0	1688066
2484	692	712	716	0	1688778
2485	712	716	650	0	1689494
2486	716	650	634	0	1690144
2487	650	634	646	0	1690778
2488	634	646	627	0	1691424
2489	646	627	614	0	1692051
2490	627	614	635	0	1692665
2491	614	635	630	0	1693300
2492	635	630	626	0	1693930
2493	630	626	639	0	1694556
2494	626	639	661	0	1695195
2495	639	661	646	0	1695856
2496	661	646	650	0	1696502
2497	646	650	657	0	1697152
2498	650	657	666	0	1697809
2499	657	666	653	0	1698475
2500	666	653	677	0	1699128
2501	653	677	685	0	1699805
2502	677	685	673	0	1700490
2503	685	673	666	0	1701163
2504	673	666	653	0	1701829
2505	666	653	654	0	1702482
2506	653	654	642	0	1703136
2507	654	642	646	0	1703778
2508	642	646	665	0	1704424
2509	646	665	658	0	1705089
2510	665	658	716	0	1705747
2511	658	716	728	0	1706463
2512	716	728	712	0	1707191
2513	728	712	735	0	1707903
2514	712	735	736	0	1708638
2515	735	736	731	0	1709374
2516	736	731	743	0	1710105
2517	731	743	712	0	1710848
2518	743	712	708	0	1711560
2519	712	708	728	0	1712268
2520	708	728	739	0	1712996
2521	728	739	736	0	1713735
2522	739	736	724	0	1714471
2523	736	724	708	0	1715195
2524	724	708	681	0	1715903
2525	708	681	677	0	1716584
2526	681	677	696	0	1717261
2527	677	696	720	0	1717957
2528	696	720	732	0	1718677
2529	720	732	712	0	1719409
2530	732	712	735	0	1720121
2531	712	735	802	0	1720856
2532	735	802	735	0	1721658
2533	802	735	829	0	1722393
2534	735	829	766	0	1723222
2535	829	766	751	0	1723988
2536	766	751	767	0	1724739
2537	751	767	743	0	1725506
2538	767	743	697	0	1726249
2539	743	697	727	0	1726946
2540	697	727	720	0	1727673
2541	727	720	689	0	1728393
2542	720	689	708	0	1729082
2543	689	708	735	0	1729790
2544	708	735	743	0	1730525
2545	735	743	716	0	1731268
2546	743	716	763	0	1731984
2547	716	763	771	0	1732747
2548	763	771	766	0	1733518
2549	771	766	724	0	1734284
2550	766	724	700	0	1735008
2551	724	700	732	0	1735708
2552	700	732	739	0	1736440
2553	732	739	751	0	1737179
2554	739	751	774	0	1737930
2555	751	774	736	0	1738704
2556	774	736	696	0	1739440
2557	736	696	736	0	1740136
2558	696	736	751	0	1740872
2559	736	751	751	0	1741623
2560	751	751	712	0	1742374
2561	751	712	778	0	1743086
2562	712	778	774	0	1743864
2563	778	774	724	0	1744638
2564	774	724	790	0	1745362
2565	724	790	762	0	1746152
2566	790	762	775	0	1746914
2567	762	775	809	0	1747689
2568	775	809	774	0	1748498
2569	809	774	747	0	1749272
2570	774	747	779	0	1750019
2571	747	779	774	0	1750798
2572	779	774	813	0	1751572
2573	774	813	771	0	1752385
2574	813	771	778	0	1753156
2575	771	778	805	0	1753934
2576	778	805	810	0	1754739
2577	805	810	793	0	1755549
2578	810	793	786	0	1756342
2579	793	786	794	0	1757128
2580	786	794	767	0	1757922
2581	794	767	793	0	1758689
2582	767	793	763	0	1759482
2583	793	763	790	0	1760245
2584	763	790	805	0	1761035
2585	790	805	775	0	1761840
2586	805	775	817	0	1762615
2587	775	817	817	0	1763432
2588	817	817	805	0	1764249
2589	817	805	736	0	1765054
2590	805	736	735	0	1765790
2591	736	735	708	0	1766525
2592	735	708	705	0	1767233
2593	708	705	688	0	1767938
2594	705	688	763	0	1768626
2595	688	763	833	0	1769389
2596	763	833	840	0	1770222
2597	833	840	767	0	1771062
2598	840	767	817	0	1771829
2599	767	817	809	0	1772646
2600	817	809	743	0	1773455
2601	809	743	763	0	1774198
2602	743	763	739	0	1774961
2603	763	739	740	0	1775700
2604	739	740	743	0	1776440
2605	740	743	724	0	1777183
2606	743	724	778	0	1777907
2607	724	778	731	0	1778685
2608	778	731	786	0	1779416
2609	731	786	782	0	1780202
2610	786	782	744	0	1780984
2611	782	744	790	0	1781728
2612	744	790	774	0	1782518
2613	790	774	739	0	1783292
2614	774	739	790	0	1784031
2615	739	790	829	0	1784821
2616	790	829	821	0	1785650
2617	829	821	786	0	1786471
2618	821	786	786	0	1787257
2619	786	786	762	0	1788043
2620	786	762	748	0	1788805
2621	762	748	751	0	1789553
2622	748	751	735	0	1790304
2623	751	735	786	0	1791039
2624	735	786	817	0	1791825
2625	786	817	798	0	1792642
2626	817	798	762	0	1793440
2627	798	762	755	0	1794202
2628	762	755	755	0	1794957
2629	755	755	763	0	1795712
2630	755	763	809	0	1796475
2631	763	809	817	0	1797284
2632	809	817	806	0	1798101
2633	817	806	758	0	1798907
