i-1	i+0	i+1	Filter	Time
568	821	837	0	1389
821	837	828	0	2226
837	828	814	0	3054
828	814	564	0	3868
814	564	1000	1	4432
564	1000	879	0	5432
1000	879	880	0	6311
879	880	856	0	7191
880	856	832	0	8047
856	832	837	0	8879
832	837	840	0	9716
837	840	1522	0	10556
840	1522	887	0	12078
1522	887	844	0	12965
887	844	817	0	13809
844	817	794	0	14626
817	794	817	0	15420
794	817	810	0	16237
817	810	809	0	17047
810	809	603	0	17856
809	603	627	1	18459
603	627	871	1	19086
627	871	848	0	19957
871	848	856	0	20805
848	856	837	0	21661
856	837	825	0	22498
837	825	802	0	23323
825	802	801	0	24125
802	801	794	0	24926
801	794	809	0	25720
794	809	810	0	26529
809	810	801	0	27339
810	801	825	0	28140
801	825	821	0	28965
825	821	802	0	29786
821	802	817	0	30588
802	817	805	0	31405
817	805	599	0	32210
805	599	786	1	32809
599	786	923	0	33595
786	923	789	0	34518
923	789	779	0	35307
789	779	782	0	36086
779	782	786	0	36868
782	786	774	0	37654
786	774	778	0	38428
774	778	743	0	39206
778	743	736	0	39949
743	736	720	0	40685
736	720	716	0	41405
720	716	735	0	42121
716	735	751	0	42856
735	751	763	0	43607
751	763	782	0	44370
763	782	790	0	45152
782	790	786	0	45942
790	786	809	0	46728
786	809	821	0	47537
809	821	809	0	48358
821	809	821	0	49167
809	821	829	0	49988
821	829	817	0	50817
829	817	852	0	51634
817	852	853	0	52486
852	853	836	0	53339
853	836	856	0	54175
836	856	833	0	55031
856	833	848	0	55864
833	848	860	0	56712
848	860	844	0	57572
860	844	849	0	58416
844	849	856	0	59265
849	856	856	0	60121
856	856	832	0	60977
856	832	864	0	61809
832	864	852	0	62673
864	852	833	0	63525
852	833	848	0	64358
833	848	852	0	65206
848	852	825	0	66058
852	825	856	0	66883
825	856	852	0	67739
856	852	818	0	68591
852	818	821	0	69409
818	821	813	0	70230
821	813	805	0	71043
813	805	829	0	71848
805	829	825	0	72677
829	825	833	0	73502
825	833	848	0	74335
833	848	840	0	75183
848	840	852	0	76023
840	852	849	0	76875
852	849	856	0	77724
849	856	848	0	78580
856	848	868	0	79428
848	868	860	0	80296
868	860	1490	0	81156
860	1490	872	0	82646
1490	872	813	0	83518
872	813	778	0	84331
813	778	774	0	85109
778	774	767	0	85883
774	767	751	0	86650
767	751	755	0	87401
751	755	755	0	88156
755	755	789	0	88911
755	789	790	0	89700
789	790	825	0	90490
790	825	845	0	91315
825	845	832	0	92160
845	832	580	0	92992
832	580	1074	1	93572
580	1074	829	0	94646
1074	829	805	0	95475
829	805	829	0	96280
805	829	817	0	97109
829	817	825	0	97926
817	825	603	0	98751
825	603	914	1	99354
603	914	857	0	100268
914	857	556	0	101125
857	556	973	1	101681
556	973	836	0	102654
973	836	790	0	103490
836	790	778	0	104280
790	778	779	0	105058
778	779	786	0	105837
779	786	793	0	106623
786	793	810	0	107416
793	810	1467	0	108226
810	1467	832	0	109693
1467	832	798	0	110525
832	798	790	0	111323
798	790	782	0	112113
790	782	798	0	112895
782	798	1435	0	113693
798	1435	810	0	115128
1435	810	786	0	115938
810	786	786	0	116724
786	786	1424	0	117510
786	1424	801	0	118934
1424	801	755	0	119735
801	755	740	0	120490
755	740	599	0	121230
740	599	759	1	121829
599	759	754	0	122588
759	754	763	0	123342
754	763	747	0	124105
763	747	778	0	124852
747	778	790	0	125630
778	790	798	0	126420
790	798	821	0	127218
798	821	1424	0	128039
821	1424	798	0	129463
1424	798	743	0	130261
798	743	731	0	131004
743	731	569	0	131735
731	569	875	1	132304
569	875	728	0	133179
875	728	801	0	133907
728	801	798	0	134708
801	798	790	0	135506
798	790	782	0	136296
790	782	801	0	137078
782	801	810	0	137879
801	810	813	0	138689
810	813	821	0	139502
813	821	1463	0	140323
821	1463	848	0	141786
1463	848	557	0	142634
848	557	937	1	143191
557	937	794	0	144128
937	794	611	0	144922
794	611	708	1	145533
611	708	631	0	146241
708	631	875	1	146872
631	875	879	0	147747
875	879	872	0	148626
879	872	876	0	149498
872	876	914	0	150374
876	914	914	0	151288
914	914	887	0	152202
914	887	907	0	153089
887	907	891	0	153996
907	891	883	0	154887
891	883	860	0	155770
883	860	888	0	156630
860	888	867	0	157518
888	867	864	0	158385
867	864	848	0	159249
864	848	849	0	160097
848	849	859	0	160946
849	859	576	0	161805
859	576	1066	1	162381
576	1066	860	0	163447
1066	860	853	0	164307
860	853	821	0	165160
853	821	809	0	165981
821	809	805	0	166790
809	805	817	0	167595
805	817	821	0	168412
817	821	837	0	169233
821	837	829	0	170070
837	829	829	0	170899
829	829	856	0	171728
829	856	856	0	172584
856	856	848	0	173440
856	848	840	0	174288
848	840	864	0	175128
840	864	852	0	175992
864	852	868	0	176844
852	868	844	0	177712
868	844	837	0	178556
844	837	852	0	179393
837	852	829	0	180245
852	829	584	0	181074
829	584	1046	1	181658
584	1046	841	0	182704
1046	841	840	0	183545
841	840	592	0	184385
840	592	1062	1	184977
592	1062	872	0	186039
1062	872	821	0	186911
872	821	661	0	187732
821	661	1027	1	188393
661	1027	825	0	189420
1027	825	833	0	190245
825	833	833	0	191078
833	833	1482	0	191911
833	1482	887	0	193393
1482	887	833	0	194280
887	833	805	0	195113
833	805	798	0	195918
805	798	813	0	196716
798	813	841	0	197529
813	841	836	0	198370
841	836	833	0	199206
836	833	844	0	200039
833	844	852	0	200883
844	852	825	0	201735
852	825	1514	0	202560
825	1514	891	0	204074
1514	891	1502	0	204965
891	1502	833	0	206467
1502	833	540	0	207300
833	540	1020	1	207840
540	1020	813	0	208860
1020	813	588	0	209673
813	588	906	1	210261
588	906	572	0	211167
906	572	1183	1	211739
572	1183	837	0	212922
1183	837	813	0	213759
837	813	837	0	214572
813	837	1494	0	215409
837	1494	902	0	216903
1494	902	853	0	217805
902	853	832	0	218658
853	832	845	0	219490
832	845	867	0	220335
845	867	860	0	221202
867	860	825	0	222062
860	825	880	0	222887
825	880	875	0	223767
880	875	852	0	224642
875	852	856	0	225494
852	856	864	0	226350
856	864	864	0	227214
864	864	860	0	228078
864	860	871	0	228938
860	871	864	0	229809
871	864	852	0	230673
864	852	872	0	231525
852	872	591	0	232397
872	591	1004	1	232988
591	1004	961	0	233992
1004	961	860	0	234953
961	860	841	0	235813
860	841	836	0	236654
841	836	810	0	237490
836	810	840	0	238300
810	840	584	0	239140
840	584	1019	1	239724
584	1019	872	0	240743
1019	872	848	0	241615
872	848	841	0	242463
848	841	824	0	243304
841	824	856	0	244128
824	856	837	0	244984
856	837	833	0	245821
837	833	871	0	246654
833	871	864	0	247525
871	864	841	0	248389
864	841	875	0	249230
841	875	864	0	250105
875	864	836	0	250969
864	836	876	0	251805
836	876	856	0	252681
876	856	837	0	253537
856	837	856	0	254374
837	856	859	0	255230
856	859	857	0	256089
859	857	840	0	256946
857	840	852	0	257786
840	852	852	0	258638
852	852	829	0	259490
852	829	856	0	260319
829	856	841	0	261175
856	841	840	0	262016
841	840	840	0	262856
840	840	857	0	263696
840	857	852	0	264553
857	852	832	0	265405
852	832	860	0	266237
832	860	849	0	267097
860	849	840	0	267946
849	840	852	0	268786
840	852	856	0	269638
852	856	856	0	270494
856	856	837	0	271350
856	837	856	0	272187
837	856	844	0	273043
856	844	852	0	273887
844	852	576	0	274739
852	576	1109	1	275315
576	1109	891	0	276424
1109	891	856	0	277315
891	856	592	0	278171
856	592	1058	1	278763
592	1058	926	0	279821
1058	926	856	0	280747
926	856	844	0	281603
856	844	849	0	282447
844	849	852	0	283296
849	852	836	0	284148
852	836	825	0	284984
836	825	856	0	285809
825	856	775	0	286665
856	775	910	0	287440
775	910	845	0	288350
910	845	840	0	289195
845	840	848	0	290035
840	848	845	0	290883
848	845	832	0	291728
845	832	849	0	292560
832	849	836	0	293409
849	836	841	0	294245
836	841	828	0	295086
841	828	849	0	295914
828	849	840	0	296763
849	840	848	0	297603
840	848	1487	0	298451
848	1487	891	0	299938
1487	891	840	0	300829
891	840	806	0	301669
840	806	572	0	302475
806	572	988	1	303047
572	988	856	0	304035
988	856	876	0	304891
856	876	863	0	305767
876	863	852	0	306630
863	852	880	0	307482
852	880	1529	0	308362
880	1529	914	0	309891
1529	914	1514	0	310805
914	1514	868	0	312319
1514	868	1471	0	313187
868	1471	821	0	314658
1471	821	599	0	315479
821	599	848	0	316078
599	848	802	0	316926
848	802	1447	0	317728
802	1447	821	0	319175
1447	821	806	0	319996
821	806	801	0	320802
806	801	584	0	321603
801	584	980	1	322187
584	980	864	0	323167
980	864	642	0	324031
864	642	1039	1	324673
642	1039	895	0	325712
1039	895	852	0	326607
895	852	872	0	327459
852	872	856	0	328331
872	856	836	0	329187
856	836	845	0	330023
836	845	840	0	330868
845	840	821	0	331708
840	821	833	0	332529
821	833	844	0	333362
833	844	841	0	334206
844	841	821	0	335047
841	821	817	0	335868
821	817	836	0	336685
817	836	810	0	337521
836	810	801	0	338331
810	801	782	0	339132
801	782	833	0	339914
782	833	809	0	340747
833	809	821	0	341556
809	821	825	0	342377
821	825	845	0	343202
825	845	856	0	344047
845	856	856	0	344903
856	856	860	0	345759
856	860	863	0	346619
860	863	868	0	347482
863	868	872	0	348350
868	872	860	0	349222
872	860	875	0	350082
860	875	876	0	350957
875	876	875	0	351833
876	875	880	0	352708
875	880	879	0	353588
880	879	879	0	354467
879	879	856	0	355346
879	856	868	0	356202
856	868	615	0	357070
868	615	603	1	357685
615	603	1136	1	358288
603	1136	988	0	359424
1136	988	907	0	360412
988	907	852	0	361319
907	852	845	0	362171
852	845	626	0	363016
845	626	1066	1	363642
626	1066	845	0	364708
1066	845	848	0	365553
845	848	840	0	366401
848	840	825	0	367241
840	825	848	0	368066
825	848	845	0	368914
848	845	821	0	369759
845	821	829	0	370580
821	829	871	0	371409
829	871	841	0	372280
871	841	825	0	373121
841	825	848	0	373946
825	848	852	0	374794
848	852	856	0	375646
852	856	856	0	376502
856	856	864	0	377358
856	864	867	0	378222
864	867	845	0	379089
867	845	868	0	379934
845	868	871	0	380802
868	871	860	0	381673
871	860	848	0	382533
860	848	852	0	383381
848	852	856	0	384233
852	856	837	0	385089
856	837	868	0	385926
837	868	848	0	386794
868	848	844	0	387642
848	844	856	0	388486
844	856	837	0	389342
856	837	833	0	390179
837	833	848	0	391012
833	848	840	0	391860
848	840	818	0	392700
840	818	813	0	393518
818	813	836	0	394331
813	836	833	0	395167
836	833	802	0	396000
833	802	817	0	396802
802	817	840	0	397619
817	840	817	0	398459
840	817	813	0	399276
817	813	829	0	400089
813	829	825	0	400918
829	825	810	0	401743
825	810	824	0	402553
810	824	825	0	403377
824	825	817	0	404202
825	817	1522	0	405019
817	1522	895	0	406541
1522	895	868	0	407436
895	868	836	0	408304
868	836	592	0	409140
836	592	1019	1	409732
592	1019	856	0	410751
1019	856	848	0	411607
856	848	841	0	412455
848	841	836	0	413296
841	836	849	0	414132
836	849	1529	0	414981
849	1529	926	0	416510
1529	926	1513	0	417436
926	1513	895	0	418949
1513	895	841	0	419844
895	841	809	0	420685
841	809	833	0	421494
809	833	1475	0	422327
833	1475	848	0	423802
1475	848	825	0	424650
848	825	813	0	425475
825	813	801	0	426288
813	801	829	0	427089
801	829	864	0	427918
829	864	852	0	428782
864	852	872	0	429634
852	872	844	0	430506
872	844	841	0	431350
844	841	875	0	432191
841	875	852	0	433066
875	852	852	0	433918
852	852	860	0	434770
852	860	860	0	435630
860	860	852	0	436490
860	852	868	0	437342
852	868	864	0	438210
868	864	848	0	439074
864	848	856	0	439922
848	856	864	0	440778
856	864	852	0	441642
864	852	845	0	442494
852	845	856	0	443339
845	856	856	0	444195
856	856	840	0	445051
856	840	844	0	445891
840	844	833	0	446735
844	833	829	0	447568
833	829	825	0	448397
829	825	832	0	449222
825	832	814	0	450054
832	814	813	0	450868
814	813	821	0	451681
813	821	817	0	452502
821	817	809	0	453319
817	809	818	0	454128
809	818	817	0	454946
818	817	813	0	455763
817	813	813	0	456576
813	813	817	0	457389
813	817	778	0	458206
817	778	767	0	458984
778	767	798	0	459751
767	798	836	0	460549
798	836	845	0	461385
836	845	824	0	462230
845	824	841	0	463054
824	841	844	0	463895
841	844	852	0	464739
844	852	856	0	465591
852	856	888	0	466447
856	888	902	0	467335
888	902	888	0	468237
902	888	887	0	469125
888	887	891	0	470012
887	891	879	0	470903
891	879	891	0	471782
879	891	887	0	472673
891	887	876	0	473560
887	876	891	0	474436
876	891	891	0	475327
891	891	899	0	476218
891	899	887	0	477117
899	887	868	0	478004
887	868	883	0	478872
868	883	883	0	479755
883	883	1553	0	480638
883	1553	548	0	482191
1553	548	1284	1	482739
548	1284	849	0	484023
1284	849	801	0	484872
849	801	778	0	485673
801	778	790	0	486451
778	790	790	0	487241
790	790	821	0	488031
790	821	821	0	488852
821	821	841	0	489673
821	841	836	0	490514
841	836	611	0	491350
836	611	1062	1	491961
611	1062	849	0	493023
1062	849	836	0	493872
849	836	845	0	494708
836	845	836	0	495553
845	836	829	0	496389
836	829	626	0	497218
829	626	1008	1	497844
626	1008	833	0	498852
1008	833	821	0	499685
833	821	848	0	500506
821	848	825	0	501354
848	825	821	0	502179
825	821	856	0	503000
821	856	848	0	503856
856	848	825	0	504704
848	825	891	0	505529
825	891	845	0	506420
891	845	875	0	507265
845	875	1556	0	508140
875	1556	592	0	509696
1556	592	1214	1	510288
592	1214	833	0	511502
1214	833	817	0	512335
833	817	782	0	513152
817	782	762	0	513934
782	762	767	0	514696
762	767	770	0	515463
767	770	786	0	516233
770	786	810	0	517019
786	810	572	0	517829
810	572	984	1	518401
572	984	883	0	519385
984	883	658	0	520268
883	658	1008	1	520926
658	1008	871	0	521934
1008	871	607	0	522805
871	607	1008	1	523412
607	1008	740	0	524420
1008	740	817	0	525160
740	817	762	0	525977
817	762	779	0	526739
762	779	770	0	527518
779	770	794	0	528288
770	794	782	0	529082
794	782	778	0	529864
782	778	770	0	530642
778	770	724	0	531412
770	724	747	0	532136
724	747	728	0	532883
747	728	712	0	533611
728	712	720	0	534323
712	720	708	0	535043
720	708	704	0	535751
708	704	701	0	536455
704	701	704	0	537156
701	704	728	0	537860
704	728	599	0	538588
728	599	922	1	539187
599	922	821	0	540109
922	821	817	0	540930
821	817	825	0	541747
817	825	821	0	542572
825	821	844	0	543393
821	844	837	0	544237
844	837	829	0	545074
837	829	832	0	545903
829	832	814	0	546735
832	814	821	0	547549
814	821	817	0	548370
821	817	813	0	549187
817	813	829	0	550000
813	829	821	0	550829
829	821	583	0	551650
821	583	1004	1	552233
583	1004	849	0	553237
1004	849	801	0	554086
849	801	829	0	554887
801	829	817	0	555716
829	817	825	0	556533
817	825	817	0	557358
825	817	813	0	558175
817	813	806	0	558988
813	806	817	0	559794
806	817	813	0	560611
817	813	833	0	561424
813	833	821	0	562257
833	821	833	0	563078
821	833	821	0	563911
833	821	844	0	564732
821	844	836	0	565576
844	836	837	0	566412
836	837	829	0	567249
837	829	844	0	568078
829	844	837	0	568922
844	837	1482	0	569759
837	1482	876	0	571241
1482	876	805	0	572117
876	805	786	0	572922
805	786	774	0	573708
786	774	779	0	574482
774	779	782	0	575261
779	782	790	0	576043
782	790	790	0	576833
790	790	801	0	577623
790	801	802	0	578424
801	802	805	0	579226
802	805	821	0	580031
805	821	806	0	580852
821	806	786	0	581658
806	786	786	0	582444
786	786	782	0	583230
786	782	766	0	584012
782	766	771	0	584778
766	771	774	0	585549
771	774	774	0	586323
774	774	767	0	587097
774	767	778	0	587864
767	778	782	0	588642
778	782	786	0	589424
782	786	763	0	590210
786	763	778	0	590973
763	778	774	0	591751
778	774	775	0	592525
774	775	770	0	593300
775	770	786	0	594070
770	786	665	0	594856
786	665	895	0	595521
665	895	767	0	596416
895	767	770	0	597183
767	770	775	0	597953
770	775	762	0	598728
775	762	755	0	599490
762	755	771	0	600245
755	771	762	0	601016
771	762	771	0	601778
762	771	751	0	602549
771	751	766	0	603300
751	766	759	0	604066
766	759	751	0	604825
759	751	735	0	605576
751	735	751	0	606311
735	751	743	0	607062
751	743	736	0	607805
743	736	755	0	608541
736	755	770	0	609296
755	770	806	0	610066
770	806	813	0	610872
806	813	805	0	611685
813	805	810	0	612490
805	810	821	0	613300
810	821	809	0	614121
821	809	790	0	614930
809	790	809	0	615720
790	809	580	0	616529
809	580	1004	1	617109
580	1004	941	0	618113
1004	941	825	0	619054
941	825	821	0	619879
825	821	798	0	620700
821	798	786	0	621498
798	786	794	0	622284
786	794	774	0	623078
794	774	782	0	623852
774	782	790	0	624634
782	790	771	0	625424
790	771	754	0	626195
771	754	779	0	626949
754	779	801	0	627728
779	801	1432	0	628529
801	1432	922	0	629961
1432	922	849	0	630883
922	849	859	0	631732
849	859	1432	0	632591
859	1432	911	0	634023
1432	911	1416	0	634934
911	1416	833	0	636350
1416	833	603	0	637183
833	603	895	1	637786
603	895	763	0	638681
895	763	758	0	639444
763	758	771	0	640202
758	771	1416	0	640973
771	1416	821	0	642389
1416	821	1413	0	643210
821	1413	793	0	644623
1413	793	1401	0	645416
793	1401	782	0	646817
1401	782	1393	0	647599
782	1393	771	0	648992
1393	771	1369	0	649763
771	1369	759	0	651132
1369	759	1362	0	651891
759	1362	755	0	653253
1362	755	735	0	654008
755	735	743	0	654743
735	743	751	0	655486
743	751	771	0	656237
751	771	813	0	657008
771	813	829	0	657821
813	829	840	0	658650
829	840	852	0	659490
840	852	872	0	660342
852	872	864	0	661214
872	864	856	0	662078
864	856	836	0	662934
856	836	849	0	663770
836	849	844	0	664619
849	844	837	0	665463
844	837	852	0	666300
837	852	840	0	667152
852	840	845	0	667992
840	845	832	0	668837
845	832	845	0	669669
832	845	805	0	670514
845	805	809	0	671319
805	809	786	0	672128
809	786	794	0	672914
786	794	1483	0	673708
794	1483	860	0	675191
1483	860	813	0	676051
860	813	778	0	676864
813	778	580	0	677642
778	580	922	1	678222
580	922	626	0	679144
922	626	981	1	679770
626	981	770	0	680751
981	770	1421	0	681521
770	1421	766	0	682942
1421	766	599	0	683708
766	599	810	1	684307
599	810	758	0	685117
810	758	1362	0	685875
758	1362	631	0	687237
1362	631	665	1	687868
631	665	922	0	688533
665	922	782	0	689455
922	782	1397	0	690237
782	1397	794	0	691634
1397	794	1381	0	692428
794	1381	821	0	693809
1381	821	786	0	694630
821	786	782	0	695416
786	782	806	0	696198
782	806	813	0	697004
806	813	829	0	697817
813	829	844	0	698646
829	844	829	0	699490
844	829	860	0	700319
829	860	868	0	701179
860	868	875	0	702047
868	875	856	0	702922
875	856	883	0	703778
856	883	880	0	704661
883	880	871	0	705541
880	871	880	0	706412
871	880	856	0	707292
880	856	871	0	708148
856	871	876	0	709019
871	876	875	0	709895
876	875	860	0	710770
875	860	868	0	711630
860	868	1521	0	712498
868	1521	907	0	714019
1521	907	1475	0	714926
907	1475	805	0	716401
1475	805	767	0	717206
805	767	770	0	717973
767	770	778	0	718743
770	778	565	0	719521
778	565	984	1	720086
565	984	848	0	721070
984	848	670	0	721918
848	670	1038	0	722588
670	1038	856	0	723626
1038	856	837	0	724482
856	837	868	0	725319
837	868	848	0	726187
868	848	848	0	727035
848	848	635	0	727883
848	635	1050	1	728518
635	1050	868	0	729568
1050	868	844	0	730436
868	844	841	0	731280
844	841	661	0	732121
841	661	1004	1	732782
661	1004	844	0	733786
1004	844	849	0	734630
844	849	860	0	735479
849	860	879	0	736339
860	879	879	0	737218
879	879	876	0	738097
879	876	1548	0	738973
876	1548	915	0	740521
1548	915	875	0	741436
915	875	852	0	742311
875	852	837	0	743163
852	837	848	0	744000
837	848	848	0	744848
848	848	860	0	745696
848	860	860	0	746556
860	860	860	0	747416
860	860	876	0	748276
860	876	871	0	749152
876	871	852	0	750023
871	852	872	0	750875
852	872	852	0	751747
872	852	868	0	752599
852	868	860	0	753467
868	860	856	0	754327
860	856	852	0	755183
856	852	872	0	756035
852	872	860	0	756907
872	860	856	0	757767
860	856	844	0	758623
856	844	844	0	759467
844	844	833	0	760311
844	833	821	0	761144
833	821	837	0	761965
821	837	832	0	762802
837	832	825	0	763634
832	825	813	0	764459
825	813	841	0	765272
813	841	836	0	766113
841	836	818	0	766949
836	818	828	0	767767
818	828	849	0	768595
828	849	852	0	769444
849	852	836	0	770296
852	836	860	0	771132
836	860	860	0	771992
860	860	841	0	772852
860	841	871	0	773693
841	871	864	0	774564
871	864	844	0	775428
864	844	1514	0	776272
844	1514	868	0	777786
1514	868	828	0	778654
868	828	825	0	779482
828	825	810	0	780307
825	810	809	0	781117
810	809	829	0	781926
809	829	836	0	782755
829	836	825	0	783591
836	825	837	0	784416
825	837	887	0	785253
837	887	821	0	786140
887	821	833	0	786961
821	833	813	0	787794
833	813	887	0	788607
813	887	848	0	789494
887	848	856	0	790342
848	856	872	0	791198
856	872	883	0	792070
872	883	872	0	792953
883	872	883	0	793825
872	883	876	0	794708
883	876	1560	0	795584
876	1560	942	0	797144
1560	942	1486	0	798086
942	1486	930	0	799572
1486	930	1479	0	800502
930	1479	852	0	801981
1479	852	805	0	802833
852	805	557	0	803638
805	557	902	1	804195
557	902	794	0	805097
902	794	829	0	805891
794	829	860	0	806720
829	860	852	0	807580
860	852	872	0	808432
852	872	894	0	809304
872	894	895	0	810198
894	895	907	0	811093
895	907	922	0	812000
907	922	930	0	812922
922	930	915	0	813852
930	915	933	0	814767
915	933	923	0	815700
933	923	918	0	816623
923	918	914	0	817541
918	914	895	0	818455
914	895	899	0	819350
895	899	914	0	820249
899	914	903	0	821163
914	903	883	0	822066
903	883	880	0	822949
883	880	883	0	823829
880	883	903	0	824712
883	903	895	0	825615
903	895	867	0	826510
895	867	891	0	827377
867	891	872	0	828268
891	872	872	0	829140
872	872	883	0	830012
872	883	872	0	830895
883	872	840	0	831767
872	840	856	0	832607
840	856	837	0	833463
856	837	825	0	834300
837	825	828	0	835125
825	828	1518	0	835953
828	1518	883	0	837471
1518	883	864	0	838354
883	864	817	0	839218
864	817	821	0	840035
817	821	825	0	840856
821	825	829	0	841681
825	829	568	0	842510
829	568	965	1	843078
568	965	871	0	844043
965	871	872	0	844914
871	872	829	0	845786
872	829	840	0	846615
829	840	845	0	847455
840	845	828	0	848300
845	828	845	0	849128
828	845	856	0	849973
845	856	840	0	850829
856	840	856	0	851669
840	856	849	0	852525
856	849	848	0	853374
849	848	844	0	854222
848	844	848	0	855066
844	848	837	0	855914
848	837	1502	0	856751
837	1502	852	0	858253
1502	852	794	0	859105
852	794	797	0	859899
794	797	596	0	860696
797	596	965	1	861292
596	965	790	0	862257
965	790	793	0	863047
790	793	821	0	863840
793	821	814	0	864661
821	814	852	0	865475
814	852	840	0	866327
852	840	810	0	867167
840	810	832	0	867977
810	832	588	0	868809
832	588	1039	1	869397
588	1039	883	0	870436
1039	883	833	0	871319
883	833	836	0	872152
833	836	856	0	872988
836	856	860	0	873844
856	860	845	0	874704
860	845	844	0	875549
845	844	852	0	876393
844	852	852	0	877245
852	852	1545	0	878097
852	1545	891	0	879642
1545	891	833	0	880533
891	833	844	0	881366
833	844	829	0	882210
844	829	821	0	883039
829	821	844	0	883860
821	844	856	0	884704
844	856	841	0	885560
856	841	860	0	886401
841	860	864	0	887261
860	864	856	0	888125
864	856	1537	0	888981
856	1537	918	0	890518
1537	918	879	0	891436
918	879	856	0	892315
879	856	837	0	893171
856	837	867	0	894008
837	867	837	0	894875
867	837	829	0	895712
837	829	848	0	896541
829	848	844	0	897389
848	844	837	0	898233
844	837	852	0	899070
837	852	845	0	899922
852	845	836	0	900767
845	836	837	0	901603
836	837	836	0	902440
837	836	841	0	903276
836	841	856	0	904117
841	856	848	0	904973
856	848	833	0	905821
848	833	840	0	906654
833	840	829	0	907494
840	829	825	0	908323
829	825	833	0	909148
825	833	824	0	909981
833	824	818	0	910805
824	818	599	0	911623
818	599	961	1	912222
599	961	871	0	913183
961	871	872	0	914054
871	872	833	0	914926
872	833	836	0	915759
833	836	833	0	916595
836	833	825	0	917428
833	825	420	0	918253
825	420	1249	1	918673
420	1249	790	0	919922
1249	790	767	0	920712
790	767	762	0	921479
767	762	751	0	922241
762	751	627	0	922992
751	627	832	1	923619
627	832	740	0	924451
832	740	720	0	925191
740	720	715	0	925911
720	715	697	0	926626
715	697	689	0	927323
697	689	704	0	928012
689	704	689	0	928716
704	689	684	0	929405
689	684	674	0	930089
684	674	665	0	930763
674	665	673	0	931428
665	673	693	0	932101
673	693	708	0	932794
693	708	704	0	933502
708	704	732	0	934206
704	732	747	0	934938
732	747	774	0	935685
747	774	798	0	936459
774	798	794	0	937257
798	794	801	0	938051
794	801	809	0	938852
801	809	790	0	939661
809	790	821	0	940451
790	821	817	0	941272
821	817	802	0	942089
817	802	813	0	942891
802	813	806	0	943704
813	806	813	0	944510
806	813	794	0	945323
813	794	1420	0	946117
794	1420	809	0	947537
1420	809	798	0	948346
809	798	759	0	949144
798	759	770	0	949903
759	770	611	0	950673
770	611	903	1	951284
611	903	759	0	952187
903	759	778	0	952946
759	778	762	0	953724
778	762	782	0	954486
762	782	1393	0	955268
782	1393	802	0	956661
1393	802	786	0	957463
802	786	755	0	958249
786	755	766	0	959004
755	766	759	0	959770
766	759	747	0	960529
759	747	767	0	961276
747	767	766	0	962043
767	766	779	0	962809
766	779	774	0	963588
779	774	786	0	964362
774	786	1451	0	965148
786	1451	813	0	966599
1451	813	818	0	967412
813	818	809	0	968230
818	809	1451	0	969039
809	1451	837	0	970490
1451	837	801	0	971327
837	801	802	0	972128
801	802	774	0	972930
802	774	802	0	973704
774	802	813	0	974506
802	813	833	0	975319
813	833	832	0	976152
833	832	821	0	976984
832	821	853	0	977805
821	853	852	0	978658
853	852	1447	0	979510
852	1447	837	0	980957
1447	837	821	0	981794
837	821	786	0	982615
821	786	778	0	983401
786	778	767	0	984179
778	767	599	0	984946
767	599	934	1	985545
599	934	786	0	986479
934	786	786	0	987265
786	786	762	0	988051
786	762	557	0	988813
762	557	922	1	989370
557	922	801	0	990292
922	801	794	0	991093
801	794	790	0	991887
794	790	770	0	992677
790	770	802	0	993447
770	802	1432	0	994249
802	1432	805	0	995681
1432	805	798	0	996486
805	798	790	0	997284
798	790	790	0	998074
790	790	805	0	998864
790	805	798	0	999669
805	798	825	0	1000467
798	825	825	0	1001292
825	825	832	0	1002117
825	832	845	0	1002949
832	845	821	0	1003794
845	821	1502	0	1004615
821	1502	879	0	1006117
1502	879	821	0	1006996
879	821	809	0	1007817
821	809	810	0	1008626
809	810	1478	0	1009436
810	1478	903	0	1010914
1478	903	817	0	1011817
903	817	802	0	1012634
817	802	805	0	1013436
802	805	1502	0	1014241
805	1502	864	0	1015743
1502	864	805	0	1016607
864	805	790	0	1017412
805	790	810	0	1018202
790	810	1521	0	1019012
810	1521	852	0	1020533
1521	852	821	0	1021385
852	821	817	0	1022206
821	817	814	0	1023023
817	814	824	0	1023837
814	824	829	0	1024661
824	829	837	0	1025490
829	837	829	0	1026327
837	829	844	0	1027156
829	844	848	0	1028000
844	848	845	0	1028848
848	845	840	0	1029693
845	840	841	0	1030533
840	841	856	0	1031374
841	856	856	0	1032230
856	856	844	0	1033086
856	844	860	0	1033930
844	860	852	0	1034790
860	852	856	0	1035642
852	856	852	0	1036498
856	852	856	0	1037350
852	856	856	0	1038206
856	856	852	0	1039062
856	852	864	0	1039914
852	864	852	0	1040778
864	852	1530	0	1041630
852	1530	926	0	1043160
1530	926	1490	0	1044086
926	1490	852	0	1045576
1490	852	1447	0	1046428
852	1447	814	0	1047875
1447	814	786	0	1048689
814	786	790	0	1049475
786	790	587	0	1050265
790	587	595	1	1050852
587	595	763	1	1051447
595	763	883	0	1052210
763	883	845	0	1053093
883	845	852	0	1053938
845	852	868	0	1054790
852	868	879	0	1055658
868	879	852	0	1056537
879	852	868	0	1057389
852	868	864	0	1058257
868	864	867	0	1059121
864	867	864	0	1059988
867	864	833	0	1060852
864	833	864	0	1061685
833	864	848	0	1062549
864	848	836	0	1063397
848	836	1510	0	1064233
836	1510	903	0	1065743
1510	903	848	0	1066646
903	848	845	0	1067494
848	845	1459	0	1068339
845	1459	836	0	1069798
1459	836	821	0	1070634
836	821	813	0	1071455
821	813	794	0	1072268
813	794	821	0	1073062
794	821	825	0	1073883
821	825	864	0	1074708
825	864	1525	0	1075572
864	1525	891	0	1077097
1525	891	837	0	1077988
891	837	833	0	1078825
837	833	836	0	1079658
833	836	813	0	1080494
836	813	837	0	1081307
813	837	817	0	1082144
837	817	825	0	1082961
817	825	825	0	1083786
825	825	817	0	1084611
825	817	805	0	1085428
817	805	1397	0	1086233
805	1397	779	0	1087630
1397	779	751	0	1088409
779	751	727	0	1089160
751	727	712	0	1089887
727	712	693	0	1090599
712	693	700	0	1091292
693	700	681	0	1091992
700	681	669	0	1092673
681	669	662	0	1093342
669	662	657	0	1094004
662	657	650	0	1094661
657	650	654	0	1095311
650	654	654	0	1095965
654	654	661	0	1096619
654	661	662	0	1097280
661	662	677	0	1097942
662	677	517	0	1098619
677	517	743	1	1099136
517	743	697	0	1099879
743	697	704	0	1100576
697	704	720	0	1101280
704	720	728	0	1102000
720	728	731	0	1102728
728	731	739	0	1103459
731	739	732	0	1104198
739	732	735	0	1104930
732	735	747	0	1105665
735	747	545	0	1106412
747	545	786	1	1106957
545	786	747	0	1107743
786	747	755	0	1108490
747	755	747	0	1109245
755	747	732	0	1109992
747	732	743	0	1110724
732	743	728	0	1111467
743	728	723	0	1112195
728	723	561	0	1112918
723	561	758	1	1113479
561	758	720	0	1114237
758	720	724	0	1114957
720	724	724	0	1115681
724	724	723	0	1116405
724	723	720	0	1117128
723	720	724	0	1117848
720	724	716	0	1118572
724	716	735	0	1119288
716	735	709	0	1120023
735	709	712	0	1120732
709	712	708	0	1121444
712	708	712	0	1122152
708	712	700	0	1122864
712	700	743	0	1123564
700	743	767	0	1124307
743	767	778	0	1125074
767	778	1362	0	1125852
778	1362	805	0	1127214
1362	805	759	0	1128019
805	759	751	0	1128778
759	751	736	0	1129529
751	736	716	0	1130265
736	716	579	0	1130981
716	579	681	0	1131560
579	681	557	0	1132241
681	557	614	0	1132798
557	614	596	0	1133412
614	596	552	0	1134008
596	552	541	0	1134560
552	541	545	0	1135101
541	545	541	0	1135646
545	541	529	0	1136187
541	529	514	0	1136716
529	514	505	0	1137230
514	505	506	0	1137735
505	506	526	0	1138241
506	526	533	0	1138767
526	533	540	0	1139300
533	540	541	0	1139840
540	541	545	0	1140381
541	545	553	0	1140926
545	553	564	0	1141479
553	564	568	0	1142043
564	568	572	0	1142611
568	572	580	0	1143183
572	580	583	0	1143763
580	583	588	0	1144346
583	588	584	0	1144934
588	584	571	0	1145518
584	571	580	0	1146089
571	580	572	0	1146669
580	572	588	0	1147241
572	588	595	0	1147829
588	595	592	0	1148424
595	592	587	0	1149016
592	587	592	0	1149603
587	592	603	0	1150195
592	603	614	0	1150798
603	614	619	0	1151412
614	619	619	0	1152031
619	619	618	0	1152650
619	618	619	0	1153268
618	619	673	0	1153887
619	673	810	0	1154560
673	810	848	0	1155370
810	848	813	0	1156218
848	813	809	0	1157031
813	809	1390	0	1157840
809	1390	797	0	1159230
1390	797	763	0	1160027
797	763	735	0	1160790
763	735	751	0	1161525
735	751	716	0	1162276
751	716	704	0	1162992
716	704	736	0	1163696
704	736	724	0	1164432
736	724	739	0	1165156
724	739	766	0	1165895
739	766	771	0	1166661
766	771	763	0	1167432
771	763	1408	0	1168195
763	1408	817	0	1169603
1408	817	607	0	1170420
817	607	755	0	1171027
607	755	576	0	1171782
755	576	584	0	1172358
576	584	653	0	1172942
584	653	623	0	1173595
653	623	599	0	1174218
623	599	592	0	1174817
599	592	599	0	1175409
592	599	603	0	1176008
599	603	619	0	1176611
603	619	630	0	1177230
619	630	630	0	1177860
630	630	638	0	1178490
630	638	825	0	1179128
638	825	798	0	1179953
825	798	770	0	1180751
798	770	775	0	1181521
770	775	778	0	1182296
775	778	735	0	1183074
778	735	1335	0	1183809
735	1335	735	0	1185144
1335	735	728	0	1185879
735	728	700	0	1186607
728	700	689	0	1187307
700	689	685	0	1187996
689	685	584	0	1188681
685	584	708	0	1189265
584	708	572	0	1189973
708	572	611	0	1190545
572	611	599	0	1191156
611	599	564	0	1191755
599	564	564	0	1192319
564	564	561	0	1192883
564	561	564	0	1193444
561	564	556	0	1194008
564	556	580	0	1194564
556	580	591	0	1195144
580	591	646	0	1195735
591	646	631	0	1196381
646	631	922	0	1197012
631	922	770	0	1197934
922	770	806	0	1198704
770	806	801	0	1199510
806	801	802	0	1200311
801	802	809	0	1201113
802	809	821	0	1201922
809	821	817	0	1202743
821	817	810	0	1203560
817	810	793	0	1204370
810	793	779	0	1205163
793	779	579	0	1205942
779	579	553	1	1206521
579	553	622	1	1207074
553	622	716	1	1207696
622	716	767	0	1208412
716	767	770	0	1209179
767	770	790	0	1209949
770	790	798	0	1210739
790	798	805	0	1211537
798	805	810	0	1212342
805	810	825	0	1213152
810	825	828	0	1213977
825	828	821	0	1214805
828	821	845	0	1215626
821	845	833	0	1216471
845	833	832	0	1217304
833	832	821	0	1218136
832	821	813	0	1218957
821	813	802	0	1219770
813	802	774	0	1220572
802	774	763	0	1221346
774	763	774	0	1222109
763	774	1382	0	1222883
774	1382	786	0	1224265
1382	786	595	0	1225051
786	595	591	1	1225646
595	591	767	1	1226237
591	767	587	0	1227004
767	587	794	1	1227591
587	794	782	0	1228385
794	782	759	0	1229167
782	759	767	0	1229926
759	767	754	0	1230693
767	754	759	0	1231447
754	759	778	0	1232206
759	778	767	0	1232984
778	767	782	0	1233751
767	782	774	0	1234533
782	774	553	0	1235307
774	553	895	1	1235860
553	895	755	0	1236755
895	755	646	0	1237510
755	646	825	0	1238156
646	825	731	0	1238981
825	731	739	0	1239712
731	739	740	0	1240451
739	740	583	0	1241191
740	583	798	1	1241774
583	798	770	0	1242572
798	770	592	0	1243342
770	592	836	1	1243934
592	836	798	0	1244770
836	798	806	0	1245568
798	806	805	0	1246374
806	805	794	0	1247179
805	794	809	0	1247973
794	809	790	0	1248782
809	790	794	0	1249572
790	794	794	0	1250366
794	794	782	0	1251160
794	782	762	0	1251942
782	762	778	0	1252704
762	778	748	0	1253482
778	748	743	0	1254230
748	743	560	0	1254973
743	560	560	1	1255533
560	560	860	1	1256093
560	860	572	0	1256953
860	572	782	1	1257525
572	782	728	0	1258307
782	728	607	0	1259035
728	607	840	1	1259642
607	840	724	0	1260482
840	724	561	0	1261206
724	561	844	1	1261767
561	844	716	0	1262611
844	716	735	0	1263327
716	735	720	0	1264062
735	720	712	0	1264782
720	712	704	0	1265494
712	704	709	0	1266198
704	709	692	0	1266907
709	692	701	0	1267599
692	701	708	0	1268300
701	708	801	0	1269008
708	801	825	0	1269809
801	825	1467	0	1270634
825	1467	903	0	1272101
1467	903	848	0	1273004
903	848	829	0	1273852
848	829	821	0	1274681
829	821	805	0	1275502
821	805	782	0	1276307
805	782	779	0	1277089
782	779	766	0	1277868
779	766	751	0	1278634
766	751	743	0	1279385
751	743	759	0	1280128
743	759	771	0	1280887
759	771	758	0	1281658
771	758	751	0	1282416
758	751	744	0	1283167
751	744	739	0	1283911
744	739	762	0	1284650
739	762	779	0	1285412
762	779	1459	0	1286191
779	1459	583	0	1287650
1459	583	1082	1	1288233
583	1082	798	0	1289315
1082	798	774	0	1290113
798	774	771	0	1290887
774	771	766	0	1291658
771	766	767	0	1292424
766	767	778	0	1293191
767	778	794	0	1293969
778	794	801	0	1294763
794	801	572	0	1295564
801	572	1000	1	1296136
572	1000	852	0	1297136
1000	852	814	0	1297988
852	814	797	0	1298802
814	797	794	0	1299599
797	794	782	0	1300393
794	782	767	0	1301175
782	767	778	0	1301942
767	778	556	0	1302720
778	556	985	1	1303276
556	985	836	0	1304261
985	836	833	0	1305097
836	833	844	0	1305930
833	844	845	0	1306774
844	845	836	0	1307619
845	836	837	0	1308455
836	837	797	0	1309292
837	797	818	0	1310089
797	818	805	0	1310907
818	805	794	0	1311712
805	794	599	0	1312506
794	599	895	1	1313105
599	895	763	0	1314000
895	763	770	0	1314763
763	770	763	0	1315533
770	763	793	0	1316296
763	793	790	0	1317089
793	790	786	0	1317879
790	786	829	0	1318665
786	829	848	0	1319494
829	848	833	0	1320342
848	833	848	0	1321175
833	848	849	0	1322023
848	849	856	0	1322872
849	856	863	0	1323728
856	863	837	0	1324591
863	837	864	0	1325428
837	864	836	0	1326292
864	836	845	0	1327128
836	845	825	0	1327973
845	825	836	0	1328798
825	836	829	0	1329634
836	829	821	0	1330463
829	821	833	0	1331284
821	833	832	0	1332117
833	832	833	0	1332949
832	833	1440	0	1333782
833	1440	809	0	1335222
1440	809	817	0	1336031
809	817	802	0	1336848
817	802	805	0	1337650
802	805	825	0	1338455
805	825	809	0	1339280
825	809	833	0	1340089
809	833	837	0	1340922
833	837	1478	0	1341759
837	1478	619	0	1343237
1478	619	1101	1	1343856
619	1101	798	0	1344957
1101	798	584	0	1345755
798	584	898	1	1346339
584	898	779	0	1347237
898	779	774	0	1348016
779	774	770	0	1348790
774	770	755	0	1349560
770	755	759	0	1350315
755	759	774	0	1351074
759	774	1444	0	1351848
774	1444	805	0	1353292
1444	805	802	0	1354097
805	802	615	0	1354899
802	615	914	1	1355514
615	914	770	0	1356428
914	770	783	0	1357198
770	783	762	0	1357981
783	762	755	0	1358743
762	755	763	0	1359498
755	763	797	0	1360261
763	797	802	0	1361058
797	802	813	0	1361860
802	813	809	0	1362673
813	809	814	0	1363482
809	814	821	0	1364296
814	821	821	0	1365117
821	821	817	0	1365938
821	817	817	0	1366755
817	817	813	0	1367572
817	813	802	0	1368385
813	802	809	0	1369187
802	809	813	0	1369996
809	813	786	0	1370809
813	786	790	0	1371595
786	790	802	0	1372385
790	802	797	0	1373187
802	797	818	0	1373984
797	818	813	0	1374802
818	813	821	0	1375615
813	821	817	0	1376436
821	817	825	0	1377253
817	825	809	0	1378078
825	809	817	0	1378887
809	817	806	0	1379704
817	806	809	0	1380510
806	809	802	0	1381319
809	802	782	0	1382121
802	782	770	0	1382903
782	770	786	0	1383673
770	786	790	0	1384459
786	790	798	0	1385249
790	798	813	0	1386047
798	813	801	0	1386860
813	801	818	0	1387661
801	818	817	0	1388479
818	817	821	0	1389296
817	821	794	0	1390117
821	794	789	0	1390911
794	789	794	0	1391700
789	794	794	0	1392494
794	794	817	0	1393288
794	817	806	0	1394105
817	806	809	0	1394911
806	809	813	0	1395720
809	813	806	0	1396533
813	806	801	0	1397339
806	801	825	0	1398140
801	825	829	0	1398965
825	829	825	0	1399794
829	825	817	0	1400619
825	817	821	0	1401436
817	821	829	0	1402257
821	829	817	0	1403086
829	817	805	0	1403903
817	805	821	0	1404708
805	821	806	0	1405529
821	806	790	0	1406335
806	790	797	0	1407125
790	797	829	0	1407922
797	829	829	0	1408751
829	829	844	0	1409580
829	844	852	0	1410424
844	852	880	0	1411276
852	880	863	0	1412156
880	863	888	0	1413019
863	888	852	0	1413907
888	852	860	0	1414759
852	860	840	0	1415619
860	840	1459	0	1416459
840	1459	829	0	1417918
1459	829	802	0	1418747
829	802	770	0	1419549
802	770	759	0	1420319
770	759	790	0	1421078
759	790	813	0	1421868
790	813	837	0	1422681
813	837	836	0	1423518
837	836	572	0	1424354
836	572	1023	1	1424926
572	1023	907	0	1425949
1023	907	879	0	1426856
907	879	845	0	1427735
879	845	844	0	1428580
845	844	841	0	1429424
844	841	556	0	1430265
841	556	981	1	1430821
556	981	856	0	1431802
981	856	797	0	1432658
856	797	813	0	1433455
797	813	553	0	1434268
813	553	938	1	1434821
553	938	801	0	1435759
938	801	810	0	1436560
801	810	817	0	1437370
810	817	809	0	1438187
817	809	809	0	1438996
809	809	849	0	1439805
809	849	864	0	1440654
849	864	871	0	1441518
864	871	860	0	1442389
871	860	879	0	1443249
860	879	872	0	1444128
879	872	883	0	1445000
872	883	880	0	1445883
883	880	840	0	1446763
880	840	837	0	1447603
840	837	572	0	1448440
837	572	953	1	1449012
572	953	833	0	1449965
953	833	828	0	1450798
833	828	802	0	1451626
828	802	556	0	1452428
802	556	903	1	1452984
556	903	782	0	1453887
903	782	763	0	1454669
782	763	743	0	1455432
763	743	716	0	1456175
743	716	716	0	1456891
716	716	720	0	1457607
716	720	704	0	1458327
720	704	693	0	1459031
704	693	688	0	1459724
693	688	681	0	1460412
688	681	685	0	1461093
681	685	677	0	1461778
685	677	673	0	1462455
677	673	674	0	1463128
673	674	669	0	1463802
674	669	654	0	1464471
669	654	673	0	1465125
654	673	661	0	1465798
673	661	533	0	1466459
661	533	681	1	1466992
533	681	669	0	1467673
681	669	666	0	1468342
669	666	482	0	1469008
666	482	751	1	1469490
482	751	654	0	1470241
751	654	661	0	1470895
654	661	689	0	1471556
661	689	697	0	1472245
689	697	700	0	1472942
697	700	720	0	1473642
700	720	560	0	1474362
720	560	782	1	1474922
560	782	740	0	1475704
782	740	743	0	1476444
740	743	716	0	1477187
743	716	720	0	1477903
716	720	704	0	1478623
720	704	696	0	1479327
704	696	689	0	1480023
696	689	673	0	1480712
689	673	673	0	1481385
673	673	666	0	1482058
673	666	677	0	1482724
666	677	669	0	1483401
677	669	677	0	1484070
669	677	669	0	1484747
677	669	666	0	1485416
669	666	681	0	1486082
666	681	681	0	1486763
681	681	552	0	1487444
681	552	790	1	1487996
552	790	693	0	1488786
790	693	684	0	1489479
693	684	709	0	1490163
684	709	704	0	1490872
709	704	708	0	1491576
704	708	712	0	1492284
708	712	712	0	1492996
712	712	728	0	1493708
712	728	533	0	1494436
728	533	805	1	1494969
533	805	732	0	1495774
805	732	720	0	1496506
732	720	708	0	1497226
720	708	731	0	1497934
708	731	576	0	1498665
731	576	650	1	1499241
576	650	627	0	1499891
650	627	568	0	1500518
627	568	848	1	1501086
568	848	809	0	1501934
848	809	786	0	1502743
809	786	778	0	1503529
786	778	782	0	1504307
778	782	763	0	1505089
782	763	778	0	1505852
763	778	533	0	1506630
778	533	880	1	1507163
533	880	774	0	1508043
880	774	549	0	1508817
774	549	825	1	1509366
549	825	755	0	1510191
825	755	540	0	1510946
755	540	825	1	1511486
540	825	736	0	1512311
825	736	568	0	1513047
736	568	611	0	1513615
568	611	755	0	1514226
611	755	533	0	1514981
755	533	867	1	1515514
533	867	763	0	1516381
867	763	572	0	1517144
763	572	852	1	1517716
572	852	763	0	1518568
852	763	786	0	1519331
763	786	766	0	1520117
786	766	786	0	1520883
766	786	802	0	1521669
786	802	801	0	1522471
802	801	794	0	1523272
801	794	802	0	1524066
794	802	801	0	1524868
802	801	790	0	1525669
801	790	786	0	1526459
790	786	802	0	1527245
786	802	809	0	1528047
802	809	813	0	1528856
809	813	837	0	1529669
813	837	844	0	1530506
837	844	841	0	1531350
844	841	828	0	1532191
841	828	806	0	1533019
828	806	1510	0	1533825
806	1510	883	0	1535335
1510	883	836	0	1536218
883	836	814	0	1537054
836	814	782	0	1537868
814	782	774	0	1538650
782	774	767	0	1539424
774	767	762	0	1540191
767	762	767	0	1540953
762	767	762	0	1541720
767	762	755	0	1542482
762	755	744	0	1543237
755	744	778	0	1543981
744	778	794	0	1544759
778	794	797	0	1545553
794	797	813	0	1546350
797	813	841	0	1547163
813	841	833	0	1548004
841	833	848	0	1548837
833	848	836	0	1549685
848	836	841	0	1550521
836	841	856	0	1551362
841	856	1482	0	1552218
856	1482	853	0	1553700
1482	853	821	0	1554553
853	821	793	0	1555374
821	793	775	0	1556167
793	775	782	0	1556942
775	782	778	0	1557724
782	778	556	0	1558502
778	556	954	1	1559058
556	954	825	0	1560012
954	825	852	0	1560837
825	852	817	0	1561689
852	817	825	0	1562506
817	825	805	0	1563331
825	805	845	0	1564136
805	845	813	0	1564981
845	813	813	0	1565794
813	813	809	0	1566607
813	809	782	0	1567416
809	782	806	0	1568198
782	806	801	0	1569004
806	801	794	0	1569805
801	794	802	0	1570599
794	802	817	0	1571401
802	817	794	0	1572218
817	794	832	0	1573012
794	832	841	0	1573844
832	841	860	0	1574685
841	860	1525	0	1575545
860	1525	887	0	1577070
1525	887	852	0	1577957
887	852	802	0	1578809
852	802	825	0	1579611
802	825	813	0	1580436
825	813	829	0	1581249
813	829	801	0	1582078
829	801	806	0	1582879
801	806	813	0	1583685
806	813	809	0	1584498
813	809	798	0	1585307
809	798	829	0	1586105
798	829	825	0	1586934
829	825	840	0	1587759
825	840	821	0	1588599
840	821	841	0	1589420
821	841	836	0	1590261
841	836	849	0	1591097
836	849	832	0	1591946
849	832	829	0	1592778
832	829	829	0	1593607
829	829	809	0	1594436
829	809	825	0	1595245
809	825	825	0	1596070
825	825	825	0	1596895
825	825	813	0	1597720
825	813	809	0	1598533
813	809	810	0	1599342
809	810	801	0	1600152
810	801	786	0	1600953
801	786	810	0	1601739
786	810	805	0	1602549
810	805	1424	0	1603354
805	1424	813	0	1604778
1424	813	810	0	1605591
813	810	790	0	1606401
810	790	786	0	1607191
790	786	786	0	1607977
786	786	786	0	1608763
786	786	786	0	1609549
786	786	778	0	1610335
786	778	1358	0	1611113
778	1358	774	0	1612471
1358	774	751	0	1613245
774	751	782	0	1613996
751	782	775	0	1614778
782	775	782	0	1615553
775	782	782	0	1616335
782	782	805	0	1617117
782	805	825	0	1617922
805	825	833	0	1618747
825	833	840	0	1619580
833	840	806	0	1620420
840	806	1494	0	1621226
806	1494	871	0	1622720
1494	871	845	0	1623591
871	845	813	0	1624436
845	813	802	0	1625249
813	802	801	0	1626051
802	801	794	0	1626852
801	794	798	0	1627646
794	798	805	0	1628444
798	805	805	0	1629249
805	805	821	0	1630054
805	821	821	0	1630875
821	821	825	0	1631696
821	825	833	0	1632521
825	833	833	0	1633354
833	833	836	0	1634187
833	836	833	0	1635023
836	833	817	0	1635856
833	817	813	0	1636673
817	813	814	0	1637486
813	814	817	0	1638300
814	817	805	0	1639117
817	805	790	0	1639922
805	790	806	0	1640712
790	806	793	0	1641518
806	793	817	0	1642311
793	817	802	0	1643128
817	802	805	0	1643930
802	805	802	0	1644735
805	802	809	0	1645537
802	809	790	0	1646346
809	790	802	0	1647136
790	802	786	0	1647938
802	786	794	0	1648724
786	794	793	0	1649518
794	793	786	0	1650311
793	786	775	0	1651097
786	775	793	0	1651872
775	793	786	0	1652665
793	786	782	0	1653451
786	782	790	0	1654233
782	790	775	0	1655023
790	775	793	0	1655798
775	793	794	0	1656591
793	794	790	0	1657385
794	790	794	0	1658175
790	794	782	0	1658969
794	782	770	0	1659751
782	770	759	0	1660521
770	759	751	0	1661280
759	751	743	0	1662031
751	743	755	0	1662774
743	755	782	0	1663529
755	782	790	0	1664311
782	790	821	0	1665101
790	821	837	0	1665922
821	837	813	0	1666759
837	813	844	0	1667572
813	844	845	0	1668416
844	845	864	0	1669261
845	864	867	0	1670125
864	867	856	0	1670992
867	856	829	0	1671848
856	829	833	0	1672677
829	833	844	0	1673510
833	844	588	0	1674354
844	588	583	1	1674942
588	583	899	1	1675525
583	899	837	0	1676424
899	837	825	0	1677261
837	825	789	0	1678086
825	789	810	0	1678875
789	810	809	0	1679685
810	809	810	0	1680494
809	810	821	0	1681304
810	821	801	0	1682125
821	801	1518	0	1682926
801	1518	875	0	1684444
1518	875	533	0	1685319
875	533	973	1	1685852
533	973	817	0	1686825
973	817	805	0	1687642
817	805	771	0	1688447
805	771	798	0	1689218
771	798	786	0	1690016
798	786	797	0	1690802
786	797	810	0	1691599
797	810	824	0	1692409
810	824	841	0	1693233
824	841	837	0	1694074
841	837	852	0	1694911
837	852	844	0	1695763
852	844	840	0	1696607
844	840	549	0	1697447
840	549	1031	1	1697996
549	1031	856	0	1699027
1031	856	841	0	1699883
856	841	813	0	1700724
841	813	805	0	1701537
813	805	775	0	1702342
805	775	782	0	1703117
775	782	770	0	1703899
782	770	759	0	1704669
770	759	747	0	1705428
759	747	767	0	1706175
747	767	751	0	1706942
767	751	747	0	1707693
751	747	770	0	1708440
747	770	782	0	1709210
770	782	775	0	1709992
782	775	805	0	1710767
775	805	802	0	1711572
805	802	1443	0	1712374
802	1443	813	0	1713817
1443	813	619	0	1714630
813	619	930	0	1715249
619	930	790	0	1716179
930	790	770	0	1716969
790	770	767	0	1717739
770	767	762	0	1718506
767	762	767	0	1719268
762	767	763	0	1720035
767	763	751	0	1720798
763	751	766	0	1721549
751	766	759	0	1722315
766	759	755	0	1723074
759	755	759	0	1723829
755	759	789	0	1724588
759	789	1425	0	1725377
789	1425	824	0	1726802
1425	824	821	0	1727626
824	821	806	0	1728447
821	806	798	0	1729253
806	798	801	0	1730051
798	801	798	0	1730852
801	798	1377	0	1731650
798	1377	786	0	1733027
1377	786	778	0	1733813
786	778	767	0	1734591
778	767	767	0	1735358
767	767	533	0	1736125
767	533	941	1	1736658
533	941	763	0	1737599
941	763	751	0	1738362
763	751	747	0	1739113
751	747	759	0	1739860
747	759	755	0	1740619
759	755	1396	0	1741374
755	1396	794	0	1742770
1396	794	778	0	1743564
794	778	775	0	1744342
778	775	599	0	1745117
775	599	751	1	1745716
599	751	607	0	1746467
751	607	642	1	1747074
607	642	630	0	1747716
642	630	658	0	1748346
630	658	1226	0	1749004
658	1226	661	0	1750230
1226	661	662	0	1750891
661	662	665	0	1751553
662	665	673	0	1752218
665	673	677	0	1752891
673	677	685	0	1753568
677	685	568	0	1754253
685	568	981	1	1754821
568	981	949	0	1755802
981	949	875	0	1756751
949	875	856	0	1757626
875	856	814	0	1758482
856	814	572	0	1759296
814	572	844	1	1759868
572	844	809	0	1760712
844	809	810	0	1761521
809	810	801	0	1762331
810	801	782	0	1763132
801	782	806	0	1763914
782	806	821	0	1764720
806	821	1459	0	1765541
821	1459	852	0	1767000
1459	852	584	0	1767852
852	584	856	1	1768436
584	856	801	0	1769292
856	801	786	0	1770093
801	786	775	0	1770879
786	775	782	0	1771654
775	782	762	0	1772436
782	762	802	0	1773198
762	802	1428	0	1774000
802	1428	825	0	1775428
1428	825	591	0	1776253
825	591	584	0	1776844
591	584	638	0	1777428
584	638	747	0	1778066
638	747	806	0	1778813
747	806	805	0	1779619
806	805	813	0	1780424
805	813	829	0	1781237
813	829	845	0	1782066
829	845	821	0	1782911
845	821	782	0	1783732
821	782	797	0	1784514
782	797	794	0	1785311
797	794	790	0	1786105
794	790	790	0	1786895
790	790	794	0	1787685
790	794	793	0	1788479
794	793	802	0	1789272
793	802	794	0	1790074
802	794	793	0	1790868
794	793	798	0	1791661
793	798	802	0	1792459
798	802	786	0	1793261
802	786	797	0	1794047
786	797	779	0	1794844
797	779	801	0	1795623
779	801	802	0	1796424
801	802	786	0	1797226
802	786	782	0	1798012
786	782	786	0	1798794
