index	i-1	i+0	i+1	Filter	Time
1	910	1004	1074	0	1961
2	1004	1074	1008	0	3035
3	1074	1008	1074	0	4043
4	1008	1074	525	0	5117
5	1074	525	1339	1	5642
6	525	1339	505	0	6981
7	1339	505	1253	1	7486
8	505	1253	876	0	8739
9	1253	876	926	0	9615
10	876	926	988	0	10541
11	926	988	1109	0	11529
12	988	1109	498	0	12638
13	1109	498	420	1	13136
14	498	420	1047	1	13556
15	420	1047	1199	0	14603
16	1047	1199	1237	0	15802
17	1199	1237	1144	0	17039
18	1237	1144	1156	0	18183
19	1144	1156	505	0	19339
20	1156	505	1386	1	19844
21	505	1386	1035	0	21230
22	1386	1035	1101	0	22265
23	1035	1101	490	0	23366
24	1101	490	1428	1	23856
25	490	1428	1058	0	25284
26	1428	1058	1082	0	26342
27	1058	1082	506	0	27424
28	1082	506	1459	1	27930
29	506	1459	1167	0	29389
30	1459	1167	502	0	30556
31	1167	502	1405	1	31058
32	502	1405	1117	0	32463
33	1405	1117	1031	0	33580
34	1117	1031	1004	0	34611
35	1031	1004	525	0	35615
36	1004	525	1378	1	36140
37	525	1378	949	0	37518
38	1378	949	514	0	38467
39	949	514	1358	1	38981
40	514	1358	906	0	40339
41	1358	906	1031	0	41245
42	906	1031	522	0	42276
43	1031	522	1428	1	42798
44	522	1428	1101	0	44226
45	1428	1101	498	0	45327
46	1101	498	1381	1	45825
47	498	1381	1012	0	47206
48	1381	1012	934	0	48218
49	1012	934	509	0	49152
50	934	509	1351	1	49661
51	509	1351	906	0	51012
52	1351	906	1156	0	51918
53	906	1156	510	0	53074
54	1156	510	420	1	53584
55	510	420	977	1	54004
56	420	977	941	0	54981
57	977	941	490	0	55922
58	941	490	1351	1	56412
59	490	1351	1050	0	57763
60	1351	1050	522	0	58813
61	1050	522	1354	1	59335
62	522	1354	1101	0	60689
63	1354	1101	486	0	61790
64	1101	486	1308	1	62276
65	486	1308	844	0	63584
66	1308	844	942	0	64428
67	844	942	509	0	65370
68	942	509	1389	1	65879
69	509	1389	997	0	67268
70	1389	997	498	0	68265
71	997	498	1404	1	68763
72	498	1404	1148	0	70167
73	1404	1148	502	0	71315
74	1148	502	1370	1	71817
75	502	1370	844	0	73187
76	1370	844	891	0	74031
77	844	891	541	0	74922
78	891	541	1342	1	75463
79	541	1342	864	0	76805
80	1342	864	860	0	77669
81	864	860	510	0	78529
82	860	510	1292	1	79039
83	510	1292	875	0	80331
84	1292	875	1199	0	81206
85	875	1199	509	0	82405
86	1199	509	1393	1	82914
87	509	1393	1028	0	84307
88	1393	1028	505	0	85335
89	1028	505	1378	1	85840
90	505	1378	961	0	87218
91	1378	961	988	0	88179
92	961	988	506	0	89167
93	988	506	1370	1	89673
94	506	1370	1039	0	91043
95	1370	1039	502	0	92082
96	1039	502	1362	1	92584
97	502	1362	1105	0	93946
98	1362	1105	494	0	95051
99	1105	494	1377	1	95545
100	494	1377	1101	0	96922
101	1377	1101	495	0	98023
102	1101	495	1396	1	98518
103	495	1396	1094	0	99914
104	1396	1094	482	0	101008
105	1094	482	1374	1	101490
106	482	1374	1050	0	102864
107	1374	1050	483	0	103914
108	1050	483	1370	1	104397
109	483	1370	552	0	105767
110	1370	552	1315	1	106319
111	552	1315	899	0	107634
112	1315	899	506	0	108533
113	899	506	1366	1	109039
114	506	1366	1023	0	110405
115	1366	1023	521	0	111428
116	1023	521	1409	1	111949
117	521	1409	961	0	113358
118	1409	961	521	0	114319
119	961	521	1374	1	114840
120	521	1374	946	0	116214
121	1374	946	509	0	117160
122	946	509	1401	1	117669
123	509	1401	1105	0	119070
124	1401	1105	502	0	120175
125	1105	502	1397	1	120677
126	502	1397	1019	0	122074
127	1397	1019	506	0	123093
128	1019	506	1354	1	123599
129	506	1354	817	0	124953
130	1354	817	876	0	125770
131	817	876	549	0	126646
132	876	549	1330	1	127195
133	549	1330	922	0	128525
134	1330	922	1144	0	129447
135	922	1144	522	0	130591
136	1144	522	432	1	131113
137	522	432	914	1	131545
138	432	914	1020	0	132459
139	914	1020	1015	0	133479
140	1020	1015	1125	0	134494
141	1015	1125	1179	0	135619
142	1125	1179	1128	0	136798
143	1179	1128	1171	0	137926
144	1128	1171	1191	0	139097
145	1171	1191	1167	0	140288
146	1191	1167	1175	0	141455
147	1167	1175	1098	0	142630
148	1175	1098	957	0	143728
149	1098	957	976	0	144685
150	957	976	950	0	145661
151	976	950	1000	0	146611
152	950	1000	910	0	147611
153	1000	910	853	0	148521
154	910	853	961	0	149374
155	853	961	898	0	150335
156	961	898	973	0	151233
157	898	973	1012	0	152206
158	973	1012	988	0	153218
159	1012	988	1008	0	154206
160	988	1008	946	0	155214
161	1008	946	976	0	156160
162	946	976	1059	0	157136
163	976	1059	1015	0	158195
164	1059	1015	1105	0	159210
165	1015	1105	1094	0	160315
166	1105	1094	1062	0	161409
167	1094	1062	1078	0	162471
168	1062	1078	1042	0	163549
169	1078	1042	1043	0	164591
170	1042	1043	1074	0	165634
171	1043	1074	1016	0	166708
172	1074	1016	1039	0	167724
173	1016	1039	965	0	168763
174	1039	965	914	0	169728
175	965	914	930	0	170642
176	914	930	879	0	171572
177	930	879	907	0	172451
178	879	907	576	0	173358
179	907	576	1272	1	173934
180	576	1272	876	0	175206
181	1272	876	965	0	176082
182	876	965	509	0	177047
183	965	509	1319	1	177556
184	509	1319	930	0	178875
185	1319	930	973	0	179805
186	930	973	506	0	180778
187	973	506	1374	1	181284
188	506	1374	988	0	182658
189	1374	988	510	0	183646
190	988	510	1393	1	184156
191	510	1393	1058	0	185549
192	1393	1058	502	0	186607
193	1058	502	1440	1	187109
194	502	1440	1155	0	188549
195	1440	1155	498	0	189704
196	1155	498	1487	1	190202
197	498	1487	1225	0	191689
198	1487	1225	483	0	192914
199	1225	483	1393	1	193397
200	483	1393	1152	0	194790
201	1393	1152	486	0	195942
202	1152	486	1424	1	196428
203	486	1424	1129	0	197852
204	1424	1129	1058	0	198981
205	1129	1058	498	0	200039
206	1058	498	1405	1	200537
207	498	1405	1027	0	201942
208	1405	1027	502	0	202969
209	1027	502	1404	1	203471
210	502	1404	1086	0	204875
211	1404	1086	498	0	205961
212	1086	498	1393	1	206459
213	498	1393	844	0	207852
214	1393	844	860	0	208696
215	844	860	518	0	209556
216	860	518	1397	1	210074
217	518	1397	895	0	211471
218	1397	895	910	0	212366
219	895	910	588	0	213276
220	910	588	1264	1	213864
221	588	1264	829	0	215128
222	1264	829	876	0	215957
223	829	876	922	0	216833
224	876	922	1128	0	217755
225	922	1128	607	0	218883
226	1128	607	1378	1	219490
227	607	1378	467	0	220868
228	1378	467	393	1	221335
229	467	393	1046	1	221728
230	393	1046	1016	0	222774
231	1046	1016	961	0	223790
232	1016	961	498	0	224751
233	961	498	1335	1	225249
234	498	1335	965	0	226584
235	1335	965	502	0	227549
236	965	502	1326	1	228051
237	502	1326	891	0	229377
238	1326	891	530	0	230268
239	891	530	1214	1	230798
240	530	1214	801	0	232012
241	1214	801	821	0	232813
242	801	821	895	0	233634
243	821	895	942	0	234529
244	895	942	852	0	235471
245	942	852	945	0	236323
246	852	945	1218	0	237268
247	945	1218	596	0	238486
248	1218	596	1295	1	239082
249	596	1295	860	0	240377
250	1295	860	829	0	241237
251	860	829	829	0	242066
252	829	829	805	0	242895
253	829	805	802	0	243700
254	805	802	790	0	244502
255	802	790	751	0	245292
256	790	751	755	0	246043
257	751	755	743	0	246798
258	755	743	735	0	247541
259	743	735	712	0	248276
260	735	712	708	0	248988
261	712	708	701	0	249696
262	708	701	689	0	250397
263	701	689	681	0	251086
264	689	681	665	0	251767
265	681	665	646	0	252432
266	665	646	642	0	253078
267	646	642	642	0	253720
268	642	642	654	0	254362
269	642	654	673	0	255016
270	654	673	650	0	255689
271	673	650	669	0	256339
272	650	669	673	0	257008
273	669	673	696	0	257681
274	673	696	537	0	258377
275	696	537	965	1	258914
276	537	965	736	0	259879
277	965	736	447	0	260615
278	736	447	1168	1	261062
279	447	1168	786	0	262230
280	1168	786	793	0	263016
281	786	793	436	0	263809
282	793	436	1206	1	264245
283	436	1206	487	0	265451
284	1206	487	1062	1	265938
285	487	1062	732	0	267000
286	1062	732	708	0	267732
287	732	708	451	0	268440
288	708	451	981	1	268891
289	451	981	708	0	269872
290	981	708	720	0	270580
291	708	720	723	0	271300
292	720	723	747	0	272023
293	723	747	751	0	272770
294	747	751	732	0	273521
295	751	732	728	0	274253
296	732	728	727	0	274981
297	728	727	708	0	275708
298	727	708	697	0	276416
299	708	697	665	0	277113
300	697	665	479	0	277778
301	665	479	879	1	278257
302	479	879	666	0	279136
303	879	666	661	0	279802
304	666	661	704	0	280463
305	661	704	697	0	281167
306	704	697	478	0	281864
307	697	478	1047	1	282342
308	478	1047	498	0	283389
309	1047	498	1012	1	283887
310	498	1012	716	0	284899
311	1012	716	716	0	285615
312	716	716	739	0	286331
313	716	739	747	0	287070
314	739	747	767	0	287817
315	747	767	786	0	288584
316	767	786	529	0	289370
317	786	529	424	1	289899
318	529	424	1230	1	290323
319	424	1230	786	0	291553
320	1230	786	809	0	292339
321	786	809	836	0	293148
322	809	836	849	0	293984
323	836	849	937	0	294833
324	849	937	950	0	295770
325	937	950	965	0	296720
326	950	965	1043	0	297685
327	965	1043	906	0	298728
328	1043	906	864	0	299634
329	906	864	856	0	300498
330	864	856	833	0	301354
331	856	833	766	0	302187
332	833	766	779	0	302953
333	766	779	906	0	303732
334	779	906	930	0	304638
335	906	930	950	0	305568
336	930	950	988	0	306518
337	950	988	945	0	307506
338	988	945	930	0	308451
339	945	930	1078	0	309381
340	930	1078	1000	0	310459
341	1078	1000	903	0	311459
342	1000	903	848	0	312362
343	903	848	903	0	313210
344	848	903	856	0	314113
345	903	856	934	0	314969
346	856	934	922	0	315903
347	934	922	564	0	316825
348	922	564	1222	1	317389
349	564	1222	447	0	318611
350	1222	447	393	1	319058
351	447	393	759	1	319451
352	393	759	751	0	320210
353	759	751	498	0	320961
354	751	498	1101	1	321459
355	498	1101	744	0	322560
356	1101	744	797	0	323304
357	744	797	502	0	324101
358	797	502	420	1	324603
359	502	420	1214	1	325023
360	420	1214	821	0	326237
361	1214	821	864	0	327058
362	821	864	560	0	327922
363	864	560	1230	1	328482
364	560	1230	448	0	329712
365	1230	448	408	1	330160
366	448	408	1191	1	330568
367	408	1191	731	0	331759
368	1191	731	681	0	332490
369	731	681	666	0	333171
370	681	666	673	0	333837
371	666	673	747	0	334510
372	673	747	864	0	335257
373	747	864	836	0	336121
374	864	836	872	0	336957
375	836	872	817	0	337829
376	872	817	840	0	338646
377	817	840	821	0	339486
378	840	821	814	0	340307
379	821	814	774	0	341121
380	814	774	790	0	341895
381	774	790	797	0	342685
382	790	797	810	0	343482
383	797	810	778	0	344292
384	810	778	817	0	345070
385	778	817	747	0	345887
386	817	747	813	0	346634
387	747	813	767	0	347447
388	813	767	782	0	348214
389	767	782	767	0	348996
390	782	767	766	0	349763
391	767	766	802	0	350529
392	766	802	794	0	351331
393	802	794	844	0	352125
394	794	844	766	0	352969
395	844	766	763	0	353735
396	766	763	767	0	354498
397	763	767	758	0	355265
398	767	758	767	0	356023
399	758	767	743	0	356790
400	767	743	771	0	357533
401	743	771	735	0	358304
402	771	735	774	0	359039
403	735	774	747	0	359813
404	774	747	767	0	360560
405	747	767	794	0	361327
406	767	794	790	0	362121
407	794	790	782	0	362911
408	790	782	770	0	363693
409	782	770	778	0	364463
410	770	778	514	0	365241
411	778	514	1023	1	365755
412	514	1023	724	0	366778
413	1023	724	479	0	367502
414	724	479	945	1	367981
415	479	945	537	0	368926
416	945	537	907	1	369463
417	537	907	688	0	370370
418	907	688	456	0	371058
419	688	456	1109	1	371514
420	456	1109	575	0	372623
421	1109	575	993	1	373198
422	575	993	766	0	374191
423	993	766	479	0	374957
424	766	479	439	1	375436
425	479	439	798	1	375875
426	439	798	751	0	376673
427	798	751	451	0	377424
428	751	451	425	1	377875
429	451	425	1163	1	378300
430	425	1163	708	0	379463
431	1163	708	448	0	380171
432	708	448	432	1	380619
433	448	432	1120	1	381051
434	432	1120	677	0	382171
435	1120	677	701	0	382848
436	677	701	502	0	383549
437	701	502	428	1	384051
438	502	428	408	1	384479
439	428	408	1101	1	384887
440	408	1101	432	0	385988
441	1101	432	432	1	386420
442	432	432	1090	1	386852
443	432	1090	420	0	387942
444	1090	420	420	1	388362
445	420	420	1058	1	388782
446	420	1058	417	0	389840
447	1058	417	439	1	390257
448	417	439	417	1	390696
449	439	417	416	1	391113
450	417	416	1016	1	391529
451	416	1016	420	0	392545
452	1016	420	420	1	392965
453	420	420	1008	1	393385
454	420	1008	424	0	394393
455	1008	424	428	1	394817
456	424	428	440	1	395245
457	428	440	393	1	395685
458	440	393	992	1	396078
459	393	992	424	0	397070
460	992	424	420	1	397494
461	424	420	440	1	397914
462	420	440	413	1	398354
463	440	413	984	1	398767
464	413	984	412	0	399751
465	984	412	421	1	400163
466	412	421	1000	1	400584
467	421	1000	420	0	401584
468	1000	420	432	1	402004
469	420	432	482	1	402436
470	432	482	409	1	402918
471	482	409	996	1	403327
472	409	996	412	0	404323
473	996	412	421	1	404735
474	412	421	984	1	405156
475	421	984	416	0	406140
476	984	416	421	1	406556
477	416	421	467	1	406977
478	421	467	420	1	407444
479	467	420	447	1	407864
480	420	447	557	1	408311
481	447	557	389	1	408868
482	557	389	953	1	409257
483	389	953	584	0	410210
484	953	584	583	0	410794
485	584	583	452	0	411377
486	583	452	408	1	411829
487	452	408	934	1	412237
488	408	934	417	0	413171
489	934	417	424	1	413588
490	417	424	412	1	414012
491	424	412	413	1	414424
492	412	413	431	1	414837
493	413	431	401	1	415268
494	431	401	950	1	415669
495	401	950	400	0	416619
496	950	400	401	1	417019
497	400	401	950	1	417420
498	401	950	397	0	418370
499	950	397	416	1	418767
500	397	416	930	1	419183
501	416	930	420	0	420113
502	930	420	420	1	420533
503	420	420	413	1	420953
504	420	413	393	1	421366
505	413	393	424	1	421759
506	393	424	397	1	422183
507	424	397	914	1	422580
508	397	914	397	0	423494
509	914	397	409	1	423891
510	397	409	428	1	424300
511	409	428	397	1	424728
512	428	397	431	1	425125
513	397	431	405	1	425556
514	431	405	416	1	425961
515	405	416	428	1	426377
516	416	428	421	1	426805
517	428	421	404	1	427226
518	421	404	926	1	427630
519	404	926	413	0	428556
520	926	413	385	1	428969
521	413	385	420	1	429354
522	385	420	911	1	429774
523	420	911	404	0	430685
524	911	404	390	1	431089
525	404	390	420	1	431479
526	390	420	389	1	431899
527	420	389	440	1	432288
528	389	440	393	1	432728
529	440	393	883	1	433121
530	393	883	412	0	434004
531	883	412	386	1	434416
532	412	386	902	1	434802
533	386	902	389	0	435704
534	902	389	417	1	436093
535	389	417	416	1	436510
536	417	416	389	1	436926
537	416	389	428	1	437315
538	389	428	405	1	437743
539	428	405	467	1	438148
540	405	467	389	1	438615
541	467	389	408	1	439004
542	389	408	397	1	439412
543	408	397	424	1	439809
544	397	424	374	1	440233
545	424	374	934	1	440607
546	374	934	401	0	441541
547	934	401	397	1	441942
548	401	397	420	1	442339
549	397	420	401	1	442759
550	420	401	412	1	443160
551	401	412	397	1	443572
552	412	397	934	1	443969
553	397	934	385	0	444903
554	934	385	401	1	445288
555	385	401	930	1	445689
556	401	930	404	0	446619
557	930	404	401	1	447023
558	404	401	428	1	447424
559	401	428	385	1	447852
560	428	385	401	1	448237
561	385	401	393	1	448638
562	401	393	977	1	449031
563	393	977	377	0	450008
564	977	377	370	1	450385
565	377	370	354	1	450755
566	370	354	969	1	451109
567	354	969	385	0	452078
568	969	385	339	1	452463
569	385	339	996	1	452802
570	339	996	404	0	453798
571	996	404	817	1	454202
572	404	817	393	0	455019
573	817	393	825	1	455412
574	393	825	607	0	456237
575	825	607	576	0	456844
576	607	576	588	0	457420
577	576	588	591	0	458008
578	588	591	623	0	458599
579	591	623	669	0	459222
580	623	669	712	0	459891
581	669	712	798	0	460603
582	712	798	455	0	461401
583	798	455	1055	1	461856
584	455	1055	400	0	462911
585	1055	400	1000	1	463311
586	400	1000	673	0	464311
587	1000	673	662	0	464984
588	673	662	677	0	465646
589	662	677	661	0	466323
590	677	661	658	0	466984
591	661	658	654	0	467642
592	658	654	634	0	468296
593	654	634	650	0	468930
594	634	650	642	0	469580
595	650	642	653	0	470222
596	642	653	646	0	470875
597	653	646	642	0	471521
598	646	642	662	0	472163
599	642	662	638	0	472825
600	662	638	669	0	473463
601	638	669	623	0	474132
602	669	623	638	0	474755
603	623	638	642	0	475393
604	638	642	654	0	476035
605	642	654	653	0	476689
606	654	653	658	0	477342
607	653	658	658	0	478000
608	658	658	677	0	478658
609	658	677	649	0	479335
610	677	649	432	0	479984
611	649	432	872	1	480416
612	432	872	654	0	481288
613	872	654	435	0	481942
614	654	435	829	1	482377
615	435	829	627	0	483206
616	829	627	459	0	483833
617	627	459	786	1	484292
618	459	786	408	0	485078
619	786	408	818	1	485486
620	408	818	400	0	486304
621	818	400	821	1	486704
622	400	821	424	0	487525
623	821	424	794	1	487949
624	424	794	448	0	488743
625	794	448	758	1	489191
626	448	758	600	0	489949
627	758	600	595	0	490549
628	600	595	599	0	491144
629	595	599	623	0	491743
630	599	623	630	0	492366
631	623	630	658	0	492996
632	630	658	700	0	493654
633	658	700	689	0	494354
634	700	689	692	0	495043
635	689	692	716	0	495735
636	692	716	697	0	496451
637	716	697	669	0	497148
638	697	669	665	0	497817
639	669	665	662	0	498482
640	665	662	479	0	499144
641	662	479	805	1	499623
642	479	805	630	0	500428
643	805	630	619	0	501058
644	630	619	448	0	501677
645	619	448	762	1	502125
646	448	762	413	0	502887
647	762	413	782	1	503300
648	413	782	412	0	504082
649	782	412	736	1	504494
650	412	736	435	0	505230
651	736	435	705	1	505665
652	435	705	474	0	506370
653	705	474	650	1	506844
654	474	650	545	0	507494
655	650	545	584	0	508039
656	545	584	396	0	508623
657	584	396	390	1	509019
658	396	390	972	1	509409
659	390	972	623	0	510381
660	972	623	611	0	511004
661	623	611	618	0	511615
662	611	618	631	0	512233
663	618	631	622	0	512864
664	631	622	623	0	513486
665	622	623	630	0	514109
666	623	630	635	0	514739
667	630	635	431	0	515374
668	635	431	821	1	515805
669	431	821	436	0	516626
670	821	436	802	1	517062
671	436	802	611	0	517864
672	802	611	599	0	518475
673	611	599	436	0	519074
674	599	436	739	1	519510
675	436	739	580	0	520249
676	739	580	568	0	520829
677	580	568	455	0	521397
678	568	455	669	1	521852
679	455	669	409	0	522521
680	669	409	689	1	522930
681	409	689	408	0	523619
682	689	408	669	1	524027
683	408	669	425	0	524696
684	669	425	673	1	525121
685	425	673	420	0	525794
686	673	420	700	1	526214
687	420	700	456	0	526914
688	700	456	677	1	527370
689	456	677	564	0	528047
690	677	564	576	0	528611
691	564	576	599	0	529187
692	576	599	607	0	529786
693	599	607	447	0	530393
694	607	447	802	1	530840
695	447	802	432	0	531642
696	802	432	778	1	532074
697	432	778	416	0	532852
698	778	416	771	1	533268
699	416	771	401	0	534039
700	771	401	751	1	534440
701	401	751	428	0	535191
702	751	428	708	1	535619
703	428	708	393	0	536327
704	708	393	716	1	536720
705	393	716	408	0	537436
706	716	408	701	1	537844
707	408	701	404	0	538545
708	701	404	709	1	538949
709	404	709	416	0	539658
710	709	416	700	1	540074
711	416	700	413	0	540774
712	700	413	712	1	541187
713	413	712	432	0	541899
714	712	432	692	1	542331
715	432	692	421	0	543023
716	692	421	704	1	543444
717	421	704	408	0	544148
718	704	408	716	1	544556
719	408	716	409	0	545272
720	716	409	724	1	545681
721	409	724	424	0	546405
722	724	424	704	1	546829
723	424	704	428	0	547533
724	704	428	708	1	547961
725	428	708	409	0	548669
726	708	409	724	1	549078
727	409	724	408	0	549802
728	724	408	728	1	550210
729	408	728	408	0	550938
730	728	408	716	1	551346
731	408	716	424	0	552062
732	716	424	712	1	552486
733	424	712	413	0	553198
734	712	413	708	1	553611
735	413	708	436	0	554319
736	708	436	681	1	554755
737	436	681	416	0	555436
738	681	416	689	1	555852
739	416	689	424	0	556541
740	689	424	689	1	556965
741	424	689	463	0	557654
742	689	463	665	1	558117
743	463	665	560	0	558782
744	665	560	565	0	559342
745	560	565	470	0	559907
746	565	470	724	1	560377
747	470	724	592	0	561101
748	724	592	603	0	561693
749	592	603	599	0	562296
750	603	599	619	0	562895
751	599	619	611	0	563514
752	619	611	622	0	564125
753	611	622	623	0	564747
754	622	623	630	0	565370
755	623	630	638	0	566000
756	630	638	630	0	566638
757	638	630	479	0	567268
758	630	479	771	1	567747
759	479	771	439	0	568518
760	771	439	771	1	568957
761	439	771	432	0	569728
762	771	432	739	1	570160
763	432	739	451	0	570899
764	739	451	685	1	571350
765	451	685	467	0	572035
766	685	467	650	1	572502
767	467	650	548	0	573152
768	650	548	561	0	573700
769	548	561	420	0	574261
770	561	420	408	1	574681
771	420	408	1000	1	575089
772	408	1000	382	0	576089
773	1000	382	984	1	576471
774	382	984	385	0	577455
775	984	385	954	1	577840
776	385	954	369	0	578794
777	954	369	981	1	579163
778	369	981	393	0	580144
779	981	393	996	1	580537
780	393	996	393	0	581533
781	996	393	907	1	581926
782	393	907	381	0	582833
783	907	381	918	1	583214
784	381	918	487	0	584132
785	918	487	813	1	584619
786	487	813	634	0	585432
787	813	634	666	0	586066
788	634	666	700	0	586732
789	666	700	443	0	587432
790	700	443	1032	1	587875
791	443	1032	513	0	588907
792	1032	513	880	1	589420
793	513	880	396	0	590300
794	880	396	938	1	590696
795	396	938	646	0	591634
796	938	646	673	0	592280
797	646	673	732	0	592953
798	673	732	794	0	593685
799	732	794	844	0	594479
800	794	844	910	0	595323
801	844	910	938	0	596233
802	910	938	852	0	597171
803	938	852	852	0	598023
804	852	852	845	0	598875
805	852	845	825	0	599720
806	845	825	770	0	600545
807	825	770	736	0	601315
808	770	736	735	0	602051
809	736	735	743	0	602786
810	735	743	720	0	603529
811	743	720	681	0	604249
812	720	681	677	0	604930
813	681	677	673	0	605607
814	677	673	701	0	606280
815	673	701	704	0	606981
816	701	704	440	0	607685
817	704	440	988	1	608125
818	440	988	467	0	609113
819	988	467	914	1	609580
820	467	914	490	0	610494
821	914	490	841	1	610984
822	490	841	630	0	611825
823	841	630	666	0	612455
824	630	666	435	0	613121
825	666	435	1059	1	613556
826	435	1059	696	0	614615
827	1059	696	747	0	615311
828	696	747	452	0	616058
829	747	452	1078	1	616510
830	452	1078	688	0	617588
831	1078	688	763	0	618276
832	688	763	506	0	619039
833	763	506	1171	1	619545
834	506	1171	763	0	620716
835	1171	763	782	0	621479
836	763	782	506	0	622261
837	782	506	1085	1	622767
838	506	1085	708	0	623852
839	1085	708	705	0	624560
840	708	705	459	0	625265
841	705	459	860	1	625724
842	459	860	642	0	626584
843	860	642	688	0	627226
844	642	688	475	0	627914
845	688	475	1055	1	628389
846	475	1055	723	0	629444
847	1055	723	802	0	630167
848	723	802	459	0	630969
849	802	459	1187	1	631428
850	459	1187	513	0	632615
851	1187	513	1055	1	633128
852	513	1055	545	0	634183
853	1055	545	902	1	634728
854	545	902	705	0	635630
855	902	705	751	0	636335
856	705	751	716	0	637086
857	751	716	770	0	637802
858	716	770	459	0	638572
859	770	459	1070	1	639031
860	459	1070	728	0	640101
861	1070	728	665	0	640829
862	728	665	681	0	641494
863	665	681	658	0	642175
864	681	658	704	0	642833
865	658	704	782	0	643537
866	704	782	475	0	644319
867	782	475	1167	1	644794
868	475	1167	545	0	645961
869	1167	545	945	1	646506
870	545	945	693	0	647451
871	945	693	716	0	648144
872	693	716	735	0	648860
873	716	735	767	0	649595
874	735	767	451	0	650362
875	767	451	1117	1	650813
876	451	1117	475	0	651930
877	1117	475	949	1	652405
878	475	949	693	0	653354
879	949	693	700	0	654047
880	693	700	700	0	654747
881	700	700	724	0	655447
882	700	724	685	0	656171
883	724	685	677	0	656856
884	685	677	724	0	657533
885	677	724	712	0	658257
886	724	712	447	0	658969
887	712	447	1043	1	659416
888	447	1043	452	0	660459
889	1043	452	949	1	660911
890	452	949	545	0	661860
891	949	545	825	1	662405
892	545	825	513	0	663230
893	825	513	837	1	663743
894	513	837	517	0	664580
895	837	517	786	1	665097
896	517	786	635	0	665883
897	786	635	653	0	666518
898	635	653	420	0	667171
899	653	420	370	1	667591
900	420	370	1090	1	667961
901	370	1090	467	0	669051
902	1090	467	1038	1	669518
903	467	1038	716	0	670556
904	1038	716	775	0	671272
905	716	775	832	0	672047
906	775	832	1047	0	672879
907	832	1047	864	0	673926
908	1047	864	844	0	674790
909	864	844	817	0	675634
910	844	817	491	0	676451
911	817	491	992	1	676942
912	491	992	689	0	677934
913	992	689	661	0	678623
914	689	661	475	0	679284
915	661	475	809	1	679759
916	475	809	467	0	680568
917	809	467	833	1	681035
918	467	833	614	0	681868
919	833	614	650	0	682482
920	614	650	502	0	683132
921	650	502	385	1	683634
922	502	385	1129	1	684019
923	385	1129	743	0	685148
924	1129	743	751	0	685891
925	743	751	467	0	686642
926	751	467	1000	1	687109
927	467	1000	669	0	688109
928	1000	669	666	0	688778
929	669	666	645	0	689444
930	666	645	658	0	690089
931	645	658	693	0	690747
932	658	693	731	0	691440
933	693	731	716	0	692171
934	731	716	732	0	692887
935	716	732	739	0	693619
936	732	739	712	0	694358
937	739	712	732	0	695070
938	712	732	439	0	695802
939	732	439	926	1	696241
940	439	926	421	0	697167
941	926	421	906	1	697588
942	421	906	417	0	698494
943	906	417	848	1	698911
944	417	848	474	0	699759
945	848	474	744	1	700233
946	474	744	552	0	700977
947	744	552	627	1	701529
948	552	627	416	0	702156
949	627	416	405	1	702572
950	416	405	969	1	702977
951	405	969	416	0	703946
952	969	416	833	1	704362
953	416	833	603	0	705195
954	833	603	611	0	705798
955	603	611	451	0	706409
956	611	451	393	1	706860
957	451	393	992	1	707253
958	393	992	498	0	708245
959	992	498	778	1	708743
960	498	778	619	0	709521
961	778	619	638	0	710140
962	619	638	708	0	710778
963	638	708	759	0	711486
964	708	759	424	0	712245
965	759	424	378	1	712669
966	424	378	1074	1	713047
967	378	1074	486	0	714121
968	1074	486	907	1	714607
969	486	907	646	0	715514
970	907	646	634	0	716160
971	646	634	416	0	716794
972	634	416	397	1	717210
973	416	397	1031	1	717607
974	397	1031	471	0	718638
975	1031	471	856	1	719109
976	471	856	619	0	719965
977	856	619	642	0	720584
978	619	642	393	0	721226
979	642	393	373	1	721619
980	393	373	1020	1	721992
981	373	1020	467	0	723012
982	1020	467	832	1	723479
983	467	832	479	0	724311
984	832	479	782	1	724790
985	479	782	482	0	725572
986	782	482	759	1	726054
987	482	759	611	0	726813
988	759	611	432	0	727424
989	611	432	840	1	727856
990	432	840	487	0	728696
991	840	487	766	1	729183
992	487	766	607	0	729949
993	766	607	611	0	730556
994	607	611	436	0	731167
995	611	436	891	1	731603
996	436	891	650	0	732494
997	891	650	677	0	733144
998	650	677	432	0	733821
999	677	432	914	1	734253
1000	432	914	654	0	735167
1001	914	654	665	0	735821
1002	654	665	662	0	736486
1003	665	662	685	0	737148
1004	662	685	700	0	737833
1005	685	700	700	0	738533
1006	700	700	713	0	739233
1007	700	713	708	0	739946
1008	713	708	704	0	740654
1009	708	704	724	0	741358
1010	704	724	720	0	742082
1011	724	720	478	0	742802
1012	720	478	907	1	743280
1013	478	907	513	0	744187
1014	907	513	821	1	744700
1015	513	821	432	0	745521
1016	821	432	868	1	745953
1017	432	868	483	0	746821
1018	868	483	809	1	747304
1019	483	809	455	0	748113
1020	809	455	852	1	748568
1021	455	852	506	0	749420
1022	852	506	848	1	749926
1023	506	848	518	0	750774
1024	848	518	871	1	751292
1025	518	871	697	0	752163
1026	871	697	739	0	752860
1027	697	739	522	0	753599
1028	739	522	957	1	754121
1029	522	957	704	0	755078
1030	957	704	747	0	755782
1031	704	747	747	0	756529
1032	747	747	736	0	757276
1033	747	736	727	0	758012
1034	736	727	705	0	758739
1035	727	705	478	0	759444
1036	705	478	915	1	759922
1037	478	915	673	0	760837
1038	915	673	642	0	761510
1039	673	642	463	0	762152
1040	642	463	871	1	762615
1041	463	871	662	0	763486
1042	871	662	689	0	764148
1043	662	689	443	0	764837
1044	689	443	1000	1	765280
1045	443	1000	732	0	766280
1046	1000	732	766	0	767012
1047	732	766	786	0	767778
1048	766	786	759	0	768564
1049	786	759	778	0	769323
1050	759	778	763	0	770101
1051	778	763	755	0	770864
1052	763	755	790	0	771619
1053	755	790	844	0	772409
1054	790	844	821	0	773253
1055	844	821	763	0	774074
1056	821	763	751	0	774837
1057	763	751	459	0	775588
1058	751	459	988	1	776047
1059	459	988	510	0	777035
1060	988	510	860	1	777545
1061	510	860	486	0	778405
1062	860	486	872	1	778891
1063	486	872	665	0	779763
1064	872	665	728	0	780428
1065	665	728	840	0	781156
1066	728	840	915	0	781996
1067	840	915	443	0	782911
1068	915	443	1241	1	783354
1069	443	1241	522	0	784595
1070	1241	522	1066	1	785117
1071	522	1066	510	0	786183
1072	1066	510	933	1	786693
1073	510	933	662	0	787626
1074	933	662	743	0	788288
1075	662	743	471	0	789031
1076	743	471	432	1	789502
1077	471	432	1171	1	789934
1078	432	1171	821	0	791105
1079	1171	821	467	0	791926
1080	821	467	432	1	792393
1081	467	432	1132	1	792825
1082	432	1132	471	0	793957
1083	1132	471	1000	1	794428
1084	471	1000	677	0	795428
1085	1000	677	673	0	796105
1086	677	673	432	0	796778
1087	673	432	420	1	797210
1088	432	420	428	1	797630
1089	420	428	1078	1	798058
1090	428	1078	553	0	799136
1091	1078	553	856	1	799689
1092	553	856	661	0	800545
1093	856	661	452	0	801206
1094	661	452	424	1	801658
1095	452	424	1039	1	802082
1096	424	1039	439	0	803121
1097	1039	439	833	1	803560
1098	439	833	630	0	804393
1099	833	630	611	0	805023
1100	630	611	455	0	805634
1101	611	455	417	1	806089
1102	455	417	1004	1	806506
1103	417	1004	634	0	807510
1104	1004	634	642	0	808144
1105	634	642	486	0	808786
1106	642	486	421	1	809272
1107	486	421	1019	1	809693
1108	421	1019	510	0	810712
1109	1019	510	786	1	811222
1110	510	786	634	0	812008
1111	786	634	665	0	812642
1112	634	665	448	0	813307
1113	665	448	389	1	813755
1114	448	389	1008	1	814144
1115	389	1008	474	0	815152
1116	1008	474	798	1	815626
1117	474	798	611	0	816424
1118	798	611	607	0	817035
1119	611	607	444	0	817642
1120	607	444	856	1	818086
1121	444	856	614	0	818942
1122	856	614	646	0	819556
1123	614	646	444	0	820202
1124	646	444	385	1	820646
1125	444	385	1039	1	821031
1126	385	1039	673	0	822070
1127	1039	673	650	0	822743
1128	673	650	646	0	823393
1129	650	646	646	0	824039
1130	646	646	459	0	824685
1131	646	459	907	1	825144
1132	459	907	657	0	826051
1133	907	657	677	0	826708
1134	657	677	459	0	827385
1135	677	459	386	1	827844
1136	459	386	1038	1	828230
1137	386	1038	444	0	829268
1138	1038	444	868	1	829712
1139	444	868	622	0	830580
1140	868	622	623	0	831202
1141	622	623	424	0	831825
1142	623	424	794	1	832249
1143	424	794	583	0	833043
1144	794	583	592	0	833626
1145	583	592	436	0	834218
1146	592	436	381	1	834654
1147	436	381	914	1	835035
1148	381	914	576	0	835949
1149	914	576	580	0	836525
1150	576	580	413	0	837105
1151	580	413	731	1	837518
1152	413	731	576	0	838249
1153	731	576	560	0	838825
1154	576	560	440	0	839385
1155	560	440	957	1	839825
1156	440	957	529	0	840782
1157	957	529	755	1	841311
1158	529	755	428	0	842066
1159	755	428	883	1	842494
1160	428	883	623	0	843377
1161	883	623	634	0	844000
1162	623	634	455	0	844634
1163	634	455	938	1	845089
1164	455	938	526	0	846027
1165	938	526	782	1	846553
1166	526	782	634	0	847335
1167	782	634	685	0	847969
1168	634	685	673	0	848654
1169	685	673	747	0	849327
1170	673	747	444	0	850074
1171	747	444	1151	1	850518
1172	444	1151	502	0	851669
1173	1151	502	934	1	852171
1174	502	934	467	0	853105
1175	934	467	860	1	853572
1176	467	860	646	0	854432
1177	860	646	443	0	855078
1178	646	443	1090	1	855521
1179	443	1090	498	0	856611
1180	1090	498	1016	1	857109
1181	498	1016	579	0	858125
1182	1016	579	992	1	858704
1183	579	992	421	0	859696
1184	992	421	436	1	860117
1185	421	436	1159	1	860553
1186	436	1159	743	0	861712
1187	1159	743	790	0	862455
1188	743	790	455	0	863245
1189	790	455	1152	1	863700
1190	455	1152	790	0	864852
1191	1152	790	1043	0	865642
1192	790	1043	471	0	866685
1193	1043	471	1276	1	867156
1194	471	1276	798	0	868432
1195	1276	798	797	0	869230
1196	798	797	479	0	870027
1197	797	479	1218	1	870506
1198	479	1218	580	0	871724
1199	1218	580	968	1	872304
1200	580	968	432	0	873272
1201	968	432	1160	1	873704
1202	432	1160	716	0	874864
1203	1160	716	747	0	875580
1204	716	747	506	0	876327
1205	747	506	1253	1	876833
1206	506	1253	575	0	878086
1207	1253	575	1094	1	878661
1208	575	1094	436	0	879755
1209	1094	436	1237	1	880191
1210	436	1237	774	0	881428
1211	1237	774	903	0	882202
1212	774	903	506	0	883105
1213	903	506	1296	1	883611
1214	506	1296	972	0	884907
1215	1296	972	491	0	885879
1216	972	491	1365	1	886370
1217	491	1365	1008	0	887735
1218	1365	1008	463	0	888743
1219	1008	463	1343	1	889206
1220	463	1343	844	0	890549
1221	1343	844	938	0	891393
1222	844	938	517	0	892331
1223	938	517	417	1	892848
1224	517	417	1155	1	893265
1225	417	1155	907	0	894420
1226	1155	907	494	0	895327
1227	907	494	463	1	895821
1228	494	463	1284	1	896284
1229	463	1284	946	0	897568
1230	1284	946	486	0	898514
1231	946	486	1292	1	899000
1232	486	1292	833	0	900292
1233	1292	833	972	0	901125
1234	833	972	510	0	902097
1235	972	510	440	1	902607
1236	510	440	1167	1	903047
1237	440	1167	887	0	904214
1238	1167	887	498	0	905101
1239	887	498	1354	1	905599
1240	498	1354	794	0	906953
1241	1354	794	794	0	907747
1242	794	794	541	0	908541
1243	794	541	408	1	909082
1244	541	408	1230	1	909490
1245	408	1230	856	0	910720
1246	1230	856	510	0	911576
1247	856	510	1272	1	912086
1248	510	1272	521	0	913358
1249	1272	521	1129	1	913879
1250	521	1129	451	0	915008
1251	1129	451	1187	1	915459
1252	451	1187	782	0	916646
1253	1187	782	514	0	917428
1254	782	514	1272	1	917942
1255	514	1272	802	0	919214
1256	1272	802	992	0	920016
1257	802	992	490	0	921008
1258	992	490	1405	1	921498
1259	490	1405	439	0	922903
1260	1405	439	417	1	923342
1261	439	417	1284	1	923759
1262	417	1284	844	0	925043
1263	1284	844	1156	0	925887
1264	844	1156	471	0	927043
1265	1156	471	1358	1	927514
1266	471	1358	848	0	928872
1267	1358	848	1249	0	929720
1268	848	1249	486	0	930969
1269	1249	486	452	1	931455
1270	486	452	1311	1	931907
1271	452	1311	934	0	933218
1272	1311	934	474	0	934152
1273	934	474	1304	1	934626
1274	474	1304	833	0	935930
1275	1304	833	1054	0	936763
1276	833	1054	506	0	937817
1277	1054	506	428	1	938323
1278	506	428	1144	1	938751
1279	428	1144	1047	0	939895
1280	1144	1047	486	0	940942
1281	1047	486	1401	1	941428
1282	486	1401	914	0	942829
1283	1401	914	479	0	943743
1284	914	479	1334	1	944222
1285	479	1334	880	0	945556
1286	1334	880	510	0	946436
1287	880	510	1280	1	946946
1288	510	1280	513	0	948226
1289	1280	513	1043	1	948739
1290	513	1043	724	0	949782
1291	1043	724	759	0	950506
1292	724	759	478	0	951265
1293	759	478	1136	1	951743
1294	478	1136	514	0	952879
1295	1136	514	969	1	953393
1296	514	969	708	0	954362
1297	969	708	732	0	955070
1298	708	732	459	0	955802
1299	732	459	1109	1	956261
1300	459	1109	731	0	957370
1301	1109	731	771	0	958101
1302	731	771	467	0	958872
1303	771	467	1182	1	959339
1304	467	1182	783	0	960521
1305	1182	783	867	0	961304
1306	783	867	452	0	962171
1307	867	452	1256	1	962623
1308	452	1256	526	0	963879
1309	1256	526	1155	1	964405
1310	526	1155	529	0	965560
1311	1155	529	985	1	966089
1312	529	985	486	0	967074
1313	985	486	1028	1	967560
1314	486	1028	525	0	968588
1315	1028	525	992	1	969113
1316	525	992	704	0	970105
1317	992	704	510	0	970809
1318	704	510	1234	1	971319
1319	510	1234	786	0	972553
1320	1234	786	521	0	973339
1321	786	521	467	1	973860
1322	521	467	1159	1	974327
1323	467	1159	732	0	975486
1324	1159	732	673	0	976218
1325	732	673	693	0	976891
1326	673	693	1074	0	977584
1327	693	1074	470	0	978658
1328	1074	470	444	1	979128
1329	470	444	1226	1	979572
1330	444	1226	424	0	980798
1331	1226	424	1202	1	981222
1332	424	1202	720	0	982424
1333	1202	720	798	0	983144
1334	720	798	521	0	983942
1335	798	521	397	1	984463
1336	521	397	1218	1	984860
1337	397	1218	786	0	986078
1338	1218	786	829	0	986864
1339	786	829	517	0	987693
1340	829	517	1167	1	988210
1341	517	1167	732	0	989377
1342	1167	732	755	0	990109
1343	732	755	502	0	990864
1344	755	502	1085	1	991366
1345	502	1085	720	0	992451
1346	1085	720	747	0	993171
1347	720	747	494	0	993918
1348	747	494	1121	1	994412
1349	494	1121	724	0	995533
1350	1121	724	735	0	996257
1351	724	735	483	0	996992
1352	735	483	1007	1	997475
1353	483	1007	475	0	998482
1354	1007	475	911	1	998957
1355	475	911	463	0	999868
1356	911	463	856	1	1000331
1357	463	856	626	0	1001187
1358	856	626	631	0	1001813
1359	626	631	661	0	1002444
1360	631	661	712	0	1003105
1361	661	712	471	0	1003817
1362	712	471	992	1	1004288
1363	471	992	677	0	1005280
1364	992	677	701	0	1005957
1365	677	701	463	0	1006658
1366	701	463	930	1	1007121
1367	463	930	525	0	1008051
1368	930	525	813	1	1008576
1369	525	813	646	0	1009389
1370	813	646	661	0	1010035
1371	646	661	452	0	1010696
1372	661	452	988	1	1011148
1373	452	988	712	0	1012136
1374	988	712	810	0	1012848
1375	712	810	431	0	1013658
1376	810	431	409	1	1014089
1377	431	409	1148	1	1014498
1378	409	1148	482	0	1015646
1379	1148	482	993	1	1016128
1380	482	993	537	0	1017121
1381	993	537	895	1	1017658
1382	537	895	505	0	1018553
1383	895	505	888	1	1019058
1384	505	888	692	0	1019946
1385	888	692	759	0	1020638
1386	692	759	743	0	1021397
1387	759	743	802	0	1022140
1388	743	802	455	0	1022942
1389	802	455	1175	1	1023397
1390	455	1175	463	0	1024572
1391	1175	463	1008	1	1025035
1392	463	1008	498	0	1026043
1393	1008	498	856	1	1026541
1394	498	856	654	0	1027397
1395	856	654	478	0	1028051
1396	654	478	895	1	1028529
1397	478	895	669	0	1029424
1398	895	669	736	0	1030093
1399	669	736	459	0	1030829
1400	736	459	1000	1	1031288
1401	459	1000	704	0	1032288
1402	1000	704	755	0	1032992
1403	704	755	475	0	1033747
1404	755	475	973	1	1034222
1405	475	973	509	0	1035195
1406	973	509	876	1	1035704
1407	509	876	533	0	1036580
1408	876	533	794	1	1037113
1409	533	794	661	0	1037907
1410	794	661	689	0	1038568
1411	661	689	471	0	1039257
1412	689	471	930	1	1039728
1413	471	930	470	0	1040658
1414	930	470	868	1	1041128
1415	470	868	533	0	1041996
1416	868	533	778	1	1042529
1417	533	778	479	0	1043307
1418	778	479	786	1	1043786
1419	479	786	623	0	1044572
1420	786	623	626	0	1045195
1421	623	626	467	0	1045821
1422	626	467	852	1	1046288
1423	467	852	638	0	1047140
1424	852	638	704	0	1047778
1425	638	704	479	0	1048482
1426	704	479	891	1	1048961
1427	479	891	525	0	1049852
1428	891	525	853	1	1050377
1429	525	853	505	0	1051230
1430	853	505	814	1	1051735
1431	505	814	474	0	1052549
1432	814	474	821	1	1053023
1433	474	821	487	0	1053844
1434	821	487	782	1	1054331
1435	487	782	459	0	1055113
1436	782	459	786	1	1055572
1437	459	786	447	0	1056358
1438	786	447	759	1	1056805
1439	447	759	471	0	1057564
1440	759	471	774	1	1058035
1441	471	774	491	0	1058809
1442	774	491	747	1	1059300
1443	491	747	611	0	1060047
1444	747	611	657	0	1060658
1445	611	657	490	0	1061315
1446	657	490	938	1	1061805
1447	490	938	490	0	1062743
1448	938	490	915	1	1063233
1449	490	915	533	0	1064148
1450	915	533	875	1	1064681
1451	533	875	681	0	1065556
1452	875	681	495	0	1066237
1453	681	495	968	1	1066732
1454	495	968	526	0	1067700
1455	968	526	914	1	1068226
1456	526	914	494	0	1069140
1457	914	494	868	1	1069634
1458	494	868	654	0	1070502
1459	868	654	646	0	1071156
1460	654	646	466	0	1071802
1461	646	466	876	1	1072268
1462	466	876	646	0	1073144
1463	876	646	650	0	1073790
1464	646	650	478	0	1074440
1465	650	478	884	1	1074918
1466	478	884	657	0	1075802
1467	884	657	666	0	1076459
1468	657	666	673	0	1077125
1469	666	673	638	0	1077798
1470	673	638	653	0	1078436
1471	638	653	646	0	1079089
1472	653	646	650	0	1079735
1473	646	650	611	0	1080385
1474	650	611	455	0	1080996
1475	611	455	771	1	1081451
1476	455	771	439	0	1082222
1477	771	439	759	1	1082661
1478	439	759	424	0	1083420
1479	759	424	751	1	1083844
1480	424	751	580	0	1084595
1481	751	580	576	0	1085175
1482	580	576	463	0	1085751
1483	576	463	685	1	1086214
1484	463	685	572	0	1086899
1485	685	572	560	0	1087471
1486	572	560	471	0	1088031
1487	560	471	689	1	1088502
1488	471	689	556	0	1089191
1489	689	556	584	0	1089747
1490	556	584	572	0	1090331
1491	584	572	568	0	1090903
1492	572	568	475	0	1091471
1493	568	475	696	1	1091946
1494	475	696	436	0	1092642
1495	696	436	720	1	1093078
1496	436	720	424	0	1093798
1497	720	424	751	1	1094222
1498	424	751	416	0	1094973
1499	751	416	782	1	1095389
1500	416	782	413	0	1096171
1501	782	413	793	1	1096584
1502	413	793	592	0	1097377
1503	793	592	587	0	1097969
1504	592	587	401	0	1098556
1505	587	401	790	1	1098957
1506	401	790	592	0	1099747
1507	790	592	599	0	1100339
1508	592	599	416	0	1100938
1509	599	416	358	1	1101354
1510	416	358	1016	1	1101712
1511	358	1016	661	0	1102728
1512	1016	661	650	0	1103389
1513	661	650	615	0	1104039
1514	650	615	607	0	1104654
1515	615	607	618	0	1105261
1516	607	618	666	0	1105879
1517	618	666	416	0	1106545
1518	666	416	1070	1	1106961
1519	416	1070	677	0	1108031
1520	1070	677	759	0	1108708
1521	677	759	447	0	1109467
1522	759	447	1133	1	1109914
1523	447	1133	712	0	1111047
1524	1133	712	692	0	1111759
1525	712	692	452	0	1112451
1526	692	452	895	1	1112903
1527	452	895	646	0	1113798
1528	895	646	638	0	1114444
1529	646	638	622	0	1115082
1530	638	622	642	0	1115704
1531	622	642	650	0	1116346
1532	642	650	689	0	1116996
1533	650	689	432	0	1117685
1534	689	432	1163	1	1118117
1535	432	1163	490	0	1119280
1536	1163	490	1035	1	1119770
1537	490	1035	716	0	1120805
1538	1035	716	751	0	1121521
1539	716	751	794	0	1122272
1540	751	794	444	0	1123066
1541	794	444	1245	1	1123510
1542	444	1245	498	0	1124755
1543	1245	498	1148	1	1125253
1544	498	1148	751	0	1126401
1545	1148	751	762	0	1127152
1546	751	762	428	0	1127914
1547	762	428	1218	1	1128342
1548	428	1218	522	0	1129560
1549	1218	522	1027	1	1130082
1550	522	1027	728	0	1131109
1551	1027	728	766	0	1131837
1552	728	766	813	0	1132603
1553	766	813	817	0	1133416
1554	813	817	860	0	1134233
1555	817	860	814	0	1135093
1556	860	814	774	0	1135907
1557	814	774	739	0	1136681
1558	774	739	755	0	1137420
1559	739	755	771	0	1138175
1560	755	771	817	0	1138946
1561	771	817	840	0	1139763
1562	817	840	806	0	1140603
1563	840	806	828	0	1141409
1564	806	828	802	0	1142237
1565	828	802	774	0	1143039
1566	802	774	751	0	1143813
1567	774	751	763	0	1144564
1568	751	763	766	0	1145327
1569	763	766	786	0	1146093
1570	766	786	806	0	1146879
1571	786	806	790	0	1147685
1572	806	790	774	0	1148475
1573	790	774	743	0	1149249
1574	774	743	740	0	1149992
1575	743	740	750	0	1150732
1576	740	750	775	0	1151482
1577	750	775	770	0	1152257
1578	775	770	759	0	1153027
1579	770	759	770	0	1153786
1580	759	770	751	0	1154556
1581	770	751	747	0	1155307
1582	751	747	744	0	1156054
1583	747	744	735	0	1156798
1584	744	735	728	0	1157533
1585	735	728	747	0	1158261
1586	728	747	778	0	1159008
1587	747	778	755	0	1159786
1588	778	755	759	0	1160541
1589	755	759	762	0	1161300
1590	759	762	751	0	1162062
1591	762	751	736	0	1162813
1592	751	736	727	0	1163549
1593	736	727	712	0	1164276
1594	727	712	705	0	1164988
1595	712	705	716	0	1165693
1596	705	716	723	0	1166409
1597	716	723	743	0	1167132
1598	723	743	736	0	1167875
1599	743	736	751	0	1168611
1600	736	751	763	0	1169362
1601	751	763	743	0	1170125
1602	763	743	747	0	1170868
1603	743	747	739	0	1171615
1604	747	739	724	0	1172354
1605	739	724	692	0	1173078
1606	724	692	685	0	1173770
1607	692	685	693	0	1174455
1608	685	693	755	0	1175148
1609	693	755	786	0	1175903
1610	755	786	809	0	1176689
1611	786	809	844	0	1177498
1612	809	844	860	0	1178342
1613	844	860	810	0	1179202
1614	860	810	793	0	1180012
1615	810	793	794	0	1180805
1616	793	794	767	0	1181599
1617	794	767	770	0	1182366
1618	767	770	817	0	1183136
1619	770	817	849	0	1183953
1620	817	849	813	0	1184802
1621	849	813	809	0	1185615
1622	813	809	774	0	1186424
1623	809	774	748	0	1187198
1624	774	748	727	0	1187946
1625	748	727	708	0	1188673
1626	727	708	693	0	1189381
1627	708	693	685	0	1190074
1628	693	685	688	0	1190759
1629	685	688	678	0	1191447
1630	688	678	665	0	1192125
1631	678	665	650	0	1192790
1632	665	650	642	0	1193440
1633	650	642	646	0	1194082
1634	642	646	634	0	1194728
1635	646	634	650	0	1195362
1636	634	650	646	0	1196012
1637	650	646	673	0	1196658
1638	646	673	681	0	1197331
1639	673	681	712	0	1198012
1640	681	712	712	0	1198724
1641	712	712	704	0	1199436
1642	712	704	704	0	1200140
1643	704	704	693	0	1200844
1644	704	693	661	0	1201537
1645	693	661	681	0	1202198
1646	661	681	689	0	1202879
1647	681	689	689	0	1203568
1648	689	689	677	0	1204257
1649	689	677	692	0	1204934
1650	677	692	666	0	1205626
1651	692	666	665	0	1206292
1652	666	665	681	0	1206957
1653	665	681	658	0	1207638
1654	681	658	669	0	1208296
1655	658	669	669	0	1208965
1656	669	669	677	0	1209634
1657	669	677	658	0	1210311
1658	677	658	657	0	1210969
1659	658	657	642	0	1211626
1660	657	642	475	0	1212268
1661	642	475	782	1	1212743
1662	475	782	615	0	1213525
1663	782	615	619	0	1214140
1664	615	619	622	0	1214759
1665	619	622	658	0	1215381
1666	622	658	731	0	1216039
1667	658	731	736	0	1216770
1668	731	736	770	0	1217506
1669	736	770	720	0	1218276
1670	770	720	825	0	1218996
1671	720	825	455	0	1219821
1672	825	455	1156	1	1220276
1673	455	1156	502	0	1221432
1674	1156	502	1004	1	1221934
1675	502	1004	720	0	1222938
1676	1004	720	782	0	1223658
1677	720	782	770	0	1224440
1678	782	770	774	0	1225210
1679	770	774	818	0	1225984
1680	774	818	832	0	1226802
1681	818	832	841	0	1227634
1682	832	841	797	0	1228475
1683	841	797	806	0	1229272
1684	797	806	821	0	1230078
1685	806	821	475	0	1230899
1686	821	475	1237	1	1231374
1687	475	1237	494	0	1232611
1688	1237	494	1086	1	1233105
1689	494	1086	482	0	1234191
1690	1086	482	1004	1	1234673
1691	482	1004	479	0	1235677
1692	1004	479	965	1	1236156
1693	479	965	502	0	1237121
1694	965	502	1003	1	1237623
1695	502	1003	483	0	1238626
1696	1003	483	1058	1	1239109
1697	483	1058	522	0	1240167
1698	1058	522	1007	1	1240689
1699	522	1007	530	0	1241696
1700	1007	530	1007	1	1242226
1701	530	1007	744	0	1243233
1702	1007	744	778	0	1243977
1703	744	778	848	0	1244755
1704	778	848	930	0	1245603
1705	848	930	914	0	1246533
1706	930	914	927	0	1247447
1707	914	927	867	0	1248374
1708	927	867	864	0	1249241
1709	867	864	848	0	1250105
1710	864	848	825	0	1250953
1711	848	825	502	0	1251778
1712	825	502	1047	1	1252280
1713	502	1047	478	0	1253327
1714	1047	478	958	1	1253805
1715	478	958	443	0	1254763
1716	958	443	922	1	1255206
1717	443	922	448	0	1256128
1718	922	448	856	1	1256576
1719	448	856	443	0	1257432
1720	856	443	837	1	1257875
1721	443	837	440	0	1258712
1722	837	440	871	1	1259152
1723	440	871	487	0	1260023
1724	871	487	856	1	1260510
1725	487	856	455	0	1261366
1726	856	455	899	1	1261821
1727	455	899	506	0	1262720
1728	899	506	887	1	1263226
1729	506	887	459	0	1264113
1730	887	459	934	1	1264572
1731	459	934	498	0	1265506
1732	934	498	910	1	1266004
1733	498	910	467	0	1266914
1734	910	467	915	1	1267381
1735	467	915	537	0	1268296
1736	915	537	860	1	1268833
1737	537	860	533	0	1269693
1738	860	533	879	1	1270226
1739	533	879	525	0	1271105
1740	879	525	868	1	1271630
1741	525	868	529	0	1272498
1742	868	529	821	1	1273027
1743	529	821	646	0	1273848
1744	821	646	708	0	1274494
1745	646	708	483	0	1275202
1746	708	483	1054	1	1275685
1747	483	1054	705	0	1276739
1748	1054	705	704	0	1277444
1749	705	704	727	0	1278148
1750	704	727	751	0	1278875
1751	727	751	701	0	1279626
1752	751	701	692	0	1280327
1753	701	692	716	0	1281019
1754	692	716	751	0	1281735
1755	716	751	751	0	1282486
1756	751	751	771	0	1283237
1757	751	771	766	0	1284008
1758	771	766	763	0	1284774
1759	766	763	751	0	1285537
1760	763	751	739	0	1286288
1761	751	739	736	0	1287027
1762	739	736	723	0	1287763
1763	736	723	670	0	1288486
1764	723	670	657	0	1289156
1765	670	657	669	0	1289813
1766	657	669	681	0	1290482
1767	669	681	460	0	1291163
1768	681	460	996	1	1291623
1769	460	996	490	0	1292619
1770	996	490	918	1	1293109
1771	490	918	685	0	1294027
1772	918	685	700	0	1294712
1773	685	700	724	0	1295412
1774	700	724	708	0	1296136
1775	724	708	448	0	1296844
1776	708	448	1031	1	1297292
1777	448	1031	467	0	1298323
1778	1031	467	1008	1	1298790
1779	467	1008	490	0	1299798
1780	1008	490	1054	1	1300288
1781	490	1054	747	0	1301342
1782	1054	747	786	0	1302089
1783	747	786	814	0	1302875
1784	786	814	766	0	1303689
1785	814	766	775	0	1304455
1786	766	775	727	0	1305230
1787	775	727	471	0	1305957
1788	727	471	949	1	1306428
1789	471	949	689	0	1307377
1790	949	689	701	0	1308066
1791	689	701	723	0	1308767
1792	701	723	708	0	1309490
1793	723	708	720	0	1310198
1794	708	720	728	0	1310918
1795	720	728	716	0	1311646
1796	728	716	724	0	1312362
1797	716	724	467	0	1313086
1798	724	467	1019	1	1313553
1799	467	1019	549	0	1314572
1800	1019	549	860	1	1315121
1801	549	860	657	0	1315981
1802	860	657	658	0	1316638
1803	657	658	463	0	1317296
1804	658	463	852	1	1317759
1805	463	852	650	0	1318611
1806	852	650	638	0	1319261
1807	650	638	436	0	1319899
1808	638	436	883	1	1320335
1809	436	883	525	0	1321218
1810	883	525	736	1	1321743
1811	525	736	424	0	1322479
1812	736	424	844	1	1322903
1813	424	844	623	0	1323747
1814	844	623	618	0	1324370
1815	623	618	436	0	1324988
1816	618	436	864	1	1325424
1817	436	864	619	0	1326288
1818	864	619	692	0	1326907
1819	619	692	428	0	1327599
1820	692	428	1020	1	1328027
1821	428	1020	700	0	1329047
1822	1020	700	724	0	1329747
1823	700	724	724	0	1330471
1824	724	724	801	0	1331195
1825	724	801	774	0	1331996
1826	801	774	798	0	1332770
1827	774	798	778	0	1333568
1828	798	778	697	0	1334346
1829	778	697	681	0	1335043
1830	697	681	688	0	1335724
1831	681	688	677	0	1336412
1832	688	677	724	0	1337089
1833	677	724	701	0	1337813
1834	724	701	708	0	1338514
1835	701	708	716	0	1339222
1836	708	716	696	0	1339938
1837	716	696	701	0	1340634
1838	696	701	712	0	1341335
1839	701	712	669	0	1342047
1840	712	669	689	0	1342716
1841	669	689	704	0	1343405
1842	689	704	700	0	1344109
1843	704	700	673	0	1344809
1844	700	673	662	0	1345482
1845	673	662	521	0	1346144
1846	662	521	837	1	1346665
1847	521	837	494	0	1347502
1848	837	494	802	1	1347996
1849	494	802	634	0	1348798
1850	802	634	615	0	1349432
1851	634	615	471	0	1350047
1852	615	471	840	1	1350518
1853	471	840	630	0	1351358
1854	840	630	666	0	1351988
1855	630	666	692	0	1352654
1856	666	692	786	0	1353346
1857	692	786	456	0	1354132
1858	786	456	1136	1	1354588
1859	456	1136	490	0	1355724
1860	1136	490	953	1	1356214
1861	490	953	677	0	1357167
1862	953	677	662	0	1357844
1863	677	662	689	0	1358506
1864	662	689	708	0	1359195
1865	689	708	720	0	1359903
1866	708	720	696	0	1360623
1867	720	696	728	0	1361319
1868	696	728	751	0	1362047
1869	728	751	716	0	1362798
1870	751	716	716	0	1363514
1871	716	716	455	0	1364230
1872	716	455	1011	1	1364685
1873	455	1011	467	0	1365696
1874	1011	467	899	1	1366163
1875	467	899	510	0	1367062
1876	899	510	790	1	1367572
1877	510	790	619	0	1368362
1878	790	619	443	0	1368981
1879	619	443	829	1	1369424
1880	443	829	615	0	1370253
1881	829	615	626	0	1370868
1882	615	626	487	0	1371494
1883	626	487	393	1	1371981
1884	487	393	1019	1	1372374
1885	393	1019	420	0	1373393
1886	1019	420	1070	1	1373813
1887	420	1070	685	0	1374883
1888	1070	685	782	0	1375568
1889	685	782	498	0	1376350
1890	782	498	1121	1	1376848
1891	498	1121	700	0	1377969
1892	1121	700	693	0	1378669
1893	700	693	525	0	1379362
1894	693	525	930	1	1379887
1895	525	930	658	0	1380817
1896	930	658	685	0	1381475
1897	658	685	501	0	1382160
1898	685	501	378	1	1382661
1899	501	378	1089	1	1383039
1900	378	1089	662	0	1384128
1901	1089	662	443	0	1384790
1902	662	443	856	1	1385233
1903	443	856	619	0	1386089
1904	856	619	619	0	1386708
1905	619	619	510	0	1387327
1906	619	510	439	1	1387837
1907	510	439	1031	1	1388276
1908	439	1031	413	0	1389307
1909	1031	413	903	1	1389720
1910	413	903	408	0	1390623
1911	903	408	965	1	1391031
1912	408	965	650	0	1391996
1913	965	650	681	0	1392646
1914	650	681	478	0	1393327
1915	681	478	1106	1	1393805
1916	478	1106	770	0	1394911
1917	1106	770	825	0	1395681
1918	770	825	467	0	1396506
1919	825	467	1284	1	1396973
1920	467	1284	864	0	1398257
1921	1284	864	463	0	1399121
1922	864	463	1175	1	1399584
1923	463	1175	568	0	1400759
1924	1175	568	1074	1	1401327
1925	568	1074	724	0	1402401
1926	1074	724	743	0	1403125
1927	724	743	494	0	1403868
1928	743	494	412	1	1404362
1929	494	412	1137	1	1404774
1930	412	1137	424	0	1405911
1931	1137	424	404	1	1406335
1932	424	404	1101	1	1406739
1933	404	1101	670	0	1407840
1934	1101	670	700	0	1408510
1935	670	700	498	0	1409210
1936	700	498	1171	1	1409708
1937	498	1171	425	0	1410879
1938	1171	425	404	1	1411304
1939	425	404	1160	1	1411708
1940	404	1160	712	0	1412868
1941	1160	712	677	0	1413580
1942	712	677	513	0	1414257
1943	677	513	448	1	1414770
1944	513	448	1035	1	1415218
1945	448	1035	412	0	1416253
1946	1035	412	491	1	1416665
1947	412	491	404	1	1417156
1948	491	404	1043	1	1417560
1949	404	1043	662	0	1418603
1950	1043	662	482	0	1419265
1951	662	482	405	1	1419747
1952	482	405	1116	1	1420152
1953	405	1116	716	0	1421268
1954	1116	716	502	0	1421984
1955	716	502	1067	1	1422486
1956	502	1067	416	0	1423553
1957	1067	416	447	1	1423969
1958	416	447	1074	1	1424416
1959	447	1074	666	0	1425490
1960	1074	666	517	0	1426156
1961	666	517	1121	1	1426673
1962	517	1121	420	0	1427794
1963	1121	420	409	1	1428214
1964	420	409	1194	1	1428623
1965	409	1194	767	0	1429817
1966	1194	767	486	0	1430584
1967	767	486	1195	1	1431070
1968	486	1195	762	0	1432265
1969	1195	762	767	0	1433027
1970	762	767	490	0	1433794
1971	767	490	416	1	1434284
1972	490	416	1199	1	1434700
1973	416	1199	739	0	1435899
1974	1199	739	701	0	1436638
1975	739	701	494	0	1437339
1976	701	494	1116	1	1437833
1977	494	1116	417	0	1438949
1978	1116	417	432	1	1439366
1979	417	432	1183	1	1439798
1980	432	1183	735	0	1440981
1981	1183	735	735	0	1441716
1982	735	735	779	0	1442451
1983	735	779	482	0	1443230
1984	779	482	977	1	1443712
1985	482	977	700	0	1444689
1986	977	700	681	0	1445389
1987	700	681	751	0	1446070
1988	681	751	1086	0	1446821
1989	751	1086	482	0	1447907
1990	1086	482	420	1	1448389
1991	482	420	1253	1	1448809
1992	420	1253	417	0	1450062
1993	1253	417	1140	1	1450479
1994	417	1140	723	0	1451619
1995	1140	723	728	0	1452342
1996	723	728	521	0	1453070
1997	728	521	1168	1	1453591
1998	521	1168	552	0	1454759
1999	1168	552	996	1	1455311
2000	552	996	436	0	1456307
2001	996	436	1191	1	1456743
2002	436	1191	751	0	1457934
2003	1191	751	844	0	1458685
2004	751	844	502	0	1459529
2005	844	502	436	1	1460031
2006	502	436	1117	1	1460467
2007	436	1117	774	0	1461584
2008	1117	774	786	0	1462358
2009	774	786	479	0	1463144
2010	786	479	1058	1	1463623
2011	479	1058	506	0	1464681
2012	1058	506	918	1	1465187
2013	506	918	681	0	1466105
2014	918	681	658	0	1466786
2015	681	658	459	0	1467444
2016	658	459	895	1	1467903
2017	459	895	661	0	1468798
2018	895	661	650	0	1469459
2019	661	650	436	0	1470109
2020	650	436	910	1	1470545
2021	436	910	467	0	1471455
2022	910	467	841	1	1471922
2023	467	841	513	0	1472763
2024	841	513	786	1	1473276
2025	513	786	638	0	1474062
2026	786	638	631	0	1474700
2027	638	631	432	0	1475331
2028	631	432	941	1	1475763
2029	432	941	666	0	1476704
2030	941	666	712	0	1477370
2031	666	712	439	0	1478082
2032	712	439	973	1	1478521
2033	439	973	483	0	1479494
2034	973	483	863	1	1479977
2035	483	863	650	0	1480840
2036	863	650	638	0	1481490
2037	650	638	436	0	1482128
2038	638	436	833	1	1482564
2039	436	833	486	0	1483397
2040	833	486	817	1	1483883
2041	486	817	627	0	1484700
2042	817	627	638	0	1485327
2043	627	638	463	0	1485965
2044	638	463	393	1	1486428
2045	463	393	1078	1	1486821
2046	393	1078	665	0	1487899
2047	1078	665	459	0	1488564
2048	665	459	864	1	1489023
2049	459	864	642	0	1489887
2050	864	642	510	0	1490529
2051	642	510	1004	1	1491039
2052	510	1004	704	0	1492043
2053	1004	704	518	0	1492747
2054	704	518	1167	1	1493265
2055	518	1167	759	0	1494432
2056	1167	759	793	0	1495191
2057	759	793	502	0	1495984
2058	793	502	1187	1	1496486
2059	502	1187	732	0	1497673
2060	1187	732	735	0	1498405
2061	732	735	514	0	1499140
2062	735	514	984	1	1499654
2063	514	984	708	0	1500638
2064	984	708	743	0	1501346
2065	708	743	510	0	1502089
2066	743	510	1144	1	1502599
2067	510	1144	798	0	1503743
2068	1144	798	825	0	1504541
2069	798	825	494	0	1505366
2070	825	494	1233	1	1505860
2071	494	1233	798	0	1507093
2072	1233	798	813	0	1507891
2073	798	813	494	0	1508704
2074	813	494	1257	1	1509198
2075	494	1257	561	0	1510455
2076	1257	561	1027	1	1511016
2077	561	1027	436	0	1512043
2078	1027	436	432	1	1512479
2079	436	432	1167	1	1512911
2080	432	1167	739	0	1514078
2081	1167	739	829	0	1514817
2082	739	829	486	0	1515646
2083	829	486	1288	1	1516132
2084	486	1288	810	0	1517420
2085	1288	810	1038	0	1518230
2086	810	1038	495	0	1519268
2087	1038	495	416	1	1519763
2088	495	416	1121	1	1520179
2089	416	1121	832	0	1521300
2090	1121	832	483	0	1522132
2091	832	483	1120	1	1522615
2092	483	1120	724	0	1523735
2093	1120	724	455	0	1524459
2094	724	455	421	1	1524914
2095	455	421	1221	1	1525335
2096	421	1221	853	0	1526556
2097	1221	853	459	0	1527409
2098	853	459	1186	1	1527868
2099	459	1186	786	0	1529054
2100	1186	786	483	0	1529840
2101	786	483	1128	1	1530323
2102	483	1128	561	0	1531451
2103	1128	561	1058	1	1532012
2104	561	1058	763	0	1533070
2105	1058	763	474	0	1533833
2106	763	474	1113	1	1534307
2107	474	1113	759	0	1535420
2108	1113	759	490	0	1536179
2109	759	490	1144	1	1536669
2110	490	1144	502	0	1537813
2111	1144	502	1051	1	1538315
2112	502	1051	716	0	1539366
2113	1051	716	755	0	1540082
2114	716	755	498	0	1540837
2115	755	498	1132	1	1541335
2116	498	1132	739	0	1542467
2117	1132	739	755	0	1543206
2118	739	755	541	0	1543961
2119	755	541	903	1	1544502
2120	541	903	700	0	1545405
2121	903	700	693	0	1546105
2122	700	693	739	0	1546798
2123	693	739	879	0	1547537
2124	739	879	491	0	1548416
2125	879	491	416	1	1548907
2126	491	416	1195	1	1549323
2127	416	1195	758	0	1550518
2128	1195	758	736	0	1551276
2129	758	736	463	0	1552012
2130	736	463	1007	1	1552475
2131	463	1007	709	0	1553482
2132	1007	709	758	0	1554191
2133	709	758	487	0	1554949
2134	758	487	1222	1	1555436
2135	487	1222	521	0	1556658
2136	1222	521	1012	1	1557179
2137	521	1012	439	0	1558191
2138	1012	439	413	1	1558630
2139	439	413	1152	1	1559043
2140	413	1152	712	0	1560195
2141	1152	712	470	0	1560907
2142	712	470	1137	1	1561377
2143	470	1137	766	0	1562514
2144	1137	766	973	0	1563280
2145	766	973	490	0	1564253
2146	973	490	417	1	1564743
2147	490	417	1221	1	1565160
2148	417	1221	421	0	1566381
2149	1221	421	431	1	1566802
2150	421	431	1199	1	1567233
2151	431	1199	724	0	1568432
2152	1199	724	747	0	1569156
2153	724	747	494	0	1569903
2154	747	494	1307	1	1570397
2155	494	1307	849	0	1571704
2156	1307	849	505	0	1572553
2157	849	505	1238	1	1573058
2158	505	1238	432	0	1574296
2159	1238	432	432	1	1574728
2160	432	432	1210	1	1575160
2161	432	1210	727	0	1576370
2162	1210	727	483	0	1577097
2163	727	483	984	1	1577580
2164	483	984	681	0	1578564
2165	984	681	720	0	1579245
2166	681	720	506	0	1579965
2167	720	506	412	1	1580471
2168	506	412	1195	1	1580883
2169	412	1195	424	0	1582078
2170	1195	424	405	1	1582502
2171	424	405	1175	1	1582907
2172	405	1175	708	0	1584082
2173	1175	708	724	0	1584790
2174	708	724	486	0	1585514
2175	724	486	1268	1	1586000
2176	486	1268	825	0	1587268
2177	1268	825	872	0	1588093
2178	825	872	533	0	1588965
2179	872	533	405	1	1589498
2180	533	405	1140	1	1589903
2181	405	1140	821	0	1591043
2182	1140	821	494	0	1591864
2183	821	494	1300	1	1592358
2184	494	1300	533	0	1593658
2185	1300	533	1202	1	1594191
2186	533	1202	770	0	1595393
2187	1202	770	732	0	1596163
2188	770	732	486	0	1596895
2189	732	486	1144	1	1597381
2190	486	1144	755	0	1598525
2191	1144	755	774	0	1599280
2192	755	774	510	0	1600054
2193	774	510	1175	1	1600564
2194	510	1175	436	0	1601739
2195	1175	436	424	1	1602175
2196	436	424	1191	1	1602599
2197	424	1191	770	0	1603790
2198	1191	770	483	0	1604560
2199	770	483	1222	1	1605043
2200	483	1222	762	0	1606265
2201	1222	762	833	0	1607027
2202	762	833	498	0	1607860
2203	833	498	416	1	1608358
2204	498	416	1249	1	1608774
2205	416	1249	771	0	1610023
2206	1249	771	778	0	1610794
2207	771	778	498	0	1611572
2208	778	498	1039	1	1612070
2209	498	1039	712	0	1613109
2210	1039	712	700	0	1613821
2211	712	700	783	0	1614521
2212	700	783	957	0	1615304
2213	783	957	490	0	1616261
2214	957	490	1214	1	1616751
2215	490	1214	510	0	1617965
2216	1214	510	1066	1	1618475
2217	510	1066	735	0	1619541
2218	1066	735	771	0	1620276
2219	735	771	471	0	1621047
2220	771	471	1062	1	1621518
2221	471	1062	712	0	1622580
2222	1062	712	766	0	1623292
2223	712	766	506	0	1624058
2224	766	506	1261	1	1624564
2225	506	1261	502	0	1625825
2226	1261	502	1128	1	1626327
2227	502	1128	790	0	1627455
2228	1128	790	467	0	1628245
2229	790	467	1206	1	1628712
2230	467	1206	514	0	1629918
2231	1206	514	1070	1	1630432
2232	514	1070	755	0	1631502
2233	1070	755	829	0	1632257
2234	755	829	505	0	1633086
2235	829	505	1148	1	1633591
2236	505	1148	759	0	1634739
2237	1148	759	790	0	1635498
2238	759	790	525	0	1636288
2239	790	525	1164	1	1636813
2240	525	1164	420	0	1637977
2241	1164	420	412	1	1638397
2242	420	412	1203	1	1638809
2243	412	1203	778	0	1640012
2244	1203	778	747	0	1640790
2245	778	747	798	0	1641537
2246	747	798	474	0	1642335
2247	798	474	1316	1	1642809
2248	474	1316	813	0	1644125
2249	1316	813	797	0	1644938
2250	813	797	487	0	1645735
2251	797	487	1148	1	1646222
2252	487	1148	774	0	1647370
2253	1148	774	805	0	1648144
2254	774	805	491	0	1648949
2255	805	491	1167	1	1649440
2256	491	1167	786	0	1650607
2257	1167	786	798	0	1651393
2258	786	798	498	0	1652191
2259	798	498	1050	1	1652689
2260	498	1050	716	0	1653739
2261	1050	716	693	0	1654455
2262	716	693	712	0	1655148
2263	693	712	1086	0	1655860
2264	712	1086	451	0	1656946
2265	1086	451	393	1	1657397
2266	451	393	868	1	1657790
2267	393	868	887	0	1658658
2268	868	887	459	0	1659545
2269	887	459	1264	1	1660004
2270	459	1264	526	0	1661268
2271	1264	526	1128	1	1661794
2272	526	1128	759	0	1662922
2273	1128	759	720	0	1663681
2274	759	720	455	0	1664401
2275	720	455	1265	1	1664856
2276	455	1265	821	0	1666121
2277	1265	821	961	0	1666942
2278	821	961	474	0	1667903
2279	961	474	1347	1	1668377
2280	474	1347	891	0	1669724
2281	1347	891	887	0	1670615
2282	891	887	494	0	1671502
2283	887	494	1284	1	1671996
2284	494	1284	798	0	1673280
2285	1284	798	747	0	1674078
2286	798	747	490	0	1674825
2287	747	490	1152	1	1675315
2288	490	1152	805	0	1676467
2289	1152	805	498	0	1677272
2290	805	498	1207	1	1677770
2291	498	1207	502	0	1678977
2292	1207	502	1077	1	1679479
2293	502	1077	744	0	1680556
2294	1077	744	797	0	1681300
2295	744	797	463	0	1682097
2296	797	463	1214	1	1682560
2297	463	1214	782	0	1683774
2298	1214	782	479	0	1684556
2299	782	479	1167	1	1685035
2300	479	1167	518	0	1686202
2301	1167	518	988	1	1686720
2302	518	988	720	0	1687708
2303	988	720	763	0	1688428
2304	720	763	863	0	1689191
2305	763	863	502	0	1690054
2306	863	502	1183	1	1690556
2307	502	1183	771	0	1691739
2308	1183	771	747	0	1692510
2309	771	747	498	0	1693257
2310	747	498	1218	1	1693755
2311	498	1218	786	0	1694973
2312	1218	786	786	0	1695759
2313	786	786	478	0	1696545
2314	786	478	1109	1	1697023
2315	478	1109	743	0	1698132
2316	1109	743	767	0	1698875
2317	743	767	479	0	1699642
2318	767	479	1089	1	1700121
2319	479	1089	732	0	1701210
2320	1089	732	782	0	1701942
2321	732	782	486	0	1702724
2322	782	486	1074	1	1703210
2323	486	1074	716	0	1704284
2324	1074	716	700	0	1705000
2325	716	700	677	0	1705700
2326	700	677	650	0	1706377
2327	677	650	708	0	1707027
2328	650	708	712	0	1707735
2329	708	712	740	0	1708447
2330	712	740	891	0	1709187
2331	740	891	494	0	1710078
2332	891	494	1292	1	1710572
2333	494	1292	969	0	1711864
2334	1292	969	875	0	1712833
2335	969	875	845	0	1713708
2336	875	845	859	0	1714553
2337	845	859	895	0	1715412
2338	859	895	483	0	1716307
2339	895	483	1171	1	1716790
2340	483	1171	471	0	1717961
2341	1171	471	1074	1	1718432
2342	471	1074	521	0	1719506
2343	1074	521	938	1	1720027
2344	521	938	486	0	1720965
2345	938	486	923	1	1721451
2346	486	923	684	0	1722374
2347	923	684	736	0	1723058
2348	684	736	451	0	1723794
2349	736	451	1140	1	1724245
2350	451	1140	526	0	1725385
2351	1140	526	1050	1	1725911
2352	526	1050	743	0	1726961
2353	1050	743	755	0	1727704
2354	743	755	487	0	1728459
2355	755	487	957	1	1728946
2356	487	957	517	0	1729903
2357	957	517	903	1	1730420
2358	517	903	432	0	1731323
2359	903	432	436	1	1731755
2360	432	436	1113	1	1732191
2361	436	1113	731	0	1733304
2362	1113	731	860	0	1734035
2363	731	860	455	0	1734895
2364	860	455	1257	1	1735350
2365	455	1257	786	0	1736607
2366	1257	786	747	0	1737393
2367	786	747	459	0	1738140
2368	747	459	1136	1	1738599
2369	459	1136	747	0	1739735
2370	1136	747	806	0	1740482
2371	747	806	506	0	1741288
2372	806	506	1334	1	1741794
2373	506	1334	876	0	1743128
2374	1334	876	471	0	1744004
2375	876	471	1190	1	1744475
2376	471	1190	506	0	1745665
2377	1190	506	1004	1	1746171
2378	506	1004	689	0	1747175
2379	1004	689	692	0	1747864
2380	689	692	448	0	1748556
2381	692	448	942	1	1749004
2382	448	942	470	0	1749946
2383	942	470	860	1	1750416
2384	470	860	642	0	1751276
2385	860	642	631	0	1751918
2386	642	631	618	0	1752549
2387	631	618	623	0	1753167
2388	618	623	615	0	1753790
2389	623	615	618	0	1754405
2390	615	618	611	0	1755023
2391	618	611	623	0	1755634
2392	611	623	642	0	1756257
2393	623	642	654	0	1756899
2394	642	654	665	0	1757553
2395	654	665	661	0	1758218
2396	665	661	650	0	1758879
2397	661	650	677	0	1759529
2398	650	677	666	0	1760206
2399	677	666	470	0	1760872
2400	666	470	814	1	1761342
2401	470	814	630	0	1762156
2402	814	630	475	0	1762786
2403	630	475	786	1	1763261
2404	475	786	439	0	1764047
2405	786	439	724	1	1764486
2406	439	724	436	0	1765210
2407	724	436	731	1	1765646
2408	436	731	440	0	1766377
2409	731	440	701	1	1766817
2410	440	701	424	0	1767518
2411	701	424	704	1	1767942
2412	424	704	447	0	1768646
2413	704	447	701	1	1769093
2414	447	701	436	0	1769794
2415	701	436	751	1	1770230
2416	436	751	431	0	1770981
2417	751	431	775	1	1771412
2418	431	775	428	0	1772187
2419	775	428	770	1	1772615
2420	428	770	463	0	1773385
2421	770	463	747	1	1773848
2422	463	747	603	0	1774595
2423	747	603	658	0	1775198
2424	603	658	405	0	1775856
2425	658	405	404	1	1776261
2426	405	404	1039	1	1776665
2427	404	1039	514	0	1777704
2428	1039	514	895	1	1778218
2429	514	895	654	0	1779113
2430	895	654	712	0	1779767
2431	654	712	420	0	1780479
2432	712	420	420	1	1780899
2433	420	420	1097	1	1781319
2434	420	1097	709	0	1782416
2435	1097	709	680	0	1783125
2436	709	680	436	0	1783805
2437	680	436	860	1	1784241
2438	436	860	494	0	1785101
2439	860	494	763	1	1785595
2440	494	763	607	0	1786358
2441	763	607	607	0	1786965
2442	607	607	634	0	1787572
2443	607	634	669	0	1788206
2444	634	669	421	0	1788875
2445	669	421	1008	1	1789296
2446	421	1008	517	0	1790304
2447	1008	517	887	1	1790821
2448	517	887	490	0	1791708
2449	887	490	888	1	1792198
2450	490	888	661	0	1793086
2451	888	661	669	0	1793747
2452	661	669	642	0	1794416
2453	669	642	635	0	1795058
2454	642	635	661	0	1795693
2455	635	661	455	0	1796354
2456	661	455	1059	1	1796809
2457	455	1059	700	0	1797868
2458	1059	700	743	0	1798568
2459	700	743	475	0	1799311
