index	i-1	i+0	i+1	Filter	Time
1	167	424	670	1	591
2	424	670	541	0	1261
3	670	541	544	0	1802
4	541	544	421	0	2346
5	544	421	373	1	2767
6	421	373	385	1	3140
7	373	385	922	1	3525
8	385	922	401	0	4447
9	922	401	716	1	4848
10	401	716	413	0	5564
11	716	413	653	1	5977
12	413	653	530	0	6630
13	653	530	529	0	7160
14	530	529	408	0	7689
15	529	408	374	1	8097
16	408	374	875	1	8471
17	374	875	541	0	9346
18	875	541	541	0	9887
19	541	541	412	0	10428
20	541	412	386	1	10840
21	412	386	902	1	11226
22	386	902	409	0	12128
23	902	409	720	1	12537
24	409	720	548	0	13257
25	720	548	549	0	13805
26	548	549	409	0	14354
27	549	409	362	1	14763
28	409	362	894	1	15125
29	362	894	428	0	16019
30	894	428	646	1	16447
31	428	646	545	0	17093
32	646	545	537	0	17638
33	545	537	420	0	18175
34	537	420	673	1	18595
35	420	673	534	0	19268
36	673	534	548	0	19802
37	534	548	444	0	20350
38	548	444	346	1	20794
39	444	346	953	1	21140
40	346	953	440	0	22093
41	953	440	704	1	22533
42	440	704	572	0	23237
43	704	572	549	0	23809
44	572	549	424	0	24358
45	549	424	782	1	24782
46	424	782	409	0	25564
47	782	409	727	1	25973
48	409	727	592	0	26700
49	727	592	552	0	27292
50	592	552	397	0	27844
51	552	397	366	1	28241
52	397	366	852	1	28607
53	366	852	576	0	29459
54	852	576	514	0	30035
55	576	514	529	0	30549
56	514	529	525	0	31078
57	529	525	518	0	31603
58	525	518	525	0	32121
59	518	525	514	0	32646
60	525	514	517	0	33160
61	514	517	529	0	33677
62	517	529	545	0	34206
63	529	545	440	0	34751
64	545	440	346	1	35191
65	440	346	856	1	35537
66	346	856	545	0	36393
67	856	545	544	0	36938
68	545	544	417	0	37482
69	544	417	677	1	37899
70	417	677	412	0	38576
71	677	412	670	1	38988
72	412	670	521	0	39658
73	670	521	529	0	40179
74	521	529	405	0	40708
75	529	405	350	1	41113
76	405	350	817	1	41463
77	350	817	455	0	42280
78	817	455	588	1	42735
79	455	588	517	0	43323
80	588	517	518	0	43840
81	517	518	377	0	44358
82	518	377	685	1	44735
83	377	685	409	0	45420
84	685	409	650	1	45829
85	409	650	432	0	46479
86	650	432	630	1	46911
87	432	630	424	0	47541
88	630	424	642	1	47965
89	424	642	428	0	48607
90	642	428	654	1	49035
91	428	654	397	0	49689
92	654	397	681	1	50086
93	397	681	431	0	50767
94	681	431	658	1	51198
95	431	658	397	0	51856
96	658	397	681	1	52253
97	397	681	377	0	52934
98	681	377	681	1	53311
99	377	681	420	0	53992
100	681	420	619	1	54412
101	420	619	518	0	55031
102	619	518	389	0	55549
103	518	389	362	1	55938
104	389	362	817	1	56300
105	362	817	471	0	57117
106	817	471	560	1	57588
107	471	560	373	0	58148
108	560	373	343	1	58521
109	373	343	821	1	58864
110	343	821	404	0	59685
111	821	404	627	1	60089
112	404	627	510	0	60716
113	627	510	498	0	61226
114	510	498	498	0	61724
115	498	498	498	0	62222
116	498	498	494	0	62720
117	498	494	498	0	63214
118	494	498	486	0	63712
119	498	486	491	0	64198
120	486	491	397	0	64689
121	491	397	338	1	65086
122	397	338	759	1	65424
123	338	759	393	0	66183
124	759	393	603	1	66576
125	393	603	486	0	67179
126	603	486	483	0	67665
127	486	483	486	0	68148
128	483	486	479	0	68634
129	486	479	455	0	69113
130	479	455	510	0	69568
131	455	510	385	0	70078
132	510	385	584	1	70463
133	385	584	459	0	71047
134	584	459	517	1	71506
135	459	517	370	0	72023
136	517	370	335	1	72393
137	370	335	774	1	72728
138	335	774	486	0	73502
139	774	486	487	0	73988
140	486	487	474	0	74475
141	487	474	483	0	74949
142	474	483	479	0	75432
143	483	479	470	0	75911
144	479	470	397	0	76381
145	470	397	564	1	76778
146	397	564	475	0	77342
147	564	475	479	0	77817
148	475	479	471	0	78296
149	479	471	474	0	78767
150	471	474	382	0	79241
151	474	382	334	1	79623
152	382	334	739	1	79957
153	334	739	374	0	80696
154	739	374	607	1	81070
155	374	607	393	0	81677
156	607	393	572	1	82070
157	393	572	444	0	82642
158	572	444	517	1	83086
159	444	517	432	0	83603
160	517	432	506	1	84035
161	432	506	467	0	84541
162	506	467	463	0	85008
163	467	463	459	0	85471
164	463	459	479	0	85930
165	459	479	482	0	86409
166	479	482	467	0	86891
167	482	467	471	0	87358
168	467	471	471	0	87829
169	471	471	474	0	88300
170	471	474	479	0	88774
171	474	479	381	0	89253
172	479	381	549	1	89634
173	381	549	366	0	90183
174	549	366	607	1	90549
175	366	607	354	0	91156
176	607	354	576	1	91510
177	354	576	400	0	92086
178	576	400	541	1	92486
179	400	541	362	0	93027
180	541	362	572	1	93389
181	362	572	451	0	93961
182	572	451	456	0	94412
183	451	456	420	0	94868
184	456	420	486	1	95288
185	420	486	409	0	95774
186	486	409	490	1	96183
187	409	490	393	0	96673
188	490	393	510	1	97066
189	393	510	401	0	97576
190	510	401	470	1	97977
191	401	470	444	0	98447
192	470	444	440	0	98891
193	444	440	358	0	99331
194	440	358	311	1	99689
195	358	311	661	1	100000
196	311	661	343	0	100661
197	661	343	525	1	101004
198	343	525	432	0	101529
199	525	432	436	0	101961
200	432	436	428	0	102397
201	436	428	432	0	102825
202	428	432	377	0	103257
203	432	377	494	1	103634
204	377	494	390	0	104128
205	494	390	470	1	104518
206	390	470	436	0	104988
207	470	436	432	0	105424
208	436	432	432	0	105856
209	432	432	432	0	106288
210	432	432	362	0	106720
211	432	362	311	1	107082
212	362	311	623	1	107393
213	311	623	393	0	108016
214	623	393	478	1	108409
215	393	478	432	0	108887
216	478	432	432	0	109319
217	432	432	377	0	109751
218	432	377	483	1	110128
219	377	483	443	0	110611
220	483	443	413	0	111054
221	443	413	389	0	111467
222	413	389	471	1	111856
223	389	471	432	0	112327
224	471	432	428	0	112759
225	432	428	439	0	113187
226	428	439	405	0	113626
227	439	405	424	0	114031
228	405	424	424	0	114455
229	424	424	347	0	114879
230	424	347	498	1	115226
231	347	498	420	0	115724
232	498	420	424	0	116144
233	420	424	420	0	116568
234	424	420	424	0	116988
235	420	424	366	0	117412
236	424	366	483	1	117778
237	366	483	420	0	118261
238	483	420	416	0	118681
239	420	416	421	0	119097
240	416	421	428	0	119518
241	421	428	330	0	119946
242	428	330	522	1	120276
243	330	522	424	0	120798
244	522	424	428	0	121222
245	424	428	424	0	121650
246	428	424	428	0	122074
247	424	428	319	0	122502
248	428	319	533	1	122821
249	319	533	428	0	123354
250	533	428	428	0	123782
251	428	428	428	0	124210
252	428	428	428	0	124638
253	428	428	428	0	125066
254	428	428	428	0	125494
255	428	428	432	0	125922
256	428	432	428	0	126354
257	432	428	432	0	126782
258	428	432	432	0	127214
259	432	432	432	0	127646
260	432	432	440	0	128078
261	432	440	428	0	128518
262	440	428	443	0	128946
263	428	443	428	0	129389
264	443	428	428	0	129817
265	428	428	432	0	130245
266	428	432	436	0	130677
267	432	436	432	0	131113
268	436	432	432	0	131545
269	432	432	346	0	131977
270	432	346	521	1	132323
271	346	521	432	0	132844
272	521	432	432	0	133276
273	432	432	339	0	133708
274	432	339	529	1	134047
275	339	529	432	0	134576
276	529	432	432	0	135008
277	432	432	338	0	135440
278	432	338	529	1	135778
279	338	529	428	0	136307
280	529	428	432	0	136735
281	428	432	436	0	137167
282	432	436	432	0	137603
283	436	432	346	0	138035
284	432	346	537	1	138381
285	346	537	397	0	138918
286	537	397	479	1	139315
287	397	479	447	0	139794
288	479	447	444	0	140241
289	447	444	342	0	140685
290	444	342	557	1	141027
291	342	557	346	0	141584
292	557	346	552	1	141930
293	346	552	452	0	142482
294	552	452	443	0	142934
295	452	443	397	0	143377
296	443	397	514	1	143774
297	397	514	444	0	144288
298	514	444	451	0	144732
299	444	451	373	0	145183
300	451	373	530	1	145556
301	373	530	354	0	146086
302	530	354	564	1	146440
303	354	564	459	0	147004
304	564	459	459	0	147463
305	459	459	331	0	147922
306	459	331	603	1	148253
307	331	603	467	0	148856
308	603	467	467	0	149323
309	467	467	366	0	149790
310	467	366	583	1	150156
311	366	583	409	0	150739
312	583	409	525	1	151148
313	409	525	475	0	151673
314	525	475	471	0	152148
315	475	471	350	0	152619
316	471	350	599	1	152969
317	350	599	486	0	153568
318	599	486	483	0	154054
319	486	483	479	0	154537
320	483	479	490	0	155016
321	479	490	482	0	155506
322	490	482	502	0	155988
323	482	502	335	0	156490
324	502	335	654	1	156825
325	335	654	389	0	157479
326	654	389	626	1	157868
327	389	626	487	0	158494
328	626	487	486	0	158981
329	487	486	506	0	159467
330	486	506	498	0	159973
331	506	498	486	0	160471
332	498	486	494	0	160957
333	486	494	386	0	161451
334	494	386	603	1	161837
335	386	603	381	0	162440
336	603	381	599	1	162821
337	381	599	494	0	163420
338	599	494	475	0	163914
339	494	475	358	0	164389
340	475	358	646	1	164747
341	358	646	412	0	165393
342	646	412	553	1	165805
343	412	553	338	0	166358
344	553	338	654	1	166696
345	338	654	490	0	167350
346	654	490	495	0	167840
347	490	495	490	0	168335
348	495	490	510	0	168825
349	490	510	354	0	169335
350	510	354	669	1	169689
351	354	669	385	0	170358
352	669	385	654	1	170743
353	385	654	514	0	171397
354	654	514	509	0	171911
355	514	509	514	0	172420
356	509	514	517	0	172934
357	514	517	366	0	173451
358	517	366	677	1	173817
359	366	677	397	0	174494
360	677	397	642	1	174891
361	397	642	514	0	175533
362	642	514	525	0	176047
363	514	525	350	0	176572
364	525	350	716	1	176922
365	350	716	378	0	177638
366	716	378	688	1	178016
367	378	688	529	0	178704
368	688	529	537	0	179233
369	529	537	518	0	179770
370	537	518	545	0	180288
371	518	545	373	0	180833
372	545	373	740	1	181206
373	373	740	393	0	181946
374	740	393	712	1	182339
375	393	712	393	0	183051
376	712	393	673	1	183444
377	393	673	525	0	184117
378	673	525	521	0	184642
379	525	521	522	0	185163
380	521	522	533	0	185685
381	522	533	393	0	186218
382	533	393	331	1	186611
383	393	331	863	1	186942
384	331	863	393	0	187805
385	863	393	662	1	188198
386	393	662	517	0	188860
387	662	517	526	0	189377
388	517	526	521	0	189903
389	526	521	502	0	190424
390	521	502	514	0	190926
391	502	514	521	0	191440
392	514	521	502	0	191961
393	521	502	385	0	192463
394	502	385	666	1	192848
395	385	666	521	0	193514
396	666	521	529	0	194035
397	521	529	537	0	194564
398	529	537	525	0	195101
399	537	525	444	0	195626
400	525	444	603	1	196070
401	444	603	518	0	196673
402	603	518	513	0	197191
403	518	513	502	0	197704
404	513	502	514	0	198206
405	502	514	502	0	198720
406	514	502	506	0	199222
407	502	506	505	0	199728
408	506	505	510	0	200233
409	505	510	401	0	200743
410	510	401	603	1	201144
411	401	603	366	0	201747
412	603	366	634	1	202113
413	366	634	366	0	202747
414	634	366	611	1	203113
415	366	611	404	0	203724
416	611	404	565	1	204128
417	404	565	424	0	204693
418	565	424	529	1	205117
419	424	529	354	0	205646
420	529	354	584	1	206000
421	354	584	408	0	206584
422	584	408	526	1	206992
423	408	526	365	0	207518
424	526	365	568	1	207883
425	365	568	421	0	208451
426	568	421	502	1	208872
427	421	502	420	0	209374
428	502	420	486	1	209794
429	420	486	416	0	210280
430	486	416	491	1	210696
431	416	491	358	0	211187
432	491	358	548	1	211545
433	358	548	362	0	212093
434	548	362	533	1	212455
435	362	533	358	0	212988
436	533	358	553	1	213346
437	358	553	358	0	213899
438	553	358	545	1	214257
439	358	545	404	0	214802
440	545	404	494	1	215206
441	404	494	351	0	215700
442	494	351	540	1	216051
443	351	540	444	0	216591
444	540	444	436	0	217035
445	444	436	385	0	217471
446	436	385	498	1	217856
447	385	498	354	0	218354
448	498	354	514	1	218708
449	354	514	385	0	219222
450	514	385	502	1	219607
451	385	502	389	0	220109
452	502	389	471	1	220498
453	389	471	405	0	220969
454	471	405	455	1	221374
455	405	455	350	0	221829
456	455	350	514	1	222179
457	350	514	408	0	222693
458	514	408	409	1	223101
459	408	409	389	0	223510
460	409	389	463	1	223899
461	389	463	389	0	224362
462	463	389	502	1	224751
463	389	502	358	0	225253
464	502	358	494	1	225611
465	358	494	342	0	226105
466	494	342	502	1	226447
467	342	502	323	0	226949
468	502	323	522	1	227272
469	323	522	369	0	227794
470	522	369	370	1	228163
471	369	370	319	1	228533
472	370	319	634	1	228852
473	319	634	421	0	229486
474	634	421	416	0	229907
475	421	416	335	0	230323
476	416	335	505	1	230658
477	335	505	335	0	231163
478	505	335	502	1	231498
479	335	502	331	0	232000
480	502	331	486	1	232331
481	331	486	432	0	232817
482	486	432	393	0	233249
483	432	393	416	0	233642
484	393	416	440	1	234058
485	416	440	335	0	234498
486	440	335	315	1	234833
487	335	315	564	1	235148
488	315	564	416	0	235712
489	564	416	374	0	236128
490	416	374	447	1	236502
491	374	447	421	0	236949
492	447	421	295	0	237370
493	421	295	510	1	237665
494	295	510	428	0	238175
495	510	428	389	0	238603
496	428	389	339	0	238992
497	389	339	471	1	239331
498	339	471	408	0	239802
499	471	408	416	0	240210
500	408	416	405	0	240626
501	416	405	413	0	241031
502	405	413	408	0	241444
503	413	408	409	0	241852
504	408	409	408	0	242261
505	409	408	409	0	242669
506	408	409	408	0	243078
507	409	408	417	0	243486
508	408	417	401	0	243903
509	417	401	412	0	244304
510	401	412	405	0	244716
511	412	405	412	0	245121
512	405	412	374	0	245533
513	412	374	451	0	245907
514	374	451	366	0	246358
515	451	366	455	1	246724
516	366	455	412	0	247179
517	455	412	409	0	247591
518	412	409	416	0	248000
519	409	416	405	0	248416
520	416	405	409	0	248821
521	405	409	381	0	249230
522	409	381	440	0	249611
523	381	440	416	0	250051
524	440	416	412	0	250467
525	416	412	409	0	250879
526	412	409	412	0	251288
527	409	412	405	0	251700
528	412	405	413	0	252105
529	405	413	404	0	252518
530	413	404	343	0	252922
531	404	343	478	1	253265
532	343	478	413	0	253743
533	478	413	412	0	254156
534	413	412	311	0	254568
535	412	311	510	1	254879
536	311	510	397	0	255389
537	510	397	416	0	255786
538	397	416	491	0	256202
539	416	491	319	1	256693
540	491	319	424	0	257012
541	319	424	404	0	257436
542	424	404	335	0	257840
543	404	335	486	1	258175
544	335	486	409	0	258661
545	486	409	409	0	259070
546	409	409	311	0	259479
547	409	311	514	1	259790
548	311	514	404	0	260304
549	514	404	413	0	260708
550	404	413	323	0	261121
551	413	323	494	1	261444
552	323	494	416	0	261938
553	494	416	413	0	262354
554	416	413	322	0	262767
555	413	322	510	1	263089
556	322	510	382	0	263599
557	510	382	416	0	263981
558	382	416	346	0	264397
559	416	346	533	1	264743
560	346	533	362	0	265276
561	533	362	479	1	265638
562	362	479	362	0	266117
563	479	362	474	1	266479
564	362	474	386	0	266953
565	474	386	459	1	267339
566	386	459	319	0	267798
567	459	319	295	1	268117
568	319	295	681	1	268412
569	295	681	323	0	269093
570	681	323	561	1	269416
571	323	561	334	0	269977
572	561	334	553	1	270311
573	334	553	327	0	270864
574	553	327	544	1	271191
575	327	544	362	0	271735
576	544	362	529	1	272097
577	362	529	312	0	272626
578	529	312	583	1	272938
579	312	583	378	0	273521
580	583	378	529	1	273899
581	378	529	358	0	274428
582	529	358	556	1	274786
583	358	556	362	0	275342
584	556	362	545	1	275704
585	362	545	327	0	276249
586	545	327	587	1	276576
587	327	587	456	0	277163
588	587	456	459	0	277619
589	456	459	342	0	278078
590	459	342	576	1	278420
591	342	576	463	0	278996
592	576	463	459	0	279459
593	463	459	362	0	279918
594	459	362	603	1	280280
595	362	603	350	0	280883
596	603	350	627	1	281233
597	350	627	366	0	281860
598	627	366	611	1	282226
599	366	611	358	0	282837
600	611	358	610	1	283195
601	358	610	448	0	283805
602	610	448	514	0	284253
603	448	514	474	0	284767
604	514	474	475	0	285241
605	474	475	377	0	285716
606	475	377	580	1	286093
607	377	580	444	0	286673
608	580	444	533	0	287117
609	444	533	369	0	287650
610	533	369	619	1	288019
611	369	619	487	0	288638
612	619	487	494	0	289125
613	487	494	334	0	289619
614	494	334	658	1	289953
615	334	658	401	0	290611
616	658	401	576	1	291012
617	401	576	350	0	291588
618	576	350	630	1	291938
619	350	630	490	0	292568
620	630	490	491	0	293058
621	490	491	494	0	293549
622	491	494	494	0	294043
623	494	494	354	0	294537
624	494	354	669	1	294891
625	354	669	370	0	295560
626	669	370	634	1	295930
627	370	634	498	0	296564
628	634	498	498	0	297062
629	498	498	343	0	297560
630	498	343	673	1	297903
631	343	673	373	0	298576
632	673	373	635	1	298949
633	373	635	358	0	299584
634	635	358	649	1	299942
635	358	649	370	0	300591
636	649	370	623	1	300961
637	370	623	393	0	301584
638	623	393	591	1	301977
639	393	591	486	0	302568
640	591	486	499	0	303054
641	486	499	350	0	303553
642	499	350	692	1	303903
643	350	692	405	0	304595
644	692	405	650	1	305000
645	405	650	389	0	305650
646	650	389	646	1	306039
647	389	646	498	0	306685
648	646	498	506	0	307183
649	498	506	447	0	307689
650	506	447	588	1	308136
651	447	588	334	0	308724
652	588	334	693	1	309058
653	334	693	405	0	309751
654	693	405	618	1	310156
655	405	618	510	0	310774
656	618	510	514	0	311284
657	510	514	521	0	311798
658	514	521	537	0	312319
659	521	537	346	0	312856
660	537	346	728	1	313202
661	346	728	393	0	313930
662	728	393	669	1	314323
663	393	669	382	0	314992
664	669	382	665	1	315374
665	382	665	416	0	316039
666	665	416	615	1	316455
667	416	615	502	0	317070
668	615	502	510	0	317572
669	502	510	412	0	318082
670	510	412	615	1	318494
671	412	615	397	0	319109
672	615	397	622	1	319506
673	397	622	413	0	320128
674	622	413	619	1	320541
675	413	619	338	0	321160
676	619	338	689	1	321498
677	338	689	346	0	322187
678	689	346	693	1	322533
679	346	693	358	0	323226
680	693	358	673	1	323584
681	358	673	358	0	324257
682	673	358	681	1	324615
683	358	681	338	0	325296
684	681	338	693	1	325634
685	338	693	377	0	326327
686	693	377	670	1	326704
687	377	670	400	0	327374
688	670	400	646	1	327774
689	400	646	413	0	328420
690	646	413	646	1	328833
691	413	646	416	0	329479
692	646	416	669	1	329895
693	416	669	389	0	330564
694	669	389	708	1	330953
695	389	708	436	0	331661
696	708	436	642	1	332097
697	436	642	541	0	332739
698	642	541	545	0	333280
699	541	545	436	0	333825
700	545	436	661	1	334261
701	436	661	350	0	334922
702	661	350	763	1	335272
703	350	763	374	0	336035
704	763	374	739	1	336409
705	374	739	370	0	337148
706	739	370	731	1	337518
707	370	731	339	0	338249
708	731	339	751	1	338588
709	339	751	346	0	339339
710	751	346	704	1	339685
711	346	704	366	0	340389
712	704	366	677	1	340755
713	366	677	416	0	341432
714	677	416	615	1	341848
715	416	615	358	0	342463
716	615	358	335	1	342821
717	358	335	887	1	343156
718	335	887	354	0	344043
719	887	354	739	1	344397
720	354	739	354	0	345136
721	739	354	736	1	345490
722	354	736	354	0	346226
723	736	354	735	1	346580
724	354	735	362	0	347315
725	735	362	720	1	347677
726	362	720	350	0	348397
727	720	350	724	1	348747
728	350	724	331	0	349471
729	724	331	747	1	349802
730	331	747	416	0	350549
731	747	416	658	1	350965
732	416	658	361	0	351623
733	658	361	709	1	351984
734	361	709	424	0	352693
735	709	424	650	1	353117
736	424	650	350	0	353767
737	650	350	743	1	354117
738	350	743	335	0	354860
739	743	335	770	1	355195
740	335	770	432	0	355965
741	770	432	677	1	356397
742	432	677	467	0	357074
743	677	467	650	1	357541
744	467	650	346	0	358191
745	650	346	778	1	358537
746	346	778	389	0	359315
747	778	389	743	1	359704
748	389	743	417	0	360447
749	743	417	700	1	360864
750	417	700	374	0	361564
751	700	374	762	1	361938
752	374	762	366	0	362700
753	762	366	751	1	363066
754	366	751	362	0	363817
755	751	362	743	1	364179
756	362	743	557	0	364922
757	743	557	552	0	365479
758	557	552	541	0	366031
759	552	541	564	0	366572
760	541	564	409	0	367136
761	564	409	751	1	367545
762	409	751	420	0	368296
763	751	420	720	1	368716
764	420	720	401	0	369436
765	720	401	716	1	369837
766	401	716	455	0	370553
767	716	455	638	1	371008
768	455	638	354	0	371646
769	638	354	335	1	372000
770	354	335	891	1	372335
771	335	891	369	0	373226
772	891	369	724	1	373595
773	369	724	424	0	374319
774	724	424	638	1	374743
775	424	638	354	0	375381
776	638	354	331	1	375735
777	354	331	880	1	376066
778	331	880	463	0	376946
779	880	463	622	1	377409
780	463	622	354	0	378031
781	622	354	712	1	378385
782	354	712	467	0	379097
783	712	467	596	1	379564
784	467	596	447	0	380160
785	596	447	619	1	380607
786	447	619	365	0	381226
787	619	365	713	1	381591
788	365	713	408	0	382304
789	713	408	673	1	382712
790	408	673	444	0	383385
791	673	444	630	1	383829
792	444	630	432	0	384459
793	630	432	642	1	384891
794	432	642	401	0	385533
795	642	401	673	1	385934
796	401	673	436	0	386607
797	673	436	661	1	387043
798	436	661	413	0	387704
799	661	413	665	1	388117
800	413	665	479	0	388782
801	665	479	599	1	389261
802	479	599	370	0	389860
803	599	370	735	1	390230
804	370	735	447	0	390965
805	735	447	666	1	391412
806	447	666	467	0	392078
807	666	467	661	1	392545
808	467	661	452	0	393206
809	661	452	696	1	393658
810	452	696	436	0	394354
811	696	436	716	1	394790
812	436	716	436	0	395506
813	716	436	696	1	395942
814	436	696	560	0	396638
815	696	560	572	0	397198
816	560	572	561	0	397770
817	572	561	420	0	398331
818	561	420	704	1	398751
819	420	704	401	0	399455
820	704	401	747	1	399856
821	401	747	385	0	400603
822	747	385	763	1	400988
823	385	763	358	0	401751
824	763	358	759	1	402109
825	358	759	365	0	402868
826	759	365	755	1	403233
827	365	755	374	0	403988
828	755	374	724	1	404362
829	374	724	389	0	405086
830	724	389	720	1	405475
831	389	720	396	0	406195
832	720	396	709	1	406591
833	396	709	412	0	407300
834	709	412	708	1	407712
835	412	708	452	0	408420
836	708	452	669	1	408872
837	452	669	358	0	409541
838	669	358	797	1	409899
839	358	797	440	0	410696
840	797	440	716	1	411136
841	440	716	572	0	411852
842	716	572	389	0	412424
843	572	389	813	1	412813
844	389	813	448	0	413626
845	813	448	743	1	414074
846	448	743	436	0	414817
847	743	436	743	1	415253
848	436	743	572	0	415996
849	743	572	576	0	416568
850	572	576	580	0	417144
851	576	580	576	0	417724
852	580	576	416	0	418300
853	576	416	751	1	418716
854	416	751	401	0	419467
855	751	401	755	1	419868
856	401	755	369	0	420623
857	755	369	759	1	420992
858	369	759	389	0	421751
859	759	389	743	1	422140
860	389	743	389	0	422883
861	743	389	736	1	423272
862	389	736	381	0	424008
863	736	381	743	1	424389
864	381	743	382	0	425132
865	743	382	747	1	425514
866	382	747	397	0	426261
867	747	397	727	1	426658
868	397	727	553	0	427385
869	727	553	541	0	427938
870	553	541	552	0	428479
871	541	552	572	0	429031
872	552	572	385	0	429603
873	572	385	833	1	429988
874	385	833	436	0	430821
875	833	436	712	1	431257
876	436	712	572	0	431969
877	712	572	595	0	432541
878	572	595	596	0	433136
879	595	596	443	0	433732
880	596	443	747	1	434175
881	443	747	444	0	434922
882	747	444	727	1	435366
883	444	727	378	0	436093
884	727	378	759	1	436471
885	378	759	389	0	437230
886	759	389	739	1	437619
887	389	739	374	0	438358
888	739	374	750	1	438732
889	374	750	382	0	439482
890	750	382	735	1	439864
891	382	735	389	0	440599
892	735	389	701	1	440988
893	389	701	404	0	441689
894	701	404	670	1	442093
895	404	670	416	0	442763
896	670	416	650	1	443179
897	416	650	533	0	443829
898	650	533	552	0	444362
899	533	552	432	0	444914
900	552	432	759	1	445346
901	432	759	584	0	446105
902	759	584	607	0	446689
903	584	607	424	0	447296
904	607	424	794	1	447720
905	424	794	603	0	448514
906	794	603	599	0	449117
907	603	599	623	0	449716
908	599	623	642	0	450339
909	623	642	638	0	450981
910	642	638	642	0	451619
911	638	642	665	0	452261
912	642	665	665	0	452926
913	665	665	654	0	453591
914	665	654	650	0	454245
915	654	650	654	0	454895
916	650	654	642	0	455549
917	654	642	661	0	456191
918	642	661	413	0	456852
919	661	413	863	1	457265
920	413	863	390	0	458128
921	863	390	852	1	458518
922	390	852	599	0	459370
923	852	599	591	0	459969
924	599	591	440	0	460560
925	591	440	712	1	461000
926	440	712	377	0	461712
927	712	377	744	1	462089
928	377	744	393	0	462833
929	744	393	716	1	463226
930	393	716	385	0	463942
931	716	385	708	1	464327
932	385	708	401	0	465035
933	708	401	696	1	465436
934	401	696	417	0	466132
935	696	417	704	1	466549
936	417	704	405	0	467253
937	704	405	727	1	467658
938	405	727	440	0	468385
939	727	440	685	1	468825
940	440	685	494	0	469510
941	685	494	622	1	470004
942	494	622	370	0	470626
943	622	370	366	1	470996
944	370	366	953	1	471362
945	366	953	580	0	472315
946	953	580	595	0	472895
947	580	595	385	0	473490
948	595	385	829	1	473875
949	385	829	432	0	474704
950	829	432	775	1	475136
951	432	775	420	0	475911
952	775	420	774	1	476331
953	420	774	413	0	477105
954	774	413	778	1	477518
955	413	778	393	0	478296
956	778	393	739	1	478689
957	393	739	444	0	479428
958	739	444	751	1	479872
959	444	751	393	0	480623
960	751	393	778	1	481016
961	393	778	412	0	481794
962	778	412	778	1	482206
963	412	778	409	0	482984
964	778	409	747	1	483393
965	409	747	486	0	484140
966	747	486	693	1	484626
967	486	693	436	0	485319
968	693	436	724	1	485755
969	436	724	486	0	486479
970	724	486	685	1	486965
971	486	685	432	0	487650
972	685	432	743	1	488082
973	432	743	572	0	488825
974	743	572	587	0	489397
975	572	587	580	0	489984
976	587	580	483	0	490564
977	580	483	665	1	491047
978	483	665	576	0	491712
979	665	576	599	0	492288
980	576	599	424	0	492887
981	599	424	747	1	493311
982	424	747	401	0	494058
983	747	401	755	1	494459
984	401	755	564	0	495214
985	755	564	557	0	495778
986	564	557	439	0	496335
987	557	439	685	1	496774
988	439	685	557	0	497459
989	685	557	564	0	498016
990	557	564	408	0	498580
991	564	408	712	1	498988
992	408	712	432	0	499700
993	712	432	693	1	500132
994	432	693	412	0	500825
995	693	412	662	1	501237
996	412	662	432	0	501899
997	662	432	708	1	502331
998	432	708	389	0	503039
999	708	389	712	1	503428
1000	389	712	389	0	504140
1001	712	389	708	1	504529
1002	389	708	382	0	505237
1003	708	382	716	1	505619
1004	382	716	393	0	506335
1005	716	393	708	1	506728
1006	393	708	385	0	507436
1007	708	385	724	1	507821
1008	385	724	397	0	508545
1009	724	397	735	1	508942
1010	397	735	393	0	509677
1011	735	393	767	1	510070
1012	393	767	393	0	510837
1013	767	393	751	1	511230
1014	393	751	428	0	511981
1015	751	428	708	1	512409
1016	428	708	548	0	513117
1017	708	548	553	0	513665
1018	548	553	475	0	514218
1019	553	475	700	1	514693
1020	475	700	412	0	515393
1021	700	412	748	1	515805
1022	412	748	412	0	516553
1023	748	412	755	1	516965
1024	412	755	397	0	517720
1025	755	397	751	1	518117
1026	397	751	385	0	518868
1027	751	385	751	1	519253
1028	385	751	408	0	520004
1029	751	408	732	1	520412
1030	408	732	385	0	521144
1031	732	385	739	1	521529
1032	385	739	401	0	522268
1033	739	401	712	1	522669
1034	401	712	417	0	523381
1035	712	417	696	1	523798
1036	417	696	397	0	524494
1037	696	397	716	1	524891
1038	397	716	405	0	525607
1039	716	405	723	1	526012
1040	405	723	390	0	526735
1041	723	390	743	1	527125
1042	390	743	416	0	527868
1043	743	416	712	1	528284
1044	416	712	405	0	528996
1045	712	405	720	1	529401
1046	405	720	385	0	530121
1047	720	385	716	1	530506
1048	385	716	443	0	531222
1049	716	443	670	1	531665
1050	443	670	544	0	532335
1051	670	544	557	0	532879
1052	544	557	436	0	533436
1053	557	436	708	1	533872
1054	436	708	502	0	534580
1055	708	502	630	1	535082
1056	502	630	483	0	535712
1057	630	483	665	1	536195
1058	483	665	408	0	536860
1059	665	408	763	1	537268
1060	408	763	397	0	538031
1061	763	397	782	1	538428
1062	397	782	378	0	539210
1063	782	378	782	1	539588
1064	378	782	400	0	540370
1065	782	400	755	1	540770
1066	400	755	389	0	541525
1067	755	389	728	1	541914
1068	389	728	389	0	542642
1069	728	389	724	1	543031
1070	389	724	401	0	543755
1071	724	401	723	1	544156
1072	401	723	401	0	544879
1073	723	401	743	1	545280
1074	401	743	393	0	546023
1075	743	393	744	1	546416
1076	393	744	420	0	547160
1077	744	420	692	1	547580
1078	420	692	452	0	548272
1079	692	452	650	1	548724
1080	452	650	490	0	549374
1081	650	490	622	1	549864
1082	490	622	417	0	550486
1083	622	417	712	1	550903
1084	417	712	564	0	551615
1085	712	564	580	0	552179
1086	564	580	432	0	552759
1087	580	432	755	1	553191
1088	432	755	447	0	553946
1089	755	447	693	1	554393
1090	447	693	560	0	555086
1091	693	560	568	0	555646
1092	560	568	393	0	556214
1093	568	393	805	1	556607
1094	393	805	452	0	557412
1095	805	452	716	1	557864
1096	452	716	572	0	558580
1097	716	572	587	0	559152
1098	572	587	417	0	559739
1099	587	417	867	1	560156
1100	417	867	467	0	561023
1101	867	467	755	1	561490
1102	467	755	599	0	562245
1103	755	599	615	0	562844
1104	599	615	603	0	563459
1105	615	603	627	0	564062
1106	603	627	634	0	564689
1107	627	634	658	0	565323
1108	634	658	428	0	565981
1109	658	428	856	1	566409
1110	428	856	428	0	567265
1111	856	428	848	1	567693
1112	428	848	393	0	568541
1113	848	393	840	1	568934
1114	393	840	397	0	569774
1115	840	397	817	1	570171
1116	397	817	432	0	570988
1117	817	432	790	1	571420
1118	432	790	444	0	572210
1119	790	444	774	1	572654
1120	444	774	451	0	573428
1121	774	451	747	1	573879
1122	451	747	463	0	574626
1123	747	463	736	1	575089
1124	463	736	591	0	575825
1125	736	591	413	0	576416
1126	591	413	813	1	576829
1127	413	813	599	0	577642
1128	813	599	631	0	578241
1129	599	631	396	0	578872
1130	631	396	880	1	579268
1131	396	880	436	0	580148
1132	880	436	801	1	580584
1133	436	801	413	0	581385
1134	801	413	790	1	581798
1135	413	790	408	0	582588
1136	790	408	771	1	582996
1137	408	771	428	0	583767
1138	771	428	723	1	584195
1139	428	723	568	0	584918
1140	723	568	561	0	585486
1141	568	561	408	0	586047
1142	561	408	798	1	586455
1143	408	798	580	0	587253
1144	798	580	424	0	587833
1145	580	424	739	1	588257
1146	424	739	572	0	588996
1147	739	572	595	0	589568
1148	572	595	413	0	590163
1149	595	413	836	1	590576
1150	413	836	440	0	591412
1151	836	440	798	1	591852
1152	440	798	591	0	592650
1153	798	591	623	0	593241
1154	591	623	428	0	593864
1155	623	428	782	1	594292
1156	428	782	401	0	595074
1157	782	401	778	1	595475
1158	401	778	447	0	596253
1159	778	447	689	1	596700
1160	447	689	471	0	597389
1161	689	471	739	1	597860
1162	471	739	440	0	598599
1163	739	440	751	1	599039
1164	440	751	401	0	599790
1165	751	401	774	1	600191
1166	401	774	409	0	600965
1167	774	409	758	1	601374
1168	409	758	440	0	602132
1169	758	440	716	1	602572
1170	440	716	428	0	603288
1171	716	428	716	1	603716
1172	428	716	471	0	604432
1173	716	471	673	1	604903
1174	471	673	564	0	605576
1175	673	564	576	0	606140
1176	564	576	591	0	606716
1177	576	591	576	0	607307
1178	591	576	572	0	607883
1179	576	572	592	0	608455
1180	572	592	618	0	609047
1181	592	618	401	0	609665
1182	618	401	930	1	610066
1183	401	930	448	0	610996
1184	930	448	824	1	611444
1185	448	824	623	0	612268
1186	824	623	627	0	612891
1187	623	627	622	0	613518
1188	627	622	627	0	614140
1189	622	627	630	0	614767
1190	627	630	661	0	615397
1191	630	661	424	0	616058
1192	661	424	892	1	616482
1193	424	892	412	0	617374
1194	892	412	840	1	617786
1195	412	840	421	0	618626
1196	840	421	793	1	619047
1197	421	793	401	0	619840
1198	793	401	798	1	620241
1199	401	798	416	0	621039
1200	798	416	755	1	621455
1201	416	755	455	0	622210
1202	755	455	689	1	622665
1203	455	689	463	0	623354
1204	689	463	681	1	623817
1205	463	681	572	0	624498
1206	681	572	572	0	625070
1207	572	572	397	0	625642
1208	572	397	833	1	626039
1209	397	833	478	0	626872
1210	833	478	767	1	627350
1211	478	767	611	0	628117
1212	767	611	642	0	628728
1213	611	642	649	0	629370
1214	642	649	662	0	630019
1215	649	662	432	0	630681
1216	662	432	887	1	631113
1217	432	887	401	0	632000
1218	887	401	829	1	632401
1219	401	829	424	0	633230
1220	829	424	766	1	633654
1221	424	766	413	0	634420
1222	766	413	739	1	634833
1223	413	739	428	0	635572
1224	739	428	716	1	636000
1225	428	716	412	0	636716
1226	716	412	736	1	637128
1227	412	736	432	0	637864
1228	736	432	723	1	638296
1229	432	723	569	0	639019
1230	723	569	583	0	639588
1231	569	583	401	0	640171
1232	583	401	934	1	640572
1233	401	934	626	0	641506
1234	934	626	685	0	642132
1235	626	685	416	0	642817
1236	685	416	1055	1	643233
1237	416	1055	463	0	644288
1238	1055	463	910	1	644751
1239	463	910	643	0	645661
1240	910	643	649	0	646304
1241	643	649	654	0	646953
1242	649	654	661	0	647607
1243	654	661	670	0	648268
1244	661	670	463	0	648938
1245	670	463	867	1	649401
1246	463	867	436	0	650268
1247	867	436	825	1	650704
1248	436	825	405	0	651529
1249	825	405	805	1	651934
1250	405	805	421	0	652739
1251	805	421	770	1	653160
1252	421	770	455	0	653930
1253	770	455	693	1	654385
1254	455	693	459	0	655078
1255	693	459	700	1	655537
1256	459	700	565	0	656237
1257	700	565	579	0	656802
1258	565	579	409	0	657381
1259	579	409	370	1	657790
1260	409	370	976	1	658160
1261	370	976	603	0	659136
1262	976	603	611	0	659739
1263	603	611	389	0	660350
1264	611	389	872	1	660739
1265	389	872	463	0	661611
1266	872	463	798	1	662074
1267	463	798	610	0	662872
1268	798	610	646	0	663482
1269	610	646	425	0	664128
1270	646	425	918	1	664553
1271	425	918	471	0	665471
1272	918	471	828	1	665942
1273	471	828	448	0	666770
1274	828	448	782	1	667218
1275	448	782	420	0	668000
1276	782	420	759	1	668420
1277	420	759	440	0	669179
1278	759	440	685	1	669619
1279	440	685	455	0	670304
1280	685	455	634	1	670759
1281	455	634	537	0	671393
1282	634	537	541	0	671930
1283	537	541	377	0	672471
1284	541	377	343	1	672848
1285	377	343	887	1	673191
1286	343	887	447	0	674078
1287	887	447	666	1	674525
1288	447	666	482	0	675191
1289	666	482	642	1	675673
1290	482	642	490	0	676315
1291	642	490	677	1	676805
1292	490	677	471	0	677482
1293	677	471	728	1	677953
1294	471	728	482	0	678681
1295	728	482	689	1	679163
1296	482	689	506	0	679852
1297	689	506	650	1	680358
1298	506	650	576	0	681008
1299	650	576	404	0	681584
1300	576	404	747	1	681988
1301	404	747	436	0	682735
1302	747	436	666	1	683171
1303	436	666	548	0	683837
1304	666	548	389	0	684385
1305	548	389	681	1	684774
1306	389	681	432	0	685455
1307	681	432	623	1	685887
1308	432	623	533	0	686510
1309	623	533	517	0	687043
1310	533	517	401	0	687560
1311	517	401	673	1	687961
1312	401	673	529	0	688634
1313	673	529	549	0	689163
1314	529	549	389	0	689712
1315	549	389	308	1	690101
1316	389	308	910	1	690409
1317	308	910	444	0	691319
1318	910	444	665	1	691763
1319	444	665	459	0	692428
1320	665	459	619	1	692887
1321	459	619	478	0	693506
1322	619	478	588	1	693984
1323	478	588	459	0	694572
1324	588	459	599	1	695031
1325	459	599	370	0	695630
1326	599	370	693	1	696000
1327	370	693	432	0	696693
1328	693	432	657	1	697125
1329	432	657	432	0	697782
1330	657	432	623	1	698214
1331	432	623	447	0	698837
1332	623	447	619	1	699284
1333	447	619	525	0	699903
1334	619	525	533	0	700428
1335	525	533	401	0	700961
1336	533	401	311	1	701362
1337	401	311	883	1	701673
1338	311	883	440	0	702556
1339	883	440	642	1	702996
1340	440	642	362	0	703638
1341	642	362	708	1	704000
1342	362	708	428	0	704708
1343	708	428	646	1	705136
1344	428	646	366	0	705782
1345	646	366	696	1	706148
1346	366	696	343	0	706844
1347	696	343	731	1	707187
1348	343	731	440	0	707918
1349	731	440	630	1	708358
1350	440	630	358	0	708988
1351	630	358	747	1	709346
1352	358	747	358	0	710093
1353	747	358	814	1	710451
1354	358	814	396	0	711265
1355	814	396	748	1	711661
1356	396	748	424	0	712409
1357	748	424	700	1	712833
1358	424	700	498	0	713533
1359	700	498	615	1	714031
1360	498	615	502	0	714646
1361	615	502	630	1	715148
1362	502	630	568	0	715778
1363	630	568	576	0	716346
1364	568	576	603	0	716922
1365	576	603	467	0	717525
1366	603	467	743	1	717992
1367	467	743	362	0	718735
1368	743	362	814	1	719097
1369	362	814	459	0	719911
1370	814	459	700	1	720370
1371	459	700	576	0	721070
1372	700	576	576	0	721646
1373	576	576	576	0	722222
1374	576	576	583	0	722798
1375	576	583	428	0	723381
1376	583	428	790	1	723809
1377	428	790	397	0	724599
1378	790	397	790	1	724996
1379	397	790	416	0	725786
1380	790	416	767	1	726202
1381	416	767	416	0	726969
1382	767	416	763	1	727385
1383	416	763	459	0	728148
1384	763	459	712	1	728607
1385	459	712	471	0	729319
1386	712	471	696	1	729790
1387	471	696	498	0	730486
1388	696	498	697	1	730984
1389	498	697	370	0	731681
1390	697	370	863	1	732051
1391	370	863	362	0	732914
1392	863	362	864	1	733276
1393	362	864	459	0	734140
1394	864	459	701	1	734599
1395	459	701	435	0	735300
1396	701	435	712	1	735735
1397	435	712	425	0	736447
1398	712	425	712	1	736872
1399	425	712	432	0	737584
1400	712	432	692	1	738016
1401	432	692	420	0	738708
1402	692	420	697	1	739128
1403	420	697	397	0	739825
1404	697	397	727	1	740222
1405	397	727	397	0	740949
1406	727	397	743	1	741346
1407	397	743	386	0	742089
1408	743	386	723	1	742475
1409	386	723	413	0	743198
1410	723	413	716	1	743611
1411	413	716	408	0	744327
1412	716	408	712	1	744735
1413	408	712	409	0	745447
1414	712	409	708	1	745856
1415	409	708	432	0	746564
1416	708	432	689	1	746996
1417	432	689	432	0	747685
1418	689	432	700	1	748117
1419	432	700	475	0	748817
1420	700	475	654	1	749292
1421	475	654	552	0	749946
1422	654	552	560	0	750498
1423	552	560	424	0	751058
1424	560	424	732	1	751482
1425	424	732	409	0	752214
1426	732	409	712	1	752623
1427	409	712	435	0	753335
1428	712	435	681	1	753770
1429	435	681	428	0	754451
1430	681	428	709	1	754879
1431	428	709	474	0	755588
1432	709	474	693	1	756062
1433	474	693	385	0	756755
1434	693	385	802	1	757140
1435	385	802	455	0	757942
1436	802	455	739	1	758397
1437	455	739	525	0	759136
1438	739	525	658	1	759661
1439	525	658	370	0	760319
1440	658	370	365	1	760689
1441	370	365	1004	1	761054
1442	365	1004	479	0	762058
1443	1004	479	747	1	762537
1444	479	747	580	0	763284
1445	747	580	603	0	763864
1446	580	603	615	0	764467
1447	603	615	650	0	765082
1448	615	650	463	0	765732
1449	650	463	914	1	766195
1450	463	914	455	0	767109
1451	914	455	806	1	767564
1452	455	806	486	0	768370
1453	806	486	743	1	768856
1454	486	743	448	0	769599
1455	743	448	786	1	770047
1456	448	786	443	0	770833
1457	786	443	813	1	771276
1458	443	813	444	0	772089
1459	813	444	821	1	772533
1460	444	821	436	0	773354
1461	821	436	798	1	773790
1462	436	798	459	0	774588
1463	798	459	755	1	775047
1464	459	755	447	0	775802
1465	755	447	712	1	776249
1466	447	712	506	0	776961
1467	712	506	650	1	777467
1468	506	650	509	0	778117
1469	650	509	666	1	778626
1470	509	666	471	0	779292
1471	666	471	708	1	779763
1472	471	708	486	0	780471
1473	708	486	708	1	780957
1474	486	708	463	0	781665
1475	708	463	701	1	782128
1476	463	701	428	0	782829
1477	701	428	704	1	783257
1478	428	704	428	0	783961
1479	704	428	673	1	784389
1480	428	673	467	0	785062
1481	673	467	638	1	785529
1482	467	638	467	0	786167
1483	638	467	689	1	786634
1484	467	689	432	0	787323
1485	689	432	724	1	787755
1486	432	724	443	0	788479
1487	724	443	712	1	788922
1488	443	712	455	0	789634
1489	712	455	701	1	790089
1490	455	701	572	0	790790
1491	701	572	607	0	791362
1492	572	607	626	0	791969
1493	607	626	603	0	792595
1494	626	603	619	0	793198
1495	603	619	463	0	793817
1496	619	463	821	1	794280
1497	463	821	420	0	795101
1498	821	420	794	1	795521
1499	420	794	424	0	796315
1500	794	424	767	1	796739
1501	424	767	432	0	797506
1502	767	432	731	1	797938
1503	432	731	459	0	798669
1504	731	459	681	1	799128
1505	459	681	475	0	799809
1506	681	475	669	1	800284
1507	475	669	374	0	800953
1508	669	374	377	1	801327
1509	374	377	440	1	801704
1510	377	440	385	1	802144
1511	440	385	918	1	802529
1512	385	918	448	0	803447
1513	918	448	689	1	803895
1514	448	689	470	0	804584
1515	689	470	658	1	805054
1516	470	658	451	0	805712
1517	658	451	677	1	806163
1518	451	677	425	0	806840
1519	677	425	712	1	807265
1520	425	712	467	0	807977
1521	712	467	692	1	808444
1522	467	692	514	0	809136
1523	692	514	731	1	809650
1524	514	731	366	0	810381
1525	731	366	1016	1	810747
1526	366	1016	350	0	811763
1527	1016	350	934	1	812113
1528	350	934	459	0	813047
1529	934	459	759	1	813506
1530	459	759	396	0	814265
1531	759	396	751	1	814661
1532	396	751	382	0	815412
1533	751	382	759	1	815794
1534	382	759	381	0	816553
1535	759	381	720	1	816934
1536	381	720	420	0	817654
1537	720	420	708	1	818074
1538	420	708	413	0	818782
1539	708	413	704	1	819195
1540	413	704	440	0	819899
1541	704	440	680	1	820339
1542	440	680	471	0	821019
1543	680	471	631	1	821490
1544	471	631	377	0	822121
1545	631	377	448	1	822498
1546	377	448	361	1	822946
1547	448	361	915	1	823307
1548	361	915	478	0	824222
1549	915	478	635	1	824700
1550	478	635	552	0	825335
1551	635	552	557	0	825887
1552	552	557	404	0	826444
1553	557	404	417	1	826848
1554	404	417	393	1	827265
1555	417	393	914	1	827658
1556	393	914	510	0	828572
1557	914	510	591	1	829082
1558	510	591	370	0	829673
1559	591	370	401	1	830043
1560	370	401	416	1	830444
1561	401	416	370	1	830860
1562	416	370	895	1	831230
1563	370	895	408	0	832125
1564	895	408	654	1	832533
1565	408	654	513	0	833187
1566	654	513	537	0	833700
1567	513	537	417	0	834237
1568	537	417	385	1	834654
1569	417	385	381	1	835039
1570	385	381	354	1	835420
1571	381	354	401	1	835774
1572	354	401	366	1	836175
1573	401	366	385	1	836541
1574	366	385	428	1	836926
1575	385	428	378	1	837354
1576	428	378	856	1	837732
1577	378	856	455	0	838588
1578	856	455	599	1	839043
1579	455	599	362	0	839642
1580	599	362	358	1	840004
1581	362	358	833	1	840362
1582	358	833	459	0	841195
1583	833	459	572	1	841654
1584	459	572	377	0	842226
1585	572	377	343	1	842603
1586	377	343	879	1	842946
1587	343	879	354	0	843825
1588	879	354	739	1	844179
1589	354	739	510	0	844918
1590	739	510	599	1	845428
1591	510	599	389	0	846027
1592	599	389	331	1	846416
1593	389	331	965	1	846747
1594	331	965	479	0	847712
1595	965	479	669	1	848191
1596	479	669	377	0	848860
1597	669	377	335	1	849237
1598	377	335	910	1	849572
1599	335	910	436	0	850482
1600	910	436	685	1	850918
1601	436	685	557	0	851603
1602	685	557	416	0	852160
1603	557	416	385	1	852576
1604	416	385	393	1	852961
1605	385	393	938	1	853354
1606	393	938	436	0	854292
1607	938	436	704	1	854728
1608	436	704	366	0	855432
1609	704	366	755	1	855798
1610	366	755	435	0	856553
1611	755	435	689	1	856988
1612	435	689	377	0	857677
1613	689	377	370	1	858054
1614	377	370	895	1	858424
1615	370	895	362	0	859319
1616	895	362	770	1	859681
1617	362	770	362	0	860451
1618	770	362	775	1	860813
1619	362	775	358	0	861588
1620	775	358	774	1	861946
1621	358	774	366	0	862720
1622	774	366	782	1	863086
1623	366	782	362	0	863868
1624	782	362	797	1	864230
1625	362	797	362	0	865027
1626	797	362	782	1	865389
1627	362	782	479	0	866171
1628	782	479	654	1	866650
1629	479	654	373	0	867304
1630	654	373	409	1	867677
1631	373	409	354	1	868086
1632	409	354	922	1	868440
1633	354	922	436	0	869362
1634	922	436	688	1	869798
1635	436	688	541	0	870486
1636	688	541	553	0	871027
1637	541	553	439	0	871580
1638	553	439	806	1	872019
1639	439	806	362	0	872825
1640	806	362	350	1	873187
1641	362	350	977	1	873537
1642	350	977	358	0	874514
1643	977	358	813	1	874872
1644	358	813	369	0	875685
1645	813	369	775	1	876054
1646	369	775	366	0	876829
1647	775	366	365	1	877195
1648	366	365	911	1	877560
1649	365	911	362	0	878471
1650	911	362	758	1	878833
1651	362	758	374	0	879591
1652	758	374	720	1	879965
1653	374	720	369	0	880685
1654	720	369	751	1	881054
1655	369	751	370	0	881805
1656	751	370	790	1	882175
1657	370	790	385	0	882965
1658	790	385	786	1	883350
1659	385	786	370	0	884136
1660	786	370	813	1	884506
1661	370	813	358	0	885319
1662	813	358	841	1	885677
1663	358	841	365	0	886518
1664	841	365	829	1	886883
1665	365	829	366	0	887712
1666	829	366	817	1	888078
1667	366	817	377	0	888895
1668	817	377	790	1	889272
1669	377	790	491	0	890062
1670	790	491	684	1	890553
1671	491	684	397	0	891237
1672	684	397	401	1	891634
1673	397	401	420	1	892035
1674	401	420	374	1	892455
1675	420	374	969	1	892829
1676	374	969	439	0	893798
1677	969	439	716	1	894237
1678	439	716	549	0	894953
1679	716	549	556	0	895502
1680	549	556	432	0	896058
1681	556	432	409	1	896490
1682	432	409	408	1	896899
1683	409	408	382	1	897307
1684	408	382	416	1	897689
1685	382	416	370	1	898105
1686	416	370	922	1	898475
1687	370	922	463	0	899397
1688	922	463	650	1	899860
1689	463	650	373	0	900510
1690	650	373	712	1	900883
1691	373	712	374	0	901595
1692	712	374	377	1	901969
1693	374	377	845	1	902346
1694	377	845	365	0	903191
1695	845	365	732	1	903556
1696	365	732	370	0	904288
1697	732	370	408	1	904658
1698	370	408	891	1	905066
1699	408	891	382	0	905957
1700	891	382	404	1	906339
1701	382	404	883	1	906743
1702	404	883	374	0	907626
1703	883	374	401	1	908000
1704	374	401	875	1	908401
1705	401	875	362	0	909276
1706	875	362	747	1	909638
1707	362	747	343	0	910385
1708	747	343	766	1	910728
1709	343	766	350	0	911494
1710	766	350	767	1	911844
1711	350	767	455	0	912611
1712	767	455	646	1	913066
1713	455	646	397	0	913712
1714	646	397	385	1	914109
1715	397	385	413	1	914494
1716	385	413	381	1	914907
1717	413	381	397	1	915288
1718	381	397	926	1	915685
1719	397	926	471	0	916611
1720	926	471	646	1	917082
1721	471	646	381	0	917728
1722	646	381	735	1	918109
1723	381	735	374	0	918844
1724	735	374	412	1	919218
1725	374	412	351	1	919630
1726	412	351	910	1	919981
1727	351	910	354	0	920891
1728	910	354	751	1	921245
1729	354	751	440	0	921996
1730	751	440	630	1	922436
1731	440	630	389	0	923066
1732	630	389	397	1	923455
1733	389	397	397	1	923852
1734	397	397	374	1	924249
1735	397	374	879	1	924623
1736	374	879	362	0	925502
1737	879	362	436	1	925864
1738	362	436	365	1	926300
1739	436	365	899	1	926665
1740	365	899	366	0	927564
1741	899	366	755	1	927930
1742	366	755	354	0	928685
1743	755	354	432	1	929039
1744	354	432	354	1	929471
1745	432	354	965	1	929825
1746	354	965	389	0	930790
1747	965	389	385	1	931179
1748	389	385	903	1	931564
1749	385	903	385	0	932467
1750	903	385	405	1	932852
1751	385	405	373	1	933257
1752	405	373	946	1	933630
1753	373	946	370	0	934576
1754	946	370	385	1	934946
1755	370	385	926	1	935331
1756	385	926	366	0	936257
1757	926	366	762	1	936623
1758	366	762	358	0	937385
1759	762	358	420	1	937743
1760	358	420	386	1	938163
1761	420	386	895	1	938549
1762	386	895	354	0	939444
1763	895	354	743	1	939798
1764	354	743	389	0	940541
1765	743	389	424	1	940930
1766	389	424	409	1	941354
1767	424	409	373	1	941763
1768	409	373	424	1	942136
1769	373	424	362	1	942560
1770	424	362	942	1	942922
1771	362	942	350	0	943864
1772	942	350	790	1	944214
1773	350	790	366	0	945004
1774	790	366	743	1	945370
1775	366	743	366	0	946113
1776	743	366	412	1	946479
1777	366	412	374	1	946891
1778	412	374	895	1	947265
1779	374	895	358	0	948160
1780	895	358	739	1	948518
1781	358	739	354	0	949257
1782	739	354	735	1	949611
1783	354	735	358	0	950346
1784	735	358	417	1	950704
1785	358	417	365	1	951121
1786	417	365	907	1	951486
1787	365	907	358	0	952393
1788	907	358	759	1	952751
1789	358	759	362	0	953510
1790	759	362	747	1	953872
1791	362	747	362	0	954619
1792	747	362	474	1	954981
1793	362	474	366	1	955455
1794	474	366	891	1	955821
1795	366	891	374	0	956712
1796	891	374	719	1	957086
1797	374	719	366	0	957805
1798	719	366	401	1	958171
1799	366	401	362	1	958572
1800	401	362	914	1	958934
1801	362	914	358	0	959848
1802	914	358	778	1	960206
1803	358	778	358	0	960984
1804	778	358	747	1	961342
1805	358	747	362	0	962089
1806	747	362	401	1	962451
1807	362	401	401	1	962852
1808	401	401	910	1	963253
1809	401	910	370	0	964163
1810	910	370	416	1	964533
1811	370	416	370	1	964949
1812	416	370	895	1	965319
1813	370	895	370	0	966214
1814	895	370	739	1	966584
1815	370	739	370	0	967323
1816	739	370	385	1	967693
1817	370	385	875	1	968078
1818	385	875	358	0	968953
1819	875	358	736	1	969311
1820	358	736	365	0	970047
1821	736	365	716	1	970412
1822	365	716	397	0	971128
1823	716	397	405	1	971525
1824	397	405	397	1	971930
1825	405	397	381	1	972327
1826	397	381	957	1	972708
1827	381	957	351	0	973665
1828	957	351	821	1	974016
1829	351	821	354	0	974837
1830	821	354	782	1	975191
1831	354	782	385	0	975973
1832	782	385	755	1	976358
1833	385	755	377	0	977113
1834	755	377	417	1	977490
1835	377	417	891	1	977907
1836	417	891	362	0	978798
1837	891	362	762	1	979160
1838	362	762	343	0	979922
1839	762	343	766	1	980265
1840	343	766	362	0	981031
1841	766	362	428	1	981393
1842	362	428	350	1	981821
1843	428	350	911	1	982171
1844	350	911	362	0	983082
1845	911	362	747	1	983444
1846	362	747	369	0	984191
1847	747	369	405	1	984560
1848	369	405	366	1	984965
1849	405	366	902	1	985331
1850	366	902	362	0	986233
1851	902	362	389	1	986595
1852	362	389	845	1	986984
1853	389	845	377	0	987829
1854	845	377	436	1	988206
1855	377	436	370	1	988642
1856	436	370	875	1	989012
1857	370	875	378	0	989887
1858	875	378	443	1	990265
1859	378	443	366	1	990708
1860	443	366	891	1	991074
1861	366	891	374	0	991965
1862	891	374	404	1	992339
1863	374	404	370	1	992743
1864	404	370	910	1	993113
1865	370	910	362	0	994023
1866	910	362	755	1	994385
1867	362	755	370	0	995140
1868	755	370	420	1	995510
1869	370	420	354	1	995930
1870	420	354	961	1	996284
1871	354	961	366	0	997245
1872	961	366	786	1	997611
1873	366	786	377	0	998397
1874	786	377	786	1	998774
1875	377	786	386	0	999560
1876	786	386	443	1	999946
1877	386	443	354	1	1000389
1878	443	354	1043	1	1000743
1879	354	1043	366	0	1001786
1880	1043	366	864	1	1002152
1881	366	864	377	0	1003016
1882	864	377	424	1	1003393
1883	377	424	374	1	1003817
1884	424	374	945	1	1004191
1885	374	945	370	0	1005136
1886	945	370	817	1	1005506
1887	370	817	366	0	1006323
1888	817	366	424	1	1006689
1889	366	424	358	1	1007113
1890	424	358	965	1	1007471
1891	358	965	366	0	1008436
1892	965	366	342	1	1008802
1893	366	342	969	1	1009144
1894	342	969	362	0	1010113
1895	969	362	758	1	1010475
1896	362	758	393	0	1011233
1897	758	393	456	1	1011626
1898	393	456	373	1	1012082
1899	456	373	926	1	1012455
1900	373	926	389	0	1013381
1901	926	389	724	1	1013770
1902	389	724	385	0	1014494
1903	724	385	405	1	1014879
1904	385	405	856	1	1015284
1905	405	856	393	0	1016140
1906	856	393	724	1	1016533
1907	393	724	381	0	1017257
1908	724	381	401	1	1017638
1909	381	401	875	1	1018039
1910	401	875	374	0	1018914
1911	875	374	412	1	1019288
1912	374	412	860	1	1019700
1913	412	860	374	0	1020560
1914	860	374	727	1	1020934
1915	374	727	366	0	1021661
1916	727	366	740	1	1022027
1917	366	740	396	0	1022767
1918	740	396	401	1	1023163
1919	396	401	409	1	1023564
1920	401	409	381	1	1023973
1921	409	381	899	1	1024354
1922	381	899	358	0	1025253
1923	899	358	751	1	1025611
1924	358	751	362	0	1026362
1925	751	362	731	1	1026724
1926	362	731	370	0	1027455
1927	731	370	420	1	1027825
1928	370	420	350	1	1028245
1929	420	350	915	1	1028595
1930	350	915	369	0	1029510
1931	915	369	720	1	1029879
1932	369	720	370	0	1030599
1933	720	370	708	1	1030969
1934	370	708	381	0	1031677
1935	708	381	421	1	1032058
1936	381	421	875	1	1032479
1937	421	875	393	0	1033354
1938	875	393	763	1	1033747
1939	393	763	408	0	1034510
1940	763	408	409	1	1034918
1941	408	409	930	1	1035327
1942	409	930	369	0	1036257
1943	930	369	397	1	1036626
1944	369	397	417	1	1037023
1945	397	417	377	1	1037440
1946	417	377	393	1	1037817
1947	377	393	930	1	1038210
1948	393	930	467	0	1039140
1949	930	467	654	1	1039607
1950	467	654	369	0	1040261
1951	654	369	744	1	1040630
1952	369	744	556	0	1041374
1953	744	556	541	0	1041930
1954	556	541	443	0	1042471
1955	541	443	393	1	1042914
1956	443	393	436	1	1043307
1957	393	436	382	1	1043743
1958	436	382	400	1	1044125
1959	382	400	887	1	1044525
1960	400	887	421	0	1045412
1961	887	421	673	1	1045833
1962	421	673	525	0	1046506
1963	673	525	529	0	1047031
1964	525	529	386	0	1047560
1965	529	386	369	1	1047946
1966	386	369	817	1	1048315
1967	369	817	432	0	1049132
1968	817	432	623	1	1049564
1969	432	623	397	0	1050187
1970	623	397	653	1	1050584
1971	397	653	518	0	1051237
1972	653	518	517	0	1051755
1973	518	517	393	0	1052272
1974	517	393	339	1	1052665
1975	393	339	868	1	1053004
1976	339	868	463	0	1053872
1977	868	463	630	1	1054335
1978	463	630	545	0	1054965
1979	630	545	537	0	1055510
1980	545	537	552	0	1056047
1981	537	552	576	0	1056599
1982	552	576	451	0	1057175
1983	576	451	370	1	1057626
1984	451	370	879	1	1057996
1985	370	879	366	0	1058875
1986	879	366	778	1	1059241
1987	366	778	444	0	1060019
1988	778	444	681	1	1060463
1989	444	681	432	0	1061144
1990	681	432	669	1	1061576
1991	432	669	401	0	1062245
1992	669	401	689	1	1062646
1993	401	689	385	0	1063335
1994	689	385	712	1	1063720
1995	385	712	377	0	1064432
1996	712	377	709	1	1064809
1997	377	709	385	0	1065518
1998	709	385	681	1	1065903
1999	385	681	385	0	1066584
2000	681	385	685	1	1066969
2001	385	685	381	0	1067654
2002	685	381	685	1	1068035
2003	381	685	385	0	1068720
2004	685	385	673	1	1069105
2005	385	673	397	0	1069778
2006	673	397	673	1	1070175
2007	397	673	401	0	1070848
2008	673	401	642	1	1071249
2009	401	642	440	0	1071891
2010	642	440	618	1	1072331
2011	440	618	467	0	1072949
2012	618	467	600	1	1073416
2013	467	600	358	0	1074016
2014	600	358	704	1	1074374
2015	358	704	354	0	1075078
2016	704	354	751	1	1075432
2017	354	751	346	0	1076183
2018	751	346	802	1	1076529
2019	346	802	478	0	1077331
2020	802	478	709	1	1077809
2021	478	709	583	0	1078518
2022	709	583	603	0	1079101
2023	583	603	611	0	1079704
2024	603	611	638	0	1080315
2025	611	638	673	0	1080953
2026	638	673	670	0	1081626
2027	673	670	665	0	1082296
2028	670	665	646	0	1082961
2029	665	646	455	0	1083607
2030	646	455	771	1	1084062
2031	455	771	459	0	1084833
2032	771	459	727	1	1085292
2033	459	727	428	0	1086019
2034	727	428	736	1	1086447
2035	428	736	397	0	1087183
2036	736	397	747	1	1087580
2037	397	747	436	0	1088327
2038	747	436	704	1	1088763
2039	436	704	455	0	1089467
2040	704	455	669	1	1089922
2041	455	669	561	0	1090591
2042	669	561	580	0	1091152
2043	561	580	393	0	1091732
2044	580	393	365	1	1092125
2045	393	365	1000	1	1092490
2046	365	1000	374	0	1093490
2047	1000	374	794	1	1093864
2048	374	794	369	0	1094658
2049	794	369	763	1	1095027
2050	369	763	440	0	1095790
2051	763	440	704	1	1096230
2052	440	704	424	0	1096934
2053	704	424	716	1	1097358
2054	424	716	401	0	1098074
2055	716	401	723	1	1098475
2056	401	723	463	0	1099198
2057	723	463	654	1	1099661
2058	463	654	483	0	1100315
2059	654	483	634	1	1100798
2060	483	634	552	0	1101432
2061	634	552	592	0	1101984
2062	552	592	626	0	1102576
2063	592	626	635	0	1103202
2064	626	635	463	0	1103837
2065	635	463	774	1	1104300
2066	463	774	595	0	1105074
2067	774	595	584	0	1105669
2068	595	584	467	0	1106253
2069	584	467	677	1	1106720
2070	467	677	412	0	1107397
2071	677	412	728	1	1107809
2072	412	728	385	0	1108537
2073	728	385	747	1	1108922
2074	385	747	385	0	1109669
2075	747	385	689	1	1110054
2076	385	689	452	0	1110743
2077	689	452	692	1	1111195
2078	452	692	397	0	1111887
2079	692	397	708	1	1112284
2080	397	708	397	0	1112992
2081	708	397	700	1	1113389
2082	397	700	444	0	1114089
2083	700	444	673	1	1114533
2084	444	673	424	0	1115206
2085	673	424	705	1	1115630
2086	424	705	412	0	1116335
2087	705	412	685	1	1116747
2088	412	685	556	0	1117432
2089	685	556	553	0	1117988
2090	556	553	459	0	1118541
2091	553	459	669	1	1119000
2092	459	669	413	0	1119669
2093	669	413	708	1	1120082
2094	413	708	455	0	1120790
2095	708	455	669	1	1121245
2096	455	669	421	0	1121914
2097	669	421	688	1	1122335
2098	421	688	456	0	1123023
2099	688	456	626	1	1123479
2100	456	626	545	0	1124105
2101	626	545	533	0	1124650
2102	545	533	467	0	1125183
2103	533	467	615	1	1125650
2104	467	615	428	0	1126265
2105	615	428	630	1	1126693
2106	428	630	451	0	1127323
2107	630	451	615	1	1127774
2108	451	615	522	0	1128389
2109	615	522	533	0	1128911
2110	522	533	381	0	1129444
2111	533	381	370	1	1129825
2112	381	370	879	1	1130195
2113	370	879	451	0	1131074
2114	879	451	650	1	1131525
2115	451	650	483	0	1132175
2116	650	483	610	1	1132658
2117	483	610	444	0	1133268
2118	610	444	634	1	1133712
2119	444	634	448	0	1134346
2120	634	448	634	1	1134794
2121	448	634	436	0	1135428
2122	634	436	642	1	1135864
2123	436	642	393	0	1136506
2124	642	393	665	1	1136899
2125	393	665	378	0	1137564
2126	665	378	684	1	1137942
2127	378	684	386	0	1138626
2128	684	386	661	1	1139012
2129	386	661	413	0	1139673
2130	661	413	618	1	1140086
2131	413	618	417	0	1140704
2132	618	417	611	1	1141121
2133	417	611	517	0	1141732
2134	611	517	521	0	1142249
2135	517	521	479	0	1142770
2136	521	479	580	1	1143249
2137	479	580	447	0	1143829
2138	580	447	627	1	1144276
2139	447	627	408	0	1144903
2140	627	408	685	1	1145311
2141	408	685	378	0	1145996
2142	685	378	696	1	1146374
2143	378	696	381	0	1147070
2144	696	381	689	1	1147451
2145	381	689	413	0	1148140
2146	689	413	645	1	1148553
2147	413	645	514	0	1149198
2148	645	514	514	0	1149712
2149	514	514	385	0	1150226
2150	514	385	673	1	1150611
2151	385	673	506	0	1151284
2152	673	506	545	0	1151790
2153	506	545	435	0	1152335
2154	545	435	374	1	1152770
2155	435	374	949	1	1153144
2156	374	949	378	0	1154093
2157	949	378	805	1	1154471
2158	378	805	382	0	1155276
2159	805	382	778	1	1155658
2160	382	778	568	0	1156436
2161	778	568	576	0	1157004
2162	568	576	416	0	1157580
2163	576	416	813	1	1157996
2164	416	813	588	0	1158809
2165	813	588	595	0	1159397
2166	588	595	452	0	1159992
2167	595	452	848	1	1160444
2168	452	848	607	0	1161292
2169	848	607	619	0	1161899
2170	607	619	428	0	1162518
2171	619	428	809	1	1162946
2172	428	809	467	0	1163755
2173	809	467	735	1	1164222
2174	467	735	584	0	1164957
2175	735	584	591	0	1165541
2176	584	591	459	0	1166132
2177	591	459	709	1	1166591
2178	459	709	568	0	1167300
2179	709	568	576	0	1167868
2180	568	576	575	0	1168444
2181	576	575	576	0	1169019
2182	575	576	568	0	1169595
2183	576	568	565	0	1170163
2184	568	565	404	0	1170728
2185	565	404	724	1	1171132
2186	404	724	412	0	1171856
2187	724	412	693	1	1172268
2188	412	693	564	0	1172961
2189	693	564	557	0	1173525
2190	564	557	424	0	1174082
2191	557	424	708	1	1174506
2192	424	708	451	0	1175214
2193	708	451	670	1	1175665
2194	451	670	424	0	1176335
2195	670	424	688	1	1176759
2196	424	688	393	0	1177447
2197	688	393	763	1	1177840
2198	393	763	440	0	1178603
2199	763	440	712	1	1179043
2200	440	712	408	0	1179755
2201	712	408	705	1	1180163
2202	408	705	451	0	1180868
2203	705	451	662	1	1181319
2204	451	662	377	0	1181981
2205	662	377	420	1	1182358
2206	377	420	428	1	1182778
2207	420	428	366	1	1183206
2208	428	366	401	1	1183572
2209	366	401	366	1	1183973
2210	401	366	922	1	1184339
2211	366	922	365	0	1185261
2212	922	365	786	1	1185626
2213	365	786	382	0	1186412
2214	786	382	786	1	1186794
2215	382	786	572	0	1187580
2216	786	572	622	0	1188152
2217	572	622	467	0	1188774
2218	622	467	358	1	1189241
2219	467	358	1078	1	1189599
2220	358	1078	377	0	1190677
2221	1078	377	981	1	1191054
2222	377	981	409	0	1192035
2223	981	409	871	1	1192444
2224	409	871	603	0	1193315
2225	871	603	627	0	1193918
2226	603	627	455	0	1194545
2227	627	455	358	1	1195000
2228	455	358	1132	1	1195358
2229	358	1132	378	0	1196490
2230	1132	378	1109	1	1196868
2231	378	1109	385	0	1197977
2232	1109	385	1000	1	1198362
2233	385	1000	626	0	1199362
2234	1000	626	701	0	1199988
2235	626	701	478	0	1200689
2236	701	478	989	1	1201167
2237	478	989	404	0	1202156
2238	989	404	370	1	1202560
2239	404	370	1035	1	1202930
2240	370	1035	428	0	1203965
2241	1035	428	778	1	1204393
2242	428	778	580	0	1205171
2243	778	580	572	0	1205751
2244	580	572	401	0	1206323
2245	572	401	716	1	1206724
2246	401	716	548	0	1207440
2247	716	548	557	0	1207988
2248	548	557	401	0	1208545
2249	557	401	692	1	1208946
2250	401	692	428	0	1209638
2251	692	428	669	1	1210066
2252	428	669	549	0	1210735
2253	669	549	560	0	1211284
2254	549	560	561	0	1211844
2255	560	561	560	0	1212405
2256	561	560	568	0	1212965
2257	560	568	572	0	1213533
2258	568	572	440	0	1214105
2259	572	440	696	1	1214545
2260	440	696	385	0	1215241
2261	696	385	724	1	1215626
2262	385	724	514	0	1216350
2263	724	514	576	0	1216864
2264	514	576	537	0	1217440
2265	576	537	537	0	1217977
2266	537	537	537	0	1218514
2267	537	537	486	0	1219051
2268	537	486	595	1	1219537
2269	486	595	498	0	1220132
2270	595	498	611	1	1220630
2271	498	611	459	0	1221241
2272	611	459	732	1	1221700
2273	459	732	428	0	1222432
2274	732	428	735	1	1222860
2275	428	735	401	0	1223595
2276	735	401	724	1	1223996
2277	401	724	385	0	1224720
2278	724	385	720	1	1225105
2279	385	720	385	0	1225825
2280	720	385	712	1	1226210
2281	385	712	385	0	1226922
2282	712	385	693	1	1227307
2283	385	693	389	0	1228000
2284	693	389	697	1	1228389
2285	389	697	396	0	1229086
2286	697	396	701	1	1229482
2287	396	701	393	0	1230183
2288	701	393	720	1	1230576
2289	393	720	385	0	1231296
2290	720	385	720	1	1231681
2291	385	720	404	0	1232401
2292	720	404	689	1	1232805
2293	404	689	397	0	1233494
2294	689	397	700	1	1233891
2295	397	700	393	0	1234591
2296	700	393	685	1	1234984
2297	393	685	409	0	1235669
2298	685	409	681	1	1236078
2299	409	681	401	0	1236759
2300	681	401	677	1	1237160
2301	401	677	416	0	1237837
2302	677	416	677	1	1238253
2303	416	677	405	0	1238930
2304	677	405	681	1	1239335
2305	405	681	393	0	1240016
2306	681	393	696	1	1240409
2307	393	696	389	0	1241105
2308	696	389	689	1	1241494
2309	389	689	405	0	1242183
2310	689	405	665	1	1242588
2311	405	665	397	0	1243253
2312	665	397	669	1	1243650
2313	397	669	420	0	1244319
2314	669	420	642	1	1244739
2315	420	642	522	0	1245381
2316	642	522	537	0	1245903
2317	522	537	365	0	1246440
2318	537	365	728	1	1246805
2319	365	728	498	0	1247533
2320	728	498	588	1	1248031
2321	498	588	377	0	1248619
2322	588	377	428	1	1248996
2323	377	428	817	1	1249424
2324	428	817	487	0	1250241
2325	817	487	587	1	1250728
2326	487	587	541	0	1251315
2327	587	541	529	0	1251856
2328	541	529	401	0	1252385
2329	529	401	650	1	1252786
2330	401	650	439	0	1253436
2331	650	439	693	1	1253875
2332	439	693	416	0	1254568
2333	693	416	693	1	1254984
2334	416	693	545	0	1255677
2335	693	545	560	0	1256222
2336	545	560	572	0	1256782
2337	560	572	595	0	1257354
2338	572	595	631	0	1257949
2339	595	631	642	0	1258580
2340	631	642	436	0	1259222
2341	642	436	805	1	1259658
2342	436	805	475	0	1260463
2343	805	475	743	1	1260938
2344	475	743	451	0	1261681
2345	743	451	724	1	1262132
2346	451	724	580	0	1262856
2347	724	580	615	0	1263436
2348	580	615	451	0	1264051
2349	615	451	829	1	1264502
2350	451	829	611	0	1265331
2351	829	611	665	0	1265942
2352	611	665	463	0	1266607
2353	665	463	942	1	1267070
2354	463	942	486	0	1268012
2355	942	486	829	1	1268498
2356	486	829	622	0	1269327
2357	829	622	677	0	1269949
2358	622	677	463	0	1270626
2359	677	463	876	1	1271089
2360	463	876	634	0	1271965
2361	876	634	677	0	1272599
2362	634	677	444	0	1273276
2363	677	444	848	1	1273720
2364	444	848	463	0	1274568
2365	848	463	798	1	1275031
2366	463	798	420	0	1275829
2367	798	420	821	1	1276249
2368	420	821	432	0	1277070
2369	821	432	805	1	1277502
2370	432	805	440	0	1278307
2371	805	440	790	1	1278747
2372	440	790	432	0	1279537
2373	790	432	786	1	1279969
2374	432	786	443	0	1280755
2375	786	443	779	1	1281198
2376	443	779	435	0	1281977
2377	779	435	783	1	1282412
2378	435	783	412	0	1283195
2379	783	412	767	1	1283607
2380	412	767	455	0	1284374
2381	767	455	685	1	1284829
2382	455	685	556	0	1285514
2383	685	556	580	0	1286070
2384	556	580	424	0	1286650
2385	580	424	1004	1	1287074
2386	424	1004	665	0	1288078
2387	1004	665	712	0	1288743
2388	665	712	409	0	1289455
2389	712	409	1008	1	1289864
2390	409	1008	646	0	1290872
2391	1008	646	665	0	1291518
2392	646	665	657	0	1292183
2393	665	657	674	0	1292840
2394	657	674	494	0	1293514
2395	674	494	832	1	1294008
2396	494	832	615	0	1294840
2397	832	615	658	0	1295455
2398	615	658	471	0	1296113
2399	658	471	809	1	1296584
2400	471	809	486	0	1297393
2401	809	486	759	1	1297879
2402	486	759	494	0	1298638
2403	759	494	763	1	1299132
2404	494	763	436	0	1299895
2405	763	436	774	1	1300331
2406	436	774	451	0	1301105
2407	774	451	720	1	1301556
2408	451	720	572	0	1302276
2409	720	572	584	0	1302848
2410	572	584	440	0	1303432
2411	584	440	809	1	1303872
2412	440	809	595	0	1304681
2413	809	595	611	0	1305276
2414	595	611	448	0	1305887
2415	611	448	867	1	1306335
2416	448	867	549	0	1307202
2417	867	549	700	1	1307751
2418	549	700	401	0	1308451
2419	700	401	907	1	1308852
2420	401	907	615	0	1309759
2421	907	615	642	0	1310374
2422	615	642	439	0	1311016
2423	642	439	930	1	1311455
2424	439	930	490	0	1312385
2425	930	490	798	1	1312875
2426	490	798	619	0	1313673
2427	798	619	634	0	1314292
2428	619	634	424	0	1314926
2429	634	424	903	1	1315350
2430	424	903	498	0	1316253
2431	903	498	790	1	1316751
2432	498	790	619	0	1317541
2433	790	619	661	0	1318160
2434	619	661	424	0	1318821
2435	661	424	922	1	1319245
2436	424	922	463	0	1320167
2437	922	463	829	1	1320630
2438	463	829	432	0	1321459
2439	829	432	790	1	1321891
2440	432	790	451	0	1322681
2441	790	451	708	1	1323132
2442	451	708	553	0	1323840
2443	708	553	560	0	1324393
2444	553	560	568	0	1324953
2445	560	568	600	0	1325521
2446	568	600	478	0	1326121
2447	600	478	856	1	1326599
2448	478	856	385	0	1327455
2449	856	385	382	1	1327840
2450	385	382	961	1	1328222
2451	382	961	494	0	1329183
2452	961	494	665	1	1329677
2453	494	665	553	0	1330342
2454	665	553	552	0	1330895
2455	553	552	417	0	1331447
2456	552	417	727	1	1331864
2457	417	727	557	0	1332591
2458	727	557	587	1	1333148
2459	557	587	417	0	1333735
2460	587	417	373	1	1334152
2461	417	373	915	1	1334525
2462	373	915	521	0	1335440
2463	915	521	623	1	1335961
2464	521	623	564	0	1336584
2465	623	564	576	0	1337148
2466	564	576	408	0	1337724
2467	576	408	743	1	1338132
2468	408	743	460	0	1338875
2469	743	460	665	1	1339335
2470	460	665	556	0	1340000
2471	665	556	553	0	1340556
2472	556	553	459	0	1341109
2473	553	459	409	1	1341568
2474	459	409	813	1	1341977
2475	409	813	478	0	1342790
2476	813	478	631	1	1343268
2477	478	631	537	0	1343899
2478	631	537	556	0	1344436
2479	537	556	553	0	1344992
2480	556	553	556	0	1345545
2481	553	556	568	0	1346101
2482	556	568	553	0	1346669
2483	568	553	529	0	1347222
2484	553	529	638	1	1347751
2485	529	638	440	0	1348389
2486	638	440	669	1	1348829
2487	440	669	545	0	1349498
2488	669	545	552	0	1350043
2489	545	552	413	0	1350595
2490	552	413	700	1	1351008
2491	413	700	440	0	1351708
2492	700	440	665	1	1352148
2493	440	665	413	0	1352813
2494	665	413	681	1	1353226
2495	413	681	389	0	1353907
2496	681	389	685	1	1354296
2497	389	685	393	0	1354981
2498	685	393	665	1	1355374
2499	393	665	397	0	1356039
2500	665	397	650	1	1356436
2501	397	650	424	0	1357086
2502	650	424	630	1	1357510
2503	424	630	455	0	1358140
2504	630	455	588	1	1358595
2505	455	588	517	0	1359183
2506	588	517	553	0	1359700
2507	517	553	408	0	1360253
2508	553	408	366	1	1360661
2509	408	366	965	1	1361027
2510	366	965	444	0	1361992
2511	965	444	759	1	1362436
2512	444	759	428	0	1363195
2513	759	428	719	1	1363623
2514	428	719	401	0	1364342
2515	719	401	708	1	1364743
2516	401	708	424	0	1365451
2517	708	424	662	1	1365875
2518	424	662	412	0	1366537
2519	662	412	681	1	1366949
2520	412	681	401	0	1367630
2521	681	401	693	1	1368031
2522	401	693	381	0	1368724
2523	693	381	712	1	1369105
2524	381	712	385	0	1369817
2525	712	385	701	1	1370202
2526	385	701	385	0	1370903
2527	701	385	693	1	1371288
2528	385	693	396	0	1371981
2529	693	396	670	1	1372377
2530	396	670	389	0	1373047
2531	670	389	657	1	1373436
2532	389	657	393	0	1374093
2533	657	393	639	1	1374486
2534	393	639	404	0	1375125
2535	639	404	611	1	1375529
2536	404	611	409	0	1376140
2537	611	409	607	1	1376549
2538	409	607	404	0	1377156
2539	607	404	615	1	1377560
2540	404	615	405	0	1378175
2541	615	405	626	1	1378580
2542	405	626	409	0	1379206
2543	626	409	630	1	1379615
2544	409	630	440	0	1380245
2545	630	440	611	1	1380685
2546	440	611	459	0	1381296
2547	611	459	599	1	1381755
2548	459	599	483	0	1382354
2549	599	483	595	1	1382837
2550	483	595	459	0	1383432
2551	595	459	654	1	1383891
2552	459	654	447	0	1384545
2553	654	447	662	1	1384992
2554	447	662	471	0	1385654
2555	662	471	645	1	1386125
2556	471	645	428	0	1386770
2557	645	428	677	1	1387198
2558	428	677	452	0	1387875
2559	677	452	669	1	1388327
2560	452	669	451	0	1388996
2561	669	451	670	1	1389447
2562	451	670	432	0	1390117
2563	670	432	688	1	1390549
2564	432	688	448	0	1391237
2565	688	448	692	1	1391685
2566	448	692	444	0	1392377
2567	692	444	697	1	1392821
2568	444	697	478	0	1393518
2569	697	478	708	1	1393996
2570	478	708	475	0	1394704
2571	708	475	720	1	1395179
2572	475	720	506	0	1395899
2573	720	506	653	1	1396405
2574	506	653	580	0	1397058
2575	653	580	607	0	1397638
2576	580	607	393	0	1398245
2577	607	393	389	1	1398638
2578	393	389	965	1	1399027
2579	389	965	479	0	1399992
2580	965	479	677	1	1400471
2581	479	677	373	0	1401148
2582	677	373	786	1	1401521
2583	373	786	428	0	1402307
2584	786	428	728	1	1402735
2585	428	728	560	0	1403463
2586	728	560	568	0	1404023
2587	560	568	452	0	1404591
2588	568	452	712	1	1405043
2589	452	712	576	0	1405755
2590	712	576	587	0	1406331
2591	576	587	456	0	1406918
2592	587	456	727	1	1407374
2593	456	727	580	0	1408101
2594	727	580	580	0	1408681
2595	580	580	459	0	1409261
2596	580	459	747	1	1409720
2597	459	747	385	0	1410467
2598	747	385	393	1	1410852
2599	385	393	961	1	1411245
2600	393	961	522	0	1412206
2601	961	522	661	1	1412728
2602	522	661	409	0	1413389
2603	661	409	805	1	1413798
2604	409	805	381	0	1414603
2605	805	381	833	1	1414984
2606	381	833	385	0	1415817
2607	833	385	382	1	1416202
2608	385	382	930	1	1416584
2609	382	930	373	0	1417514
2610	930	373	841	1	1417887
2611	373	841	587	0	1418728
2612	841	587	669	0	1419315
2613	587	669	491	0	1419984
2614	669	491	1210	1	1420475
2615	491	1210	385	0	1421685
2616	1210	385	385	1	1422070
2617	385	385	1101	1	1422455
2618	385	1101	650	0	1423556
2619	1101	650	662	0	1424206
2620	650	662	478	0	1424868
2621	662	478	1125	1	1425346
2622	478	1125	381	0	1426471
2623	1125	381	393	1	1426852
2624	381	393	1125	1	1427245
2625	393	1125	389	0	1428370
2626	1125	389	961	1	1428759
2627	389	961	626	0	1429720
2628	961	626	724	0	1430346
2629	626	724	479	0	1431070
2630	724	479	365	1	1431549
2631	479	365	1043	1	1431914
2632	365	1043	382	0	1432957
2633	1043	382	389	1	1433339
2634	382	389	1144	1	1433728
2635	389	1144	540	0	1434872
2636	1144	540	899	1	1435412
2637	540	899	401	0	1436311
2638	899	401	1004	1	1436712
2639	401	1004	654	0	1437716
2640	1004	654	836	0	1438370
2641	654	836	471	0	1439206
2642	836	471	389	1	1439677
2643	471	389	1164	1	1440066
2644	389	1164	723	0	1441230
2645	1164	723	712	0	1441953
2646	723	712	448	0	1442665
2647	712	448	1117	1	1443113
2648	448	1117	533	0	1444230
2649	1117	533	937	1	1444763
2650	533	937	401	0	1445700
2651	937	401	413	1	1446101
2652	401	413	1116	1	1446514
2653	413	1116	502	0	1447630
2654	1116	502	782	1	1448132
2655	502	782	397	0	1448914
2656	782	397	911	1	1449311
2657	397	911	408	0	1450222
2658	911	408	926	1	1450630
2659	408	926	639	0	1451556
2660	926	639	762	0	1452195
2661	639	762	436	0	1452957
2662	762	436	397	1	1453393
2663	436	397	1128	1	1453790
2664	397	1128	526	0	1454918
2665	1128	526	875	1	1455444
2666	526	875	397	0	1456319
2667	875	397	942	1	1456716
2668	397	942	630	0	1457658
2669	942	630	747	0	1458288
2670	630	747	467	0	1459035
2671	747	467	1230	1	1459502
2672	467	1230	770	0	1460732
2673	1230	770	770	0	1461502
2674	770	770	448	0	1462272
2675	770	448	393	1	1462720
2676	448	393	1144	1	1463113
2677	393	1144	498	0	1464257
2678	1144	498	829	1	1464755
2679	498	829	622	0	1465584
2680	829	622	638	0	1466206
2681	622	638	444	0	1466844
2682	638	444	393	1	1467288
2683	444	393	1004	1	1467681
2684	393	1004	611	0	1468685
2685	1004	611	626	0	1469296
2686	611	626	401	0	1469922
2687	626	401	381	1	1470323
2688	401	381	989	1	1470704
2689	381	989	463	0	1471693
2690	989	463	735	1	1472156
2691	463	735	471	0	1472891
2692	735	471	712	1	1473362
2693	471	712	475	0	1474074
2694	712	475	692	1	1474549
2695	475	692	580	0	1475241
2696	692	580	595	0	1475821
2697	580	595	635	0	1476416
2698	595	635	416	0	1477051
2699	635	416	373	1	1477467
2700	416	373	1000	1	1477840
2701	373	1000	444	0	1478840
2702	1000	444	774	1	1479284
2703	444	774	584	0	1480058
2704	774	584	599	0	1480642
2705	584	599	428	0	1481241
2706	599	428	393	1	1481669
2707	428	393	1059	1	1482062
2708	393	1059	389	0	1483121
2709	1059	389	945	1	1483510
2710	389	945	393	0	1484455
2711	945	393	891	1	1484848
2712	393	891	623	0	1485739
2713	891	623	681	0	1486362
2714	623	681	420	0	1487043
2715	681	420	385	1	1487463
2716	420	385	1133	1	1487848
2717	385	1133	474	0	1488981
2718	1133	474	922	1	1489455
2719	474	922	650	0	1490377
2720	922	650	705	0	1491027
2721	650	705	412	0	1491732
2722	705	412	374	1	1492144
2723	412	374	1124	1	1492518
2724	374	1124	510	0	1493642
2725	1124	510	840	1	1494152
2726	510	840	634	0	1494992
2727	840	634	693	0	1495626
2728	634	693	424	0	1496319
2729	693	424	382	1	1496743
2730	424	382	1116	1	1497125
2731	382	1116	514	0	1498241
2732	1116	514	817	1	1498755
2733	514	817	619	0	1499572
2734	817	619	618	0	1500191
2735	619	618	642	0	1500809
2736	618	642	642	0	1501451
2737	642	642	654	0	1502093
2738	642	654	646	0	1502747
2739	654	646	642	0	1503393
2740	646	642	634	0	1504035
2741	642	634	646	0	1504669
2742	634	646	642	0	1505315
2743	646	642	506	0	1505957
2744	642	506	735	1	1506463
2745	506	735	487	0	1507198
2746	735	487	708	1	1507685
2747	487	708	584	0	1508393
2748	708	584	595	0	1508977
2749	584	595	424	0	1509572
2750	595	424	409	1	1509996
2751	424	409	1031	1	1510405
2752	409	1031	634	0	1511436
2753	1031	634	662	0	1512070
2754	634	662	645	0	1512732
2755	662	645	444	0	1513377
2756	645	444	891	1	1513821
2757	444	891	471	0	1514712
2758	891	471	836	1	1515183
2759	471	836	452	0	1516019
2760	836	452	809	1	1516471
2761	452	809	413	0	1517280
2762	809	413	805	1	1517693
2763	413	805	471	0	1518498
2764	805	471	700	1	1518969
2765	471	700	459	0	1519669
2766	700	459	697	1	1520128
2767	459	697	568	0	1520825
2768	697	568	591	0	1521393
2769	568	591	456	0	1521984
2770	591	456	397	1	1522440
2771	456	397	1023	1	1522837
2772	397	1023	405	0	1523860
2773	1023	405	898	1	1524265
2774	405	898	611	0	1525163
2775	898	611	658	0	1525774
2776	611	658	447	0	1526432
2777	658	447	954	1	1526879
2778	447	954	529	0	1527833
2779	954	529	747	1	1528362
2780	529	747	611	0	1529109
2781	747	611	638	0	1529720
2782	611	638	401	0	1530358
2783	638	401	362	1	1530759
2784	401	362	1058	1	1531121
2785	362	1058	502	0	1532179
2786	1058	502	782	1	1532681
2787	502	782	607	0	1533463
2788	782	607	626	0	1534070
2789	607	626	464	0	1534696
2790	626	464	817	1	1535160
2791	464	817	432	0	1535977
2792	817	432	797	1	1536409
2793	432	797	455	0	1537206
2794	797	455	759	1	1537661
2795	455	759	440	0	1538420
2796	759	440	751	1	1538860
2797	440	751	459	0	1539611
2798	751	459	720	1	1540070
2799	459	720	451	0	1540790
2800	720	451	712	1	1541241
2801	451	712	440	0	1541953
2802	712	440	724	1	1542393
2803	440	724	432	0	1543117
2804	724	432	727	1	1543549
2805	432	727	420	0	1544276
2806	727	420	736	1	1544696
2807	420	736	412	0	1545432
2808	736	412	724	1	1545844
2809	412	724	494	0	1546568
2810	724	494	627	1	1547062
2811	494	627	560	0	1547689
2812	627	560	545	0	1548249
2813	560	545	482	0	1548794
2814	545	482	701	1	1549276
2815	482	701	397	0	1549977
2816	701	397	875	1	1550374
2817	397	875	385	0	1551249
2818	875	385	448	1	1551634
2819	385	448	1019	1	1552082
2820	448	1019	611	0	1553101
2821	1019	611	646	0	1553712
2822	611	646	401	0	1554358
2823	646	401	420	1	1554759
2824	401	420	1035	1	1555179
2825	420	1035	510	0	1556214
2826	1035	510	778	1	1556724
2827	510	778	611	0	1557502
2828	778	611	661	0	1558113
2829	611	661	452	0	1558774
2830	661	452	1035	1	1559226
2831	452	1035	583	0	1560261
2832	1035	583	821	1	1560844
2833	583	821	409	0	1561665
2834	821	409	428	1	1562074
2835	409	428	455	1	1562502
2836	428	455	401	1	1562957
2837	455	401	1132	1	1563358
2838	401	1132	479	0	1564490
2839	1132	479	895	1	1564969
2840	479	895	506	0	1565864
2841	895	506	809	1	1566370
2842	506	809	630	0	1567179
2843	809	630	689	0	1567809
2844	630	689	424	0	1568498
2845	689	424	405	1	1568922
2846	424	405	408	1	1569327
2847	405	408	1094	1	1569735
2848	408	1094	494	0	1570829
2849	1094	494	837	1	1571323
2850	494	837	630	0	1572160
2851	837	630	681	0	1572790
2852	630	681	521	0	1573471
2853	681	521	903	1	1573992
2854	521	903	389	0	1574895
2855	903	389	946	1	1575284
2856	389	946	634	0	1576230
2857	946	634	650	0	1576864
2858	634	650	646	0	1577514
2859	650	646	638	0	1578160
2860	646	638	653	0	1578798
2861	638	653	619	0	1579451
2862	653	619	626	0	1580070
2863	619	626	646	0	1580696
2864	626	646	650	0	1581342
2865	646	650	420	0	1581992
2866	650	420	390	1	1582412
2867	420	390	1038	1	1582802
2868	390	1038	495	0	1583840
2869	1038	495	782	1	1584335
2870	495	782	424	0	1585117
2871	782	424	786	1	1585541
2872	424	786	443	0	1586327
2873	786	443	732	1	1586770
2874	443	732	459	0	1587502
2875	732	459	693	1	1587961
2876	459	693	467	0	1588654
2877	693	467	673	1	1589121
2878	467	673	451	0	1589794
2879	673	451	693	1	1590245
2880	451	693	564	0	1590938
2881	693	564	595	0	1591502
2882	564	595	409	0	1592097
2883	595	409	366	1	1592506
2884	409	366	1007	1	1592872
2885	366	1007	479	0	1593879
2886	1007	479	786	1	1594358
2887	479	786	494	0	1595144
2888	786	494	681	1	1595638
2889	494	681	475	0	1596319
2890	681	475	692	1	1596794
2891	475	692	393	0	1597486
2892	692	393	428	1	1597879
2893	393	428	425	1	1598307
2894	428	425	945	1	1598732
2895	425	945	475	0	1599677
2896	945	475	708	1	1600152
2897	475	708	510	0	1600860
2898	708	510	657	1	1601370
2899	510	657	580	0	1602027
2900	657	580	595	0	1602607
2901	580	595	596	0	1603202
2902	595	596	435	0	1603798
2903	596	435	417	1	1604233
2904	435	417	961	1	1604650
2905	417	961	397	0	1605611
2906	961	397	825	1	1606008
2907	397	825	447	0	1606833
2908	825	447	739	1	1607280
2909	447	739	584	0	1608019
2910	739	584	615	0	1608603
2911	584	615	420	0	1609218
2912	615	420	370	1	1609638
2913	420	370	1043	1	1610008
2914	370	1043	381	0	1611051
2915	1043	381	895	1	1611432
2916	381	895	595	0	1612327
2917	895	595	596	0	1612922
2918	595	596	591	0	1613518
2919	596	591	603	0	1614109
2920	591	603	634	0	1614712
2921	603	634	401	0	1615346
2922	634	401	346	1	1615747
2923	401	346	1028	1	1616093
2924	346	1028	443	0	1617121
2925	1028	443	817	1	1617564
2926	443	817	448	0	1618381
2927	817	448	743	1	1618829
2928	448	743	447	0	1619572
2929	743	447	713	1	1620019
2930	447	713	400	0	1620732
2931	713	400	724	1	1621132
2932	400	724	506	0	1621856
2933	724	506	599	1	1622362
2934	506	599	541	0	1622961
2935	599	541	552	0	1623502
2936	541	552	565	0	1624054
2937	552	565	579	0	1624619
2938	565	579	588	0	1625198
2939	579	588	603	0	1625786
2940	588	603	409	0	1626389
2941	603	409	369	1	1626798
2942	409	369	1000	1	1627167
2943	369	1000	491	0	1628167
2944	1000	491	727	1	1628658
2945	491	727	584	0	1629385
2946	727	584	568	0	1629969
2947	584	568	444	0	1630537
2948	568	444	727	1	1630981
2949	444	727	405	0	1631708
2950	727	405	774	1	1632113
2951	405	774	584	0	1632887
2952	774	584	607	0	1633471
2953	584	607	377	0	1634078
2954	607	377	444	1	1634455
2955	377	444	976	1	1634899
2956	444	976	467	0	1635875
2957	976	467	740	1	1636342
2958	467	740	474	0	1637082
2959	740	474	685	1	1637556
2960	474	685	572	0	1638241
2961	685	572	615	0	1638813
2962	572	615	946	0	1639428
2963	615	946	431	0	1640374
2964	946	431	401	1	1640805
2965	431	401	981	1	1641206
2966	401	981	385	0	1642187
2967	981	385	409	1	1642572
2968	385	409	1046	1	1642981
2969	409	1046	378	0	1644027
2970	1046	378	906	1	1644405
2971	378	906	475	0	1645311
2972	906	475	778	1	1645786
2973	475	778	483	0	1646564
2974	778	483	790	1	1647047
2975	483	790	486	0	1647837
2976	790	486	770	1	1648323
2977	486	770	483	0	1649093
2978	770	483	731	1	1649576
2979	483	731	471	0	1650307
2980	731	471	720	1	1650778
2981	471	720	393	0	1651498
2982	720	393	424	1	1651891
2983	393	424	420	1	1652315
2984	424	420	989	1	1652735
2985	420	989	486	0	1653724
2986	989	486	747	1	1654210
2987	486	747	592	0	1654957
2988	747	592	649	0	1655549
2989	592	649	432	0	1656198
2990	649	432	374	1	1656630
2991	432	374	1062	1	1657004
2992	374	1062	471	0	1658066
2993	1062	471	899	1	1658537
2994	471	899	537	0	1659436
2995	899	537	720	1	1659973
2996	537	720	393	0	1660693
2997	720	393	404	1	1661086
2998	393	404	1047	1	1661490
2999	404	1047	482	0	1662537
3000	1047	482	798	1	1663019
3001	482	798	405	0	1663817
3002	798	405	389	1	1664222
3003	405	389	1023	1	1664611
3004	389	1023	389	0	1665634
3005	1023	389	864	1	1666023
3006	389	864	607	0	1666887
3007	864	607	424	0	1667494
3008	607	424	903	1	1667918
3009	424	903	623	0	1668821
3010	903	623	669	0	1669444
3011	623	669	451	0	1670113
3012	669	451	996	1	1670564
3013	451	996	487	0	1671560
3014	996	487	821	1	1672047
3015	487	821	622	0	1672868
3016	821	622	658	0	1673490
3017	622	658	397	0	1674148
3018	658	397	354	1	1674545
3019	397	354	1047	1	1674899
3020	354	1047	431	0	1675946
3021	1047	431	833	1	1676377
3022	431	833	498	0	1677210
3023	833	498	739	1	1677708
3024	498	739	393	0	1678447
3025	739	393	401	1	1678840
3026	393	401	981	1	1679241
3027	401	981	389	0	1680222
3028	981	389	848	1	1680611
3029	389	848	452	0	1681459
3030	848	452	762	1	1681911
3031	452	762	393	0	1682673
3032	762	393	817	1	1683066
3033	393	817	385	0	1683883
3034	817	385	405	1	1684268
3035	385	405	965	1	1684673
3036	405	965	420	0	1685638
3037	965	420	736	1	1686058
3038	420	736	572	0	1686794
3039	736	572	560	0	1687366
3040	572	560	463	0	1687926
3041	560	463	693	1	1688389
3042	463	693	572	0	1689082
3043	693	572	583	0	1689654
3044	572	583	467	0	1690237
3045	583	467	763	1	1690704
3046	467	763	591	0	1691467
3047	763	591	592	0	1692058
3048	591	592	447	0	1692650
3049	592	447	782	1	1693097
3050	447	782	475	0	1693879
3051	782	475	708	1	1694354
3052	475	708	401	0	1695062
3053	708	401	770	1	1695463
3054	401	770	580	0	1696233
3055	770	580	576	0	1696813
3056	580	576	584	0	1697389
3057	576	584	607	0	1697973
3058	584	607	404	0	1698580
3059	607	404	358	1	1698984
3060	404	358	1004	1	1699342
3061	358	1004	436	0	1700346
3062	1004	436	782	1	1700782
3063	436	782	401	0	1701564
3064	782	401	712	1	1701965
3065	401	712	467	0	1702677
3066	712	467	708	1	1703144
3067	467	708	452	0	1703852
3068	708	452	723	1	1704304
3069	452	723	428	0	1705027
3070	723	428	771	1	1705455
3071	428	771	435	0	1706226
3072	771	435	748	1	1706661
3073	435	748	470	0	1707409
3074	748	470	697	1	1707879
3075	470	697	397	0	1708576
3076	697	397	424	1	1708973
3077	397	424	416	1	1709397
3078	424	416	397	1	1709813
3079	416	397	428	1	1710210
3080	397	428	420	1	1710638
3081	428	420	421	1	1711058
3082	420	421	941	1	1711479
3083	421	941	440	0	1712420
3084	941	440	724	1	1712860
3085	440	724	576	0	1713584
3086	724	576	618	0	1714160
3087	576	618	436	0	1714778
3088	618	436	389	1	1715214
3089	436	389	1097	1	1715603
3090	389	1097	393	0	1716700
3091	1097	393	1121	1	1717093
3092	393	1121	689	0	1718214
3093	1121	689	436	0	1718903
3094	689	436	1190	1	1719339
3095	436	1190	529	0	1720529
3096	1190	529	1055	1	1721058
3097	529	1055	739	0	1722113
3098	1055	739	455	0	1722852
3099	739	455	1187	1	1723307
3100	455	1187	498	0	1724494
3101	1187	498	977	1	1724992
3102	498	977	638	0	1725969
3103	977	638	642	0	1726607
3104	638	642	432	0	1727249
3105	642	432	428	1	1727681
3106	432	428	1136	1	1728109
3107	428	1136	946	0	1729245
3108	1136	946	443	0	1730191
3109	946	443	1199	1	1730634
3110	443	1199	513	0	1731833
3111	1199	513	876	1	1732346
3112	513	876	650	0	1733222
3113	876	650	665	0	1733872
3114	650	665	420	0	1734537
3115	665	420	977	1	1734957
3116	420	977	486	0	1735934
3117	977	486	856	1	1736420
3118	486	856	479	0	1737276
3119	856	479	794	1	1737755
3120	479	794	400	0	1738549
3121	794	400	923	1	1738949
3122	400	923	642	0	1739872
3123	923	642	739	0	1740514
3124	642	739	475	0	1741253
3125	739	475	1089	1	1741728
3126	475	1089	681	0	1742817
3127	1089	681	720	0	1743498
3128	681	720	455	0	1744218
3129	720	455	1012	1	1744673
3130	455	1012	661	0	1745685
3131	1012	661	693	0	1746346
3132	661	693	447	0	1747039
3133	693	447	1020	1	1747486
3134	447	1020	525	0	1748506
3135	1020	525	856	1	1749031
3136	525	856	413	0	1749887
3137	856	413	412	1	1750300
3138	413	412	428	1	1750712
3139	412	428	428	1	1751140
3140	428	428	440	1	1751568
3141	428	440	1035	1	1752008
3142	440	1035	443	0	1753043
3143	1035	443	849	1	1753486
3144	443	849	498	0	1754335
3145	849	498	797	1	1754833
3146	498	797	397	0	1755630
3147	797	397	1008	1	1756027
3148	397	1008	409	0	1757035
3149	1008	409	389	1	1757444
3150	409	389	1066	1	1757833
3151	389	1066	397	0	1758899
3152	1066	397	918	1	1759296
3153	397	918	626	0	1760214
3154	918	626	666	0	1760840
3155	626	666	467	0	1761506
3156	666	467	1062	1	1761973
3157	467	1062	405	0	1763035
3158	1062	405	385	1	1763440
3159	405	385	1097	1	1763825
3160	385	1097	393	0	1764922
3161	1097	393	961	1	1765315
3162	393	961	627	0	1766276
3163	961	627	611	0	1766903
3164	627	611	432	0	1767514
3165	611	432	883	1	1767946
3166	432	883	638	0	1768829
3167	883	638	766	0	1769467
3168	638	766	440	0	1770233
3169	766	440	1097	1	1770673
3170	440	1097	689	0	1771770
3171	1097	689	759	0	1772459
3172	689	759	451	0	1773218
3173	759	451	1066	1	1773669
3174	451	1066	674	0	1774735
3175	1066	674	716	0	1775409
3176	674	716	439	0	1776125
3177	716	439	996	1	1776564
3178	439	996	518	0	1777560
3179	996	518	817	1	1778078
3180	518	817	409	0	1778895
3181	817	409	972	1	1779304
3182	409	972	658	0	1780276
3183	972	658	770	0	1780934
3184	658	770	444	0	1781704
3185	770	444	1144	1	1782148
3186	444	1144	482	0	1783292
3187	1144	482	958	1	1783774
3188	482	958	657	0	1784732
3189	958	657	677	0	1785389
3190	657	677	471	0	1786066
3191	677	471	1039	1	1786537
3192	471	1039	541	0	1787576
3193	1039	541	871	1	1788117
3194	541	871	428	0	1788988
3195	871	428	996	1	1789416
3196	428	996	510	0	1790412
3197	996	510	876	1	1790922
3198	510	876	408	0	1791798
3199	876	408	1004	1	1792206
3200	408	1004	677	0	1793210
3201	1004	677	767	0	1793887
3202	677	767	428	0	1794654
3203	767	428	1070	1	1795082
3204	428	1070	669	0	1796152
3205	1070	669	669	0	1796821
3206	669	669	444	0	1797490
3207	669	444	1008	1	1797934
3208	444	1008	486	0	1798942
