index	i-1	i+0	i+1	Filter	Time
1	514	743	747	0	1257
2	743	747	735	0	2004
3	747	735	751	0	2739
4	735	751	778	0	3490
5	751	778	755	0	4268
6	778	755	751	0	5023
7	755	751	751	0	5774
8	751	751	747	0	6525
9	751	747	755	0	7272
10	747	755	759	0	8027
11	755	759	751	0	8786
12	759	751	755	0	9537
13	751	755	755	0	10292
14	755	755	751	0	11047
15	755	751	758	0	11798
16	751	758	771	0	12556
17	758	771	770	0	13327
18	771	770	771	0	14097
19	770	771	762	0	14868
20	771	762	775	0	15630
21	762	775	766	0	16405
22	775	766	790	0	17171
23	766	790	774	0	17961
24	790	774	779	0	18735
25	774	779	786	0	19514
26	779	786	801	0	20300
27	786	801	813	0	21101
28	801	813	825	0	21914
29	813	825	825	0	22739
30	825	825	829	0	23564
31	825	829	833	0	24393
32	829	833	828	0	25226
33	833	828	833	0	26054
34	828	833	837	0	26887
35	833	837	829	0	27724
36	837	829	832	0	28553
37	829	832	833	0	29385
38	832	833	836	0	30218
39	833	836	841	0	31054
40	836	841	840	0	31895
41	841	840	841	0	32735
42	840	841	852	0	33576
43	841	852	844	0	34428
44	852	844	849	0	35272
45	844	849	848	0	36121
46	849	848	848	0	36969
47	848	848	844	0	37817
48	848	844	857	0	38661
49	844	857	856	0	39518
50	857	856	848	0	40374
51	856	848	852	0	41222
52	848	852	852	0	42074
53	852	852	844	0	42926
54	852	844	837	0	43770
55	844	837	844	0	44607
56	837	844	849	0	45451
57	844	849	848	0	46300
58	849	848	848	0	47148
59	848	848	844	0	47996
60	848	844	860	0	48840
61	844	860	849	0	49700
62	860	849	836	0	50549
63	849	836	845	0	51385
64	836	845	836	0	52230
65	845	836	821	0	53066
66	836	821	833	0	53887
67	821	833	821	0	54720
68	833	821	821	0	55541
69	821	821	825	0	56362
70	821	825	817	0	57187
71	825	817	809	0	58004
72	817	809	829	0	58813
73	809	829	833	0	59642
74	829	833	825	0	60475
75	833	825	836	0	61300
76	825	836	841	0	62136
77	836	841	840	0	62977
78	841	840	852	0	63817
79	840	852	864	0	64669
80	852	864	872	0	65533
81	864	872	863	0	66405
82	872	863	884	0	67268
83	863	884	891	0	68152
84	884	891	899	0	69043
85	891	899	867	0	69942
86	899	867	872	0	70809
87	867	872	856	0	71681
88	872	856	848	0	72537
89	856	848	852	0	73385
90	848	852	849	0	74237
91	852	849	840	0	75086
92	849	840	844	0	75926
93	840	844	841	0	76770
94	844	841	840	0	77611
95	841	840	853	0	78451
96	840	853	856	0	79304
97	853	856	852	0	80160
98	856	852	860	0	81012
99	852	860	860	0	81872
100	860	860	856	0	82732
101	860	856	859	0	83588
102	856	859	876	0	84447
103	859	876	856	0	85323
104	876	856	860	0	86179
105	856	860	848	0	87039
106	860	848	848	0	87887
107	848	848	856	0	88735
108	848	856	849	0	89591
109	856	849	848	0	90440
110	849	848	856	0	91288
111	848	856	852	0	92144
112	856	852	848	0	92996
113	852	848	860	0	93844
114	848	860	852	0	94704
115	860	852	860	0	95556
116	852	860	856	0	96416
117	860	856	833	0	97272
118	856	833	848	0	98105
119	833	848	845	0	98953
120	848	845	840	0	99798
121	845	840	856	0	100638
122	840	856	852	0	101494
123	856	852	852	0	102346
124	852	852	860	0	103198
125	852	860	864	0	104058
126	860	864	848	0	104922
127	864	848	841	0	105770
128	848	841	836	0	106611
129	841	836	829	0	107447
130	836	829	833	0	108276
131	829	833	829	0	109109
132	833	829	836	0	109938
133	829	836	845	0	110774
134	836	845	840	0	111619
135	845	840	845	0	112459
136	840	845	844	0	113304
137	845	844	840	0	114148
138	844	840	849	0	114988
139	840	849	840	0	115837
140	849	840	864	0	116677
141	840	864	860	0	117541
142	864	860	856	0	118401
143	860	856	864	0	119257
144	856	864	863	0	120121
145	864	863	853	0	120984
146	863	853	856	0	121837
147	853	856	856	0	122693
148	856	856	844	0	123549
149	856	844	856	0	124393
150	844	856	864	0	125249
151	856	864	840	0	126113
152	864	840	852	0	126953
153	840	852	849	0	127805
154	852	849	844	0	128654
155	849	844	841	0	129498
156	844	841	840	0	130339
157	841	840	844	0	131179
158	840	844	856	0	132023
159	844	856	856	0	132879
160	856	856	856	0	133735
161	856	856	864	0	134591
162	856	864	852	0	135455
163	864	852	864	0	136307
164	852	864	856	0	137171
165	864	856	864	0	138027
166	856	864	872	0	138891
167	864	872	867	0	139763
168	872	867	872	0	140630
169	867	872	875	0	141502
170	872	875	888	0	142377
171	875	888	879	0	143265
172	888	879	879	0	144144
173	879	879	876	0	145023
174	879	876	871	0	145899
175	876	871	872	0	146770
176	871	872	860	0	147642
177	872	860	872	0	148502
178	860	872	871	0	149374
179	872	871	860	0	150245
180	871	860	883	0	151105
181	860	883	880	0	151988
182	883	880	867	0	152868
183	880	867	876	0	153735
184	867	876	879	0	154611
185	876	879	884	0	155490
186	879	884	891	0	156374
187	884	891	887	0	157265
188	891	887	879	0	158152
189	887	879	876	0	159031
190	879	876	863	0	159907
191	876	863	864	0	160770
192	863	864	868	0	161634
193	864	868	860	0	162502
194	868	860	868	0	163362
195	860	868	859	0	164230
196	868	859	849	0	165089
197	859	849	848	0	165938
198	849	848	848	0	166786
199	848	848	852	0	167634
200	848	852	860	0	168486
201	852	860	864	0	169346
202	860	864	864	0	170210
203	864	864	868	0	171074
204	864	868	860	0	171942
205	868	860	871	0	172802
206	860	871	880	0	173673
207	871	880	875	0	174553
208	880	875	883	0	175428
209	875	883	876	0	176311
210	883	876	875	0	177187
211	876	875	880	0	178062
212	875	880	863	0	178942
213	880	863	845	0	179805
214	863	845	864	0	180650
215	845	864	856	0	181514
216	864	856	863	0	182370
217	856	863	880	0	183233
218	863	880	875	0	184113
219	880	875	864	0	184988
220	875	864	868	0	185852
221	864	868	891	0	186720
222	868	891	879	0	187611
223	891	879	891	0	188490
224	879	891	887	0	189381
225	891	887	888	0	190268
226	887	888	883	0	191156
227	888	883	875	0	192039
228	883	875	872	0	192914
229	875	872	883	0	193786
230	872	883	884	0	194669
231	883	884	871	0	195553
232	884	871	856	0	196424
233	871	856	829	0	197280
234	856	829	837	0	198109
235	829	837	828	0	198946
236	837	828	825	0	199774
237	828	825	833	0	200599
238	825	833	833	0	201432
239	833	833	824	0	202265
240	833	824	837	0	203089
241	824	837	837	0	203926
242	837	837	840	0	204763
243	837	840	848	0	205603
244	840	848	853	0	206451
245	848	853	852	0	207304
246	853	852	863	0	208156
247	852	863	860	0	209019
248	863	860	860	0	209879
249	860	860	856	0	210739
250	860	856	860	0	211595
251	856	860	514	0	212455
252	860	514	1191	1	212969
253	514	1191	840	0	214160
254	1191	840	693	0	215000
255	840	693	365	1	215693
256	693	365	1319	1	216058
257	365	1319	833	0	217377
258	1319	833	806	0	218210
259	833	806	797	0	219016
260	806	797	810	0	219813
261	797	810	797	0	220623
262	810	797	813	0	221420
263	797	813	829	0	222233
264	813	829	837	0	223062
265	829	837	856	0	223899
266	837	856	868	0	224755
267	856	868	863	0	225623
268	868	863	888	0	226486
269	863	888	871	0	227374
270	888	871	864	0	228245
271	871	864	864	0	229109
272	864	864	867	0	229973
273	864	867	856	0	230840
274	867	856	857	0	231696
275	856	857	836	0	232553
276	857	836	844	0	233389
277	836	844	841	0	234233
278	844	841	837	0	235074
279	841	837	836	0	235911
280	837	836	833	0	236747
281	836	833	832	0	237580
282	833	832	833	0	238412
283	832	833	844	0	239245
284	833	844	833	0	240089
285	844	833	837	0	240922
286	833	837	844	0	241759
287	837	844	837	0	242603
288	844	837	840	0	243440
289	837	840	845	0	244280
290	840	845	844	0	245125
291	845	844	860	0	245969
292	844	860	864	0	246829
293	860	864	852	0	247693
294	864	852	867	0	248545
295	852	867	864	0	249412
296	867	864	845	0	250276
297	864	845	852	0	251121
298	845	852	848	0	251973
299	852	848	837	0	252821
300	848	837	852	0	253658
301	837	852	852	0	254510
302	852	852	844	0	255362
303	852	844	845	0	256206
304	844	845	844	0	257051
305	845	844	844	0	257895
306	844	844	845	0	258739
307	844	845	848	0	259584
308	845	848	848	0	260432
309	848	848	837	0	261280
310	848	837	836	0	262117
311	837	836	837	0	262953
312	836	837	836	0	263790
313	837	836	829	0	264626
314	836	829	841	0	265455
315	829	841	852	0	266296
316	841	852	860	0	267148
317	852	860	879	0	268008
318	860	879	891	0	268887
319	879	891	891	0	269778
320	891	891	895	0	270669
321	891	895	883	0	271564
322	895	883	884	0	272447
323	883	884	864	0	273331
324	884	864	848	0	274195
325	864	848	840	0	275043
326	848	840	837	0	275883
327	840	837	829	0	276720
328	837	829	821	0	277549
329	829	821	821	0	278370
330	821	821	813	0	279191
331	821	813	798	0	280004
332	813	798	840	0	280802
333	798	840	809	0	281642
334	840	809	810	0	282451
335	809	810	801	0	283261
336	810	801	817	0	284062
337	801	817	810	0	284879
338	817	810	817	0	285689
339	810	817	805	0	286506
340	817	805	817	0	287311
341	805	817	814	0	288128
342	817	814	793	0	288942
343	814	793	841	0	289735
344	793	841	774	0	290576
345	841	774	782	0	291350
346	774	782	759	0	292132
347	782	759	739	0	292891
348	759	739	751	0	293630
349	739	751	763	0	294381
350	751	763	735	0	295144
351	763	735	740	0	295879
352	735	740	743	0	296619
353	740	743	774	0	297362
354	743	774	771	0	298136
355	774	771	813	0	298907
356	771	813	829	0	299720
357	813	829	821	0	300549
358	829	821	856	0	301370
359	821	856	860	0	302226
360	856	860	860	0	303086
361	860	860	852	0	303946
362	860	852	840	0	304798
363	852	840	833	0	305638
364	840	833	833	0	306471
365	833	833	824	0	307304
366	833	824	833	0	308128
367	824	833	825	0	308961
368	833	825	817	0	309786
369	825	817	825	0	310603
370	817	825	817	0	311428
371	825	817	798	0	312245
372	817	798	829	0	313043
373	798	829	782	0	313872
374	829	782	801	0	314654
375	782	801	782	0	315455
376	801	782	790	0	316237
377	782	790	786	0	317027
378	790	786	782	0	317813
379	786	782	779	0	318595
380	782	779	782	0	319374
381	779	782	778	0	320156
382	782	778	794	0	320934
383	778	794	790	0	321728
384	794	790	793	0	322518
385	790	793	786	0	323311
386	793	786	794	0	324097
387	786	794	786	0	324891
388	794	786	786	0	325677
389	786	786	798	0	326463
390	786	798	786	0	327261
391	798	786	782	0	328047
392	786	782	790	0	328829
393	782	790	786	0	329619
394	790	786	770	0	330405
395	786	770	747	0	331175
396	770	747	767	0	331922
397	747	767	774	0	332689
398	767	774	774	0	333463
399	774	774	782	0	334237
400	774	782	802	0	335019
401	782	802	825	0	335821
402	802	825	813	0	336646
403	825	813	821	0	337459
404	813	821	817	0	338280
405	821	817	782	0	339097
406	817	782	798	0	339879
407	782	798	821	0	340677
408	798	821	841	0	341498
409	821	841	809	0	342339
410	841	809	798	0	343148
411	809	798	821	0	343946
412	798	821	813	0	344767
413	821	813	805	0	345580
414	813	805	810	0	346385
415	805	810	809	0	347195
416	810	809	805	0	348004
417	809	805	810	0	348809
418	805	810	817	0	349619
419	810	817	817	0	350436
420	817	817	809	0	351253
421	817	809	813	0	352062
422	809	813	818	0	352875
423	813	818	821	0	353693
424	818	821	825	0	354514
425	821	825	828	0	355339
426	825	828	829	0	356167
427	828	829	833	0	356996
428	829	833	836	0	357829
429	833	836	829	0	358665
430	836	829	837	0	359494
431	829	837	825	0	360331
432	837	825	828	0	361156
433	825	828	825	0	361984
434	828	825	829	0	362809
435	825	829	841	0	363638
436	829	841	832	0	364479
437	841	832	841	0	365311
438	832	841	848	0	366152
439	841	848	837	0	367000
440	848	837	840	0	367837
441	837	840	833	0	368677
442	840	833	844	0	369510
443	833	844	829	0	370354
444	844	829	844	0	371183
445	829	844	841	0	372027
446	844	841	828	0	372868
447	841	828	837	0	373696
448	828	837	825	0	374533
449	837	825	829	0	375358
450	825	829	836	0	376187
451	829	836	829	0	377023
452	836	829	825	0	377852
453	829	825	841	0	378677
454	825	841	832	0	379518
455	841	832	833	0	380350
456	832	833	825	0	381183
457	833	825	829	0	382008
458	825	829	828	0	382837
459	829	828	829	0	383665
460	828	829	833	0	384494
461	829	833	833	0	385327
462	833	833	824	0	386160
463	833	824	810	0	386984
464	824	810	809	0	387794
465	810	809	809	0	388603
466	809	809	798	0	389412
467	809	798	813	0	390210
468	798	813	802	0	391023
469	813	802	798	0	391825
470	802	798	809	0	392623
471	798	809	821	0	393432
472	809	821	805	0	394253
473	821	805	829	0	395058
474	805	829	817	0	395887
475	829	817	814	0	396704
476	817	814	824	0	397518
477	814	824	821	0	398342
478	824	821	825	0	399163
479	821	825	829	0	399988
480	825	829	833	0	400817
481	829	833	821	0	401650
482	833	821	836	0	402471
483	821	836	561	0	403307
484	836	561	1101	1	403868
485	561	1101	836	0	404969
486	1101	836	821	0	405805
487	836	821	825	0	406626
488	821	825	837	0	407451
489	825	837	829	0	408288
490	837	829	832	0	409117
491	829	832	849	0	409949
492	832	849	825	0	410798
493	849	825	836	0	411623
494	825	836	848	0	412459
495	836	848	837	0	413307
496	848	837	860	0	414144
497	837	860	856	0	415004
498	860	856	848	0	415860
499	856	848	848	0	416708
500	848	848	876	0	417556
501	848	876	852	0	418432
502	876	852	837	0	419284
503	852	837	832	0	420121
504	837	832	841	0	420953
505	832	841	829	0	421794
506	841	829	840	0	422623
507	829	840	841	0	423463
508	840	841	836	0	424304
509	841	836	844	0	425140
510	836	844	833	0	425984
511	844	833	844	0	426817
512	833	844	845	0	427661
513	844	845	833	0	428506
514	845	833	840	0	429339
515	833	840	829	0	430179
516	840	829	836	0	431008
517	829	836	849	0	431844
518	836	849	848	0	432693
519	849	848	836	0	433541
520	848	836	849	0	434377
521	836	849	825	0	435226
522	849	825	824	0	436051
523	825	824	818	0	436875
524	824	818	817	0	437693
525	818	817	813	0	438510
526	817	813	817	0	439323
527	813	817	809	0	440140
528	817	809	814	0	440949
529	809	814	801	0	441763
530	814	801	798	0	442564
531	801	798	801	0	443362
532	798	801	810	0	444163
533	801	810	817	0	444973
534	810	817	825	0	445790
535	817	825	533	0	446615
536	825	533	1136	1	447148
537	533	1136	837	0	448284
538	1136	837	813	0	449121
539	837	813	805	0	449934
540	813	805	802	0	450739
541	805	802	801	0	451541
542	802	801	806	0	452342
543	801	806	801	0	453148
544	806	801	810	0	453949
545	801	810	805	0	454759
546	810	805	798	0	455564
547	805	798	813	0	456362
548	798	813	809	0	457175
549	813	809	810	0	457984
550	809	810	821	0	458794
551	810	821	809	0	459615
552	821	809	813	0	460424
553	809	813	821	0	461237
554	813	821	814	0	462058
555	821	814	824	0	462872
556	814	824	818	0	463696
557	824	818	809	0	464514
558	818	809	825	0	465323
559	809	825	821	0	466148
560	825	821	829	0	466969
561	821	829	844	0	467798
562	829	844	844	0	468642
563	844	844	849	0	469486
564	844	849	860	0	470335
565	849	860	856	0	471195
566	860	856	856	0	472051
567	856	856	852	0	472907
568	856	852	852	0	473759
569	852	852	856	0	474611
570	852	856	840	0	475467
571	856	840	825	0	476307
572	840	825	841	0	477132
573	825	841	817	0	477973
574	841	817	829	0	478790
575	817	829	821	0	479619
576	829	821	825	0	480440
577	821	825	824	0	481265
578	825	824	833	0	482089
579	824	833	829	0	482922
580	833	829	829	0	483751
581	829	829	836	0	484580
582	829	836	825	0	485416
583	836	825	833	0	486241
584	825	833	837	0	487074
585	833	837	840	0	487911
586	837	840	829	0	488751
587	840	829	836	0	489580
588	829	836	845	0	490416
589	836	845	832	0	491261
590	845	832	845	0	492093
591	832	845	840	0	492938
592	845	840	837	0	493778
593	840	837	836	0	494615
594	837	836	829	0	495451
595	836	829	841	0	496280
596	829	841	840	0	497121
597	841	840	841	0	497961
598	840	841	840	0	498802
599	841	840	837	0	499642
600	840	837	840	0	500479
601	837	840	833	0	501319
602	840	833	821	0	502152
603	833	821	840	0	502973
604	821	840	825	0	503813
605	840	825	821	0	504638
606	825	821	841	0	505459
607	821	841	832	0	506300
608	841	832	814	0	507132
609	832	814	832	0	507946
610	814	832	829	0	508778
611	832	829	825	0	509607
612	829	825	836	0	510432
613	825	836	845	0	511268
614	836	845	836	0	512113
615	845	836	853	0	512949
616	836	853	859	0	513802
617	853	859	853	0	514661
618	859	853	856	0	515514
619	853	856	856	0	516370
620	856	856	856	0	517226
621	856	856	864	0	518082
622	856	864	859	0	518946
623	864	859	856	0	519805
624	859	856	853	0	520661
625	856	853	840	0	521514
626	853	840	844	0	522354
627	840	844	841	0	523198
628	844	841	833	0	524039
629	841	833	836	0	524872
630	833	836	837	0	525708
631	836	837	848	0	526545
632	837	848	840	0	527393
633	848	840	849	0	528233
634	840	849	836	0	529082
635	849	836	852	0	529918
636	836	852	860	0	530770
637	852	860	864	0	531630
638	860	864	852	0	532494
639	864	852	833	0	533346
640	852	833	829	0	534179
641	833	829	825	0	535008
642	829	825	821	0	535833
643	825	821	817	0	536654
644	821	817	805	0	537471
645	817	805	802	0	538276
646	805	802	813	0	539078
647	802	813	805	0	539891
648	813	805	802	0	540696
649	805	802	813	0	541498
650	802	813	814	0	542311
651	813	814	813	0	543125
652	814	813	821	0	543938
653	813	821	809	0	544759
654	821	809	794	0	545568
655	809	794	809	0	546362
656	794	809	775	0	547171
657	809	775	782	0	547946
658	775	782	786	0	548728
659	782	786	797	0	549514
660	786	797	736	0	550311
661	797	736	739	0	551047
662	736	739	739	0	551786
663	739	739	736	0	552525
664	739	736	653	0	553261
665	736	653	747	0	553914
666	653	747	720	0	554661
667	747	720	697	0	555381
668	720	697	724	0	556078
669	697	724	692	0	556802
670	724	692	743	0	557494
671	692	743	712	0	558237
672	743	712	720	0	558949
673	712	720	708	0	559669
674	720	708	709	0	560377
675	708	709	727	0	561086
676	709	727	732	0	561813
677	727	732	731	0	562545
678	732	731	720	0	563276
679	731	720	732	0	563996
680	720	732	723	0	564728
681	732	723	720	0	565451
682	723	720	743	0	566171
683	720	743	712	0	566914
684	743	712	709	0	567626
685	712	709	719	0	568335
686	709	719	716	0	569054
687	719	716	724	0	569770
688	716	724	720	0	570494
689	724	720	732	0	571214
690	720	732	696	0	571946
691	732	696	732	0	572642
692	696	732	727	0	573374
693	732	727	720	0	574101
694	727	720	728	0	574821
695	720	728	731	0	575549
696	728	731	728	0	576280
697	731	728	735	0	577008
698	728	735	743	0	577743
699	735	743	759	0	578486
700	743	759	743	0	579245
701	759	743	759	0	579988
702	743	759	747	0	580747
703	759	747	739	0	581494
704	747	739	736	0	582233
705	739	736	751	0	582969
706	736	751	755	0	583720
707	751	755	778	0	584475
708	755	778	782	0	585253
709	778	782	786	0	586035
710	782	786	778	0	586821
711	786	778	759	0	587599
712	778	759	770	0	588358
713	759	770	783	0	589128
714	770	783	770	0	589911
715	783	770	766	0	590681
716	770	766	790	0	591447
717	766	790	786	0	592237
718	790	786	786	0	593023
719	786	786	779	0	593809
720	786	779	778	0	594588
721	779	778	743	0	595366
722	778	743	751	0	596109
723	743	751	712	0	596860
724	751	712	724	0	597572
725	712	724	716	0	598296
726	724	716	712	0	599012
727	716	712	688	0	599724
728	712	688	693	0	600412
729	688	693	716	0	601105
730	693	716	716	0	601821
731	716	716	673	0	602537
732	716	673	673	0	603210
733	673	673	463	0	603883
734	673	463	958	1	604346
735	463	958	708	0	605304
736	958	708	677	0	606012
737	708	677	650	0	606689
738	677	650	684	0	607339
739	650	684	670	0	608023
740	684	670	696	0	608693
741	670	696	693	0	609389
742	696	693	696	0	610082
743	693	696	693	0	610778
744	696	693	696	0	611471
745	693	696	701	0	612167
746	696	701	708	0	612868
747	701	708	716	0	613576
748	708	716	704	0	614292
749	716	704	728	0	614996
750	704	728	712	0	615724
751	728	712	727	0	616436
752	712	727	740	0	617163
753	727	740	716	0	617903
754	740	716	723	0	618619
755	716	723	716	0	619342
756	723	716	740	0	620058
757	716	740	727	0	620798
758	740	727	732	0	621525
759	727	732	739	0	622257
760	732	739	736	0	622996
761	739	736	735	0	623732
762	736	735	747	0	624467
763	735	747	751	0	625214
764	747	751	739	0	625965
765	751	739	751	0	626704
766	739	751	736	0	627455
767	751	736	739	0	628191
768	736	739	747	0	628930
769	739	747	751	0	629677
770	747	751	759	0	630428
771	751	759	762	0	631187
772	759	762	771	0	631949
773	762	771	786	0	632720
774	771	786	782	0	633506
775	786	782	801	0	634288
776	782	801	786	0	635089
777	801	786	790	0	635875
778	786	790	794	0	636665
779	790	794	786	0	637459
780	794	786	786	0	638245
781	786	786	794	0	639031
782	786	794	790	0	639825
783	794	790	790	0	640615
784	790	790	793	0	641405
785	790	793	522	0	642198
786	793	522	1074	1	642720
787	522	1074	778	0	643794
788	1074	778	763	0	644572
789	778	763	778	0	645335
790	763	778	774	0	646113
791	778	774	771	0	646887
792	774	771	774	0	647658
793	771	774	782	0	648432
794	774	782	782	0	649214
795	782	782	786	0	649996
796	782	786	790	0	650782
797	786	790	794	0	651572
798	790	794	794	0	652366
799	794	794	789	0	653160
800	794	789	802	0	653949
801	789	802	786	0	654751
802	802	786	786	0	655537
803	786	786	794	0	656323
804	786	794	770	0	657117
805	794	770	774	0	657887
806	770	774	779	0	658661
807	774	779	782	0	659440
808	779	782	770	0	660222
809	782	770	767	0	660992
810	770	767	770	0	661759
811	767	770	771	0	662529
812	770	771	774	0	663300
813	771	774	739	0	664074
814	774	739	782	0	664813
815	739	782	751	0	665595
816	782	751	763	0	666346
817	751	763	774	0	667109
818	763	774	751	0	667883
819	774	751	771	0	668634
820	751	771	790	0	669405
821	771	790	774	0	670195
822	790	774	798	0	670969
823	774	798	754	0	671767
824	798	754	763	0	672521
825	754	763	763	0	673284
826	763	763	770	0	674047
827	763	770	751	0	674817
828	770	751	767	0	675568
829	751	767	743	0	676335
830	767	743	778	0	677078
831	743	778	728	0	677856
832	778	728	727	0	678584
833	728	727	697	0	679311
834	727	697	708	0	680008
835	697	708	720	0	680716
836	708	720	661	0	681436
837	720	661	681	0	682097
838	661	681	701	0	682778
839	681	701	665	0	683479
840	701	665	689	0	684144
841	665	689	669	0	684833
842	689	669	665	0	685502
843	669	665	654	0	686167
844	665	654	654	0	686821
845	654	654	673	0	687475
846	654	673	665	0	688148
847	673	665	673	0	688813
848	665	673	677	0	689486
849	673	677	712	0	690163
850	677	712	740	0	690875
851	712	740	770	0	691615
852	740	770	759	0	692385
853	770	759	759	0	693144
854	759	759	747	0	693903
855	759	747	759	0	694650
856	747	759	747	0	695409
857	759	747	747	0	696156
858	747	747	731	0	696903
859	747	731	736	0	697634
860	731	736	751	0	698370
861	736	751	708	0	699121
862	751	708	731	0	699829
863	708	731	732	0	700560
864	731	732	704	0	701292
865	732	704	712	0	701996
866	704	712	712	0	702708
867	712	712	677	0	703420
868	712	677	712	0	704097
869	677	712	689	0	704809
870	712	689	700	0	705498
871	689	700	709	0	706198
872	700	709	712	0	706907
873	709	712	723	0	707619
874	712	723	728	0	708342
875	723	728	720	0	709070
876	728	720	720	0	709790
877	720	720	735	0	710510
878	720	735	728	0	711245
879	735	728	751	0	711973
880	728	751	794	0	712724
881	751	794	731	0	713518
882	794	731	739	0	714249
883	731	739	751	0	714988
884	739	751	720	0	715739
885	751	720	724	0	716459
886	720	724	747	0	717183
887	724	747	720	0	717930
888	747	720	727	0	718650
889	720	727	736	0	719377
890	727	736	720	0	720113
891	736	720	723	0	720833
892	720	723	724	0	721556
893	723	724	704	0	722280
894	724	704	716	0	722984
895	704	716	724	0	723700
896	716	724	708	0	724424
897	724	708	728	0	725132
898	708	728	735	0	725860
899	728	735	736	0	726595
900	735	736	766	0	727331
901	736	766	771	0	728097
902	766	771	782	0	728868
903	771	782	770	0	729650
904	782	770	782	0	730420
905	770	782	775	0	731202
906	782	775	793	0	731977
907	775	793	790	0	732770
908	793	790	786	0	733560
909	790	786	786	0	734346
910	786	786	786	0	735132
911	786	786	810	0	735918
912	786	810	778	0	736728
913	810	778	786	0	737506
914	778	786	790	0	738292
915	786	790	805	0	739082
916	790	805	790	0	739887
917	805	790	821	0	740677
918	790	821	841	0	741498
919	821	841	836	0	742339
920	841	836	821	0	743175
921	836	821	813	0	743996
922	821	813	829	0	744809
923	813	829	817	0	745638
924	829	817	810	0	746455
925	817	810	828	0	747265
926	810	828	829	0	748093
927	828	829	821	0	748922
928	829	821	825	0	749743
929	821	825	821	0	750568
930	825	821	817	0	751389
931	821	817	821	0	752206
932	817	821	817	0	753027
933	821	817	825	0	753844
934	817	825	821	0	754669
935	825	821	829	0	755490
936	821	829	817	0	756319
937	829	817	825	0	757136
938	817	825	813	0	757961
939	825	813	825	0	758774
940	813	825	825	0	759599
941	825	825	829	0	760424
942	825	829	840	0	761253
943	829	840	849	0	762093
944	840	849	836	0	762942
945	849	836	856	0	763778
946	836	856	860	0	764634
947	856	860	856	0	765494
948	860	856	860	0	766350
949	856	860	864	0	767210
950	860	864	868	0	768074
951	864	868	860	0	768942
952	868	860	852	0	769802
953	860	852	860	0	770654
954	852	860	867	0	771514
955	860	867	860	0	772381
956	867	860	872	0	773241
957	860	872	852	0	774113
958	872	852	848	0	774965
959	852	848	860	0	775813
960	848	860	837	0	776673
961	860	837	852	0	777510
962	837	852	840	0	778362
963	852	840	841	0	779202
964	840	841	840	0	780043
965	841	840	837	0	780883
966	840	837	506	0	781720
967	837	506	1062	1	782226
968	506	1062	875	0	783288
969	1062	875	868	0	784163
970	875	868	864	0	785031
971	868	864	868	0	785895
972	864	868	871	0	786763
973	868	871	856	0	787634
974	871	856	868	0	788490
975	856	868	872	0	789358
976	868	872	859	0	790230
977	872	859	864	0	791089
978	859	864	860	0	791953
979	864	860	872	0	792813
980	860	872	848	0	793685
981	872	848	844	0	794533
982	848	844	849	0	795377
983	844	849	840	0	796226
984	849	840	845	0	797066
985	840	845	840	0	797911
986	845	840	576	0	798751
987	840	576	1120	1	799327
988	576	1120	829	0	800447
989	1120	829	821	0	801276
990	829	821	825	0	802097
991	821	825	810	0	802922
992	825	810	813	0	803732
993	810	813	805	0	804545
994	813	805	810	0	805350
995	805	810	824	0	806160
996	810	824	821	0	806984
997	824	821	833	0	807805
998	821	833	825	0	808638
999	833	825	829	0	809463
1000	825	829	829	0	810292
1001	829	829	840	0	811121
1002	829	840	837	0	811961
1003	840	837	836	0	812798
1004	837	836	848	0	813634
1005	836	848	841	0	814482
1006	848	841	844	0	815323
1007	841	844	856	0	816167
1008	844	856	849	0	817023
1009	856	849	863	0	817872
1010	849	863	845	0	818735
1011	863	845	852	0	819580
1012	845	852	852	0	820432
1013	852	852	841	0	821284
1014	852	841	848	0	822125
1015	841	848	836	0	822973
1016	848	836	856	0	823809
1017	836	856	841	0	824665
1018	856	841	833	0	825506
1019	841	833	840	0	826339
1020	833	840	833	0	827179
1021	840	833	836	0	828012
1022	833	836	837	0	828848
1023	836	837	833	0	829685
1024	837	833	836	0	830518
1025	833	836	837	0	831354
1026	836	837	825	0	832191
1027	837	825	836	0	833016
1028	825	836	829	0	833852
1029	836	829	833	0	834681
1030	829	833	832	0	835514
1031	833	832	833	0	836346
1032	832	833	837	0	837179
1033	833	837	836	0	838016
1034	837	836	825	0	838852
1035	836	825	825	0	839677
1036	825	825	821	0	840502
1037	825	821	825	0	841323
1038	821	825	821	0	842148
1039	825	821	817	0	842969
1040	821	817	813	0	843786
1041	817	813	813	0	844599
1042	813	813	814	0	845412
1043	813	814	813	0	846226
1044	814	813	817	0	847039
1045	813	817	809	0	847856
1046	817	809	814	0	848665
1047	809	814	809	0	849479
1048	814	809	809	0	850288
1049	809	809	810	0	851097
1050	809	810	805	0	851907
1051	810	805	806	0	852712
1052	805	806	809	0	853518
1053	806	809	813	0	854327
1054	809	813	829	0	855140
1055	813	829	821	0	855969
1056	829	821	821	0	856790
1057	821	821	836	0	857611
1058	821	836	825	0	858447
1059	836	825	829	0	859272
1060	825	829	829	0	860101
1061	829	829	837	0	860930
1062	829	837	840	0	861767
1063	837	840	848	0	862607
1064	840	848	837	0	863455
1065	848	837	836	0	864292
1066	837	836	837	0	865128
1067	836	837	817	0	865965
1068	837	817	813	0	866782
1069	817	813	814	0	867595
1070	813	814	821	0	868409
1071	814	821	821	0	869230
1072	821	821	817	0	870051
1073	821	817	821	0	870868
1074	817	821	825	0	871689
1075	821	825	825	0	872514
1076	825	825	832	0	873339
1077	825	832	821	0	874171
1078	832	821	817	0	874992
1079	821	817	829	0	875809
1080	817	829	821	0	876638
1081	829	821	821	0	877459
1082	821	821	825	0	878280
1083	821	825	821	0	879105
1084	825	821	813	0	879926
1085	821	813	825	0	880739
1086	813	825	817	0	881564
1087	825	817	814	0	882381
1088	817	814	821	0	883195
1089	814	821	805	0	884016
1090	821	805	817	0	884821
1091	805	817	817	0	885638
1092	817	817	802	0	886455
1093	817	802	829	0	887257
1094	802	829	817	0	888086
1095	829	817	809	0	888903
1096	817	809	813	0	889712
1097	809	813	810	0	890525
1098	813	810	805	0	891335
1099	810	805	809	0	892140
1100	805	809	802	0	892949
1101	809	802	794	0	893751
1102	802	794	797	0	894545
1103	794	797	794	0	895342
1104	797	794	755	0	896136
1105	794	755	751	0	896891
1106	755	751	743	0	897642
1107	751	743	759	0	898385
1108	743	759	743	0	899144
1109	759	743	755	0	899887
1110	743	755	751	0	900642
1111	755	751	755	0	901393
1112	751	755	751	0	902148
1113	755	751	755	0	902899
1114	751	755	747	0	903654
1115	755	747	735	0	904401
1116	747	735	759	0	905136
1117	735	759	743	0	905895
1118	759	743	732	0	906638
1119	743	732	747	0	907370
1120	732	747	727	0	908117
1121	747	727	744	0	908844
1122	727	744	723	0	909588
1123	744	723	759	0	910311
1124	723	759	747	0	911070
1125	759	747	759	0	911817
1126	747	759	755	0	912576
1127	759	755	758	0	913331
1128	755	758	755	0	914089
1129	758	755	747	0	914844
1130	755	747	767	0	915591
1131	747	767	743	0	916358
1132	767	743	751	0	917101
1133	743	751	771	0	917852
1134	751	771	762	0	918623
1135	771	762	786	0	919385
1136	762	786	782	0	920171
1137	786	782	782	0	920953
1138	782	782	802	0	921735
1139	782	802	782	0	922537
1140	802	782	786	0	923319
1141	782	786	802	0	924105
1142	786	802	754	0	924907
1143	802	754	771	0	925661
1144	754	771	763	0	926432
1145	771	763	751	0	927195
1146	763	751	754	0	927946
1147	751	754	751	0	928700
1148	754	751	755	0	929451
1149	751	755	736	0	930206
1150	755	736	731	0	930942
1151	736	731	743	0	931673
1152	731	743	709	0	932416
1153	743	709	696	0	933125
1154	709	696	681	0	933821
1155	696	681	747	0	934502
1156	681	747	685	0	935249
1157	747	685	708	0	935934
1158	685	708	724	0	936642
1159	708	724	712	0	937366
1160	724	712	720	0	938078
1161	712	720	727	0	938798
1162	720	727	712	0	939525
1163	727	712	728	0	940237
1164	712	728	731	0	940965
1165	728	731	716	0	941696
1166	731	716	716	0	942412
1167	716	716	697	0	943128
1168	716	697	724	0	943825
1169	697	724	727	0	944549
1170	724	727	747	0	945276
1171	727	747	701	0	946023
1172	747	701	720	0	946724
1173	701	720	723	0	947444
1174	720	723	724	0	948167
1175	723	724	770	0	948891
1176	724	770	794	0	949661
1177	770	794	821	0	950455
1178	794	821	767	0	951276
1179	821	767	774	0	952043
1180	767	774	751	0	952817
1181	774	751	724	0	953568
1182	751	724	704	0	954292
1183	724	704	720	0	954996
1184	704	720	724	0	955716
1185	720	724	712	0	956440
1186	724	712	759	0	957152
1187	712	759	626	0	957911
1188	759	626	700	0	958537
1189	626	700	716	0	959237
1190	700	716	712	0	959953
1191	716	712	712	0	960665
1192	712	712	732	0	961377
1193	712	732	704	0	962109
1194	732	704	740	0	962813
1195	704	740	735	0	963553
1196	740	735	751	0	964288
1197	735	751	763	0	965039
1198	751	763	770	0	965802
1199	763	770	770	0	966572
1200	770	770	771	0	967342
1201	770	771	774	0	968113
1202	771	774	774	0	968887
1203	774	774	748	0	969661
1204	774	748	754	0	970409
1205	748	754	763	0	971163
1206	754	763	751	0	971926
1207	763	751	751	0	972677
1208	751	751	786	0	973428
1209	751	786	770	0	974214
1210	786	770	748	0	974984
1211	770	748	766	0	975732
1212	748	766	763	0	976498
1213	766	763	778	0	977261
1214	763	778	766	0	978039
1215	778	766	775	0	978805
1216	766	775	774	0	979580
1217	775	774	774	0	980354
1218	774	774	771	0	981128
1219	774	771	790	0	981899
1220	771	790	793	0	982689
1221	790	793	790	0	983482
1222	793	790	786	0	984272
1223	790	786	794	0	985058
1224	786	794	809	0	985852
1225	794	809	802	0	986661
1226	809	802	798	0	987463
1227	802	798	805	0	988261
1228	798	805	806	0	989066
1229	805	806	805	0	989872
1230	806	805	794	0	990677
1231	805	794	801	0	991471
1232	794	801	817	0	992272
1233	801	817	810	0	993089
1234	817	810	813	0	993899
1235	810	813	806	0	994712
1236	813	806	813	0	995518
1237	806	813	817	0	996331
1238	813	817	798	0	997148
1239	817	798	813	0	997946
1240	798	813	813	0	998759
1241	813	813	821	0	999572
1242	813	821	805	0	1000393
1243	821	805	790	0	1001198
1244	805	790	814	0	1001988
1245	790	814	809	0	1002802
1246	814	809	801	0	1003611
1247	809	801	794	0	1004412
1248	801	794	794	0	1005206
1249	794	794	794	0	1006000
1250	794	794	794	0	1006794
1251	794	794	789	0	1007588
1252	794	789	798	0	1008377
1253	789	798	809	0	1009175
1254	798	809	790	0	1009984
1255	809	790	794	0	1010774
1256	790	794	794	0	1011568
1257	794	794	790	0	1012362
1258	794	790	790	0	1013152
1259	790	790	797	0	1013942
1260	790	797	786	0	1014739
1261	797	786	794	0	1015525
1262	786	794	794	0	1016319
1263	794	794	798	0	1017113
1264	794	798	789	0	1017911
1265	798	789	798	0	1018700
1266	789	798	806	0	1019498
1267	798	806	785	0	1020304
1268	806	785	810	0	1021089
1269	785	810	790	0	1021899
1270	810	790	797	0	1022689
1271	790	797	775	0	1023486
1272	797	775	790	0	1024261
1273	775	790	782	0	1025051
1274	790	782	782	0	1025833
1275	782	782	762	0	1026615
1276	782	762	771	0	1027377
1277	762	771	766	0	1028148
1278	771	766	771	0	1028914
1279	766	771	766	0	1029685
1280	771	766	767	0	1030451
1281	766	767	770	0	1031218
1282	767	770	771	0	1031988
1283	770	771	778	0	1032759
1284	771	778	782	0	1033537
1285	778	782	786	0	1034319
1286	782	786	778	0	1035105
1287	786	778	778	0	1035883
1288	778	778	786	0	1036661
1289	778	786	790	0	1037447
1290	786	790	779	0	1038237
1291	790	779	778	0	1039016
1292	779	778	786	0	1039794
1293	778	786	762	0	1040580
1294	786	762	763	0	1041342
1295	762	763	735	0	1042105
1296	763	735	720	0	1042840
1297	735	720	693	0	1043560
1298	720	693	681	0	1044253
1299	693	681	700	0	1044934
1300	681	700	662	0	1045634
1301	700	662	681	0	1046296
1302	662	681	692	0	1046977
1303	681	692	712	0	1047669
1304	692	712	658	0	1048381
1305	712	658	704	0	1049039
1306	658	704	708	0	1049743
1307	704	708	720	0	1050451
1308	708	720	736	0	1051171
1309	720	736	751	0	1051907
1310	736	751	751	0	1052658
1311	751	751	754	0	1053409
1312	751	754	775	0	1054163
1313	754	775	755	0	1054938
1314	775	755	770	0	1055693
1315	755	770	743	0	1056463
1316	770	743	763	0	1057206
1317	743	763	716	0	1057969
1318	763	716	735	0	1058685
1319	716	735	705	0	1059420
1320	735	705	696	0	1060125
1321	705	696	685	0	1060821
1322	696	685	677	0	1061506
1323	685	677	681	0	1062183
1324	677	681	689	0	1062864
1325	681	689	704	0	1063553
1326	689	704	712	0	1064257
1327	704	712	774	0	1064969
1328	712	774	767	0	1065743
1329	774	767	790	0	1066510
1330	767	790	762	0	1067300
1331	790	762	771	0	1068062
1332	762	771	770	0	1068833
1333	771	770	747	0	1069603
1334	770	747	763	0	1070350
1335	747	763	751	0	1071113
1336	763	751	755	0	1071864
1337	751	755	758	0	1072619
1338	755	758	751	0	1073377
1339	758	751	771	0	1074128
1340	751	771	770	0	1074899
1341	771	770	775	0	1075669
1342	770	775	786	0	1076444
1343	775	786	797	0	1077230
1344	786	797	794	0	1078027
1345	797	794	790	0	1078821
1346	794	790	805	0	1079611
1347	790	805	771	0	1080416
1348	805	771	786	0	1081187
1349	771	786	770	0	1081973
1350	786	770	755	0	1082743
1351	770	755	794	0	1083498
1352	755	794	762	0	1084292
1353	794	762	755	0	1085054
1354	762	755	755	0	1085809
1355	755	755	743	0	1086564
1356	755	743	744	0	1087307
1357	743	744	743	0	1088051
1358	744	743	751	0	1088794
1359	743	751	731	0	1089545
1360	751	731	728	0	1090276
1361	731	728	759	0	1091004
1362	728	759	739	0	1091763
1363	759	739	751	0	1092502
1364	739	751	755	0	1093253
1365	751	755	755	0	1094008
1366	755	755	797	0	1094763
1367	755	797	782	0	1095560
1368	797	782	794	0	1096342
1369	782	794	782	0	1097136
1370	794	782	782	0	1097918
1371	782	782	759	0	1098700
1372	782	759	786	0	1099459
1373	759	786	790	0	1100245
1374	786	790	774	0	1101035
1375	790	774	817	0	1101809
1376	774	817	794	0	1102626
1377	817	794	802	0	1103420
1378	794	802	794	0	1104222
1379	802	794	801	0	1105016
1380	794	801	802	0	1105817
1381	801	802	793	0	1106619
1382	802	793	810	0	1107412
1383	793	810	821	0	1108222
1384	810	821	809	0	1109043
1385	821	809	821	0	1109852
1386	809	821	809	0	1110673
1387	821	809	814	0	1111482
1388	809	814	817	0	1112296
1389	814	817	809	0	1113113
1390	817	809	810	0	1113922
1391	809	810	813	0	1114732
1392	810	813	809	0	1115545
1393	813	809	798	0	1116354
1394	809	798	805	0	1117152
1395	798	805	798	0	1117957
1396	805	798	805	0	1118755
1397	798	805	810	0	1119560
1398	805	810	817	0	1120370
1399	810	817	825	0	1121187
1400	817	825	813	0	1122012
1401	825	813	825	0	1122825
1402	813	825	817	0	1123650
1403	825	817	817	0	1124467
1404	817	817	813	0	1125284
1405	817	813	814	0	1126097
1406	813	814	801	0	1126911
1407	814	801	806	0	1127712
1408	801	806	805	0	1128518
1409	806	805	798	0	1129323
1410	805	798	797	0	1130121
1411	798	797	782	0	1130918
1412	797	782	771	0	1131700
1413	782	771	786	0	1132471
1414	771	786	774	0	1133257
1415	786	774	778	0	1134031
1416	774	778	775	0	1134809
1417	778	775	782	0	1135584
1418	775	782	794	0	1136366
1419	782	794	797	0	1137160
1420	794	797	802	0	1137957
1421	797	802	790	0	1138759
1422	802	790	521	0	1139549
1423	790	521	1066	1	1140070
1424	521	1066	810	0	1141136
1425	1066	810	786	0	1141946
1426	810	786	782	0	1142732
1427	786	782	782	0	1143514
1428	782	782	778	0	1144296
1429	782	778	794	0	1145074
1430	778	794	786	0	1145868
1431	794	786	786	0	1146654
1432	786	786	793	0	1147440
1433	786	793	740	0	1148233
1434	793	740	552	1	1148973
1435	740	552	1113	1	1149525
1436	552	1113	786	0	1150638
1437	1113	786	782	0	1151424
1438	786	782	790	0	1152206
1439	782	790	747	0	1152996
1440	790	747	763	0	1153743
1441	747	763	766	0	1154506
1442	763	766	759	0	1155272
1443	766	759	771	0	1156031
1444	759	771	758	0	1156802
1445	771	758	744	1	1157560
1446	758	744	832	1	1158304
1447	744	832	782	0	1159136
1448	832	782	786	0	1159918
1449	782	786	782	0	1160704
1450	786	782	771	0	1161486
1451	782	771	599	0	1162257
1452	771	599	529	1	1162856
1453	599	529	767	1	1163385
1454	529	767	1132	1	1164152
1455	767	1132	782	0	1165284
1456	1132	782	771	0	1166066
1457	782	771	747	0	1166837
1458	771	747	758	0	1167584
1459	747	758	775	0	1168342
1460	758	775	762	0	1169117
1461	775	762	775	0	1169879
1462	762	775	778	0	1170654
1463	775	778	790	0	1171432
1464	778	790	770	0	1172222
1465	790	770	794	0	1172992
1466	770	794	798	0	1173786
1467	794	798	805	0	1174584
1468	798	805	794	0	1175389
1469	805	794	782	0	1176183
1470	794	782	774	0	1176965
1471	782	774	779	0	1177739
1472	774	779	754	0	1178518
1473	779	754	759	0	1179272
1474	754	759	739	0	1180031
1475	759	739	755	0	1180770
1476	739	755	747	0	1181525
1477	755	747	755	0	1182272
1478	747	755	755	0	1183027
1479	755	755	755	0	1183782
1480	755	755	770	0	1184537
1481	755	770	736	0	1185307
1482	770	736	766	0	1186043
1483	736	766	747	0	1186809
1484	766	747	740	0	1187556
1485	747	740	758	0	1188296
1486	740	758	736	0	1189054
1487	758	736	743	0	1189790
1488	736	743	732	0	1190533
1489	743	732	731	0	1191265
1490	732	731	739	0	1191996
1491	731	739	709	0	1192735
1492	739	709	700	0	1193444
1493	709	700	716	0	1194144
1494	700	716	700	0	1194860
1495	716	700	716	0	1195560
1496	700	716	701	0	1196276
1497	716	701	684	0	1196977
1498	701	684	709	0	1197661
1499	684	709	700	0	1198370
1500	709	700	693	0	1199070
1501	700	693	704	0	1199763
1502	693	704	704	0	1200467
1503	704	704	693	0	1201171
1504	704	693	704	0	1201864
1505	693	704	697	0	1202568
1506	704	697	704	0	1203265
1507	697	704	696	0	1203969
1508	704	696	693	0	1204665
1509	696	693	700	0	1205358
1510	693	700	670	0	1206058
1511	700	670	692	0	1206728
1512	670	692	693	0	1207420
1513	692	693	673	0	1208113
1514	693	673	669	0	1208786
1515	673	669	689	0	1209455
1516	669	689	685	0	1210144
1517	689	685	704	0	1210829
1518	685	704	685	0	1211533
1519	704	685	696	0	1212218
1520	685	696	689	0	1212914
1521	696	689	732	0	1213603
1522	689	732	622	0	1214335
1523	732	622	673	0	1214957
1524	622	673	670	0	1215630
1525	673	670	649	0	1216300
1526	670	649	642	0	1216949
1527	649	642	689	0	1217591
1528	642	689	658	0	1218280
1529	689	658	638	0	1218938
1530	658	638	673	0	1219576
1531	638	673	619	0	1220249
1532	673	619	646	0	1220868
1533	619	646	646	0	1221514
1534	646	646	610	0	1222160
1535	646	610	635	0	1222770
1536	610	635	657	0	1223405
1537	635	657	522	0	1224062
1538	657	522	700	0	1224584
1539	522	700	654	0	1225284
1540	700	654	599	0	1225938
1541	654	599	623	0	1226537
1542	599	623	614	0	1227160
1543	623	614	623	0	1227774
1544	614	623	603	0	1228397
1545	623	603	611	0	1229000
1546	603	611	603	0	1229611
1547	611	603	619	0	1230214
1548	603	619	634	0	1230833
1549	619	634	615	0	1231467
1550	634	615	618	0	1232082
1551	615	618	627	0	1232700
1552	618	627	646	0	1233327
1553	627	646	630	0	1233973
1554	646	630	630	0	1234603
1555	630	630	642	0	1235233
1556	630	642	646	0	1235875
1557	642	646	642	0	1236521
1558	646	642	642	0	1237163
1559	642	642	650	0	1237805
1560	642	650	642	0	1238455
1561	650	642	642	0	1239097
1562	642	642	658	0	1239739
1563	642	658	654	0	1240397
1564	658	654	649	0	1241051
1565	654	649	658	0	1241700
1566	649	658	669	0	1242358
1567	658	669	658	0	1243027
1568	669	658	657	0	1243685
1569	658	657	662	0	1244342
1570	657	662	677	0	1245004
1571	662	677	661	0	1245681
1572	677	661	670	0	1246342
1573	661	670	673	0	1247012
1574	670	673	681	0	1247685
1575	673	681	677	0	1248366
1576	681	677	677	0	1249043
1577	677	677	689	0	1249720
1578	677	689	680	0	1250409
1579	689	680	685	0	1251089
1580	680	685	689	0	1251774
1581	685	689	697	0	1252463
1582	689	697	688	0	1253160
1583	697	688	681	0	1253848
1584	688	681	673	0	1254529
1585	681	673	693	0	1255202
1586	673	693	677	0	1255895
1587	693	677	673	0	1256572
1588	677	673	685	0	1257245
1589	673	685	681	0	1257930
1590	685	681	677	0	1258611
1591	681	677	677	0	1259288
1592	677	677	693	0	1259965
1593	677	693	677	0	1260658
1594	693	677	673	0	1261335
1595	677	673	677	0	1262008
1596	673	677	689	0	1262685
1597	677	689	677	0	1263374
1598	689	677	684	0	1264051
1599	677	684	693	0	1264735
1600	684	693	685	0	1265428
1601	693	685	681	0	1266113
1602	685	681	688	0	1266794
1603	681	688	701	0	1267482
1604	688	701	681	0	1268183
1605	701	681	689	0	1268864
1606	681	689	700	0	1269553
1607	689	700	689	0	1270253
1608	700	689	684	0	1270942
1609	689	684	685	0	1271626
1610	684	685	685	0	1272311
1611	685	685	681	0	1272996
1612	685	681	693	0	1273677
1613	681	693	688	0	1274370
1614	693	688	681	0	1275058
1615	688	681	689	0	1275739
1616	681	689	673	0	1276428
1617	689	673	677	0	1277101
1618	673	677	669	0	1277778
1619	677	669	678	0	1278447
1620	669	678	677	0	1279125
1621	678	677	665	0	1279802
1622	677	665	685	0	1280467
1623	665	685	688	0	1281152
1624	685	688	701	0	1281840
1625	688	701	692	0	1282541
1626	701	692	709	0	1283233
1627	692	709	719	0	1283942
1628	709	719	705	0	1284661
1629	719	705	696	0	1285366
1630	705	696	720	0	1286062
1631	696	720	685	0	1286782
1632	720	685	724	0	1287467
1633	685	724	692	0	1288191
1634	724	692	767	0	1288883
1635	692	767	782	0	1289650
1636	767	782	782	0	1290432
1637	782	782	802	0	1291214
1638	782	802	774	0	1292016
1639	802	774	770	0	1292790
1640	774	770	767	0	1293560
1641	770	767	770	0	1294327
1642	767	770	778	0	1295097
1643	770	778	763	0	1295875
1644	778	763	767	0	1296638
1645	763	767	762	0	1297405
1646	767	762	779	0	1298167
1647	762	779	762	0	1298946
1648	779	762	771	0	1299708
1649	762	771	766	0	1300479
1650	771	766	763	0	1301245
1651	766	763	782	0	1302008
1652	763	782	774	0	1302790
1653	782	774	778	0	1303564
1654	774	778	779	0	1304342
1655	778	779	797	0	1305121
1656	779	797	775	0	1305918
1657	797	775	789	0	1306693
1658	775	789	794	0	1307482
1659	789	794	802	0	1308276
1660	794	802	770	0	1309078
1661	802	770	790	0	1309848
1662	770	790	802	0	1310638
1663	790	802	778	0	1311440
1664	802	778	770	0	1312218
1665	778	770	779	0	1312988
1666	770	779	766	0	1313767
1667	779	766	755	0	1314533
1668	766	755	755	0	1315288
1669	755	755	762	0	1316043
1670	755	762	759	0	1316805
1671	762	759	755	0	1317564
1672	759	755	767	0	1318319
1673	755	767	778	0	1319086
1674	767	778	778	0	1319864
1675	778	778	767	0	1320642
1676	778	767	770	0	1321409
1677	767	770	770	0	1322179
1678	770	770	775	0	1322949
1679	770	775	778	0	1323724
1680	775	778	778	0	1324502
1681	778	778	774	0	1325280
1682	778	774	786	0	1326054
1683	774	786	771	0	1326840
1684	786	771	755	0	1327611
1685	771	755	794	0	1328366
1686	755	794	770	0	1329160
1687	794	770	790	0	1329930
1688	770	790	786	0	1330720
1689	790	786	786	0	1331506
1690	786	786	786	0	1332292
1691	786	786	794	0	1333078
1692	786	794	782	0	1333872
1693	794	782	782	0	1334654
1694	782	782	790	0	1335436
1695	782	790	766	0	1336226
1696	790	766	782	0	1336992
1697	766	782	786	0	1337774
1698	782	786	786	0	1338560
1699	786	786	775	0	1339346
1700	786	775	778	0	1340121
1701	775	778	762	0	1340899
1702	778	762	744	0	1341661
1703	762	744	762	0	1342405
1704	744	762	755	0	1343167
1705	762	755	778	0	1343922
1706	755	778	747	0	1344700
1707	778	747	763	0	1345447
1708	747	763	743	0	1346210
1709	763	743	751	0	1346953
1710	743	751	736	0	1347704
1711	751	736	747	0	1348440
1712	736	747	724	0	1349187
1713	747	724	715	0	1349911
1714	724	715	705	0	1350626
1715	715	705	677	0	1351331
1716	705	677	688	0	1352008
1717	677	688	681	0	1352696
1718	688	681	689	0	1353377
1719	681	689	689	0	1354066
1720	689	689	681	0	1354755
1721	689	681	677	0	1355436
1722	681	677	677	0	1356113
1723	677	677	677	0	1356790
1724	677	677	681	0	1357467
1725	677	681	700	0	1358148
1726	681	700	685	0	1358848
1727	700	685	697	0	1359533
1728	685	697	723	0	1360230
1729	697	723	670	0	1360953
1730	723	670	700	0	1361623
1731	670	700	700	0	1362323
1732	700	700	685	0	1363023
1733	700	685	673	0	1363708
1734	685	673	693	0	1364381
1735	673	693	677	0	1365074
1736	693	677	712	0	1365751
1737	677	712	650	0	1366463
1738	712	650	673	0	1367113
1739	650	673	661	0	1367786
1740	673	661	635	0	1368447
1741	661	635	665	0	1369082
1742	635	665	658	0	1369747
1743	665	658	638	0	1370405
1744	658	638	650	0	1371043
1745	638	650	665	0	1371693
1746	650	665	654	0	1372358
1747	665	654	669	0	1373012
1748	654	669	669	0	1373681
1749	669	669	685	0	1374350
1750	669	685	685	0	1375035
1751	685	685	689	0	1375720
1752	685	689	692	0	1376409
1753	689	692	693	0	1377101
1754	692	693	688	0	1377794
1755	693	688	693	0	1378482
1756	688	693	669	0	1379175
1757	693	669	697	0	1379844
1758	669	697	692	0	1380541
1759	697	692	681	0	1381233
1760	692	681	701	0	1381914
1761	681	701	696	0	1382615
1762	701	696	693	0	1383311
1763	696	693	704	0	1384004
1764	693	704	697	0	1384708
1765	704	697	700	0	1385405
1766	697	700	689	0	1386105
1767	700	689	696	0	1386794
1768	689	696	693	0	1387490
1769	696	693	692	0	1388183
1770	693	692	701	0	1388875
1771	692	701	692	0	1389576
1772	701	692	689	0	1390268
1773	692	689	685	0	1390957
1774	689	685	685	0	1391642
1775	685	685	677	0	1392327
1776	685	677	685	0	1393004
1777	677	685	692	0	1393689
1778	685	692	670	0	1394381
1779	692	670	688	0	1395051
1780	670	688	693	0	1395739
1781	688	693	673	0	1396432
1782	693	673	677	0	1397105
1783	673	677	673	0	1397782
1784	677	673	685	0	1398455
1785	673	685	685	0	1399140
1786	685	685	689	0	1399825
1787	685	689	684	0	1400514
1788	689	684	689	0	1401198
1789	684	689	697	0	1401887
1790	689	697	692	0	1402584
1791	697	692	685	0	1403276
1792	692	685	700	0	1403961
1793	685	700	697	0	1404661
1794	700	697	696	0	1405358
1795	697	696	697	0	1406054
1796	696	697	704	0	1406751
1797	697	704	677	0	1407455
1798	704	677	701	0	1408132
1799	677	701	708	0	1408833
1800	701	708	685	0	1409541
1801	708	685	692	0	1410226
1802	685	692	693	0	1410918
1803	692	693	689	0	1411611
1804	693	689	677	0	1412300
1805	689	677	696	0	1412977
1806	677	696	685	0	1413673
1807	696	685	685	0	1414358
1808	685	685	692	0	1415043
1809	685	692	689	0	1415735
1810	692	689	681	0	1416424
1811	689	681	697	0	1417105
1812	681	697	692	0	1417802
1813	697	692	689	0	1418494
1814	692	689	692	0	1419183
1815	689	692	689	0	1419875
1816	692	689	685	0	1420564
1817	689	685	689	0	1421249
1818	685	689	681	0	1421938
1819	689	681	669	0	1422619
1820	681	669	669	0	1423288
1821	669	669	677	0	1423957
1822	669	677	673	0	1424634
1823	677	673	666	0	1425307
1824	673	666	669	0	1425973
1825	666	669	665	0	1426642
1826	669	665	646	0	1427307
1827	665	646	650	0	1427953
1828	646	650	662	0	1428603
1829	650	662	657	0	1429265
1830	662	657	654	0	1429922
1831	657	654	665	0	1430576
1832	654	665	681	0	1431241
1833	665	681	654	0	1431922
1834	681	654	673	0	1432576
1835	654	673	650	0	1433249
1836	673	650	661	0	1433899
1837	650	661	681	0	1434560
1838	661	681	642	0	1435241
1839	681	642	662	0	1435883
1840	642	662	669	0	1436545
1841	662	669	661	0	1437214
1842	669	661	674	0	1437875
1843	661	674	669	0	1438549
1844	674	669	677	0	1439218
1845	669	677	677	0	1439895
1846	677	677	681	0	1440572
1847	677	681	681	0	1441253
1848	681	681	677	0	1441934
1849	681	677	669	0	1442611
1850	677	669	681	0	1443280
1851	669	681	650	0	1443961
1852	681	650	657	0	1444611
1853	650	657	646	0	1445268
1854	657	646	646	0	1445914
1855	646	646	623	0	1446560
1856	646	623	642	0	1447183
1857	623	642	654	0	1447825
1858	642	654	665	0	1448479
1859	654	665	661	0	1449144
1860	665	661	677	0	1449805
1861	661	677	701	0	1450482
1862	677	701	708	0	1451183
1863	701	708	712	0	1451891
1864	708	712	720	0	1452603
1865	712	720	689	0	1453323
1866	720	689	700	0	1454012
1867	689	700	712	0	1454712
1868	700	712	701	0	1455424
1869	712	701	692	0	1456125
1870	701	692	701	0	1456817
1871	692	701	665	0	1457518
1872	701	665	681	0	1458183
1873	665	681	673	0	1458864
1874	681	673	661	0	1459537
1875	673	661	662	0	1460198
1876	661	662	658	0	1460860
1877	662	658	657	0	1461518
1878	658	657	650	0	1462175
1879	657	650	661	0	1462825
1880	650	661	627	0	1463486
1881	661	627	661	0	1464113
1882	627	661	646	0	1464774
1883	661	646	631	0	1465420
1884	646	631	638	0	1466051
1885	631	638	646	0	1466689
1886	638	646	634	0	1467335
1887	646	634	646	0	1467969
1888	634	646	638	0	1468615
1889	646	638	634	0	1469253
1890	638	634	634	0	1469887
1891	634	634	639	0	1470521
1892	634	639	634	0	1471160
1893	639	634	630	0	1471794
1894	634	630	630	0	1472424
1895	630	630	635	0	1473054
1896	630	635	626	0	1473689
1897	635	626	627	0	1474315
1898	626	627	634	0	1474942
1899	627	634	642	0	1475576
1900	634	642	665	0	1476218
1901	642	665	483	0	1476883
1902	665	483	809	1	1477366
1903	483	809	673	0	1478175
1904	809	673	654	0	1478848
1905	673	654	654	0	1479502
1906	654	654	646	0	1480156
1907	654	646	494	0	1480802
1908	646	494	836	1	1481296
1909	494	836	654	0	1482132
1910	836	654	646	0	1482786
1911	654	646	650	0	1483432
1912	646	650	642	0	1484082
1913	650	642	634	0	1484724
1914	642	634	630	0	1485358
1915	634	630	646	0	1485988
1916	630	646	654	0	1486634
1917	646	654	650	0	1487288
1918	654	650	653	0	1487938
1919	650	653	666	0	1488591
1920	653	666	681	0	1489257
1921	666	681	646	0	1489938
1922	681	646	661	0	1490584
1923	646	661	666	0	1491245
1924	661	666	677	0	1491911
1925	666	677	657	0	1492588
1926	677	657	658	0	1493245
1927	657	658	677	0	1493903
1928	658	677	661	0	1494580
1929	677	661	537	0	1495241
1930	661	537	778	1	1495778
1931	537	778	689	0	1496556
1932	778	689	650	0	1497245
1933	689	650	638	0	1497895
1934	650	638	650	0	1498533
1935	638	650	650	0	1499183
1936	650	650	649	0	1499833
1937	650	649	658	0	1500482
1938	649	658	658	0	1501140
1939	658	658	657	0	1501798
1940	658	657	646	0	1502455
1941	657	646	662	0	1503101
1942	646	662	646	0	1503763
1943	662	646	653	0	1504409
1944	646	653	689	0	1505062
1945	653	689	611	0	1505751
1946	689	611	634	0	1506362
1947	611	634	650	0	1506996
1948	634	650	650	0	1507646
1949	650	650	634	0	1508296
1950	650	634	650	0	1508930
1951	634	650	642	0	1509580
1952	650	642	634	0	1510222
1953	642	634	650	0	1510856
1954	634	650	646	0	1511506
1955	650	646	646	0	1512152
1956	646	646	653	0	1512798
1957	646	653	654	0	1513451
1958	653	654	634	0	1514105
1959	654	634	654	0	1514739
1960	634	654	654	0	1515393
1961	654	654	657	0	1516047
1962	654	657	650	0	1516704
1963	657	650	658	0	1517354
1964	650	658	653	0	1518012
1965	658	653	654	0	1518665
1966	653	654	665	0	1519319
1967	654	665	681	0	1519984
1968	665	681	642	0	1520665
1969	681	642	674	0	1521307
1970	642	674	657	0	1521981
1971	674	657	646	0	1522638
1972	657	646	642	0	1523284
1973	646	642	654	0	1523926
1974	642	654	642	0	1524580
1975	654	642	626	0	1525222
1976	642	626	634	0	1525848
1977	626	634	646	0	1526482
1978	634	646	631	0	1527128
1979	646	631	630	0	1527759
1980	631	630	630	0	1528389
1981	630	630	631	0	1529019
1982	630	631	650	0	1529650
1983	631	650	642	0	1530300
1984	650	642	646	0	1530942
1985	642	646	669	0	1531588
1986	646	669	669	0	1532257
1987	669	669	665	0	1532926
1988	669	665	670	0	1533591
1989	665	670	669	0	1534261
1990	670	669	677	0	1534930
1991	669	677	689	0	1535607
1992	677	689	669	0	1536296
1993	689	669	681	0	1536965
1994	669	681	689	0	1537646
1995	681	689	692	0	1538335
1996	689	692	681	0	1539027
1997	692	681	697	0	1539708
1998	681	697	677	0	1540405
1999	697	677	673	0	1541082
2000	677	673	673	0	1541755
2001	673	673	685	0	1542428
2002	673	685	657	0	1543113
2003	685	657	662	0	1543770
2004	657	662	669	0	1544432
2005	662	669	669	0	1545101
2006	669	669	662	0	1545770
2007	669	662	661	0	1546432
2008	662	661	670	0	1547093
2009	661	670	657	0	1547763
2010	670	657	654	0	1548420
2011	657	654	661	0	1549074
2012	654	661	658	0	1549735
2013	661	658	646	0	1550393
2014	658	646	650	0	1551039
2015	646	650	650	0	1551689
2016	650	650	638	0	1552339
2017	650	638	630	0	1552977
2018	638	630	646	0	1553607
2019	630	646	626	0	1554253
2020	646	626	654	0	1554879
2021	626	654	654	0	1555533
2022	654	654	661	0	1556187
2023	654	661	673	0	1556848
2024	661	673	670	0	1557521
2025	673	670	661	0	1558191
2026	670	661	697	0	1558852
2027	661	697	661	0	1559549
2028	697	661	662	0	1560210
2029	661	662	657	0	1560872
2030	662	657	650	0	1561529
2031	657	650	661	0	1562179
2032	650	661	615	0	1562840
2033	661	615	623	0	1563455
2034	615	623	630	0	1564078
2035	623	630	607	0	1564708
2036	630	607	607	0	1565315
2037	607	607	611	0	1565922
2038	607	611	627	0	1566533
2039	611	627	622	0	1567160
2040	627	622	611	0	1567782
2041	622	611	623	0	1568393
2042	611	623	638	0	1569016
2043	623	638	653	0	1569654
2044	638	653	639	0	1570307
2045	653	639	645	0	1570946
2046	639	645	654	0	1571591
2047	645	654	638	0	1572245
2048	654	638	642	0	1572883
2049	638	642	642	0	1573525
2050	642	642	670	0	1574167
2051	642	670	642	0	1574837
2052	670	642	626	0	1575479
2053	642	626	646	0	1576105
2054	626	646	646	0	1576751
2055	646	646	630	0	1577397
2056	646	630	638	0	1578027
2057	630	638	650	0	1578665
2058	638	650	634	0	1579315
2059	650	634	639	0	1579949
2060	634	639	645	0	1580588
2061	639	645	654	0	1581233
2062	645	654	642	0	1581887
2063	654	642	638	0	1582529
2064	642	638	642	0	1583167
2065	638	642	646	0	1583809
2066	642	646	634	0	1584455
2067	646	634	639	0	1585089
2068	634	639	642	0	1585728
2069	639	642	646	0	1586370
2070	642	646	642	0	1587016
2071	646	642	657	0	1587658
2072	642	657	669	0	1588315
2073	657	669	654	0	1588984
2074	669	654	650	0	1589638
2075	654	650	658	0	1590288
2076	650	658	673	0	1590946
2077	658	673	653	0	1591619
2078	673	653	650	0	1592272
2079	653	650	681	0	1592922
2080	650	681	638	0	1593603
2081	681	638	634	0	1594241
2082	638	634	666	0	1594875
2083	634	666	634	0	1595541
2084	666	634	634	0	1596175
2085	634	634	635	0	1596809
2086	634	635	642	0	1597444
2087	635	642	634	0	1598086
2088	642	634	626	0	1598720
2089	634	626	642	0	1599346
2090	626	642	642	0	1599988
2091	642	642	635	0	1600630
2092	642	635	618	0	1601265
2093	635	618	631	0	1601883
2094	618	631	626	0	1602514
2095	631	626	615	0	1603140
2096	626	615	619	0	1603755
2097	615	619	618	0	1604374
2098	619	618	623	0	1604992
2099	618	623	599	0	1605615
2100	623	599	623	0	1606214
2101	599	623	614	0	1606837
2102	623	614	635	0	1607451
2103	614	635	622	0	1608086
2104	635	622	584	0	1608708
2105	622	584	607	0	1609292
2106	584	607	603	0	1609899
2107	607	603	615	0	1610502
2108	603	615	611	0	1611117
2109	615	611	599	0	1611728
2110	611	599	595	0	1612327
2111	599	595	615	0	1612922
2112	595	615	591	0	1613537
2113	615	591	588	0	1614128
2114	591	588	611	0	1614716
2115	588	611	595	0	1615327
2116	611	595	607	0	1615922
2117	595	607	592	0	1616529
2118	607	592	599	0	1617121
2119	592	599	595	0	1617720
2120	599	595	596	0	1618315
2121	595	596	607	0	1618911
2122	596	607	610	0	1619518
2123	607	610	604	0	1620128
2124	610	604	607	0	1620732
2125	604	607	626	0	1621339
2126	607	626	623	0	1621965
2127	626	623	614	0	1622588
2128	623	614	627	0	1623202
2129	614	627	630	0	1623829
2130	627	630	638	0	1624459
2131	630	638	615	0	1625097
2132	638	615	627	0	1625712
2133	615	627	622	0	1626339
2134	627	622	619	0	1626961
2135	622	619	622	0	1627580
2136	619	622	635	0	1628202
2137	622	635	622	0	1628837
2138	635	622	627	0	1629459
2139	622	627	634	0	1630086
2140	627	634	634	0	1630720
2141	634	634	619	0	1631354
2142	634	619	634	0	1631973
2143	619	634	638	0	1632607
2144	634	638	627	0	1633245
2145	638	627	630	0	1633872
2146	627	630	650	0	1634502
2147	630	650	626	0	1635152
2148	650	626	634	0	1635778
2149	626	634	623	0	1636412
2150	634	623	626	0	1637035
2151	623	626	650	0	1637661
2152	626	650	646	0	1638311
2153	650	646	685	0	1638957
2154	646	685	693	0	1639642
2155	685	693	712	0	1640335
2156	693	712	688	0	1641047
2157	712	688	693	0	1641735
2158	688	693	712	0	1642428
2159	693	712	486	0	1643140
2160	712	486	841	1	1643626
2161	486	841	681	0	1644467
2162	841	681	634	0	1645148
2163	681	634	638	0	1645782
2164	634	638	658	0	1646420
2165	638	658	642	0	1647078
2166	658	642	650	0	1647720
2167	642	650	677	0	1648370
2168	650	677	669	0	1649047
2169	677	669	669	0	1649716
2170	669	669	708	0	1650385
2171	669	708	677	0	1651093
2172	708	677	705	0	1651770
2173	677	705	692	0	1652475
2174	705	692	701	0	1653167
2175	692	701	712	0	1653868
2176	701	712	708	0	1654580
2177	712	708	708	0	1655288
2178	708	708	720	0	1655996
2179	708	720	689	0	1656716
2180	720	689	692	0	1657405
2181	689	692	673	0	1658097
2182	692	673	712	0	1658770
2183	673	712	701	0	1659482
2184	712	701	716	0	1660183
2185	701	716	712	0	1660899
2186	716	712	720	0	1661611
2187	712	720	747	0	1662331
2188	720	747	770	0	1663078
2189	747	770	747	0	1663848
2190	770	747	755	0	1664595
2191	747	755	771	0	1665350
2192	755	771	766	0	1666121
2193	771	766	763	0	1666887
2194	766	763	774	0	1667650
2195	763	774	506	0	1668424
2196	774	506	1058	1	1668930
2197	506	1058	794	0	1669988
2198	1058	794	767	0	1670782
2199	794	767	778	0	1671549
2200	767	778	801	0	1672327
2201	778	801	775	0	1673128
2202	801	775	786	0	1673903
2203	775	786	498	0	1674689
2204	786	498	1089	1	1675187
2205	498	1089	786	0	1676276
2206	1089	786	806	0	1677062
2207	786	806	797	0	1677868
2208	806	797	794	0	1678665
2209	797	794	798	0	1679459
2210	794	798	805	0	1680257
2211	798	805	813	0	1681062
2212	805	813	802	0	1681875
2213	813	802	813	0	1682677
2214	802	813	814	0	1683490
2215	813	814	821	0	1684304
2216	814	821	832	0	1685125
2217	821	832	833	0	1685957
2218	832	833	844	0	1686790
2219	833	844	845	0	1687634
2220	844	845	871	0	1688479
2221	845	871	868	0	1689350
2222	871	868	860	0	1690218
2223	868	860	868	0	1691078
2224	860	868	863	0	1691946
2225	868	863	849	0	1692809
2226	863	849	840	0	1693658
2227	849	840	825	0	1694498
2228	840	825	833	0	1695323
2229	825	833	821	0	1696156
2230	833	821	813	0	1696977
2231	821	813	809	0	1697790
2232	813	809	806	0	1698599
2233	809	806	797	0	1699405
2234	806	797	802	0	1700202
2235	797	802	805	0	1701004
2236	802	805	786	0	1701809
2237	805	786	790	0	1702595
2238	786	790	790	0	1703385
2239	790	790	774	0	1704175
2240	790	774	783	0	1704949
2241	774	783	786	0	1705732
2242	783	786	770	0	1706518
2243	786	770	778	0	1707288
2244	770	778	774	0	1708066
2245	778	774	751	0	1708840
2246	774	751	748	0	1709591
2247	751	748	778	0	1710339
2248	748	778	770	0	1711117
2249	778	770	825	0	1711887
2250	770	825	825	0	1712712
2251	825	825	864	0	1713537
2252	825	864	891	0	1714401
2253	864	891	856	0	1715292
2254	891	856	844	0	1716148
2255	856	844	848	0	1716992
2256	844	848	856	0	1717840
2257	848	856	864	0	1718696
2258	856	864	852	0	1719560
2259	864	852	841	0	1720412
2260	852	841	856	0	1721253
2261	841	856	848	0	1722109
2262	856	848	887	0	1722957
2263	848	887	872	0	1723844
2264	887	872	864	0	1724716
2265	872	864	852	0	1725580
2266	864	852	856	0	1726432
2267	852	856	868	0	1727288
2268	856	868	848	0	1728156
2269	868	848	848	0	1729004
2270	848	848	844	0	1729852
2271	848	844	822	0	1730696
2272	844	822	844	0	1731518
2273	822	844	836	0	1732362
2274	844	836	837	0	1733198
2275	836	837	844	0	1734035
2276	837	844	841	0	1734879
2277	844	841	844	0	1735720
2278	841	844	852	0	1736564
2279	844	852	852	0	1737416
2280	852	852	841	0	1738268
2281	852	841	844	0	1739109
2282	841	844	849	0	1739953
2283	844	849	856	0	1740802
2284	849	856	848	0	1741658
2285	856	848	860	0	1742506
2286	848	860	840	0	1743366
2287	860	840	845	0	1744206
2288	840	845	844	0	1745051
2289	845	844	829	0	1745895
2290	844	829	836	0	1746724
2291	829	836	841	0	1747560
2292	836	841	829	0	1748401
2293	841	829	852	0	1749230
2294	829	852	844	0	1750082
2295	852	844	841	0	1750926
2296	844	841	844	0	1751767
2297	841	844	844	0	1752611
2298	844	844	829	0	1753455
2299	844	829	829	0	1754284
2300	829	829	860	0	1755113
2301	829	860	875	0	1755973
2302	860	875	880	0	1756848
2303	875	880	875	0	1757728
2304	880	875	876	0	1758603
2305	875	876	875	0	1759479
2306	876	875	856	0	1760354
2307	875	856	864	0	1761210
2308	856	864	837	0	1762074
2309	864	837	832	0	1762911
2310	837	832	852	0	1763743
2311	832	852	852	0	1764595
2312	852	852	814	0	1765447
2313	852	814	817	0	1766261
2314	814	817	809	0	1767078
2315	817	809	802	0	1767887
2316	809	802	797	0	1768689
2317	802	797	798	0	1769486
2318	797	798	786	0	1770284
2319	798	786	770	0	1771070
2320	786	770	771	0	1771840
2321	770	771	751	0	1772611
2322	771	751	755	0	1773362
2323	751	755	743	0	1774117
2324	755	743	724	0	1774860
2325	743	724	716	0	1775584
2326	724	716	716	0	1776300
2327	716	716	723	0	1777016
2328	716	723	712	0	1777739
2329	723	712	720	0	1778451
2330	712	720	704	0	1779171
2331	720	704	713	0	1779875
2332	704	713	665	0	1780588
2333	713	665	689	0	1781253
2334	665	689	630	0	1781942
2335	689	630	642	0	1782572
2336	630	642	634	0	1783214
2337	642	634	631	0	1783848
2338	634	631	618	0	1784479
2339	631	618	607	0	1785097
2340	618	607	670	0	1785704
2341	607	670	618	0	1786374
2342	670	618	638	0	1786992
2343	618	638	631	0	1787630
2344	638	631	603	0	1788261
2345	631	603	626	0	1788864
2346	603	626	623	0	1789490
2347	626	623	615	0	1790113
2348	623	615	607	0	1790728
2349	615	607	626	0	1791335
2350	607	626	623	0	1791961
2351	626	623	622	0	1792584
2352	623	622	623	0	1793206
2353	622	623	630	0	1793829
2354	623	630	638	0	1794459
2355	630	638	638	0	1795097
2356	638	638	635	0	1795735
2357	638	635	638	0	1796370
2358	635	638	642	0	1797008
2359	638	642	650	0	1797650
2360	642	650	681	0	1798300
2361	650	681	762	0	1798981
