index	i-1	i+0	i+1	Filter	Time
1	280	790	794	0	1070
2	790	794	801	0	1864
3	794	801	806	0	2665
4	801	806	813	0	3471
5	806	813	825	0	4284
6	813	825	833	0	5109
7	825	833	840	0	5942
8	833	840	852	0	6782
9	840	852	864	0	7634
10	852	864	856	0	8498
11	864	856	860	0	9354
12	856	860	864	0	10214
13	860	864	844	0	11078
14	864	844	848	0	11922
15	844	848	837	0	12770
16	848	837	829	0	13607
17	837	829	817	0	14436
18	829	817	809	0	15253
19	817	809	798	0	16062
20	809	798	794	0	16860
21	798	794	797	0	17654
22	794	797	786	0	18451
23	797	786	786	0	19237
24	786	786	786	0	20023
25	786	786	786	0	20809
26	786	786	775	0	21595
27	786	775	782	0	22370
28	775	782	774	0	23152
29	782	774	774	0	23926
30	774	774	767	0	24700
31	774	767	766	0	25467
32	767	766	771	0	26233
33	766	771	790	0	27004
34	771	790	770	0	27794
35	790	770	518	0	28564
36	770	518	1062	1	29082
37	518	1062	767	0	30144
38	1062	767	774	0	30911
39	767	774	766	0	31685
40	774	766	736	0	32451
41	766	736	786	0	33187
42	736	786	762	0	33973
43	786	762	786	0	34735
44	762	786	783	0	35521
45	786	783	789	0	36304
46	783	789	806	0	37093
47	789	806	801	0	37899
48	806	801	818	0	38700
49	801	818	778	0	39518
50	818	778	786	0	40296
51	778	786	793	0	41082
52	786	793	794	0	41875
53	793	794	790	0	42669
54	794	790	806	0	43459
55	790	806	797	0	44265
56	806	797	802	0	45062
57	797	802	801	0	45864
58	802	801	802	0	46665
59	801	802	805	0	47467
60	802	805	810	0	48272
61	805	810	817	0	49082
62	810	817	829	0	49899
63	817	829	817	0	50728
64	829	817	832	0	51545
65	817	832	829	0	52377
66	832	829	825	0	53206
67	829	825	841	0	54031
68	825	841	828	0	54872
69	841	828	829	0	55700
70	828	829	825	0	56529
71	829	825	809	0	57354
72	825	809	821	0	58163
73	809	821	821	0	58984
74	821	821	825	0	59805
75	821	825	821	0	60630
76	825	821	817	0	61451
77	821	817	810	0	62268
78	817	810	840	0	63078
79	810	840	821	0	63918
80	840	821	829	0	64739
81	821	829	825	0	65568
82	829	825	805	0	66393
83	825	805	802	0	67198
84	805	802	802	0	68000
85	802	802	805	0	68802
86	802	805	817	0	69607
87	805	817	817	0	70424
88	817	817	821	0	71241
89	817	821	821	0	72062
90	821	821	817	0	72883
91	821	817	810	0	73700
92	817	810	809	0	74510
93	810	809	809	0	75319
94	809	809	821	0	76128
95	809	821	814	0	76949
96	821	814	809	0	77763
97	814	809	821	0	78572
98	809	821	790	0	79393
99	821	790	801	0	80183
100	790	801	814	0	80984
101	801	814	813	0	81798
102	814	813	829	0	82611
103	813	829	821	0	83440
104	829	821	817	0	84261
105	821	817	825	0	85078
106	817	825	809	0	85903
107	825	809	790	0	86712
108	809	790	778	0	87502
109	790	778	782	0	88280
110	778	782	810	0	89062
111	782	810	786	0	89872
112	810	786	813	0	90658
113	786	813	809	0	91471
114	813	809	809	0	92280
115	809	809	810	0	93089
116	809	810	805	0	93899
117	810	805	786	0	94704
118	805	786	790	0	95490
119	786	790	774	0	96280
120	790	774	779	0	97054
121	774	779	774	0	97833
122	779	774	774	0	98607
123	774	774	767	0	99381
124	774	767	766	0	100148
125	767	766	767	0	100914
126	766	767	782	0	101681
127	767	782	794	0	102463
128	782	794	801	0	103257
129	794	801	806	0	104058
130	801	806	797	0	104864
131	806	797	810	0	105661
132	797	810	805	0	106471
133	810	805	778	0	107276
134	805	778	771	0	108054
135	778	771	763	0	108825
136	771	763	782	0	109588
137	763	782	797	0	110370
138	782	797	782	0	111167
139	797	782	798	0	111949
140	782	798	767	0	112747
141	798	767	766	0	113514
142	767	766	763	0	114280
143	766	763	751	0	115043
144	763	751	778	0	115794
145	751	778	767	0	116572
146	778	767	797	0	117339
147	767	797	825	0	118136
148	797	825	813	0	118961
149	825	813	817	0	119774
150	813	817	810	0	120591
151	817	810	790	0	121401
152	810	790	797	0	122191
153	790	797	779	0	122988
154	797	779	786	0	123767
155	779	786	793	0	124553
156	786	793	782	0	125346
157	793	782	783	0	126128
158	782	783	778	0	126911
159	783	778	766	0	127689
160	778	766	767	0	128455
161	766	767	774	0	129222
162	767	774	771	0	129996
163	774	771	770	0	130767
164	771	770	763	0	131537
165	770	763	758	0	132300
166	763	758	751	0	133058
167	758	751	736	0	133809
168	751	736	731	0	134545
169	736	731	720	0	135276
170	731	720	716	0	135996
171	720	716	724	0	136712
172	716	724	735	0	137436
173	724	735	751	0	138171
174	735	751	771	0	138922
175	751	771	782	0	139693
176	771	782	793	0	140475
177	782	793	790	0	141268
178	793	790	771	0	142058
179	790	771	759	0	142829
180	771	759	778	0	143588
181	759	778	790	0	144366
182	778	790	778	0	145156
183	790	778	778	0	145934
184	778	778	778	0	146712
185	778	778	794	0	147490
186	778	794	778	0	148284
187	794	778	786	0	149062
188	778	786	763	0	149848
189	786	763	763	0	150611
190	763	763	743	0	151374
191	763	743	755	0	152117
192	743	755	743	0	152872
193	755	743	735	0	153615
194	743	735	739	0	154350
195	735	739	748	0	155089
196	739	748	743	0	155837
197	748	743	747	0	156580
198	743	747	739	0	157327
199	747	739	759	0	158066
200	739	759	755	0	158825
201	759	755	774	0	159580
202	755	774	790	0	160354
203	774	790	778	0	161144
204	790	778	771	0	161922
205	778	771	786	0	162693
206	771	786	789	0	163479
207	786	789	786	0	164268
208	789	786	783	0	165054
209	786	783	774	0	165837
210	783	774	778	0	166611
211	774	778	782	0	167389
212	778	782	806	0	168171
213	782	806	521	0	168977
214	806	521	1132	1	169498
215	521	1132	821	0	170630
216	1132	821	790	0	171451
217	821	790	806	0	172241
218	790	806	793	0	173047
219	806	793	786	0	173840
220	793	786	798	0	174626
221	786	798	774	0	175424
222	798	774	779	0	176198
223	774	779	774	0	176977
224	779	774	763	0	177751
225	774	763	762	0	178514
226	763	762	759	0	179276
227	762	759	739	0	180035
228	759	739	736	0	180774
229	739	736	743	0	181510
230	736	743	724	0	182253
231	743	724	719	0	182977
232	724	719	724	0	183696
233	719	724	732	0	184420
234	724	732	731	0	185152
235	732	731	736	0	185883
236	731	736	751	0	186619
237	736	751	770	0	187370
238	751	770	767	0	188140
239	770	767	786	0	188907
240	767	786	813	0	189693
241	786	813	798	0	190506
242	813	798	797	0	191304
243	798	797	813	0	192101
244	797	813	794	0	192914
245	813	794	794	0	193708
246	794	794	774	0	194502
247	794	774	775	0	195276
248	774	775	786	0	196051
249	775	786	782	0	196837
250	786	782	790	0	197619
251	782	790	801	0	198409
252	790	801	802	0	199210
253	801	802	786	0	200012
254	802	786	786	0	200798
255	786	786	778	0	201584
256	786	778	782	0	202362
257	778	782	798	0	203144
258	782	798	809	0	203942
259	798	809	817	0	204751
260	809	817	825	0	205568
261	817	825	848	0	206393
262	825	848	852	0	207241
263	848	852	829	0	208093
264	852	829	845	0	208922
265	829	845	844	0	209767
266	845	844	817	0	210611
267	844	817	825	0	211428
268	817	825	798	0	212253
269	825	798	782	0	213051
270	798	782	778	0	213833
271	782	778	782	0	214611
272	778	782	798	0	215393
273	782	798	813	0	216191
274	798	813	848	0	217004
275	813	848	833	0	217852
276	848	833	852	0	218685
277	833	852	868	0	219537
278	852	868	836	0	220405
279	868	836	868	0	221241
280	836	868	864	0	222109
281	868	864	829	0	222973
282	864	829	840	0	223802
283	829	840	825	0	224642
284	840	825	829	0	225467
285	825	829	821	0	226296
286	829	821	809	0	227117
287	821	809	833	0	227926
288	809	833	797	0	228759
289	833	797	779	0	229556
290	797	779	774	0	230335
291	779	774	778	0	231109
292	774	778	774	0	231887
293	778	774	771	0	232661
294	774	771	774	0	233432
295	771	774	771	0	234206
296	774	771	758	0	234977
297	771	758	759	0	235735
298	758	759	743	0	236494
299	759	743	744	0	237237
300	743	744	747	0	237981
301	744	747	754	0	238728
302	747	754	767	0	239482
303	754	767	790	0	240249
304	767	790	817	0	241039
305	790	817	829	0	241856
306	817	829	836	0	242685
307	829	836	837	0	243521
308	836	837	829	0	244358
309	837	829	832	0	245187
310	829	832	810	0	246019
311	832	810	821	0	246829
312	810	821	821	0	247650
313	821	821	821	0	248471
314	821	821	817	0	249292
315	821	817	821	0	250109
316	817	821	813	0	250930
317	821	813	806	0	251743
318	813	806	821	0	252549
319	806	821	809	0	253370
320	821	809	813	0	254179
321	809	813	802	0	254992
322	813	802	786	0	255794
323	802	786	770	0	256580
324	786	770	763	0	257350
325	770	763	778	0	258113
326	763	778	774	0	258891
327	778	774	786	0	259665
328	774	786	786	0	260451
329	786	786	790	0	261237
330	786	790	786	0	262027
331	790	786	778	0	262813
332	786	778	790	0	263591
333	778	790	767	0	264381
334	790	767	759	0	265148
335	767	759	786	0	265907
336	759	786	758	0	266693
337	786	758	763	0	267451
338	758	763	759	0	268214
339	763	759	751	0	268973
340	759	751	758	0	269724
341	751	758	763	0	270482
342	758	763	755	0	271245
343	763	755	755	0	272000
344	755	755	751	0	272755
345	755	751	759	0	273506
346	751	759	774	0	274265
347	759	774	786	0	275039
348	774	786	805	0	275825
349	786	805	814	0	276630
350	805	814	821	0	277444
351	814	821	828	0	278265
352	821	828	818	0	279093
353	828	818	801	0	279911
354	818	801	821	0	280712
355	801	821	802	0	281533
356	821	802	801	0	282335
357	802	801	798	0	283136
358	801	798	794	0	283934
359	798	794	782	0	284728
360	794	782	782	0	285510
361	782	782	790	0	286292
362	782	790	793	0	287082
363	790	793	775	0	287875
364	793	775	782	0	288650
365	775	782	778	0	289432
366	782	778	782	0	290210
367	778	782	786	0	290992
368	782	786	763	0	291778
369	786	763	770	0	292541
370	763	770	771	0	293311
371	770	771	755	0	294082
372	771	755	747	0	294837
373	755	747	747	0	295584
374	747	747	743	0	296331
375	747	743	731	0	297074
376	743	731	759	0	297805
377	731	759	755	0	298564
378	759	755	770	0	299319
379	755	770	786	0	300089
380	770	786	775	0	300875
381	786	775	782	0	301650
382	775	782	766	0	302432
383	782	766	759	0	303198
384	766	759	782	0	303957
385	759	782	790	0	304739
386	782	790	802	0	305529
387	790	802	797	0	306331
388	802	797	786	0	307128
389	797	786	810	0	307914
390	786	810	809	0	308724
391	810	809	802	0	309533
392	809	802	805	0	310335
393	802	805	813	0	311140
394	805	813	817	0	311953
395	813	817	841	0	312770
396	817	841	833	0	313611
397	841	833	809	0	314444
398	833	809	790	0	315253
399	809	790	782	0	316043
400	790	782	763	0	316825
401	782	763	754	0	317588
402	763	754	747	0	318342
403	754	747	755	0	319089
404	747	755	751	0	319844
405	755	751	763	0	320595
406	751	763	790	0	321358
407	763	790	794	0	322148
408	790	794	782	0	322942
409	794	782	790	0	323724
410	782	790	782	0	324514
411	790	782	774	0	325296
412	782	774	770	0	326070
413	774	770	759	0	326840
414	770	759	763	0	327599
415	759	763	778	0	328362
416	763	778	790	0	329140
417	778	790	798	0	329930
418	790	798	786	0	330728
419	798	786	793	0	331514
420	786	793	798	0	332307
421	793	798	786	0	333105
422	798	786	794	0	333891
423	786	794	782	0	334685
424	794	782	798	0	335467
425	782	798	778	0	336265
426	798	778	766	0	337043
427	778	766	763	0	337809
428	766	763	482	0	338572
429	763	482	1020	1	339054
430	482	1020	735	0	340074
431	1020	735	736	0	340809
432	735	736	723	0	341545
433	736	723	724	0	342268
434	723	724	724	0	342992
435	724	724	724	0	343716
436	724	724	720	0	344440
437	724	720	719	0	345160
438	720	719	724	0	345879
439	719	724	728	0	346603
440	724	728	727	0	347331
441	728	727	720	0	348058
442	727	720	724	0	348778
443	720	724	728	0	349502
444	724	728	716	0	350230
445	728	716	731	0	350946
446	716	731	720	0	351677
447	731	720	724	0	352397
448	720	724	716	0	353121
449	724	716	716	0	353837
450	716	716	712	0	354553
451	716	712	731	0	355265
452	712	731	728	0	355996
453	731	728	739	0	356724
454	728	739	747	0	357463
455	739	747	767	0	358210
456	747	767	782	0	358977
457	767	782	778	0	359759
458	782	778	794	0	360537
459	778	794	766	0	361331
460	794	766	786	0	362097
461	766	786	790	0	362883
462	786	790	778	0	363673
463	790	778	790	0	364451
464	778	790	771	0	365241
465	790	771	774	0	366012
466	771	774	767	0	366786
467	774	767	786	0	367553
468	767	786	786	0	368339
469	786	786	778	0	369125
470	786	778	774	0	369903
471	778	774	767	0	370677
472	774	767	762	0	371444
473	767	762	763	0	372206
474	762	763	759	0	372969
475	763	759	758	0	373728
476	759	758	755	0	374486
477	758	755	775	0	375241
478	755	775	762	0	376016
479	775	762	751	0	376778
480	762	751	755	0	377529
481	751	755	755	0	378284
482	755	755	759	0	379039
483	755	759	755	0	379798
484	759	755	751	0	380553
485	755	751	766	0	381304
486	751	766	767	0	382070
487	766	767	770	0	382837
488	767	770	763	0	383607
489	770	763	770	0	384370
490	763	770	774	0	385140
491	770	774	794	0	385914
492	774	794	786	0	386708
493	794	786	802	0	387494
494	786	802	809	0	388296
495	802	809	798	0	389105
496	809	798	801	0	389903
497	798	801	821	0	390704
498	801	821	856	0	391525
499	821	856	837	0	392381
500	856	837	844	0	393218
501	837	844	825	0	394062
502	844	825	825	0	394887
503	825	825	798	0	395712
504	825	798	817	0	396510
505	798	817	813	0	397327
506	817	813	821	0	398140
507	813	821	809	0	398961
508	821	809	810	0	399770
509	809	810	805	0	400580
510	810	805	825	0	401385
511	805	825	860	0	402210
512	825	860	864	0	403070
513	860	864	864	0	403934
514	864	864	848	0	404798
515	864	848	848	0	405646
516	848	848	852	0	406494
517	848	852	833	0	407346
518	852	833	844	0	408179
519	833	844	837	0	409023
520	844	837	825	0	409860
521	837	825	836	0	410685
522	825	836	810	0	411521
523	836	810	801	0	412331
524	810	801	802	0	413132
525	801	802	805	0	413934
526	802	805	782	0	414739
527	805	782	790	0	415521
528	782	790	790	0	416311
529	790	790	778	0	417101
530	790	778	767	0	417879
531	778	767	763	0	418646
532	767	763	754	0	419409
533	763	754	744	0	420163
534	754	744	739	0	420907
535	744	739	747	0	421646
536	739	747	739	0	422393
537	747	739	755	0	423132
538	739	755	767	0	423887
539	755	767	786	0	424654
540	767	786	821	0	425440
541	786	821	809	0	426261
542	821	809	837	0	427070
543	809	837	860	0	427907
544	837	860	863	0	428767
545	860	863	868	0	429630
546	863	868	856	0	430498
547	868	856	844	0	431354
548	856	844	856	0	432198
549	844	856	833	0	433054
550	856	833	825	0	433887
551	833	825	844	0	434712
552	825	844	818	0	435556
553	844	818	836	0	436374
554	818	836	837	0	437210
555	836	837	813	0	438047
556	837	813	805	0	438860
557	813	805	817	0	439665
558	805	817	806	0	440482
559	817	806	798	0	441288
560	806	798	797	0	442086
561	798	797	813	0	442883
562	797	813	818	0	443696
563	813	818	832	0	444514
564	818	832	821	0	445346
565	832	821	817	0	446167
566	821	817	810	0	446984
567	817	810	825	0	447794
568	810	825	805	0	448619
569	825	805	817	0	449424
570	805	817	833	0	450241
571	817	833	825	0	451074
572	833	825	821	0	451899
573	825	821	840	0	452720
574	821	840	817	0	453560
575	840	817	798	0	454377
576	817	798	813	0	455175
577	798	813	802	0	455988
578	813	802	809	0	456790
579	802	809	817	0	457599
580	809	817	814	0	458416
581	817	814	832	0	459230
582	814	832	841	0	460062
583	832	841	809	0	460903
584	841	809	825	0	461712
585	809	825	825	0	462537
586	825	825	809	0	463362
587	825	809	825	0	464171
588	809	825	825	0	464996
589	825	825	817	0	465821
590	825	817	825	0	466638
591	817	825	802	0	467463
592	825	802	801	0	468265
593	802	801	786	0	469066
594	801	786	778	0	469852
595	786	778	771	0	470630
596	778	771	766	0	471401
597	771	766	600	0	472167
598	766	600	1000	1	472767
599	600	1000	793	0	473767
600	1000	793	829	0	474560
601	793	829	895	0	475389
602	829	895	895	0	476284
603	895	895	868	0	477179
604	895	868	867	0	478047
605	868	867	845	0	478914
606	867	845	860	0	479759
607	845	860	828	0	480619
608	860	828	829	0	481447
609	828	829	845	0	482276
610	829	845	817	0	483121
611	845	817	817	0	483938
612	817	817	825	0	484755
613	817	825	817	0	485580
614	825	817	813	0	486397
615	817	813	837	0	487210
616	813	837	805	0	488047
617	837	805	821	0	488852
618	805	821	813	0	489673
619	821	813	814	0	490486
620	813	814	836	0	491300
621	814	836	829	0	492136
622	836	829	821	0	492965
623	829	821	825	0	493786
624	821	825	825	0	494611
625	825	825	832	0	495436
626	825	832	810	0	496268
627	832	810	813	0	497078
628	810	813	829	0	497891
629	813	829	821	0	498720
630	829	821	829	0	499541
631	821	829	790	0	500370
632	829	790	533	0	501160
633	790	533	1011	1	501693
634	533	1011	775	0	502704
635	1011	775	782	0	503479
636	775	782	778	0	504261
637	782	778	817	0	505039
638	778	817	809	0	505856
639	817	809	817	0	506665
640	809	817	845	0	507482
641	817	845	829	0	508327
642	845	829	817	0	509156
643	829	817	821	0	509973
644	817	821	832	0	510794
645	821	832	806	0	511626
646	832	806	848	0	512432
647	806	848	833	0	513280
648	848	833	840	0	514113
649	833	840	825	0	514953
650	840	825	817	0	515778
651	825	817	814	0	516595
652	817	814	809	0	517409
653	814	809	794	0	518218
654	809	794	797	0	519012
655	794	797	786	0	519809
656	797	786	790	0	520595
657	786	790	817	0	521385
658	790	817	817	0	522202
659	817	817	829	0	523019
660	817	829	833	0	523848
661	829	833	860	0	524681
662	833	860	848	0	525541
663	860	848	856	0	526389
664	848	856	860	0	527245
665	856	860	879	0	528105
666	860	879	864	0	528984
667	879	864	872	0	529848
668	864	872	875	0	530720
669	872	875	841	0	531595
670	875	841	848	0	532436
671	841	848	848	0	533284
672	848	848	849	0	534132
673	848	849	840	0	534981
674	849	840	848	0	535821
675	840	848	829	0	536669
676	848	829	837	0	537498
677	829	837	832	0	538335
678	837	832	825	0	539167
679	832	825	829	0	539992
680	825	829	829	0	540821
681	829	829	825	0	541650
682	829	825	829	0	542475
683	825	829	821	0	543304
684	829	821	824	0	544125
685	821	824	825	0	544949
686	824	825	825	0	545774
687	825	825	817	0	546599
688	825	817	771	0	547416
689	817	771	735	0	548187
690	771	735	747	0	548922
691	735	747	759	0	549669
692	747	759	735	0	550428
693	759	735	740	0	551163
694	735	740	735	0	551903
695	740	735	739	0	552638
696	735	739	728	0	553377
697	739	728	732	0	554105
698	728	732	731	0	554837
699	732	731	736	0	555568
700	731	736	723	0	556304
701	736	723	747	0	557027
702	723	747	736	0	557774
703	747	736	743	0	558510
704	736	743	759	0	559253
705	743	759	720	0	560012
706	759	720	735	0	560732
707	720	735	731	0	561467
708	735	731	767	0	562198
709	731	767	778	0	562965
710	767	778	802	0	563743
711	778	802	813	0	564545
712	802	813	833	0	565358
713	813	833	537	0	566191
714	833	537	1132	1	566728
715	537	1132	817	0	567860
716	1132	817	805	0	568677
717	817	805	794	0	569482
718	805	794	798	0	570276
719	794	798	798	0	571074
720	798	798	797	0	571872
721	798	797	798	0	572669
722	797	798	801	0	573467
723	798	801	786	0	574268
724	801	786	783	0	575054
725	786	783	778	0	575837
726	783	778	774	0	576615
727	778	774	790	0	577389
728	774	790	809	0	578179
729	790	809	798	0	578988
730	809	798	805	0	579786
731	798	805	806	0	580591
732	805	806	813	0	581397
733	806	813	798	0	582210
734	813	798	813	0	583008
735	798	813	809	0	583821
736	813	809	810	0	584630
737	809	810	809	0	585440
738	810	809	790	0	586249
739	809	790	794	0	587039
740	790	794	790	0	587833
741	794	790	770	0	588623
742	790	770	782	0	589393
743	770	782	798	0	590175
744	782	798	790	0	590973
745	798	790	778	0	591763
746	790	778	809	0	592541
747	778	809	794	0	593350
748	809	794	794	0	594144
749	794	794	794	0	594938
750	794	794	793	0	595732
751	794	793	810	0	596525
752	793	810	825	0	597335
753	810	825	824	0	598160
754	825	824	876	0	598984
755	824	876	879	0	599860
756	876	879	895	0	600739
757	879	895	868	0	601634
758	895	868	840	0	602502
759	868	840	829	0	603342
760	840	829	817	0	604171
761	829	817	802	0	604988
762	817	802	809	0	605790
763	802	809	833	0	606599
764	809	833	821	0	607432
765	833	821	833	0	608253
766	821	833	840	0	609086
767	833	840	833	0	609926
768	840	833	825	0	610759
769	833	825	825	0	611584
770	825	825	817	0	612409
771	825	817	809	0	613226
772	817	809	813	0	614035
773	809	813	810	0	614848
774	813	810	813	0	615658
775	810	813	825	0	616471
776	813	825	813	0	617296
777	825	813	798	0	618109
778	813	798	801	0	618907
779	798	801	786	0	619708
780	801	786	778	0	620494
781	786	778	786	0	621272
782	778	786	775	0	622058
783	786	775	778	0	622833
784	775	778	794	0	623611
785	778	794	809	0	624405
786	794	809	833	0	625214
787	809	833	832	0	626047
788	833	832	825	0	626879
789	832	825	864	0	627704
790	825	864	903	0	628568
791	864	903	848	0	629471
792	903	848	825	0	630319
793	848	825	825	0	631144
794	825	825	801	0	631969
795	825	801	794	0	632770
796	801	794	798	0	633564
797	794	798	798	0	634362
798	798	798	797	0	635160
799	798	797	810	0	635957
800	797	810	805	0	636767
801	810	805	802	0	637572
802	805	802	801	0	638374
803	802	801	786	0	639175
804	801	786	794	0	639961
805	786	794	778	0	640755
806	794	778	774	0	641533
807	778	774	767	0	642307
808	774	767	778	0	643074
809	767	778	771	0	643852
810	778	771	793	0	644623
811	771	793	790	0	645416
812	793	790	802	0	646206
813	790	802	782	0	647008
814	802	782	809	0	647790
815	782	809	829	0	648599
816	809	829	837	0	649428
817	829	837	817	0	650265
818	837	817	836	0	651082
819	817	836	817	0	651918
820	836	817	818	0	652735
821	817	818	789	0	653553
822	818	789	802	0	654342
823	789	802	825	0	655144
824	802	825	821	0	655969
825	825	821	821	0	656790
826	821	821	829	0	657611
827	821	829	813	0	658440
828	829	813	809	0	659253
829	813	809	813	0	660062
830	809	813	814	0	660875
831	813	814	817	0	661689
832	814	817	836	0	662506
833	817	836	833	0	663342
834	836	833	833	0	664175
835	833	833	840	0	665008
836	833	840	825	0	665848
837	840	825	825	0	666673
838	825	825	829	0	667498
839	825	829	817	0	668327
840	829	817	817	0	669144
841	817	817	817	0	669961
842	817	817	810	0	670778
843	817	810	793	0	671588
844	810	793	810	0	672381
845	793	810	852	0	673191
846	810	852	875	0	674043
847	852	875	891	0	674918
848	875	891	926	0	675809
849	891	926	907	0	676735
850	926	907	914	0	677642
851	907	914	926	0	678556
852	914	926	927	0	679482
853	926	927	930	0	680409
854	927	930	902	0	681339
855	930	902	884	0	682241
856	902	884	894	0	683125
857	884	894	864	0	684019
858	894	864	868	0	684883
859	864	868	864	0	685751
860	868	864	856	0	686615
861	864	856	864	0	687471
862	856	864	871	0	688335
863	864	871	860	0	689206
864	871	860	880	0	690066
865	860	880	879	0	690946
866	880	879	895	0	691825
867	879	895	906	0	692720
868	895	906	880	0	693626
869	906	880	879	0	694506
870	880	879	868	0	695385
871	879	868	879	0	696253
872	868	879	884	0	697132
873	879	884	875	0	698016
874	884	875	876	0	698891
875	875	876	898	0	699767
876	876	898	868	0	700665
877	898	868	872	0	701533
878	868	872	875	0	702405
879	872	875	872	0	703280
880	875	872	867	0	704152
881	872	867	868	0	705019
882	867	868	872	0	705887
883	868	872	879	0	706759
884	872	879	891	0	707638
885	879	891	891	0	708529
886	891	891	915	0	709420
887	891	915	906	0	710335
888	915	906	887	0	711241
889	906	887	895	0	712128
890	887	895	884	0	713023
891	895	884	879	0	713907
892	884	879	883	0	714786
893	879	883	872	0	715669
894	883	872	871	0	716541
895	872	871	872	0	717412
896	871	872	856	0	718284
897	872	856	856	0	719140
898	856	856	852	0	719996
899	856	852	848	0	720848
900	852	848	872	0	721696
901	848	872	879	0	722568
902	872	879	884	0	723447
903	879	884	895	0	724331
904	884	895	899	0	725226
905	895	899	910	0	726125
906	899	910	918	0	727035
907	910	918	919	0	727953
908	918	919	926	0	728872
909	919	926	930	0	729798
910	926	930	918	0	730728
911	930	918	926	0	731646
912	918	926	934	0	732572
913	926	934	934	0	733506
914	934	934	930	0	734440
915	934	930	930	0	735370
916	930	930	933	0	736300
917	930	933	942	0	737233
918	933	942	911	0	738175
919	942	911	930	0	739086
920	911	930	926	0	740016
921	930	926	930	0	740942
922	926	930	937	0	741872
923	930	937	942	0	742809
924	937	942	938	0	743751
925	942	938	949	0	744689
926	938	949	950	0	745638
927	949	950	937	0	746588
928	950	937	934	0	747525
929	937	934	911	0	748459
930	934	911	910	0	749370
931	911	910	911	0	750280
932	910	911	895	0	751191
933	911	895	891	0	752086
934	895	891	891	0	752977
935	891	891	895	0	753868
936	891	895	906	0	754763
937	895	906	887	0	755669
938	906	887	899	0	756556
939	887	899	903	0	757455
940	899	903	918	0	758358
941	903	918	922	0	759276
942	918	922	915	0	760198
943	922	915	910	0	761113
944	915	910	923	0	762023
945	910	923	918	0	762946
946	923	918	918	0	763864
947	918	918	498	0	764782
948	918	498	1284	1	765280
949	498	1284	903	0	766564
950	1284	903	891	0	767467
951	903	891	891	0	768358
952	891	891	879	0	769249
953	891	879	895	0	770128
954	879	895	891	0	771023
955	895	891	891	0	771914
956	891	891	884	0	772805
957	891	884	883	0	773689
958	884	883	887	0	774572
959	883	887	915	0	775459
960	887	915	898	0	776374
961	915	898	923	0	777272
962	898	923	906	0	778195
963	923	906	899	0	779101
964	906	899	911	0	780000
965	899	911	898	0	780911
966	911	898	876	0	781809
967	898	876	895	0	782685
968	876	895	899	0	783580
969	895	899	902	0	784479
970	899	902	911	0	785381
971	902	911	903	0	786292
972	911	903	914	0	787195
973	903	914	918	0	788109
974	914	918	911	0	789027
975	918	911	930	0	789938
976	911	930	914	0	790868
977	930	914	887	0	791782
978	914	887	891	0	792669
979	887	891	903	0	793560
980	891	903	891	0	794463
981	903	891	883	0	795354
982	891	883	884	0	796237
983	883	884	891	0	797121
984	884	891	910	0	798012
985	891	910	899	0	798922
986	910	899	942	0	799821
987	899	942	933	0	800763
988	942	933	923	0	801696
989	933	923	949	0	802619
990	923	949	961	0	803568
991	949	961	926	0	804529
992	961	926	965	0	805455
993	926	965	942	0	806420
994	965	942	918	0	807362
995	942	918	907	0	808280
996	918	907	891	0	809187
997	907	891	895	0	810078
998	891	895	906	0	810973
999	895	906	530	0	811879
1000	906	530	1245	1	812409
1001	530	1245	879	0	813654
1002	1245	879	879	0	814533
1003	879	879	892	0	815412
1004	879	892	863	0	816304
1005	892	863	868	0	817167
1006	863	868	876	0	818035
1007	868	876	871	0	818911
1008	876	871	868	0	819782
1009	871	868	883	0	820650
1010	868	883	883	0	821533
1011	883	883	884	0	822416
1012	883	884	891	0	823300
1013	884	891	898	0	824191
1014	891	898	899	0	825089
1015	898	899	911	0	825988
1016	899	911	903	0	826899
1017	911	903	910	0	827802
1018	903	910	911	0	828712
1019	910	911	887	0	829623
1020	911	887	891	0	830510
1021	887	891	891	0	831401
1022	891	891	883	0	832292
1023	891	883	891	0	833175
1024	883	891	899	0	834066
1025	891	899	887	0	834965
1026	899	887	899	0	835852
1027	887	899	899	0	836751
1028	899	899	910	0	837650
1029	899	910	919	0	838560
1030	910	919	898	0	839479
1031	919	898	915	0	840377
1032	898	915	938	0	841292
1033	915	938	930	0	842230
1034	938	930	941	0	843160
1035	930	941	950	0	844101
1036	941	950	914	0	845051
1037	950	914	903	0	845965
1038	914	903	887	0	846868
1039	903	887	871	0	847755
1040	887	871	872	0	848626
1041	871	872	864	0	849498
1042	872	864	868	0	850362
1043	864	868	875	0	851230
1044	868	875	860	0	852105
1045	875	860	864	0	852965
1046	860	864	867	0	853829
1047	864	867	860	0	854696
1048	867	860	864	0	855556
1049	860	864	884	0	856420
1050	864	884	879	0	857304
1051	884	879	891	0	858183
1052	879	891	903	0	859074
1053	891	903	891	0	859977
1054	903	891	914	0	860868
1055	891	914	922	0	861782
1056	914	922	915	0	862704
1057	922	915	937	0	863619
1058	915	937	930	0	864556
1059	937	930	926	0	865486
1060	930	926	930	0	866412
1061	926	930	926	0	867342
1062	930	926	938	0	868268
1063	926	938	922	0	869206
1064	938	922	911	0	870128
1065	922	911	922	0	871039
1066	911	922	942	0	871961
1067	922	942	918	0	872903
1068	942	918	914	0	873821
1069	918	914	919	0	874735
1070	914	919	918	0	875654
1071	919	918	922	0	876572
1072	918	922	918	0	877494
1073	922	918	903	0	878412
1074	918	903	918	0	879315
1075	903	918	895	0	880233
1076	918	895	899	0	881128
1077	895	899	907	0	882027
1078	899	907	895	0	882934
1079	907	895	899	0	883829
1080	895	899	895	0	884728
1081	899	895	891	0	885623
1082	895	891	883	0	886514
1083	891	883	879	0	887397
1084	883	879	880	0	888276
1085	879	880	871	0	889156
1086	880	871	884	0	890027
1087	871	884	894	0	890911
1088	884	894	891	0	891805
1089	894	891	892	0	892696
1090	891	892	898	0	893588
1091	892	898	903	0	894486
1092	898	903	899	0	895389
1093	903	899	907	0	896288
1094	899	907	922	0	897195
1095	907	922	918	0	898117
1096	922	918	926	0	899035
1097	918	926	903	0	899961
1098	926	903	910	0	900864
1099	903	910	887	0	901774
1100	910	887	884	0	902661
1101	887	884	875	0	903545
1102	884	875	868	0	904420
1103	875	868	864	0	905288
1104	868	864	860	0	906152
1105	864	860	887	0	907012
1106	860	887	891	0	907899
1107	887	891	899	0	908790
1108	891	899	914	0	909689
1109	899	914	907	0	910603
1110	914	907	910	0	911510
1111	907	910	915	0	912420
1112	910	915	910	0	913335
1113	915	910	887	0	914245
1114	910	887	872	0	915132
1115	887	872	856	0	916004
1116	872	856	875	0	916860
1117	856	875	864	0	917735
1118	875	864	868	0	918599
1119	864	868	868	0	919467
1120	868	868	871	0	920335
1121	868	871	880	0	921206
1122	871	880	883	0	922086
1123	880	883	883	0	922969
1124	883	883	887	0	923852
1125	883	887	895	0	924739
1126	887	895	891	0	925634
1127	895	891	895	0	926525
1128	891	895	880	0	927420
1129	895	880	887	0	928300
1130	880	887	895	0	929187
1131	887	895	899	0	930082
1132	895	899	910	0	930981
1133	899	910	907	0	931891
1134	910	907	906	0	932798
1135	907	906	907	0	933704
1136	906	907	899	0	934611
1137	907	899	887	0	935510
1138	899	887	887	0	936397
1139	887	887	883	0	937284
1140	887	883	876	0	938167
1141	883	876	879	0	939043
1142	876	879	868	0	939922
1143	879	868	875	0	940790
1144	868	875	880	0	941665
1145	875	880	883	0	942545
1146	880	883	891	0	943428
1147	883	891	903	0	944319
1148	891	903	914	0	945222
1149	903	914	930	0	946136
1150	914	930	938	0	947066
1151	930	938	930	0	948004
1152	938	930	934	0	948934
1153	930	934	910	0	949868
1154	934	910	911	0	950778
1155	910	911	926	0	951689
1156	911	926	910	0	952615
1157	926	910	919	0	953525
1158	910	919	914	0	954444
1159	919	914	907	0	955358
1160	914	907	910	0	956265
1161	907	910	918	0	957175
1162	910	918	907	0	958093
1163	918	907	918	0	959000
1164	907	918	895	0	959918
1165	918	895	903	0	960813
1166	895	903	914	0	961716
1167	903	914	907	0	962630
1168	914	907	918	0	963537
1169	907	918	919	0	964455
1170	918	919	914	0	965374
1171	919	914	930	0	966288
1172	914	930	914	0	967218
1173	930	914	934	0	968132
1174	914	934	899	0	969066
1175	934	899	883	0	969965
1176	899	883	895	0	970848
1177	883	895	887	0	971743
1178	895	887	903	0	972630
1179	887	903	918	0	973533
1180	903	918	923	0	974451
1181	918	923	930	0	975374
1182	923	930	922	0	976304
1183	930	922	918	0	977226
1184	922	918	926	0	978144
1185	918	926	926	0	979070
1186	926	926	938	0	979996
1187	926	938	852	0	980934
1188	938	852	560	1	981786
1189	852	560	775	1	982346
1190	560	775	704	1	983121
1191	775	704	626	1	983825
1192	704	626	1374	1	984451
1193	626	1374	895	0	985825
1194	1374	895	887	0	986720
1195	895	887	891	0	987607
1196	887	891	887	0	988498
1197	891	887	891	0	989385
1198	887	891	891	0	990276
1199	891	891	884	0	991167
1200	891	884	902	0	992051
1201	884	902	899	0	992953
1202	902	899	903	0	993852
1203	899	903	906	0	994755
1204	903	906	915	0	995661
1205	906	915	906	0	996576
1206	915	906	919	0	997482
1207	906	919	903	0	998401
1208	919	903	887	0	999304
1209	903	887	902	0	1000191
1210	887	902	895	0	1001093
1211	902	895	891	0	1001988
1212	895	891	907	0	1002879
1213	891	907	887	0	1003786
1214	907	887	911	0	1004673
1215	887	911	898	0	1005584
1216	911	898	903	0	1006482
1217	898	903	911	0	1007385
1218	903	911	918	0	1008296
1219	911	918	891	0	1009214
1220	918	891	891	0	1010105
1221	891	891	899	0	1010996
1222	891	899	903	0	1011895
1223	899	903	898	0	1012798
1224	903	898	892	0	1013696
1225	898	892	910	0	1014588
1226	892	910	895	0	1015498
1227	910	895	903	0	1016393
1228	895	903	910	0	1017296
1229	903	910	903	0	1018206
1230	910	903	907	0	1019109
1231	903	907	906	0	1020016
1232	907	906	918	0	1020922
1233	906	918	911	0	1021840
1234	918	911	910	0	1022751
1235	911	910	903	0	1023661
1236	910	903	899	0	1024564
1237	903	899	907	0	1025463
1238	899	907	887	0	1026370
1239	907	887	883	0	1027257
1240	887	883	887	0	1028140
1241	883	887	887	0	1029027
1242	887	887	891	0	1029914
1243	887	891	891	0	1030805
1244	891	891	899	0	1031696
1245	891	899	903	0	1032595
1246	899	903	879	0	1033498
1247	903	879	903	0	1034377
1248	879	903	880	0	1035280
1249	903	880	891	0	1036160
1250	880	891	883	0	1037051
1251	891	883	891	0	1037934
1252	883	891	891	0	1038825
1253	891	891	883	0	1039716
1254	891	883	891	0	1040599
1255	883	891	895	0	1041490
1256	891	895	887	0	1042385
1257	895	887	895	0	1043272
1258	887	895	899	0	1044167
1259	895	899	895	0	1045066
1260	899	895	903	0	1045961
1261	895	903	903	0	1046864
1262	903	903	914	0	1047767
1263	903	914	910	0	1048681
1264	914	910	923	0	1049591
1265	910	923	895	0	1050514
1266	923	895	859	0	1051409
1267	895	859	833	0	1052268
1268	859	833	810	0	1053101
1269	833	810	801	0	1053911
1270	810	801	794	0	1054712
1271	801	794	766	0	1055506
1272	794	766	720	0	1056272
1273	766	720	720	0	1056992
1274	720	720	720	0	1057712
1275	720	720	728	0	1058432
1276	720	728	727	0	1059160
1277	728	727	728	0	1059887
1278	727	728	735	0	1060615
1279	728	735	747	0	1061350
1280	735	747	720	0	1062097
1281	747	720	732	0	1062817
1282	720	732	751	0	1063549
1283	732	751	731	0	1064300
1284	751	731	724	0	1065031
1285	731	724	727	0	1065755
1286	724	727	716	0	1066482
1287	727	716	720	0	1067198
1288	716	720	712	0	1067918
1289	720	712	709	0	1068630
1290	712	709	723	0	1069339
1291	709	723	740	0	1070062
1292	723	740	716	0	1070802
1293	740	716	747	0	1071518
1294	716	747	735	0	1072265
1295	747	735	751	0	1073000
1296	735	751	759	0	1073751
1297	751	759	739	0	1074510
1298	759	739	751	0	1075249
1299	739	751	739	0	1076000
1300	751	739	732	0	1076739
1301	739	732	727	0	1077471
1302	732	727	732	0	1078198
1303	727	732	728	0	1078930
1304	732	728	723	0	1079658
1305	728	723	728	0	1080381
1306	723	728	724	0	1081109
1307	728	724	723	0	1081833
1308	724	723	720	0	1082556
1309	723	720	716	0	1083276
1310	720	716	724	0	1083992
1311	716	724	731	0	1084716
1312	724	731	724	0	1085447
1313	731	724	743	0	1086171
1314	724	743	736	0	1086914
1315	743	736	743	0	1087650
1316	736	743	735	0	1088393
1317	743	735	740	0	1089128
1318	735	740	743	0	1089868
1319	740	743	735	0	1090611
1320	743	735	743	0	1091346
1321	735	743	732	0	1092089
1322	743	732	728	0	1092821
1323	732	728	739	0	1093549
1324	728	739	735	0	1094288
1325	739	735	732	0	1095023
1326	735	732	731	0	1095755
1327	732	731	755	0	1096486
1328	731	755	740	0	1097241
1329	755	740	747	0	1097981
1330	740	747	766	0	1098728
1331	747	766	743	0	1099494
1332	766	743	759	0	1100237
1333	743	759	743	0	1100996
1334	759	743	716	0	1101739
1335	743	716	724	0	1102455
1336	716	724	732	0	1103179
1337	724	732	696	0	1103911
1338	732	696	712	0	1104607
1339	696	712	708	0	1105319
1340	712	708	689	0	1106027
1341	708	689	700	0	1106716
1342	689	700	712	0	1107416
1343	700	712	712	0	1108128
1344	712	712	709	0	1108840
1345	712	709	723	0	1109549
1346	709	723	720	0	1110272
1347	723	720	708	0	1110992
1348	720	708	709	0	1111700
1349	708	709	719	0	1112409
1350	709	719	724	0	1113128
1351	719	724	720	0	1113852
1352	724	720	716	0	1114572
1353	720	716	712	0	1115288
1354	716	712	712	0	1116000
1355	712	712	712	0	1116712
1356	712	712	704	0	1117424
1357	712	704	716	0	1118128
1358	704	716	709	0	1118844
1359	716	709	704	0	1119553
1360	709	704	712	0	1120257
1361	704	712	708	0	1120969
1362	712	708	704	0	1121677
1363	708	704	705	0	1122381
1364	704	705	716	0	1123086
1365	705	716	704	0	1123802
1366	716	704	720	0	1124506
1367	704	720	723	0	1125226
1368	720	723	736	0	1125949
1369	723	736	716	0	1126685
1370	736	716	708	0	1127401
1371	716	708	716	0	1128109
1372	708	716	693	0	1128825
1373	716	693	700	0	1129518
1374	693	700	696	0	1130218
1375	700	696	705	0	1130914
1376	696	705	696	0	1131619
1377	705	696	716	0	1132315
1378	696	716	708	0	1133031
1379	716	708	708	0	1133739
1380	708	708	724	0	1134447
1381	708	724	704	0	1135171
1382	724	704	689	0	1135875
1383	704	689	720	0	1136564
1384	689	720	693	0	1137284
1385	720	693	700	0	1137977
1386	693	700	689	0	1138677
1387	700	689	685	0	1139366
1388	689	685	688	0	1140051
1389	685	688	681	0	1140739
1390	688	681	669	0	1141420
1391	681	669	685	0	1142089
1392	669	685	685	0	1142774
1393	685	685	693	0	1143459
1394	685	693	685	0	1144152
1395	693	685	712	0	1144837
1396	685	712	723	0	1145549
1397	712	723	720	0	1146272
1398	723	720	728	0	1146992
1399	720	728	727	0	1147720
1400	728	727	732	0	1148447
1401	727	732	767	0	1149179
1402	732	767	747	0	1149946
1403	767	747	747	0	1150693
1404	747	747	739	0	1151440
1405	747	739	747	0	1152179
1406	739	747	747	0	1152926
1407	747	747	747	0	1153673
1408	747	747	767	0	1154420
1409	747	767	778	0	1155187
1410	767	778	767	0	1155965
1411	778	767	782	0	1156732
1412	767	782	774	0	1157514
1413	782	774	774	0	1158288
1414	774	774	786	0	1159062
1415	774	786	771	0	1159848
1416	786	771	786	0	1160619
1417	771	786	770	0	1161405
1418	786	770	767	0	1162175
1419	770	767	790	0	1162942
1420	767	790	731	0	1163732
1421	790	731	778	0	1164463
1422	731	778	755	0	1165241
1423	778	755	759	0	1165996
1424	755	759	766	0	1166755
1425	759	766	771	0	1167521
1426	766	771	774	0	1168292
1427	771	774	778	0	1169066
1428	774	778	775	0	1169844
1429	778	775	774	0	1170619
1430	775	774	778	0	1171393
1431	774	778	782	0	1172171
1432	778	782	786	0	1172953
1433	782	786	786	0	1173739
1434	786	786	786	0	1174525
1435	786	786	782	0	1175311
1436	786	782	779	0	1176093
1437	782	779	778	0	1176872
1438	779	778	782	0	1177650
1439	778	782	766	0	1178432
1440	782	766	779	0	1179198
1441	766	779	770	0	1179977
1442	779	770	774	0	1180747
1443	770	774	783	0	1181521
1444	774	783	785	0	1182304
1445	783	785	783	0	1183089
1446	785	783	786	0	1183872
1447	783	786	782	0	1184658
1448	786	782	790	0	1185440
1449	782	790	786	0	1186230
1450	790	786	786	0	1187016
1451	786	786	789	0	1187802
1452	786	789	798	0	1188591
1453	789	798	790	0	1189389
1454	798	790	778	0	1190179
1455	790	778	790	0	1190957
1456	778	790	790	0	1191747
1457	790	790	774	0	1192537
1458	790	774	763	0	1193311
1459	774	763	786	0	1194074
1460	763	786	498	0	1194860
1461	786	498	1078	1	1195358
1462	498	1078	774	0	1196436
1463	1078	774	755	0	1197210
1464	774	755	731	0	1197965
1465	755	731	697	0	1198696
1466	731	697	708	0	1199393
1467	697	708	685	0	1200101
1468	708	685	689	0	1200786
1469	685	689	692	0	1201475
1470	689	692	689	0	1202167
1471	692	689	685	0	1202856
1472	689	685	716	0	1203541
1473	685	716	712	0	1204257
1474	716	712	724	0	1204969
1475	712	724	731	0	1205693
1476	724	731	739	0	1206424
1477	731	739	755	0	1207163
1478	739	755	798	0	1207918
1479	755	798	833	0	1208716
1480	798	833	809	0	1209549
1481	833	809	805	0	1210358
1482	809	805	798	0	1211163
1483	805	798	794	0	1211961
1484	798	794	786	0	1212755
1485	794	786	817	0	1213541
1486	786	817	794	0	1214358
1487	817	794	797	0	1215152
1488	794	797	798	0	1215949
1489	797	798	798	0	1216747
1490	798	798	801	0	1217545
1491	798	801	802	0	1218346
1492	801	802	794	0	1219148
1493	802	794	797	0	1219942
1494	794	797	802	0	1220739
1495	797	802	798	0	1221541
1496	802	798	801	0	1222339
1497	798	801	798	0	1223140
1498	801	798	805	0	1223938
1499	798	805	813	0	1224743
1500	805	813	806	0	1225556
1501	813	806	801	0	1226362
1502	806	801	810	0	1227163
1503	801	810	797	0	1227973
1504	810	797	806	0	1228770
1505	797	806	798	0	1229576
1506	806	798	801	0	1230374
1507	798	801	809	0	1231175
1508	801	809	810	0	1231984
1509	809	810	801	0	1232794
1510	810	801	814	0	1233595
1511	801	814	821	0	1234409
1512	814	821	778	0	1235230
1513	821	778	794	0	1236008
1514	778	794	805	0	1236802
1515	794	805	794	0	1237607
1516	805	794	805	0	1238401
1517	794	805	806	0	1239206
1518	805	806	809	0	1240012
1519	806	809	802	0	1240821
1520	809	802	786	0	1241623
1521	802	786	801	0	1242409
1522	786	801	790	0	1243210
1523	801	790	770	0	1244000
1524	790	770	786	0	1244770
1525	770	786	786	0	1245556
1526	786	786	802	0	1246342
1527	786	802	794	0	1247144
1528	802	794	801	0	1247938
1529	794	801	798	0	1248739
1530	801	798	802	0	1249537
1531	798	802	809	0	1250339
1532	802	809	805	0	1251148
1533	809	805	794	0	1251953
1534	805	794	813	0	1252747
1535	794	813	798	0	1253560
1536	813	798	817	0	1254358
1537	798	817	825	0	1255175
1538	817	825	821	0	1256000
1539	825	821	837	0	1256821
1540	821	837	844	0	1257658
1541	837	844	844	0	1258502
1542	844	844	860	0	1259346
1543	844	860	872	0	1260206
1544	860	872	868	0	1261078
1545	872	868	887	0	1261946
1546	868	887	899	0	1262833
1547	887	899	871	0	1263732
1548	899	871	883	0	1264603
1549	871	883	891	0	1265486
1550	883	891	864	0	1266377
1551	891	864	864	0	1267241
1552	864	864	852	0	1268105
1553	864	852	841	0	1268957
1554	852	841	836	0	1269798
1555	841	836	829	0	1270634
1556	836	829	817	0	1271463
1557	829	817	825	0	1272280
1558	817	825	802	0	1273105
1559	825	802	828	0	1273907
1560	802	828	825	0	1274735
1561	828	825	825	0	1275560
1562	825	825	845	0	1276385
1563	825	845	859	0	1277230
1564	845	859	845	0	1278089
1565	859	845	883	0	1278934
1566	845	883	883	0	1279817
1567	883	883	864	0	1280700
1568	883	864	876	0	1281564
1569	864	876	891	0	1282440
1570	876	891	875	0	1283331
1571	891	875	903	0	1284206
1572	875	903	907	0	1285109
1573	903	907	891	0	1286016
1574	907	891	906	0	1286907
1575	891	906	911	0	1287813
1576	906	911	902	0	1288724
1577	911	902	892	0	1289626
1578	902	892	902	0	1290518
1579	892	902	903	0	1291420
1580	902	903	907	0	1292323
1581	903	907	898	0	1293230
1582	907	898	888	0	1294128
1583	898	888	879	0	1295016
1584	888	879	875	0	1295895
1585	879	875	880	0	1296770
1586	875	880	871	0	1297650
1587	880	871	891	0	1298521
1588	871	891	888	0	1299412
1589	891	888	867	0	1300300
1590	888	867	895	0	1301167
1591	867	895	887	0	1302062
1592	895	887	860	0	1302949
1593	887	860	864	0	1303809
1594	860	864	837	0	1304673
1595	864	837	832	0	1305510
1596	837	832	825	0	1306342
1597	832	825	817	0	1307167
1598	825	817	806	0	1307984
1599	817	806	798	0	1308790
1600	806	798	801	0	1309588
1601	798	801	790	0	1310389
1602	801	790	763	0	1311179
1603	790	763	747	0	1311942
1604	763	747	762	0	1312689
1605	747	762	779	0	1313451
1606	762	779	778	0	1314230
1607	779	778	774	0	1315008
1608	778	774	778	0	1315782
1609	774	778	907	0	1316560
1610	778	907	953	0	1317467
1611	907	953	864	0	1318420
1612	953	864	872	0	1319284
1613	864	872	871	0	1320156
1614	872	871	856	0	1321027
1615	871	856	876	0	1321883
1616	856	876	875	0	1322759
1617	876	875	899	0	1323634
1618	875	899	907	0	1324533
1619	899	907	918	0	1325440
1620	907	918	907	0	1326358
1621	918	907	910	0	1327265
1622	907	910	891	0	1328175
1623	910	891	899	0	1329066
1624	891	899	903	0	1329965
1625	899	903	910	0	1330868
1626	903	910	911	0	1331778
1627	910	911	906	0	1332689
1628	911	906	891	0	1333595
1629	906	891	891	0	1334486
1630	891	891	895	0	1335377
1631	891	895	876	0	1336272
1632	895	876	887	0	1337148
1633	876	887	856	0	1338035
1634	887	856	876	0	1338891
1635	856	876	875	0	1339767
1636	876	875	852	0	1340642
1637	875	852	880	0	1341494
1638	852	880	875	0	1342374
1639	880	875	879	0	1343249
1640	875	879	891	0	1344128
1641	879	891	868	0	1345019
1642	891	868	860	0	1345887
1643	868	860	872	0	1346747
1644	860	872	860	0	1347619
1645	872	860	844	0	1348479
1646	860	844	864	0	1349323
1647	844	864	867	0	1350187
1648	864	867	849	0	1351054
1649	867	849	860	0	1351903
1650	849	860	856	0	1352763
1651	860	856	836	0	1353619
1652	856	836	856	0	1354455
1653	836	856	849	0	1355311
1654	856	849	848	0	1356160
1655	849	848	840	0	1357008
1656	848	840	841	0	1357848
1657	840	841	840	0	1358689
1658	841	840	852	0	1359529
1659	840	852	833	0	1360381
1660	852	833	848	0	1361214
1661	833	848	833	0	1362062
1662	848	833	829	0	1362895
1663	833	829	832	0	1363724
1664	829	832	841	0	1364556
1665	832	841	852	0	1365397
1666	841	852	856	0	1366249
1667	852	856	852	0	1367105
1668	856	852	880	0	1367957
1669	852	880	895	0	1368837
1670	880	895	883	0	1369732
1671	895	883	879	0	1370615
1672	883	879	872	0	1371494
1673	879	872	867	0	1372366
1674	872	867	880	0	1373233
1675	867	880	879	0	1374113
1676	880	879	887	0	1374992
1677	879	887	899	0	1375879
1678	887	899	903	0	1376778
1679	899	903	899	0	1377681
1680	903	899	902	0	1378580
1681	899	902	907	0	1379482
1682	902	907	891	0	1380389
1683	907	891	899	0	1381280
1684	891	899	879	0	1382179
1685	899	879	853	0	1383058
1686	879	853	859	0	1383911
1687	853	859	860	0	1384770
1688	859	860	841	0	1385630
1689	860	841	864	0	1386471
1690	841	864	848	0	1387335
1691	864	848	852	0	1388183
1692	848	852	852	0	1389035
1693	852	852	845	0	1389887
1694	852	845	832	0	1390732
1695	845	832	860	0	1391564
1696	832	860	837	0	1392424
1697	860	837	883	0	1393261
1698	837	883	860	0	1394144
1699	883	860	871	0	1395004
1700	860	871	853	0	1395875
1701	871	853	867	0	1396728
1702	853	867	880	0	1397595
1703	867	880	856	0	1398475
1704	880	856	887	0	1399331
1705	856	887	875	0	1400218
1706	887	875	853	0	1401093
1707	875	853	871	0	1401946
1708	853	871	864	0	1402817
1709	871	864	848	0	1403681
1710	864	848	864	0	1404529
1711	848	864	856	0	1405393
1712	864	856	848	0	1406249
1713	856	848	872	0	1407097
1714	848	872	852	0	1407969
1715	872	852	844	0	1408821
1716	852	844	872	0	1409665
1717	844	872	864	0	1410537
1718	872	864	860	0	1411401
1719	864	860	875	0	1412261
1720	860	875	880	0	1413136
1721	875	880	863	0	1414016
1722	880	863	884	0	1414879
1723	863	884	875	0	1415763
1724	884	875	852	0	1416638
1725	875	852	856	0	1417490
1726	852	856	841	0	1418346
1727	856	841	840	0	1419187
1728	841	840	841	0	1420027
1729	840	841	828	0	1420868
1730	841	828	845	0	1421696
1731	828	845	848	0	1422541
1732	845	848	852	0	1423389
1733	848	852	868	0	1424241
1734	852	868	887	0	1425109
1735	868	887	887	0	1425996
1736	887	887	911	0	1426883
1737	887	911	902	0	1427794
1738	911	902	899	0	1428696
1739	902	899	934	0	1429595
1740	899	934	903	0	1430529
1741	934	903	910	0	1431432
1742	903	910	926	0	1432342
1743	910	926	923	0	1433268
1744	926	923	902	0	1434191
1745	923	902	930	0	1435093
1746	902	930	930	0	1436023
1747	930	930	938	0	1436953
1748	930	938	934	0	1437891
1749	938	934	930	0	1438825
1750	934	930	903	0	1439755
1751	930	903	937	0	1440658
1752	903	937	946	0	1441595
1753	937	946	895	0	1442541
1754	946	895	922	0	1443436
1755	895	922	946	0	1444358
1756	922	946	879	0	1445304
1757	946	879	883	0	1446183
1758	879	883	887	0	1447066
1759	883	887	880	0	1447953
1760	887	880	902	0	1448833
1761	880	902	938	0	1449735
1762	902	938	911	0	1450673
1763	938	911	918	0	1451584
1764	911	918	922	0	1452502
1765	918	922	922	0	1453424
1766	922	922	934	0	1454346
1767	922	934	880	0	1455280
1768	934	880	891	0	1456160
1769	880	891	914	0	1457051
1770	891	914	883	0	1457965
1771	914	883	887	0	1458848
1772	883	887	903	0	1459735
1773	887	903	872	0	1460638
1774	903	872	895	0	1461510
1775	872	895	879	0	1462405
1776	895	879	856	0	1463284
1777	879	856	872	0	1464140
1778	856	872	867	0	1465012
1779	872	867	853	0	1465879
1780	867	853	863	0	1466732
1781	853	863	868	0	1467595
1782	863	868	856	0	1468463
1783	868	856	864	0	1469319
1784	856	864	875	0	1470183
1785	864	875	868	0	1471058
1786	875	868	879	0	1471926
1787	868	879	884	0	1472805
1788	879	884	875	0	1473689
1789	884	875	883	0	1474564
1790	875	883	880	0	1475447
1791	883	880	871	0	1476327
1792	880	871	872	0	1477198
1793	871	872	876	0	1478070
1794	872	876	883	0	1478946
1795	876	883	875	0	1479829
1796	883	875	864	0	1480704
1797	875	864	872	0	1481568
1798	864	872	552	0	1482440
1799	872	552	1191	1	1482992
1800	552	1191	864	0	1484183
1801	1191	864	864	0	1485047
1802	864	864	856	0	1485911
1803	864	856	875	0	1486767
1804	856	875	864	0	1487642
1805	875	864	864	0	1488506
1806	864	864	863	0	1489370
1807	864	863	888	0	1490233
1808	863	888	879	0	1491121
1809	888	879	895	0	1492000
1810	879	895	895	0	1492895
1811	895	895	891	0	1493790
1812	895	891	895	0	1494681
1813	891	895	887	0	1495576
1814	895	887	883	0	1496463
1815	887	883	884	0	1497346
1816	883	884	883	0	1498230
1817	884	883	864	0	1499113
1818	883	864	902	0	1499977
1819	864	902	884	0	1500879
1820	902	884	863	0	1501763
1821	884	863	872	0	1502626
1822	863	872	883	0	1503498
1823	872	883	887	0	1504381
1824	883	887	899	0	1505268
1825	887	899	899	0	1506167
1826	899	899	899	0	1507066
1827	899	899	907	0	1507965
1828	899	907	918	0	1508872
1829	907	918	895	0	1509790
1830	918	895	910	0	1510685
1831	895	910	919	0	1511595
1832	910	919	902	0	1512514
1833	919	902	907	0	1513416
1834	902	907	903	0	1514323
1835	907	903	883	0	1515226
1836	903	883	899	0	1516109
1837	883	899	903	0	1517008
1838	899	903	875	0	1517911
1839	903	875	899	0	1518786
1840	875	899	918	0	1519685
1841	899	918	903	0	1520603
1842	918	903	926	0	1521506
1843	903	926	899	0	1522432
1844	926	899	891	0	1523331
1845	899	891	895	0	1524222
1846	891	895	902	0	1525117
1847	895	902	895	0	1526019
1848	902	895	915	0	1526914
1849	895	915	906	0	1527829
1850	915	906	899	0	1528735
1851	906	899	915	0	1529634
1852	899	915	922	0	1530549
1853	915	922	918	0	1531471
1854	922	918	903	0	1532389
1855	918	903	903	0	1533292
1856	903	903	867	0	1534195
1857	903	867	856	0	1535062
1858	867	856	845	0	1535918
1859	856	845	828	0	1536763
1860	845	828	845	0	1537591
1861	828	845	829	0	1538436
1862	845	829	832	0	1539265
1863	829	832	837	0	1540097
1864	832	837	836	0	1540934
1865	837	836	849	0	1541770
1866	836	849	848	0	1542619
1867	849	848	856	0	1543467
1868	848	856	844	0	1544323
1869	856	844	864	0	1545167
1870	844	864	872	0	1546031
1871	864	872	871	0	1546903
1872	872	871	895	0	1547774
1873	871	895	880	0	1548669
1874	895	880	898	0	1549549
1875	880	898	895	0	1550447
1876	898	895	903	0	1551342
1877	895	903	899	0	1552245
1878	903	899	895	0	1553144
1879	899	895	903	0	1554039
1880	895	903	895	0	1554942
1881	903	895	895	0	1555837
1882	895	895	906	0	1556732
1883	895	906	899	0	1557638
1884	906	899	895	0	1558537
1885	899	895	907	0	1559432
1886	895	907	894	0	1560339
1887	907	894	899	0	1561233
1888	894	899	899	0	1562132
1889	899	899	876	0	1563031
1890	899	876	879	0	1563907
1891	876	879	879	0	1564786
1892	879	879	868	0	1565665
1893	879	868	872	0	1566533
1894	868	872	871	0	1567405
1895	872	871	872	0	1568276
1896	871	872	879	0	1569148
1897	872	879	864	0	1570027
1898	879	864	860	0	1570891
1899	864	860	868	0	1571751
1900	860	868	871	0	1572619
1901	868	871	868	0	1573490
1902	871	868	875	0	1574358
1903	868	875	872	0	1575233
1904	875	872	856	0	1576105
1905	872	856	876	0	1576961
1906	856	876	863	0	1577837
1907	876	863	860	0	1578700
1908	863	860	884	0	1579560
1909	860	884	875	0	1580444
1910	884	875	860	0	1581319
1911	875	860	868	0	1582179
1912	860	868	875	0	1583047
1913	868	875	880	0	1583922
1914	875	880	875	0	1584802
1915	880	875	899	0	1585677
1916	875	899	875	0	1586576
1917	899	875	884	0	1587451
1918	875	884	871	0	1588335
1919	884	871	852	0	1589206
1920	871	852	845	0	1590058
1921	852	845	832	0	1590903
1922	845	832	837	0	1591735
1923	832	837	833	0	1592572
1924	837	833	832	0	1593405
1925	833	832	852	0	1594237
1926	832	852	841	0	1595089
1927	852	841	840	0	1595930
1928	841	840	849	0	1596770
1929	840	849	832	0	1597619
1930	849	832	833	0	1598451
1931	832	833	841	0	1599284
1932	833	841	801	0	1600125
1933	841	801	802	0	1600926
1934	801	802	809	0	1601728
1935	802	809	805	0	1602537
1936	809	805	794	0	1603342
1937	805	794	813	0	1604136
1938	794	813	810	0	1604949
1939	813	810	517	0	1605759
1940	810	517	1121	1	1606276
1941	517	1121	821	0	1607397
1942	1121	821	817	0	1608218
1943	821	817	794	0	1609035
1944	817	794	825	0	1609829
1945	794	825	805	0	1610654
1946	825	805	802	0	1611459
1947	805	802	801	0	1612261
1948	802	801	813	0	1613062
1949	801	813	818	0	1613875
1950	813	818	813	0	1614693
1951	818	813	821	0	1615506
1952	813	821	817	0	1616327
1953	821	817	798	0	1617144
1954	817	798	817	0	1617942
1955	798	817	805	0	1618759
1956	817	805	794	0	1619564
1957	805	794	809	0	1620358
1958	794	809	798	0	1621167
1959	809	798	809	0	1621965
1960	798	809	810	0	1622774
1961	809	810	809	0	1623584
1962	810	809	817	0	1624393
1963	809	817	809	0	1625210
1964	817	809	829	0	1626019
1965	809	829	825	0	1626848
1966	829	825	829	0	1627673
1967	825	829	840	0	1628502
1968	829	840	845	0	1629342
1969	840	845	840	0	1630187
1970	845	840	841	0	1631027
1971	840	841	852	0	1631868
1972	841	852	856	0	1632720
1973	852	856	836	0	1633576
1974	856	836	856	0	1634412
1975	836	856	845	0	1635268
1976	856	845	836	0	1636113
1977	845	836	837	0	1636949
1978	836	837	837	0	1637786
1979	837	837	832	0	1638623
1980	837	832	833	0	1639455
1981	832	833	840	0	1640288
1982	833	840	837	0	1641128
1983	840	837	829	0	1641965
1984	837	829	852	0	1642794
1985	829	852	852	0	1643646
1986	852	852	844	0	1644498
1987	852	844	860	0	1645342
1988	844	860	864	0	1646202
1989	860	864	848	0	1647066
1990	864	848	868	0	1647914
1991	848	868	860	0	1648782
1992	868	860	848	0	1649642
1993	860	848	876	0	1650490
1994	848	876	891	0	1651366
1995	876	891	891	0	1652257
1996	891	891	895	0	1653148
1997	891	895	899	0	1654043
1998	895	899	906	0	1654942
1999	899	906	899	0	1655848
2000	906	899	934	0	1656747
2001	899	934	930	0	1657681
2002	934	930	922	0	1658611
2003	930	922	938	0	1659533
2004	922	938	922	0	1660471
2005	938	922	922	0	1661393
2006	922	922	915	0	1662315
2007	922	915	914	0	1663230
2008	915	914	903	0	1664144
2009	914	903	902	0	1665047
2010	903	902	919	0	1665949
2011	902	919	887	0	1666868
2012	919	887	910	0	1667755
2013	887	910	911	0	1668665
2014	910	911	883	0	1669576
2015	911	883	891	0	1670459
2016	883	891	880	0	1671350
2017	891	880	887	0	1672230
2018	880	887	891	0	1673117
2019	887	891	903	0	1674008
2020	891	903	883	0	1674911
2021	903	883	883	0	1675794
2022	883	883	879	0	1676677
2023	883	879	853	0	1677556
2024	879	853	859	0	1678409
2025	853	859	853	0	1679268
2026	859	853	836	0	1680121
2027	853	836	848	0	1680957
2028	836	848	841	0	1681805
2029	848	841	833	0	1682646
2030	841	833	856	0	1683479
2031	833	856	844	0	1684335
2032	856	844	844	0	1685179
2033	844	844	868	0	1686023
2034	844	868	848	0	1686891
2035	868	848	845	0	1687739
2036	848	845	836	0	1688584
2037	845	836	841	0	1689420
2038	836	841	832	0	1690261
2039	841	832	841	0	1691093
2040	832	841	825	0	1691934
2041	841	825	856	0	1692759
2042	825	856	860	0	1693615
2043	856	860	875	0	1694475
2044	860	875	883	0	1695350
2045	875	883	860	0	1696233
2046	883	860	864	0	1697093
2047	860	864	864	0	1697957
2048	864	864	856	0	1698821
2049	864	856	864	0	1699677
2050	856	864	848	0	1700541
2051	864	848	848	0	1701389
2052	848	848	868	0	1702237
2053	848	868	872	0	1703105
2054	868	872	879	0	1703977
2055	872	879	883	0	1704856
2056	879	883	899	0	1705739
2057	883	899	868	0	1706638
2058	899	868	875	0	1707506
2059	868	875	887	0	1708381
2060	875	887	853	0	1709268
2061	887	853	852	0	1710121
2062	853	852	856	0	1710973
2063	852	856	856	0	1711829
2064	856	856	836	0	1712685
2065	856	836	833	0	1713521
2066	836	833	848	0	1714354
2067	833	848	841	0	1715202
2068	848	841	852	0	1716043
2069	841	852	860	0	1716895
2070	852	860	868	0	1717755
2071	860	868	863	0	1718623
2072	868	863	888	0	1719486
2073	863	888	894	0	1720374
2074	888	894	899	0	1721268
2075	894	899	922	0	1722167
2076	899	922	923	0	1723089
2077	922	923	910	0	1724012
2078	923	910	915	0	1724922
2079	910	915	926	0	1725837
2080	915	926	918	0	1726763
2081	926	918	910	0	1727681
2082	918	910	907	0	1728591
2083	910	907	903	0	1729498
2084	907	903	883	0	1730401
2085	903	883	899	0	1731284
2086	883	899	895	0	1732183
2087	899	895	887	0	1733078
2088	895	887	903	0	1733965
2089	887	903	902	0	1734868
2090	903	902	888	0	1735770
2091	902	888	883	0	1736658
2092	888	883	899	0	1737541
2093	883	899	891	0	1738440
2094	899	891	875	0	1739331
2095	891	875	899	0	1740206
2096	875	899	907	0	1741105
2097	899	907	887	0	1742012
2098	907	887	891	0	1742899
2099	887	891	899	0	1743790
2100	891	899	871	0	1744689
2101	899	871	876	0	1745560
2102	871	876	868	0	1746436
2103	876	868	867	0	1747304
2104	868	867	868	0	1748171
2105	867	868	868	0	1749039
2106	868	868	863	0	1749907
2107	868	863	868	0	1750770
2108	863	868	864	0	1751638
2109	868	864	860	0	1752502
2110	864	860	836	0	1753362
2111	860	836	541	0	1754198
2112	836	541	1028	1	1754739
2113	541	1028	859	0	1755767
2114	1028	859	845	0	1756626
2115	859	845	836	0	1757471
2116	845	836	825	0	1758307
2117	836	825	833	0	1759132
2118	825	833	833	0	1759965
2119	833	833	821	0	1760798
2120	833	821	832	0	1761619
2121	821	832	825	0	1762451
2122	832	825	825	0	1763276
2123	825	825	825	0	1764101
2124	825	825	829	0	1764926
2125	825	829	821	0	1765755
2126	829	821	817	0	1766576
2127	821	817	817	0	1767393
2128	817	817	813	0	1768210
2129	817	813	806	0	1769023
2130	813	806	805	0	1769829
2131	806	805	810	0	1770634
2132	805	810	821	0	1771444
2133	810	821	821	0	1772265
2134	821	821	836	0	1773086
2135	821	836	837	0	1773922
2136	836	837	852	0	1774759
2137	837	852	840	0	1775611
2138	852	840	853	0	1776451
2139	840	853	848	0	1777304
2140	853	848	844	0	1778152
2141	848	844	856	0	1778996
2142	844	856	860	0	1779852
2143	856	860	856	0	1780712
2144	860	856	856	0	1781568
2145	856	856	868	0	1782424
2146	856	868	856	0	1783292
2147	868	856	840	0	1784148
2148	856	840	852	0	1784988
2149	840	852	853	0	1785840
2150	852	853	848	0	1786693
2151	853	848	840	0	1787541
2152	848	840	841	0	1788381
2153	840	841	548	0	1789222
2154	841	548	1141	1	1789770
2155	548	1141	832	0	1790911
2156	1141	832	813	0	1791743
2157	832	813	814	0	1792556
2158	813	814	809	0	1793370
2159	814	809	805	0	1794179
2160	809	805	818	0	1794984
2161	805	818	832	0	1795802
2162	818	832	821	0	1796634
2163	832	821	849	0	1797455
2164	821	849	863	0	1798304
