index	i-1	i+0	i+1	Filter	Time
1	268	802	813	0	1070
2	802	813	837	0	1883
3	813	837	836	0	2720
4	837	836	825	0	3556
5	836	825	837	0	4381
6	825	837	844	0	5218
7	837	844	845	0	6062
8	844	845	832	0	6907
9	845	832	841	0	7739
10	832	841	832	0	8580
11	841	832	818	0	9412
12	832	818	809	0	10230
13	818	809	813	0	11039
14	809	813	813	0	11852
15	813	813	794	0	12665
16	813	794	813	0	13459
17	794	813	806	0	14272
18	813	806	782	0	15078
19	806	782	794	0	15860
20	782	794	813	0	16654
21	794	813	829	0	17467
22	813	829	805	0	18296
23	829	805	813	0	19101
24	805	813	818	0	19914
25	813	818	821	0	20732
26	818	821	801	0	21553
27	821	801	809	0	22354
28	801	809	798	0	23163
29	809	798	778	0	23961
30	798	778	759	0	24739
31	778	759	595	0	25498
32	759	595	370	1	26093
33	595	370	502	1	26463
34	370	502	821	0	26965
35	502	821	763	0	27786
36	821	763	778	0	28549
37	763	778	790	0	29327
38	778	790	797	0	30117
39	790	797	794	0	30914
40	797	794	806	0	31708
41	794	806	825	0	32514
42	806	825	809	0	33339
43	825	809	790	0	34148
44	809	790	794	0	34938
45	790	794	801	0	35732
46	794	801	825	0	36533
47	801	825	829	0	37358
48	825	829	829	0	38187
49	829	829	836	0	39016
50	829	836	852	0	39852
51	836	852	837	0	40704
52	852	837	825	0	41541
53	837	825	832	0	42366
54	825	832	853	0	43198
55	832	853	856	0	44051
56	853	856	844	0	44907
57	856	844	852	0	45751
58	844	852	856	0	46603
59	852	856	845	0	47459
60	856	845	832	0	48304
61	845	832	833	0	49136
62	832	833	840	0	49969
63	833	840	814	0	50809
64	840	814	797	0	51623
65	814	797	813	0	52420
66	797	813	821	0	53233
67	813	821	825	0	54054
68	821	825	841	0	54879
69	825	841	840	0	55720
70	841	840	841	0	56560
71	840	841	813	0	57401
72	841	813	813	0	58214
73	813	813	813	0	59027
74	813	813	794	0	59840
75	813	794	794	0	60634
76	794	794	798	0	61428
77	794	798	793	0	62226
78	798	793	786	0	63019
79	793	786	802	0	63805
80	786	802	813	0	64607
81	802	813	810	0	65420
82	813	810	813	0	66230
83	810	813	817	0	67043
84	813	817	817	0	67860
85	817	817	809	0	68677
86	817	809	821	0	69486
87	809	821	818	0	70307
88	821	818	805	0	71125
89	818	805	817	0	71930
90	805	817	833	0	72747
91	817	833	809	0	73580
92	833	809	825	0	74389
93	809	825	833	0	75214
94	825	833	832	0	76047
95	833	832	829	0	76879
96	832	829	845	0	77708
97	829	845	817	0	78553
98	845	817	828	0	79370
99	817	828	829	0	80198
100	828	829	813	0	81027
101	829	813	806	0	81840
102	813	806	809	0	82646
103	806	809	821	0	83455
104	809	821	806	0	84276
105	821	806	821	0	85082
106	806	821	836	0	85903
107	821	836	841	0	86739
108	836	841	821	0	87580
109	841	821	848	0	88401
110	821	848	848	0	89249
111	848	848	845	0	90097
112	848	845	825	0	90942
113	845	825	828	0	91767
114	825	828	833	0	92595
115	828	833	813	0	93428
116	833	813	798	0	94241
117	813	798	615	0	95039
118	798	615	1035	1	95654
119	615	1035	829	0	96689
120	1035	829	817	0	97518
121	829	817	817	0	98335
122	817	817	821	0	99152
123	817	821	813	0	99973
124	821	813	794	0	100786
125	813	794	809	0	101580
126	794	809	821	0	102389
127	809	821	798	0	103210
128	821	798	797	0	104008
129	798	797	786	0	104805
130	797	786	771	0	105591
131	786	771	770	0	106362
132	771	770	794	0	107132
133	770	794	786	0	107926
134	794	786	817	0	108712
135	786	817	802	0	109529
136	817	802	825	0	110331
137	802	825	817	0	111156
138	825	817	797	0	111973
139	817	797	790	0	112770
140	797	790	790	0	113560
141	790	790	767	0	114350
142	790	767	758	0	115117
143	767	758	767	0	115875
144	758	767	778	0	116642
145	767	778	767	0	117420
146	778	767	770	0	118187
147	767	770	790	0	118957
148	770	790	837	0	119747
149	790	837	840	0	120584
150	837	840	833	0	121424
151	840	833	844	0	122257
152	833	844	810	0	123101
153	844	810	809	0	123911
154	810	809	801	0	124720
155	809	801	806	0	125521
156	801	806	782	0	126327
157	806	782	778	0	127109
158	782	778	782	0	127887
159	778	782	786	0	128669
160	782	786	767	0	129455
161	786	767	770	0	130222
162	767	770	782	0	130992
163	770	782	794	0	131774
164	782	794	790	0	132568
165	794	790	821	0	133358
166	790	821	852	0	134179
167	821	852	860	0	135031
168	852	860	856	0	135891
169	860	856	879	0	136747
170	856	879	860	0	137626
171	879	860	837	0	138486
172	860	837	825	0	139323
173	837	825	829	0	140148
174	825	829	817	0	140977
175	829	817	805	0	141794
176	817	805	813	0	142599
177	805	813	837	0	143412
178	813	837	833	0	144249
179	837	833	813	0	145082
180	833	813	825	0	145895
181	813	825	821	0	146720
182	825	821	836	0	147541
183	821	836	810	0	148377
184	836	810	817	0	149187
185	810	817	817	0	150004
186	817	817	809	0	150821
187	817	809	810	0	151630
188	809	810	821	0	152440
189	810	821	786	0	153261
190	821	786	778	0	154047
191	786	778	790	1	154825
192	778	790	801	0	155615
193	790	801	833	0	156416
194	801	833	813	0	157249
195	833	813	837	0	158062
196	813	837	840	0	158899
197	837	840	821	0	159739
198	840	821	821	0	160560
199	821	821	825	0	161381
200	821	825	813	0	162206
201	825	813	798	0	163019
202	813	798	809	0	163817
203	798	809	810	0	164626
204	809	810	801	0	165436
205	810	801	821	0	166237
206	801	821	837	0	167058
207	821	837	837	0	167895
208	837	837	828	0	168732
209	837	828	802	0	169560
210	828	802	817	0	170362
211	802	817	825	0	171179
212	817	825	833	0	172004
213	825	833	828	0	172837
214	833	828	845	0	173665
215	828	845	852	0	174510
216	845	852	856	0	175362
217	852	856	836	0	176218
218	856	836	864	0	177054
219	836	864	852	0	177918
220	864	852	849	0	178770
221	852	849	832	0	179619
222	849	832	849	0	180451
223	832	849	852	0	181300
224	849	852	829	0	182152
225	852	829	856	0	182981
226	829	856	863	0	183837
227	856	863	856	0	184700
228	863	856	856	0	185556
229	856	856	833	0	186412
230	856	833	852	0	187245
231	833	852	825	0	188097
232	852	825	821	0	188922
233	825	821	798	0	189743
234	821	798	801	0	190541
235	798	801	810	0	191342
236	801	810	813	0	192152
237	810	813	802	0	192965
238	813	802	778	0	193767
239	802	778	731	0	194545
240	778	731	786	1	195276
241	731	786	724	0	196062
242	786	724	720	0	196786
243	724	720	708	0	197506
244	720	708	697	0	198214
245	708	697	692	0	198911
246	697	692	704	0	199603
247	692	704	744	0	200307
248	704	744	774	0	201051
249	744	774	813	0	201825
250	774	813	833	0	202638
251	813	833	860	0	203471
252	833	860	875	0	204331
253	860	875	868	0	205206
254	875	868	856	0	206074
255	868	856	844	0	206930
256	856	844	833	0	207774
257	844	833	817	0	208607
258	833	817	825	0	209424
259	817	825	821	0	210249
260	825	821	802	0	211070
261	821	802	805	0	211872
262	802	805	821	0	212677
263	805	821	825	0	213498
264	821	825	821	0	214323
265	825	821	805	0	215144
266	821	805	814	0	215949
267	805	814	805	0	216763
268	814	805	790	0	217568
269	805	790	805	0	218358
270	790	805	802	0	219163
271	805	802	798	0	219965
272	802	798	790	0	220763
273	798	790	801	0	221553
274	790	801	802	0	222354
275	801	802	774	0	223156
276	802	774	782	0	223930
277	774	782	786	0	224712
278	782	786	798	0	225498
279	786	798	801	0	226296
280	798	801	802	0	227097
281	801	802	805	0	227899
282	802	805	806	0	228704
283	805	806	809	0	229510
284	806	809	794	0	230319
285	809	794	805	0	231113
286	794	805	841	0	231918
287	805	841	832	0	232759
288	841	832	837	0	233591
289	832	837	840	0	234428
290	837	840	837	0	235268
291	840	837	809	0	236105
292	837	809	825	0	236914
293	809	825	829	0	237739
294	825	829	809	0	238568
295	829	809	818	0	239377
296	809	818	821	0	240195
297	818	821	821	0	241016
298	821	821	817	0	241837
299	821	817	832	0	242654
300	817	832	845	0	243486
301	832	845	832	0	244331
302	845	832	821	0	245163
303	832	821	829	0	245984
304	821	829	825	0	246813
305	829	825	794	0	247638
306	825	794	790	0	248432
307	794	790	797	0	249222
308	790	797	814	0	250019
309	797	814	825	0	250833
310	814	825	813	0	251658
311	825	813	825	0	252471
312	813	825	832	0	253296
313	825	832	806	0	254128
314	832	806	809	0	254934
315	806	809	806	0	255743
316	809	806	790	0	256549
317	806	790	762	0	257339
318	790	762	782	0	258101
319	762	782	786	0	258883
320	782	786	798	0	259669
321	786	798	817	0	260467
322	798	817	825	0	261284
323	817	825	813	0	262109
324	825	813	829	0	262922
325	813	829	837	0	263751
326	829	837	824	0	264588
327	837	824	814	0	265412
328	824	814	828	0	266226
329	814	828	841	0	267054
330	828	841	805	0	267895
331	841	805	806	0	268700
332	805	806	813	0	269506
333	806	813	825	0	270319
334	813	825	829	0	271144
335	825	829	817	0	271973
336	829	817	813	0	272790
337	817	813	817	0	273603
338	813	817	829	0	274420
339	817	829	813	0	275249
340	829	813	817	0	276062
341	813	817	817	0	276879
342	817	817	822	0	277696
343	817	822	809	0	278518
344	822	809	833	0	279327
345	809	833	828	0	280160
346	833	828	833	0	280988
347	828	833	817	0	281821
348	833	817	821	0	282638
349	817	821	825	0	283459
350	821	825	813	0	284284
351	825	813	817	0	285097
352	813	817	825	0	285914
353	817	825	845	0	286739
354	825	845	832	0	287584
355	845	832	833	0	288416
356	832	833	848	0	289249
357	833	848	817	0	290097
358	848	817	802	0	290914
359	817	802	794	0	291716
360	802	794	813	0	292510
361	794	813	813	0	293323
362	813	813	798	0	294136
363	813	798	813	0	294934
364	798	813	817	0	295747
365	813	817	810	0	296564
366	817	810	801	0	297374
367	810	801	809	0	298175
368	801	809	821	0	298984
369	809	821	821	0	299805
370	821	821	810	0	300626
371	821	810	821	0	301436
372	810	821	825	0	302257
373	821	825	829	0	303082
374	825	829	824	0	303911
375	829	824	837	0	304735
376	824	837	856	0	305572
377	837	856	837	0	306428
378	856	837	828	0	307265
379	837	828	829	0	308093
380	828	829	833	0	308922
381	829	833	817	0	309755
382	833	817	809	0	310572
383	817	809	814	0	311381
384	809	814	789	0	312195
385	814	789	783	0	312984
386	789	783	774	0	313767
387	783	774	798	0	314541
388	774	798	805	0	315339
389	798	805	790	0	316144
390	805	790	794	0	316934
391	790	794	805	0	317728
392	794	805	813	0	318533
393	805	813	817	0	319346
394	813	817	810	0	320163
395	817	810	801	0	320973
396	810	801	814	0	321774
397	801	814	821	0	322588
398	814	821	817	0	323409
399	821	817	809	0	324226
400	817	809	833	0	325035
401	809	833	832	0	325868
402	833	832	841	0	326700
403	832	841	825	0	327541
404	841	825	844	0	328366
405	825	844	844	0	329210
406	844	844	841	0	330054
407	844	841	825	0	330895
408	841	825	836	0	331720
409	825	836	845	0	332556
410	836	845	821	0	333401
411	845	821	817	0	334222
412	821	817	821	0	335039
413	817	821	821	0	335860
414	821	821	805	0	336681
415	821	805	818	0	337486
416	805	818	832	0	338304
417	818	832	833	0	339136
418	832	833	829	0	339969
419	833	829	844	0	340798
420	829	844	852	0	341642
421	844	852	833	0	342494
422	852	833	809	0	343327
423	833	809	810	0	344136
424	809	810	809	0	344946
425	810	809	817	0	345755
426	809	817	813	0	346572
427	817	813	825	0	347385
428	813	825	841	0	348210
429	825	841	852	0	349051
430	841	852	836	0	349903
431	852	836	841	0	350739
432	836	841	844	0	351580
433	841	844	813	0	352424
434	844	813	817	0	353237
435	813	817	821	0	354054
436	817	821	821	0	354875
437	821	821	818	0	355696
438	821	818	801	0	356514
439	818	801	794	0	357315
440	801	794	774	0	358109
441	794	774	778	0	358883
442	774	778	783	0	359661
443	778	783	797	0	360444
444	783	797	802	0	361241
445	797	802	786	0	362043
446	802	786	801	0	362829
447	786	801	814	0	363630
448	801	814	813	0	364444
449	814	813	805	0	365257
450	813	805	806	0	366062
451	805	806	813	0	366868
452	806	813	813	0	367681
453	813	813	802	0	368494
454	813	802	797	0	369296
455	802	797	802	0	370093
456	797	802	798	0	370895
457	802	798	789	0	371693
458	798	789	802	0	372482
459	789	802	821	0	373284
460	802	821	829	0	374105
461	821	829	821	0	374934
462	829	821	825	0	375755
463	821	825	821	0	376580
464	825	821	801	0	377401
465	821	801	790	0	378202
466	801	790	798	0	378992
467	790	798	786	0	379790
468	798	786	770	0	380576
469	786	770	751	0	381346
470	770	751	771	0	382097
471	751	771	782	0	382868
472	771	782	801	0	383650
473	782	801	790	0	384451
474	801	790	810	0	385241
475	790	810	836	0	386051
476	810	836	813	0	386887
477	836	813	806	0	387700
478	813	806	809	0	388506
479	806	809	806	0	389315
480	809	806	778	0	390121
481	806	778	766	0	390899
482	778	766	771	0	391665
483	766	771	770	0	392436
484	771	770	767	0	393206
485	770	767	762	0	393973
486	767	762	779	0	394735
487	762	779	793	0	395514
488	779	793	825	0	396307
489	793	825	817	0	397132
490	825	817	821	0	397949
491	817	821	833	0	398770
492	821	833	825	0	399603
493	833	825	802	0	400428
494	825	802	793	0	401230
495	802	793	782	0	402023
496	793	782	751	0	402805
497	782	751	736	0	403556
498	751	736	731	0	404292
499	736	731	759	0	405023
500	731	759	782	0	405782
501	759	782	778	0	406564
502	782	778	790	0	407342
503	778	790	794	0	408132
504	790	794	790	0	408926
505	794	790	778	0	409716
506	790	778	790	0	410494
507	778	790	794	0	411284
508	790	794	790	0	412078
509	794	790	782	0	412868
510	790	782	786	0	413650
511	782	786	805	0	414436
512	786	805	802	0	415241
513	805	802	801	0	416043
514	802	801	821	0	416844
515	801	821	829	0	417665
516	821	829	821	0	418494
517	829	821	821	0	419315
518	821	821	841	0	420136
519	821	841	836	0	420977
520	841	836	810	0	421813
521	836	810	809	0	422623
522	810	809	825	0	423432
523	809	825	817	0	424257
524	825	817	801	0	425074
525	817	801	821	0	425875
526	801	821	833	0	426696
527	821	833	821	0	427529
528	833	821	825	0	428350
529	821	825	844	0	429175
530	825	844	860	0	430019
531	844	860	845	0	430879
532	860	845	844	0	431724
533	845	844	852	0	432568
534	844	852	860	0	433420
535	852	860	837	0	434280
536	860	837	836	0	435117
537	837	836	841	0	435953
538	836	841	809	0	436794
539	841	809	794	0	437603
540	809	794	766	0	438397
541	794	766	740	0	439163
542	766	740	743	0	439903
543	740	743	728	0	440646
544	743	728	708	0	441374
545	728	708	700	0	442082
546	708	700	708	0	442782
547	700	708	708	0	443490
548	708	708	713	0	444198
549	708	713	700	0	444911
550	713	700	712	0	445611
551	700	712	720	0	446323
552	712	720	712	0	447043
553	720	712	708	0	447755
554	712	708	724	0	448463
555	708	724	727	0	449187
556	724	727	755	0	449914
557	727	755	763	0	450669
558	755	763	763	0	451432
559	763	763	747	0	452195
560	763	747	758	0	452942
561	747	758	728	0	453700
562	758	728	732	0	454428
563	728	732	700	0	455160
564	732	700	693	0	455860
565	700	693	677	0	456553
566	693	677	665	0	457230
567	677	665	677	0	457895
568	665	677	681	0	458572
569	677	681	700	0	459253
570	681	700	720	0	459953
571	700	720	712	0	460673
572	720	712	716	0	461385
573	712	716	732	0	462101
574	716	732	708	0	462833
575	732	708	696	0	463541
576	708	696	693	0	464237
577	696	693	685	0	464930
578	693	685	677	0	465615
579	685	677	669	0	466292
580	677	669	669	0	466961
581	669	669	658	0	467630
582	669	658	661	0	468288
583	658	661	666	0	468949
584	661	666	669	0	469615
585	666	669	662	0	470284
586	669	662	673	0	470946
587	662	673	677	0	471619
588	673	677	692	0	472296
589	677	692	697	0	472988
590	692	697	700	0	473685
591	697	700	716	0	474385
592	700	716	728	0	475101
593	716	728	739	0	475829
594	728	739	743	0	476568
595	739	743	736	0	477311
596	743	736	743	0	478047
597	736	743	755	0	478790
598	743	755	762	0	479545
599	755	762	763	0	480307
600	762	763	767	0	481070
601	763	767	778	0	481837
602	767	778	782	0	482615
603	778	782	770	0	483397
604	782	770	775	0	484167
605	770	775	774	0	484942
606	775	774	774	0	485716
607	774	774	763	0	486490
608	774	763	763	0	487253
609	763	763	774	0	488016
610	763	774	763	0	488790
611	774	763	766	0	489553
612	763	766	782	0	490319
613	766	782	771	0	491101
614	782	771	754	0	491872
615	771	754	748	0	492626
616	754	748	758	0	493374
617	748	758	759	0	494132
618	758	759	759	0	494891
619	759	759	755	0	495650
620	759	755	770	0	496405
621	755	770	774	0	497175
622	770	774	775	0	497949
623	774	775	762	0	498724
624	775	762	759	0	499486
625	762	759	774	0	500245
626	759	774	786	0	501019
627	774	786	783	0	501805
628	786	783	797	0	502588
629	783	797	817	0	503385
630	797	817	817	0	504202
631	817	817	802	0	505019
632	817	802	802	0	505821
633	802	802	813	0	506623
634	802	813	801	0	507436
635	813	801	790	0	508237
636	801	790	810	0	509027
637	790	810	817	0	509837
638	810	817	809	0	510654
639	817	809	817	0	511463
640	809	817	833	0	512280
641	817	833	840	0	513113
642	833	840	833	0	513953
643	840	833	844	0	514786
644	833	844	817	0	515630
645	844	817	786	0	516447
646	817	786	759	0	517233
647	786	759	751	0	517992
648	759	751	786	0	518743
649	751	786	825	0	519529
650	786	825	821	0	520354
651	825	821	841	0	521175
652	821	841	863	0	522016
653	841	863	856	0	522879
654	863	856	849	0	523735
655	856	849	852	0	524584
656	849	852	856	0	525436
657	852	856	860	0	526292
658	856	860	840	0	527152
659	860	840	845	0	527992
660	840	845	859	0	528837
661	845	859	860	0	529696
662	859	860	845	0	530556
663	860	845	864	0	531401
664	845	864	875	0	532265
665	864	875	852	0	533140
666	875	852	852	0	533992
667	852	852	860	0	534844
668	852	860	837	0	535704
669	860	837	833	0	536541
670	837	833	836	0	537374
671	833	836	813	0	538210
672	836	813	837	0	539023
673	813	837	840	0	539860
674	837	840	825	0	540700
675	840	825	814	0	541525
676	825	814	813	0	542339
677	814	813	821	0	543152
678	813	821	817	0	543973
679	821	817	829	0	544790
680	817	829	836	0	545619
681	829	836	810	0	546455
682	836	810	828	0	547265
683	810	828	810	0	548093
684	828	810	809	0	548903
685	810	809	825	0	549712
686	809	825	837	0	550537
687	825	837	836	0	551374
688	837	836	837	0	552210
689	836	837	848	0	553047
690	837	848	844	0	553895
691	848	844	841	0	554739
692	844	841	840	0	555580
693	841	840	845	0	556420
694	840	845	817	0	557265
695	845	817	825	0	558082
696	817	825	828	0	558907
697	825	828	837	0	559735
698	828	837	840	0	560572
699	837	840	860	0	561412
700	840	860	868	0	562272
701	860	868	876	0	563140
702	868	876	867	0	564016
703	876	867	887	0	564883
704	867	887	895	0	565770
705	887	895	891	0	566665
706	895	891	860	0	567556
707	891	860	864	0	568416
708	860	864	876	0	569280
709	864	876	844	0	570156
710	876	844	852	0	571000
711	844	852	876	0	571852
712	852	876	848	0	572728
713	876	848	844	0	573576
714	848	844	856	0	574420
715	844	856	845	0	575276
716	856	845	832	0	576121
717	845	832	845	0	576953
718	832	845	848	0	577798
719	845	848	840	0	578646
720	848	840	825	0	579486
721	840	825	833	0	580311
722	825	833	844	0	581144
723	833	844	829	0	581988
724	844	829	829	0	582817
725	829	829	844	0	583646
726	829	844	856	0	584490
727	844	856	841	0	585346
728	856	841	848	0	586187
729	841	848	856	0	587035
730	848	856	837	0	587891
731	856	837	828	0	588728
732	837	828	849	0	589556
733	828	849	840	0	590405
734	849	840	829	0	591245
735	840	829	844	0	592074
736	829	844	856	0	592918
737	844	856	837	0	593774
738	856	837	836	0	594611
739	837	836	853	0	595447
740	836	853	809	0	596300
741	853	809	646	0	597109
742	809	646	945	1	597755
743	646	945	740	0	598700
744	945	740	727	0	599440
745	740	727	747	0	600167
746	727	747	755	0	600914
747	747	755	759	0	601669
748	755	759	802	0	602428
749	759	802	817	0	603230
750	802	817	805	0	604047
751	817	805	813	0	604852
752	805	813	829	0	605665
753	813	829	845	0	606494
754	829	845	801	0	607339
755	845	801	813	0	608140
756	801	813	810	0	608953
757	813	810	809	0	609763
758	810	809	794	0	610572
759	809	794	790	0	611366
760	794	790	793	0	612156
761	790	793	798	0	612949
762	793	798	790	0	613747
763	798	790	805	0	614537
764	790	805	845	0	615342
765	805	845	864	0	616187
766	845	864	860	0	617051
767	864	860	879	0	617911
768	860	879	891	0	618790
769	879	891	879	0	619681
770	891	879	849	0	620560
771	879	849	859	0	621409
772	849	859	860	0	622268
773	859	860	833	0	623128
774	860	833	821	0	623961
775	833	821	837	0	624782
776	821	837	863	0	625619
777	837	863	884	0	626482
778	863	884	875	0	627366
779	884	875	891	0	628241
780	875	891	899	0	629132
781	891	899	887	0	630031
782	899	887	864	0	630918
783	887	864	844	0	631782
784	864	844	837	0	632626
785	844	837	794	0	633463
786	837	794	770	0	634257
787	794	770	751	0	635027
788	770	751	771	0	635778
789	751	771	813	0	636549
790	771	813	836	0	637362
791	813	836	837	0	638198
792	836	837	848	0	639035
793	837	848	864	0	639883
794	848	864	837	0	640747
795	864	837	848	0	641584
796	837	848	856	0	642432
797	848	856	848	0	643288
798	856	848	829	0	644136
799	848	829	837	0	644965
800	829	837	852	0	645802
801	837	852	825	0	646654
802	852	825	860	0	647479
803	825	860	875	0	648339
804	860	875	868	0	649214
805	875	868	848	0	650082
806	868	848	844	0	650930
807	848	844	856	0	651774
808	844	856	856	0	652630
809	856	856	833	0	653486
810	856	833	833	0	654319
811	833	833	840	0	655152
812	833	840	829	0	655992
813	840	829	794	0	656821
814	829	794	770	0	657615
815	794	770	790	0	658385
816	770	790	825	0	659175
817	790	825	813	0	660000
818	825	813	813	0	660813
819	813	813	833	0	661626
820	813	833	829	0	662459
821	833	829	821	0	663288
822	829	821	802	0	664109
823	821	802	801	0	664911
824	802	801	809	0	665712
825	801	809	802	0	666521
826	809	802	802	0	667323
827	802	802	813	0	668125
828	802	813	840	0	668938
829	813	840	817	0	669778
830	840	817	833	0	670595
831	817	833	844	0	671428
832	833	844	821	0	672272
833	844	821	786	0	673093
834	821	786	615	0	673879
835	786	615	996	1	674494
836	615	996	747	0	675490
837	996	747	724	0	676237
838	747	724	708	0	676961
839	724	708	716	0	677669
840	708	716	728	0	678385
841	716	728	770	0	679113
842	728	770	802	0	679883
843	770	802	774	0	680685
844	802	774	763	0	681459
845	774	763	782	0	682222
846	763	782	770	0	683004
847	782	770	767	0	683774
848	770	767	743	0	684541
849	767	743	735	0	685284
850	743	735	709	0	686019
851	735	709	696	0	686728
852	709	696	677	0	687424
853	696	677	666	0	688101
854	677	666	638	0	688767
855	666	638	665	0	689405
856	638	665	662	0	690070
857	665	662	642	0	690732
858	662	642	653	0	691374
859	642	653	654	0	692027
860	653	654	658	0	692681
861	654	658	657	0	693339
862	658	657	658	0	693996
863	657	658	657	0	694654
864	658	657	654	0	695311
865	657	654	673	0	695965
866	654	673	685	0	696638
867	673	685	708	0	697323
868	685	708	720	0	698031
869	708	720	716	0	698751
870	720	716	724	0	699467
871	716	724	723	0	700191
872	724	723	720	0	700914
873	723	720	705	0	701634
874	720	705	700	0	702339
875	705	700	696	0	703039
876	700	696	689	0	703735
877	696	689	701	0	704424
878	689	701	719	0	705125
879	701	719	744	0	705844
880	719	744	770	0	706588
881	744	770	798	0	707358
882	770	798	790	0	708156
883	798	790	782	0	708946
884	790	782	778	0	709728
885	782	778	766	0	710506
886	778	766	744	0	711272
887	766	744	751	0	712016
888	744	751	754	0	712767
889	751	754	740	0	713521
890	754	740	739	0	714261
891	740	739	724	0	715000
892	739	724	720	0	715724
893	724	720	708	0	716444
894	720	708	688	0	717152
895	708	688	685	0	717840
896	688	685	693	0	718525
897	685	693	693	0	719218
898	693	693	696	0	719911
899	693	696	708	0	720607
900	696	708	704	0	721315
901	708	704	705	0	722019
902	704	705	696	0	722724
903	705	696	689	0	723420
904	696	689	685	0	724109
905	689	685	681	0	724794
906	685	681	669	0	725475
907	681	669	669	0	726144
908	669	669	685	0	726813
909	669	685	673	0	727498
910	685	673	708	0	728171
911	673	708	740	0	728879
912	708	740	762	0	729619
913	740	762	775	0	730381
914	762	775	782	0	731156
915	775	782	782	0	731938
916	782	782	786	0	732720
917	782	786	782	0	733506
918	786	782	782	0	734288
919	782	782	778	0	735070
920	782	778	775	0	735848
921	778	775	770	0	736623
922	775	770	778	0	737393
923	770	778	790	0	738171
924	778	790	802	0	738961
925	790	802	809	0	739763
926	802	809	805	0	740572
927	809	805	798	0	741377
928	805	798	771	0	742175
929	798	771	754	0	742946
930	771	754	724	0	743700
931	754	724	712	0	744424
932	724	712	712	0	745136
933	712	712	716	0	745848
934	712	716	720	0	746564
935	716	720	708	0	747284
936	720	708	720	0	747992
937	708	720	724	0	748712
938	720	724	743	0	749436
939	724	743	739	0	750179
940	743	739	743	0	750918
941	739	743	759	0	751661
942	743	759	763	0	752420
943	759	763	743	0	753183
944	763	743	732	0	753926
945	743	732	731	0	754658
946	732	731	739	0	755389
947	731	739	744	0	756128
948	739	744	751	0	756872
949	744	751	735	0	757623
950	751	735	739	0	758358
951	735	739	747	0	759097
952	739	747	751	0	759844
953	747	751	747	0	760595
954	751	747	747	0	761342
955	747	747	759	0	762089
956	747	759	767	0	762848
957	759	767	751	0	763615
958	767	751	751	0	764366
959	751	751	743	0	765117
960	751	743	731	0	765860
961	743	731	740	0	766591
962	731	740	735	0	767331
963	740	735	736	0	768066
964	735	736	747	0	768802
965	736	747	755	0	769549
966	747	755	774	0	770304
967	755	774	794	0	771078
968	774	794	774	0	771872
969	794	774	770	0	772646
970	774	770	779	0	773416
971	770	779	782	0	774195
972	779	782	770	0	774977
973	782	770	751	0	775747
974	770	751	755	0	776498
975	751	755	766	0	777253
976	755	766	786	0	778019
977	766	786	794	0	778805
978	786	794	782	0	779599
979	794	782	790	0	780381
980	782	790	802	0	781171
981	790	802	790	0	781973
982	802	790	782	0	782763
983	790	782	790	0	783545
984	782	790	797	0	784335
985	790	797	790	0	785132
986	797	790	778	0	785922
987	790	778	786	0	786700
988	778	786	798	0	787486
989	786	798	782	0	788284
990	798	782	778	0	789066
991	782	778	771	0	789844
992	778	771	739	0	790615
993	771	739	732	0	791354
994	739	732	731	0	792086
995	732	731	732	0	792817
996	731	732	716	0	793549
997	732	716	719	0	794265
998	716	719	712	0	794984
999	719	712	728	0	795696
1000	712	728	743	0	796424
1001	728	743	732	0	797167
1002	743	732	731	0	797899
1003	732	731	747	0	798630
1004	731	747	748	0	799377
1005	747	748	727	0	800125
1006	748	727	724	0	800852
1007	727	724	720	0	801576
1008	724	720	739	0	802296
1009	720	739	755	0	803035
1010	739	755	763	0	803790
1011	755	763	758	0	804553
1012	763	758	778	0	805311
1013	758	778	775	0	806089
1014	778	775	774	0	806864
1015	775	774	771	0	807638
1016	774	771	770	0	808409
1017	771	770	782	0	809179
1018	770	782	771	0	809961
1019	782	771	754	0	810732
1020	771	754	747	0	811486
1021	754	747	751	0	812233
1022	747	751	763	0	812984
1023	751	763	767	0	813747
1024	763	767	758	0	814514
1025	767	758	740	0	815272
1026	758	740	731	0	816012
1027	740	731	728	0	816743
1028	731	728	739	0	817471
1029	728	739	743	0	818210
1030	739	743	747	0	818953
1031	743	747	751	0	819700
1032	747	751	767	0	820451
1033	751	767	786	0	821218
1034	767	786	809	0	822004
1035	786	809	759	0	822813
1036	809	759	751	0	823572
1037	759	751	731	0	824323
1038	751	731	713	0	825054
1039	731	713	704	0	825767
1040	713	704	700	0	826471
1041	704	700	704	0	827171
1042	700	704	716	0	827875
1043	704	716	709	0	828591
1044	716	709	716	0	829300
1045	709	716	739	0	830016
1046	716	739	759	0	830755
1047	739	759	770	0	831514
1048	759	770	767	0	832284
1049	770	767	782	0	833051
1050	767	782	797	0	833833
1051	782	797	782	0	834630
1052	797	782	779	0	835412
1053	782	779	786	0	836191
1054	779	786	793	0	836977
1055	786	793	794	0	837770
1056	793	794	778	0	838564
1057	794	778	790	0	839342
1058	778	790	794	0	840132
1059	790	794	778	0	840926
1060	794	778	759	0	841704
1061	778	759	759	0	842463
1062	759	759	774	0	843222
1063	759	774	802	0	843996
1064	774	802	797	0	844798
1065	802	797	782	0	845595
1066	797	782	783	0	846377
1067	782	783	778	0	847160
1068	783	778	762	0	847938
1069	778	762	747	0	848700
1070	762	747	763	0	849447
1071	747	763	790	0	850210
1072	763	790	790	0	851000
1073	790	790	798	0	851790
1074	790	798	813	0	852588
1075	798	813	825	0	853401
1076	813	825	813	0	854226
1077	825	813	801	0	855039
1078	813	801	814	0	855840
1079	801	814	813	0	856654
1080	814	813	813	0	857467
1081	813	813	798	0	858280
1082	813	798	801	0	859078
1083	798	801	790	0	859879
1084	801	790	759	0	860669
1085	790	759	763	0	861428
1086	759	763	766	0	862191
1087	763	766	775	0	862957
1088	766	775	754	0	863732
1089	775	754	759	0	864486
1090	754	759	755	0	865245
1091	759	755	743	0	866000
1092	755	743	739	0	866743
1093	743	739	744	0	867482
1094	739	744	739	0	868226
1095	744	739	728	0	868965
1096	739	728	731	0	869693
1097	728	731	724	0	870424
1098	731	724	716	0	871148
1099	724	716	716	0	871864
1100	716	716	716	0	872580
1101	716	716	704	0	873296
1102	716	704	696	0	874000
1103	704	696	701	0	874696
1104	696	701	696	0	875397
1105	701	696	701	0	876093
1106	696	701	708	0	876794
1107	701	708	708	0	877502
1108	708	708	724	0	878210
1109	708	724	731	0	878934
1110	724	731	740	0	879665
1111	731	740	735	0	880405
1112	740	735	747	0	881140
1113	735	747	755	0	881887
1114	747	755	759	0	882642
1115	755	759	747	0	883401
1116	759	747	755	0	884148
1117	747	755	774	0	884903
1118	755	774	786	0	885677
1119	774	786	782	0	886463
1120	786	782	794	0	887245
1121	782	794	813	0	888039
1122	794	813	813	0	888852
1123	813	813	810	0	889665
1124	813	810	809	0	890475
1125	810	809	798	0	891284
1126	809	798	770	0	892082
1127	798	770	763	0	892852
1128	770	763	755	0	893615
1129	763	755	743	0	894370
1130	755	743	739	0	895113
1131	743	739	747	0	895852
1132	739	747	751	0	896599
1133	747	751	771	0	897350
1134	751	771	762	0	898121
1135	771	762	728	0	898883
1136	762	728	724	0	899611
1137	728	724	731	0	900335
1138	724	731	716	0	901066
1139	731	716	724	0	901782
1140	716	724	731	0	902506
1141	724	731	751	0	903237
1142	731	751	751	0	903988
1143	751	751	759	0	904739
1144	751	759	763	0	905498
1145	759	763	778	0	906261
1146	763	778	763	0	907039
1147	778	763	754	0	907802
1148	763	754	748	0	908556
1149	754	748	750	0	909304
1150	748	750	736	0	910054
1151	750	736	728	0	910790
1152	736	728	731	0	911518
1153	728	731	732	0	912249
1154	731	732	743	0	912981
1155	732	743	735	0	913724
1156	743	735	751	0	914459
1157	735	751	759	0	915210
1158	751	759	759	0	915969
1159	759	759	751	0	916728
1160	759	751	754	0	917479
1161	751	754	759	0	918233
1162	754	759	751	0	918992
1163	759	751	751	0	919743
1164	751	751	759	0	920494
1165	751	759	759	0	921253
1166	759	759	755	0	922012
1167	759	755	751	0	922767
1168	755	751	770	0	923518
1169	751	770	766	0	924288
1170	770	766	755	0	925054
1171	766	755	755	0	925809
1172	755	755	751	0	926564
1173	755	751	732	0	927315
1174	751	732	727	0	928047
1175	732	727	716	0	928774
1176	727	716	724	0	929490
1177	716	724	724	0	930214
1178	724	724	720	0	930938
1179	724	720	727	0	931658
1180	720	727	732	0	932385
1181	727	732	731	0	933117
1182	732	731	728	0	933848
1183	731	728	728	0	934576
1184	728	728	731	0	935304
1185	728	731	743	0	936035
1186	731	743	743	0	936778
1187	743	743	732	0	937521
1188	743	732	735	0	938253
1189	732	735	744	0	938988
1190	735	744	758	0	939732
1191	744	758	755	0	940490
1192	758	755	751	0	941245
1193	755	751	771	0	941996
1194	751	771	786	0	942767
1195	771	786	797	0	943553
1196	786	797	813	0	944350
1197	797	813	790	0	945163
1198	813	790	790	0	945953
1199	790	790	786	0	946743
1200	790	786	775	0	947529
1201	786	775	758	0	948304
1202	775	758	759	0	949062
1203	758	759	759	0	949821
1204	759	759	766	0	950580
1205	759	766	755	0	951346
1206	766	755	774	0	952101
1207	755	774	802	0	952875
1208	774	802	802	0	953677
1209	802	802	782	0	954479
1210	802	782	751	0	955261
1211	782	751	751	0	956012
1212	751	751	770	0	956763
1213	751	770	790	0	957533
1214	770	790	763	0	958323
1215	790	763	754	0	959086
1216	763	754	775	0	959840
1217	754	775	774	0	960615
1218	775	774	755	0	961389
1219	774	755	739	0	962144
1220	755	739	732	0	962883
1221	739	732	727	0	963615
1222	732	727	732	0	964342
1223	727	732	743	0	965074
1224	732	743	759	0	965817
1225	743	759	755	0	966576
1226	759	755	774	0	967331
1227	755	774	782	0	968105
1228	774	782	794	0	968887
1229	782	794	801	0	969681
1230	794	801	790	0	970482
1231	801	790	771	0	971272
1232	790	771	770	0	972043
1233	771	770	771	0	972813
1234	770	771	766	0	973584
1235	771	766	759	0	974350
1236	766	759	774	0	975109
1237	759	774	778	0	975883
1238	774	778	779	0	976661
1239	778	779	778	0	977440
1240	779	778	786	0	978218
1241	778	786	801	0	979004
1242	786	801	786	0	979805
1243	801	786	779	0	980591
1244	786	779	755	0	981370
1245	779	755	758	0	982125
1246	755	758	740	0	982883
1247	758	740	723	0	983623
1248	740	723	732	0	984346
1249	723	732	724	0	985078
1250	732	724	735	0	985802
1251	724	735	755	0	986537
1252	735	755	770	0	987292
1253	755	770	778	0	988062
1254	770	778	783	0	988840
1255	778	783	789	0	989623
1256	783	789	779	0	990412
1257	789	779	751	0	991191
1258	779	751	743	0	991942
1259	751	743	580	0	992685
1260	743	580	863	1	993265
1261	580	863	705	0	994128
1262	863	705	692	0	994833
1263	705	692	701	0	995525
1264	692	701	696	0	996226
1265	701	696	701	0	996922
1266	696	701	708	0	997623
1267	701	708	716	0	998331
1268	708	716	731	0	999047
1269	716	731	732	0	999778
1270	731	732	743	0	1000510
1271	732	743	759	0	1001253
1272	743	759	774	0	1002012
1273	759	774	790	0	1002786
1274	774	790	794	0	1003576
1275	790	794	809	0	1004370
1276	794	809	821	0	1005179
1277	809	821	833	0	1006000
1278	821	833	813	0	1006833
1279	833	813	821	0	1007646
1280	813	821	825	0	1008467
1281	821	825	825	0	1009292
1282	825	825	813	0	1010117
1283	825	813	821	0	1010930
1284	813	821	813	0	1011751
1285	821	813	790	0	1012564
1286	813	790	794	0	1013354
1287	790	794	786	0	1014148
1288	794	786	759	0	1014934
1289	786	759	751	0	1015693
1290	759	751	751	0	1016444
1291	751	751	762	0	1017195
1292	751	762	767	0	1017957
1293	762	767	751	0	1018724
1294	767	751	762	0	1019475
1295	751	762	755	0	1020237
1296	762	755	755	0	1020992
1297	755	755	739	0	1021747
1298	755	739	732	0	1022486
1299	739	732	735	0	1023218
1300	732	735	736	0	1023953
1301	735	736	723	0	1024689
1302	736	723	716	0	1025412
1303	723	716	724	0	1026128
1304	716	724	728	0	1026852
1305	724	728	724	0	1027580
1306	728	724	704	0	1028304
1307	724	704	704	0	1029008
1308	704	704	697	0	1029712
1309	704	697	692	0	1030409
1310	697	692	693	0	1031101
1311	692	693	700	0	1031794
1312	693	700	739	0	1032494
1313	700	739	763	0	1033233
1314	739	763	759	0	1033996
1315	763	759	766	0	1034755
1316	759	766	775	0	1035521
1317	766	775	790	0	1036296
1318	775	790	789	0	1037086
1319	790	789	790	0	1037875
1320	789	790	775	0	1038665
1321	790	775	774	0	1039440
1322	775	774	778	0	1040214
1323	774	778	786	0	1040992
1324	778	786	782	0	1041778
1325	786	782	790	0	1042560
1326	782	790	802	0	1043350
1327	790	802	813	0	1044152
1328	802	813	794	0	1044965
1329	813	794	797	0	1045759
1330	794	797	810	0	1046556
1331	797	810	817	0	1047366
1332	810	817	817	0	1048183
1333	817	817	805	0	1049000
1334	817	805	814	0	1049805
1335	805	814	817	0	1050619
1336	814	817	790	0	1051436
1337	817	790	778	0	1052226
1338	790	778	790	0	1053004
1339	778	790	766	0	1053794
1340	790	766	786	0	1054560
1341	766	786	802	0	1055346
1342	786	802	798	0	1056148
1343	802	798	782	0	1056946
1344	798	782	793	0	1057728
1345	782	793	786	0	1058521
1346	793	786	763	0	1059307
1347	786	763	770	0	1060070
1348	763	770	775	0	1060840
1349	770	775	762	0	1061615
1350	775	762	751	0	1062377
1351	762	751	751	0	1063128
1352	751	751	755	0	1063879
1353	751	755	751	0	1064634
1354	755	751	732	0	1065385
1355	751	732	735	0	1066117
1356	732	735	751	0	1066852
1357	735	751	747	0	1067603
1358	751	747	767	0	1068350
1359	747	767	778	0	1069117
1360	767	778	794	0	1069895
1361	778	794	770	0	1070689
1362	794	770	751	0	1071459
1363	770	751	728	0	1072210
1364	751	728	727	0	1072938
1365	728	727	732	0	1073665
1366	727	732	743	0	1074397
1367	732	743	747	0	1075140
1368	743	747	739	0	1075887
1369	747	739	748	0	1076626
1370	739	748	751	0	1077374
1371	748	751	762	0	1078125
1372	751	762	759	0	1078887
1373	762	759	747	0	1079646
1374	759	747	751	0	1080393
1375	747	751	755	0	1081144
1376	751	755	755	0	1081899
1377	755	755	751	0	1082654
1378	755	751	762	0	1083405
1379	751	762	779	0	1084167
1380	762	779	786	0	1084946
1381	779	786	782	0	1085732
1382	786	782	786	0	1086514
1383	782	786	786	0	1087300
1384	786	786	766	0	1088086
1385	786	766	751	0	1088852
1386	766	751	759	0	1089603
1387	751	759	763	0	1090362
1388	759	763	754	0	1091125
1389	763	754	755	0	1091879
1390	754	755	759	0	1092634
1391	755	759	767	0	1093393
1392	759	767	747	0	1094160
1393	767	747	751	0	1094907
1394	747	751	751	0	1095658
1395	751	751	743	0	1096409
1396	751	743	727	0	1097152
1397	743	727	736	0	1097879
1398	727	736	731	0	1098615
1399	736	731	716	0	1099346
1400	731	716	716	0	1100062
1401	716	716	720	0	1100778
1402	716	720	716	0	1101498
1403	720	716	697	0	1102214
1404	716	697	700	0	1102911
1405	697	700	696	0	1103611
1406	700	696	685	0	1104307
1407	696	685	681	0	1104992
1408	685	681	681	0	1105673
1409	681	681	693	0	1106354
1410	681	693	696	0	1107047
1411	693	696	704	0	1107743
1412	696	704	720	0	1108447
1413	704	720	720	0	1109167
1414	720	720	712	0	1109887
1415	720	712	720	0	1110599
1416	712	720	735	0	1111319
1417	720	735	748	0	1112054
1418	735	748	751	0	1112802
1419	748	751	758	0	1113553
1420	751	758	778	0	1114311
1421	758	778	794	0	1115089
1422	778	794	790	0	1115883
1423	794	790	798	0	1116673
1424	790	798	797	0	1117471
1425	798	797	798	0	1118268
1426	797	798	778	0	1119066
1427	798	778	771	0	1119844
1428	778	771	770	0	1120615
1429	771	770	763	0	1121385
1430	770	763	751	0	1122148
1431	763	751	743	0	1122899
1432	751	743	751	0	1123642
1433	743	751	747	0	1124393
1434	751	747	724	0	1125140
1435	747	724	739	0	1125864
1436	724	739	743	0	1126603
1437	739	743	743	0	1127346
1438	743	743	736	0	1128089
1439	743	736	735	0	1128825
1440	736	735	744	0	1129560
1441	735	744	723	0	1130304
1442	744	723	724	0	1131027
1443	723	724	728	0	1131751
1444	724	728	708	0	1132479
1445	728	708	720	0	1133187
1446	708	720	704	0	1133907
1447	720	704	708	0	1134611
1448	704	708	716	0	1135319
1449	708	716	716	0	1136035
1450	716	716	720	0	1136751
1451	716	720	731	0	1137471
1452	720	731	736	0	1138202
1453	731	736	731	0	1138938
1454	736	731	728	0	1139669
1455	731	728	728	0	1140397
1456	728	728	727	0	1141125
1457	728	727	736	0	1141852
1458	727	736	735	0	1142588
1459	736	735	743	0	1143323
1460	735	743	751	0	1144066
1461	743	751	771	0	1144817
1462	751	771	762	0	1145588
1463	771	762	759	0	1146350
1464	762	759	774	0	1147109
1465	759	774	790	0	1147883
1466	774	790	794	0	1148673
1467	790	794	798	0	1149467
1468	794	798	782	0	1150265
1469	798	782	797	0	1151047
1470	782	797	771	0	1151844
1471	797	771	766	0	1152615
1472	771	766	759	0	1153381
1473	766	759	735	0	1154140
1474	759	735	720	0	1154875
1475	735	720	720	0	1155595
1476	720	720	677	0	1156315
1477	720	677	685	0	1156992
1478	677	685	693	0	1157677
1479	685	693	704	0	1158370
1480	693	704	735	0	1159074
1481	704	735	736	0	1159809
1482	735	736	751	0	1160545
1483	736	751	751	0	1161296
1484	751	751	758	0	1162047
1485	751	758	748	0	1162805
1486	758	748	739	0	1163553
1487	748	739	739	0	1164292
1488	739	739	747	0	1165031
1489	739	747	736	0	1165778
1490	747	736	727	0	1166514
1491	736	727	716	0	1167241
1492	727	716	716	0	1167957
1493	716	716	728	0	1168673
1494	716	728	774	0	1169401
1495	728	774	794	0	1170175
1496	774	794	801	0	1170969
1497	794	801	794	0	1171770
1498	801	794	810	0	1172564
1499	794	810	821	0	1173374
1500	810	821	821	0	1174195
1501	821	821	832	0	1175016
1502	821	832	829	0	1175848
1503	832	829	821	0	1176677
1504	829	821	806	0	1177498
1505	821	806	774	0	1178304
1506	806	774	595	0	1179078
1507	774	595	926	1	1179673
1508	595	926	728	0	1180599
1509	926	728	716	0	1181327
1510	728	716	708	0	1182043
1511	716	708	700	0	1182751
1512	708	700	709	0	1183451
1513	700	709	743	0	1184160
1514	709	743	720	0	1184903
1515	743	720	758	0	1185623
1516	720	758	755	0	1186381
1517	758	755	759	0	1187136
1518	755	759	747	0	1187895
1519	759	747	759	0	1188642
1520	747	759	778	0	1189401
1521	759	778	774	0	1190179
1522	778	774	759	0	1190953
1523	774	759	755	0	1191712
1524	759	755	751	0	1192467
1525	755	751	759	0	1193218
1526	751	759	755	0	1193977
1527	759	755	739	0	1194732
1528	755	739	739	0	1195471
1529	739	739	732	0	1196210
1530	739	732	712	0	1196942
1531	732	712	696	0	1197654
1532	712	696	697	0	1198350
1533	696	697	681	0	1199047
1534	697	681	684	0	1199728
1535	681	684	685	0	1200412
1536	684	685	693	0	1201097
1537	685	693	700	0	1201790
1538	693	700	716	0	1202490
1539	700	716	736	0	1203206
1540	716	736	751	0	1203942
1541	736	751	762	0	1204693
1542	751	762	767	0	1205455
1543	762	767	774	0	1206222
1544	767	774	782	0	1206996
1545	774	782	802	0	1207778
1546	782	802	797	0	1208580
1547	802	797	802	0	1209377
1548	797	802	802	0	1210179
1549	802	802	793	0	1210981
1550	802	793	771	0	1211774
1551	793	771	774	0	1212545
1552	771	774	782	0	1213319
1553	774	782	751	0	1214101
1554	782	751	747	0	1214852
1555	751	747	767	0	1215599
1556	747	767	778	0	1216366
1557	767	778	763	0	1217144
1558	778	763	766	0	1217907
1559	763	766	771	0	1218673
1560	766	771	758	0	1219444
1561	771	758	740	0	1220202
1562	758	740	731	0	1220942
1563	740	731	712	0	1221673
1564	731	712	701	0	1222385
1565	712	701	692	0	1223086
1566	701	692	697	0	1223778
1567	692	697	692	0	1224475
1568	697	692	701	0	1225167
1569	692	701	716	0	1225868
1570	701	716	735	0	1226584
1571	716	735	751	0	1227319
1572	735	751	751	0	1228070
1573	751	751	770	0	1228821
1574	751	770	783	0	1229591
1575	770	783	789	0	1230374
1576	783	789	794	0	1231163
1577	789	794	778	0	1231957
1578	794	778	786	0	1232735
1579	778	786	802	0	1233521
1580	786	802	821	0	1234323
1581	802	821	813	0	1235144
1582	821	813	798	0	1235957
1583	813	798	809	0	1236755
1584	798	809	825	0	1237564
1585	809	825	825	0	1238389
1586	825	825	821	0	1239214
1587	825	821	805	0	1240035
1588	821	805	814	0	1240840
1589	805	814	825	0	1241654
1590	814	825	856	0	1242479
1591	825	856	836	0	1243335
1592	856	836	837	0	1244171
1593	836	837	856	0	1245008
1594	837	856	844	0	1245864
1595	856	844	829	0	1246708
1596	844	829	802	0	1247537
1597	829	802	809	0	1248339
1598	802	809	805	0	1249148
1599	809	805	814	0	1249953
1600	805	814	824	0	1250767
1601	814	824	806	0	1251591
1602	824	806	817	0	1252397
1603	806	817	825	0	1253214
1604	817	825	794	0	1254039
1605	825	794	809	0	1254833
1606	794	809	821	0	1255642
1607	809	821	817	0	1256463
1608	821	817	821	0	1257280
1609	817	821	806	0	1258101
1610	821	806	805	0	1258907
1611	806	805	809	0	1259712
1612	805	809	821	0	1260521
1613	809	821	821	0	1261342
1614	821	821	798	0	1262163
1615	821	798	821	0	1262961
1616	798	821	821	0	1263782
1617	821	821	825	0	1264603
1618	821	825	829	0	1265428
1619	825	829	801	0	1266257
1620	829	801	806	0	1267058
1621	801	806	782	0	1267864
1622	806	782	778	0	1268646
1623	782	778	755	0	1269424
1624	778	755	763	0	1270179
1625	755	763	758	0	1270942
1626	763	758	747	0	1271700
1627	758	747	740	0	1272447
1628	747	740	743	0	1273187
1629	740	743	747	0	1273930
1630	743	747	755	0	1274677
1631	747	755	759	0	1275432
1632	755	759	758	0	1276191
1633	759	758	779	0	1276949
1634	758	779	782	0	1277728
1635	779	782	801	0	1278510
1636	782	801	810	0	1279311
1637	801	810	805	0	1280121
1638	810	805	809	0	1280926
1639	805	809	802	0	1281735
1640	809	802	802	0	1282537
1641	802	802	789	0	1283339
1642	802	789	806	0	1284128
1643	789	806	813	0	1284934
1644	806	813	813	0	1285747
1645	813	813	810	0	1286560
1646	813	810	825	0	1287370
1647	810	825	824	0	1288195
1648	825	824	814	0	1289019
1649	824	814	813	0	1289833
1650	814	813	836	0	1290646
1651	813	836	802	0	1291482
1652	836	802	798	0	1292284
1653	802	798	797	0	1293082
1654	798	797	794	0	1293879
1655	797	794	786	0	1294673
1656	794	786	794	0	1295459
1657	786	794	798	0	1296253
1658	794	798	797	0	1297051
1659	798	797	790	0	1297848
1660	797	790	802	0	1298638
1661	790	802	805	0	1299440
1662	802	805	798	0	1300245
1663	805	798	778	0	1301043
1664	798	778	778	0	1301821
1665	778	778	786	0	1302599
1666	778	786	794	0	1303385
1667	786	794	778	0	1304179
1668	794	778	771	0	1304957
1669	778	771	786	0	1305728
1670	771	786	782	0	1306514
1671	786	782	782	0	1307296
1672	782	782	762	0	1308078
1673	782	762	755	0	1308840
1674	762	755	736	0	1309595
1675	755	736	727	0	1310331
1676	736	727	740	0	1311058
1677	727	740	774	0	1311798
1678	740	774	782	0	1312572
1679	774	782	782	0	1313354
1680	782	782	798	0	1314136
1681	782	798	798	0	1314934
1682	798	798	809	0	1315732
1683	798	809	790	0	1316541
1684	809	790	778	0	1317331
1685	790	778	786	0	1318109
1686	778	786	798	0	1318895
1687	786	798	805	0	1319693
1688	798	805	802	0	1320498
1689	805	802	821	0	1321300
1690	802	821	836	0	1322121
1691	821	836	841	0	1322957
1692	836	841	821	0	1323798
1693	841	821	832	0	1324619
1694	821	832	837	0	1325451
1695	832	837	817	0	1326288
1696	837	817	825	0	1327105
1697	817	825	821	0	1327930
1698	825	821	825	0	1328751
1699	821	825	801	0	1329576
1700	825	801	810	0	1330377
1701	801	810	813	0	1331187
1702	810	813	817	0	1332000
1703	813	817	786	0	1332817
1704	817	786	778	0	1333603
1705	786	778	786	0	1334381
1706	778	786	759	0	1335167
1707	786	759	759	0	1335926
1708	759	759	770	0	1336685
1709	759	770	736	0	1337455
1710	770	736	727	0	1338191
1711	736	727	736	0	1338918
1712	727	736	739	0	1339654
1713	736	739	728	0	1340393
1714	739	728	747	0	1341121
1715	728	747	778	0	1341868
1716	747	778	766	0	1342646
1717	778	766	732	0	1343412
1718	766	732	731	0	1344144
1719	732	731	724	0	1344875
1720	731	724	728	0	1345599
1721	724	728	739	0	1346327
1722	728	739	747	0	1347066
1723	739	747	720	0	1347813
1724	747	720	735	0	1348533
1725	720	735	748	0	1349268
1726	735	748	770	0	1350016
1727	748	770	805	0	1350786
1728	770	805	806	0	1351591
1729	805	806	805	0	1352397
1730	806	805	771	0	1353202
1731	805	771	766	0	1353973
1732	771	766	724	0	1354739
1733	766	724	720	0	1355463
1734	724	720	700	0	1356183
1735	720	700	685	0	1356883
1736	700	685	689	0	1357568
1737	685	689	700	0	1358257
1738	689	700	701	0	1358957
1739	700	701	692	0	1359658
1740	701	692	677	0	1360350
1741	692	677	693	0	1361027
1742	677	693	677	0	1361720
1743	693	677	704	0	1362397
1744	677	704	736	0	1363101
1745	704	736	747	0	1363837
1746	736	747	774	0	1364584
1747	747	774	759	0	1365358
1748	774	759	762	0	1366117
1749	759	762	775	0	1366879
1750	762	775	758	0	1367654
1751	775	758	759	0	1368412
1752	758	759	763	0	1369171
1753	759	763	786	0	1369934
1754	763	786	805	0	1370720
1755	786	805	794	0	1371525
1756	805	794	790	0	1372319
1757	794	790	759	0	1373109
1758	790	759	751	0	1373868
1759	759	751	727	0	1374619
1760	751	727	712	0	1375346
1761	727	712	724	0	1376058
1762	712	724	747	0	1376782
1763	724	747	751	0	1377529
1764	747	751	767	0	1378280
1765	751	767	774	0	1379047
1766	767	774	770	0	1379821
1767	774	770	748	0	1380591
1768	770	748	770	0	1381339
1769	748	770	731	0	1382109
1770	770	731	732	0	1382840
1771	731	732	693	0	1383572
1772	732	693	692	0	1384265
1773	693	692	681	0	1384957
1774	692	681	666	0	1385638
1775	681	666	665	0	1386304
1776	666	665	650	0	1386969
1777	665	650	630	0	1387619
1778	650	630	634	0	1388249
1779	630	634	631	0	1388883
1780	634	631	626	0	1389514
1781	631	626	619	0	1390140
1782	626	619	618	0	1390759
1783	619	618	619	0	1391377
1784	618	619	623	0	1391996
1785	619	623	630	0	1392619
1786	623	630	619	0	1393249
1787	630	619	611	0	1393868
1788	619	611	630	0	1394479
1789	611	630	630	0	1395109
1790	630	630	670	0	1395739
1791	630	670	645	0	1396409
1792	670	645	654	0	1397054
1793	645	654	666	0	1397708
1794	654	666	669	0	1398374
1795	666	669	685	0	1399043
1796	669	685	684	0	1399728
1797	685	684	685	0	1400412
1798	684	685	685	0	1401097
1799	685	685	665	0	1401782
1800	685	665	666	0	1402447
1801	665	666	654	0	1403113
1802	666	654	653	0	1403767
1803	654	653	662	0	1404420
1804	653	662	642	0	1405082
1805	662	642	657	0	1405724
1806	642	657	666	0	1406381
1807	657	666	685	0	1407047
1808	666	685	669	0	1407732
1809	685	669	688	0	1408401
1810	669	688	701	0	1409089
1811	688	701	708	0	1409790
1812	701	708	708	0	1410498
1813	708	708	708	0	1411206
1814	708	708	705	0	1411914
1815	708	705	688	0	1412619
1816	705	688	705	0	1413307
1817	688	705	696	0	1414012
1818	705	696	673	0	1414708
1819	696	673	677	0	1415381
1820	673	677	662	0	1416058
1821	677	662	650	0	1416720
1822	662	650	638	0	1417370
1823	650	638	634	0	1418008
1824	638	634	634	0	1418642
1825	634	634	638	0	1419276
1826	634	638	642	0	1419914
1827	638	642	654	0	1420556
1828	642	654	681	0	1421210
1829	654	681	681	0	1421891
1830	681	681	689	0	1422572
1831	681	689	720	0	1423261
1832	689	720	700	0	1423981
1833	720	700	685	0	1424681
1834	700	685	692	0	1425366
1835	685	692	666	0	1426058
1836	692	666	657	0	1426724
1837	666	657	635	0	1427381
1838	657	635	642	0	1428016
1839	635	642	618	0	1428658
1840	642	618	611	0	1429276
1841	618	611	603	0	1429887
1842	611	603	599	0	1430490
1843	603	599	596	0	1431089
1844	599	596	599	0	1431685
1845	596	599	603	0	1432284
1846	599	603	599	0	1432887
1847	603	599	600	0	1433486
1848	599	600	607	0	1434086
1849	600	607	634	0	1434693
1850	607	634	642	0	1435327
1851	634	642	677	0	1435969
1852	642	677	696	0	1436646
1853	677	696	712	0	1437342
1854	696	712	709	0	1438054
1855	712	709	766	0	1438763
1856	709	766	677	0	1439529
1857	766	677	720	0	1440206
1858	677	720	697	0	1440926
1859	720	697	681	0	1441623
1860	697	681	661	0	1442304
1861	681	661	661	0	1442965
1862	661	661	654	0	1443626
1863	661	654	638	0	1444280
1864	654	638	658	0	1444918
1865	638	658	661	0	1445576
1866	658	661	677	0	1446237
1867	661	677	697	0	1446914
1868	677	697	720	0	1447611
1869	697	720	712	0	1448331
1870	720	712	704	0	1449043
1871	712	704	716	0	1449747
1872	704	716	689	0	1450463
1873	716	689	688	0	1451152
1874	689	688	689	0	1451840
1875	688	689	689	0	1452529
1876	689	689	700	0	1453218
1877	689	700	685	0	1453918
1878	700	685	689	0	1454603
1879	685	689	681	0	1455292
1880	689	681	673	0	1455973
1881	681	673	669	0	1456646
1882	673	669	666	0	1457315
1883	669	666	669	0	1457981
1884	666	669	673	0	1458650
1885	669	673	673	0	1459323
1886	673	673	689	0	1459996
1887	673	689	727	0	1460685
1888	689	727	763	0	1461412
1889	727	763	759	0	1462175
1890	763	759	743	0	1462934
1891	759	743	732	0	1463677
1892	743	732	735	0	1464409
1893	732	735	708	0	1465144
1894	735	708	704	0	1465852
1895	708	704	709	0	1466556
1896	704	709	712	0	1467265
1897	709	712	708	0	1467977
1898	712	708	704	0	1468685
1899	708	704	712	0	1469389
1900	704	712	708	0	1470101
1901	712	708	716	0	1470809
1902	708	716	728	0	1471525
1903	716	728	712	0	1472253
1904	728	712	704	0	1472965
1905	712	704	708	0	1473669
1906	704	708	709	0	1474377
1907	708	709	700	0	1475086
1908	709	700	696	0	1475786
1909	700	696	685	0	1476482
1910	696	685	685	0	1477167
1911	685	685	677	0	1477852
1912	685	677	673	0	1478529
1913	677	673	658	0	1479202
1914	673	658	681	0	1479860
1915	658	681	685	0	1480541
1916	681	685	716	0	1481226
1917	685	716	735	0	1481942
1918	716	735	732	0	1482677
1919	735	732	743	0	1483409
1920	732	743	739	0	1484152
1921	743	739	743	0	1484891
1922	739	743	740	0	1485634
1923	743	740	704	0	1486374
1924	740	704	692	0	1487078
1925	704	692	685	0	1487770
1926	692	685	673	0	1488455
1927	685	673	670	0	1489128
1928	673	670	646	0	1489798
1929	670	646	634	0	1490444
1930	646	634	646	0	1491078
1931	634	646	642	0	1491724
1932	646	642	650	0	1492366
1933	642	650	653	0	1493016
1934	650	653	654	0	1493669
1935	653	654	665	0	1494323
1936	654	665	646	0	1494988
1937	665	646	666	0	1495634
1938	646	666	665	0	1496300
1939	666	665	693	0	1496965
1940	665	693	735	0	1497658
1941	693	735	759	0	1498393
1942	735	759	743	0	1499152
1943	759	743	755	0	1499895
1944	743	755	743	0	1500650
1945	755	743	724	0	1501393
1946	743	724	731	0	1502117
1947	724	731	716	0	1502848
1948	731	716	708	0	1503564
1949	716	708	693	0	1504272
1950	708	693	700	0	1504965
1951	693	700	705	0	1505665
1952	700	705	688	0	1506370
1953	705	688	697	0	1507058
1954	688	697	685	0	1507755
1955	697	685	692	0	1508440
1956	685	692	673	0	1509132
1957	692	673	689	0	1509805
1958	673	689	658	0	1510494
1959	689	658	677	0	1511152
1960	658	677	677	0	1511829
1961	677	677	661	0	1512506
1962	677	661	681	0	1513167
1963	661	681	670	0	1513848
1964	681	670	677	0	1514518
1965	670	677	692	0	1515195
1966	677	692	701	0	1515887
1967	692	701	704	0	1516588
1968	701	704	743	0	1517292
1969	704	743	774	0	1518035
1970	743	774	775	0	1518809
1971	774	775	766	0	1519584
1972	775	766	786	0	1520350
1973	766	786	786	0	1521136
1974	786	786	782	0	1521922
1975	786	782	771	0	1522704
1976	782	771	762	0	1523475
1977	771	762	763	0	1524237
1978	762	763	759	0	1525000
1979	763	759	766	0	1525759
1980	759	766	759	0	1526525
1981	766	759	755	0	1527284
1982	759	755	759	0	1528039
1983	755	759	766	0	1528798
1984	759	766	759	0	1529564
1985	766	759	747	0	1530323
1986	759	747	751	0	1531070
1987	747	751	728	0	1531821
1988	751	728	735	0	1532549
1989	728	735	724	0	1533284
1990	735	724	704	0	1534008
1991	724	704	716	0	1534712
1992	704	716	716	0	1535428
1993	716	716	716	0	1536144
1994	716	716	716	0	1536860
1995	716	716	728	0	1537576
1996	716	728	747	0	1538304
1997	728	747	762	0	1539051
1998	747	762	755	0	1539813
1999	762	755	763	0	1540568
2000	755	763	770	0	1541331
2001	763	770	763	0	1542101
2002	770	763	762	0	1542864
2003	763	762	759	0	1543626
2004	762	759	732	0	1544385
2005	759	732	735	0	1545117
2006	732	735	728	0	1545852
2007	735	728	731	0	1546580
2008	728	731	728	0	1547311
2009	731	728	751	0	1548039
2010	728	751	774	0	1548790
2011	751	774	786	0	1549564
2012	774	786	794	0	1550350
2013	786	794	805	0	1551144
2014	794	805	818	0	1551949
2015	805	818	809	0	1552767
2016	818	809	790	0	1553576
2017	809	790	790	0	1554366
2018	790	790	782	0	1555156
2019	790	782	751	0	1555938
2020	782	751	739	0	1556689
2021	751	739	732	0	1557428
2022	739	732	731	0	1558160
2023	732	731	739	0	1558891
2024	731	739	763	0	1559630
2025	739	763	767	0	1560393
2026	763	767	758	0	1561160
2027	767	758	775	0	1561918
2028	758	775	774	0	1562693
2029	775	774	786	0	1563467
2030	774	786	782	0	1564253
2031	786	782	790	0	1565035
2032	782	790	778	0	1565825
2033	790	778	794	0	1566603
2034	778	794	809	0	1567397
2035	794	809	813	0	1568206
2036	809	813	821	0	1569019
2037	813	821	814	0	1569840
2038	821	814	813	0	1570654
2039	814	813	794	0	1571467
2040	813	794	614	0	1572261
2041	794	614	366	1	1572875
2042	614	366	514	1	1573241
2043	366	514	813	0	1573755
2044	514	813	763	0	1574568
2045	813	763	762	0	1575331
2046	763	762	794	0	1576093
2047	762	794	848	0	1576887
2048	794	848	864	0	1577735
2049	848	864	895	0	1578599
2050	864	895	907	0	1579494
2051	895	907	887	0	1580401
2052	907	887	868	0	1581288
2053	887	868	852	0	1582156
2054	868	852	829	0	1583008
2055	852	829	786	0	1583837
2056	829	786	762	0	1584623
2057	786	762	790	0	1585385
2058	762	790	813	0	1586175
2059	790	813	782	0	1586988
2060	813	782	825	0	1587770
2061	782	825	821	0	1588595
2062	825	821	856	0	1589416
2063	821	856	864	0	1590272
2064	856	864	891	0	1591136
2065	864	891	860	0	1592027
2066	891	860	860	0	1592887
2067	860	860	837	0	1593747
2068	860	837	805	0	1594584
2069	837	805	798	0	1595389
2070	805	798	794	0	1596187
2071	798	794	801	0	1596981
2072	794	801	809	0	1597782
2073	801	809	833	0	1598591
2074	809	833	833	0	1599424
2075	833	833	871	0	1600257
2076	833	871	868	0	1601128
2077	871	868	872	0	1601996
2078	868	872	852	0	1602868
2079	872	852	871	0	1603720
2080	852	871	860	0	1604591
2081	871	860	860	0	1605451
2082	860	860	825	0	1606311
2083	860	825	813	0	1607136
2084	825	813	786	0	1607949
2085	813	786	763	0	1608735
2086	786	763	774	0	1609498
2087	763	774	775	0	1610272
2088	774	775	770	0	1611047
2089	775	770	755	0	1611817
2090	770	755	759	0	1612572
2091	755	759	751	0	1613331
2092	759	751	739	0	1614082
2093	751	739	747	0	1614821
2094	739	747	763	0	1615568
2095	747	763	774	0	1616331
2096	763	774	770	0	1617105
2097	774	770	783	0	1617875
2098	770	783	789	0	1618658
2099	783	789	798	0	1619447
2100	789	798	802	0	1620245
2101	798	802	801	0	1621047
2102	802	801	810	0	1621848
2103	801	810	821	0	1622658
2104	810	821	813	0	1623479
2105	821	813	817	0	1624292
2106	813	817	805	0	1625109
2107	817	805	806	0	1625914
2108	805	806	813	0	1626720
2109	806	813	844	0	1627533
2110	813	844	853	0	1628377
2111	844	853	848	0	1629230
2112	853	848	833	0	1630078
2113	848	833	813	0	1630911
2114	833	813	801	0	1631724
2115	813	801	794	0	1632525
2116	801	794	767	0	1633319
2117	794	767	789	0	1634086
2118	767	789	790	0	1634875
2119	789	790	814	0	1635665
2120	790	814	821	0	1636479
2121	814	821	836	0	1637300
2122	821	836	841	0	1638136
2123	836	841	836	0	1638977
2124	841	836	817	0	1639813
2125	836	817	817	0	1640630
2126	817	817	818	0	1641447
2127	817	818	828	0	1642265
2128	818	828	833	0	1643093
2129	828	833	813	0	1643926
2130	833	813	817	0	1644739
2131	813	817	821	0	1645556
2132	817	821	833	0	1646377
2133	821	833	825	0	1647210
2134	833	825	805	0	1648035
2135	825	805	802	0	1648840
2136	805	802	809	0	1649642
2137	802	809	810	0	1650451
2138	809	810	805	0	1651261
2139	810	805	806	0	1652066
2140	805	806	824	0	1652872
2141	806	824	837	0	1653696
2142	824	837	848	0	1654533
2143	837	848	841	0	1655381
2144	848	841	829	0	1656222
2145	841	829	813	0	1657051
2146	829	813	782	0	1657864
2147	813	782	774	0	1658646
2148	782	774	786	0	1659420
2149	774	786	802	0	1660206
2150	786	802	794	0	1661008
2151	802	794	770	0	1661802
2152	794	770	790	0	1662572
2153	770	790	786	0	1663362
2154	790	786	790	0	1664148
2155	786	790	782	0	1664938
2156	790	782	790	0	1665720
2157	782	790	805	0	1666510
2158	790	805	806	0	1667315
2159	805	806	801	0	1668121
2160	806	801	817	0	1668922
2161	801	817	821	0	1669739
2162	817	821	814	0	1670560
2163	821	814	821	0	1671374
2164	814	821	824	0	1672195
2165	821	824	810	0	1673019
2166	824	810	817	0	1673829
2167	810	817	821	0	1674646
2168	817	821	813	0	1675467
2169	821	813	813	0	1676280
2170	813	813	821	0	1677093
2171	813	821	821	0	1677914
2172	821	821	802	0	1678735
2173	821	802	825	0	1679537
2174	802	825	829	0	1680362
2175	825	829	840	0	1681191
2176	829	840	852	0	1682031
2177	840	852	821	0	1682883
2178	852	821	817	0	1683704
2179	821	817	810	0	1684521
2180	817	810	805	0	1685331
2181	810	805	794	0	1686136
2182	805	794	790	0	1686930
2183	794	790	786	0	1687720
2184	790	786	786	0	1688506
2185	786	786	774	0	1689292
2186	786	774	767	0	1690066
2187	774	767	770	0	1690833
2188	767	770	771	0	1691603
2189	770	771	805	0	1692374
2190	771	805	802	0	1693179
2191	805	802	789	0	1693981
2192	802	789	802	0	1694770
2193	789	802	805	0	1695572
2194	802	805	818	0	1696377
2195	805	818	782	0	1697195
2196	818	782	797	0	1697977
2197	782	797	790	0	1698774
2198	797	790	798	0	1699564
2199	790	798	763	0	1700362
2200	798	763	774	0	1701125
2201	763	774	770	0	1701899
2202	774	770	767	0	1702669
2203	770	767	751	0	1703436
2204	767	751	762	0	1704187
2205	751	762	790	0	1704949
2206	762	790	751	0	1705739
2207	790	751	778	0	1706490
2208	751	778	783	0	1707268
2209	778	783	786	0	1708051
2210	783	786	797	0	1708837
2211	786	797	798	0	1709634
2212	797	798	798	0	1710432
2213	798	798	793	0	1711230
2214	798	793	771	0	1712023
2215	793	771	762	0	1712794
2216	771	762	751	0	1713556
2217	762	751	635	0	1714307
2218	751	635	825	1	1714942
2219	635	825	700	0	1715767
2220	825	700	696	0	1716467
2221	700	696	724	0	1717163
2222	696	724	724	0	1717887
2223	724	724	755	0	1718611
2224	724	755	770	0	1719366
2225	755	770	790	0	1720136
2226	770	790	809	0	1720926
2227	790	809	829	0	1721735
2228	809	829	833	0	1722564
2229	829	833	809	0	1723397
2230	833	809	798	0	1724206
2231	809	798	790	0	1725004
2232	798	790	766	0	1725794
2233	790	766	755	0	1726560
2234	766	755	763	0	1727315
2235	755	763	759	0	1728078
2236	763	759	778	0	1728837
2237	759	778	743	0	1729615
2238	778	743	747	0	1730358
2239	743	747	751	0	1731105
2240	747	751	770	0	1731856
2241	751	770	794	0	1732626
2242	770	794	782	0	1733420
2243	794	782	794	0	1734202
2244	782	794	786	0	1734996
2245	794	786	802	0	1735782
2246	786	802	793	0	1736584
2247	802	793	802	0	1737377
2248	793	802	782	0	1738179
2249	802	782	786	0	1738961
2250	782	786	786	0	1739747
2251	786	786	790	0	1740533
2252	786	790	782	0	1741323
2253	790	782	802	0	1742105
2254	782	802	817	0	1742907
2255	802	817	790	0	1743724
2256	817	790	809	0	1744514
2257	790	809	805	0	1745323
2258	809	805	821	0	1746128
2259	805	821	845	0	1746949
2260	821	845	821	0	1747794
2261	845	821	825	0	1748615
2262	821	825	809	0	1749440
2263	825	809	802	0	1750249
2264	809	802	805	0	1751051
2265	802	805	790	0	1751856
2266	805	790	782	0	1752646
2267	790	782	786	0	1753428
2268	782	786	790	0	1754214
2269	786	790	782	0	1755004
2270	790	782	794	0	1755786
2271	782	794	809	0	1756580
2272	794	809	825	0	1757389
2273	809	825	825	0	1758214
2274	825	825	825	0	1759039
2275	825	825	829	0	1759864
2276	825	829	852	0	1760693
2277	829	852	840	0	1761545
2278	852	840	825	0	1762385
2279	840	825	817	0	1763210
2280	825	817	821	0	1764027
2281	817	821	825	0	1764848
2282	821	825	813	0	1765673
2283	825	813	821	0	1766486
2284	813	821	837	0	1767307
2285	821	837	825	0	1768144
2286	837	825	829	0	1768969
2287	825	829	844	0	1769798
2288	829	844	860	0	1770642
2289	844	860	833	0	1771502
2290	860	833	832	0	1772335
2291	833	832	829	0	1773167
2292	832	829	833	0	1773996
2293	829	833	829	0	1774829
2294	833	829	821	0	1775658
2295	829	821	828	0	1776479
2296	821	828	802	0	1777307
2297	828	802	798	0	1778109
2298	802	798	774	0	1778907
2299	798	774	790	0	1779681
2300	774	790	790	0	1780471
2301	790	790	797	0	1781261
2302	790	797	794	0	1782058
2303	797	794	833	0	1782852
2304	794	833	825	0	1783685
2305	833	825	813	0	1784510
2306	825	813	821	0	1785323
2307	813	821	829	0	1786144
2308	821	829	805	0	1786973
2309	829	805	802	0	1787778
2310	805	802	809	0	1788580
2311	802	809	806	0	1789389
2312	809	806	809	0	1790195
2313	806	809	794	0	1791004
2314	809	794	801	0	1791798
2315	794	801	786	0	1792599
2316	801	786	802	0	1793385
2317	786	802	794	0	1794187
2318	802	794	805	0	1794981
2319	794	805	805	0	1795786
2320	805	805	786	0	1796591
2321	805	786	802	0	1797377
2322	786	802	751	0	1798179
2323	802	751	774	0	1798930
