index	i-1	i+0	i+1	Filter	Time
1	377	864	596	0	1241
2	864	596	1089	1	1837
3	596	1089	841	0	2926
4	1089	841	813	0	3767
5	841	813	809	0	4580
6	813	809	825	0	5389
7	809	825	868	0	6214
8	825	868	891	0	7082
9	868	891	883	0	7973
10	891	883	895	0	8856
11	883	895	918	0	9751
12	895	918	930	0	10669
13	918	930	926	0	11599
14	930	926	934	0	12525
15	926	934	926	0	13459
16	934	926	907	0	14385
17	926	907	895	0	15292
18	907	895	879	0	16187
19	895	879	876	0	17066
20	879	876	646	0	17942
21	876	646	1027	1	18588
22	646	1027	832	0	19615
23	1027	832	833	0	20447
24	832	833	837	0	21280
25	833	837	829	0	22117
26	837	829	758	0	22946
27	829	758	716	1	23704
28	758	716	728	1	24420
29	716	728	673	1	25148
30	728	673	1319	1	25821
31	673	1319	829	0	27140
32	1319	829	821	0	27969
33	829	821	786	0	28790
34	821	786	786	0	29576
35	786	786	770	0	30362
36	786	770	685	0	31132
37	770	685	662	0	31817
38	685	662	825	0	32479
39	662	825	731	0	33304
40	825	731	615	0	34035
41	731	615	813	1	34650
42	615	813	712	0	35463
43	813	712	704	0	36175
44	712	704	697	0	36879
45	704	697	700	0	37576
46	697	700	708	0	38276
47	700	708	701	0	38984
48	708	701	677	0	39685
49	701	677	700	0	40362
50	677	700	693	0	41062
51	700	693	685	0	41755
52	693	685	677	0	42440
53	685	677	688	0	43117
54	677	688	697	0	43805
55	688	697	696	0	44502
56	697	696	697	0	45198
57	696	697	739	0	45895
58	697	739	880	0	46634
59	739	880	793	0	47514
60	880	793	810	0	48307
61	793	810	867	0	49117
62	810	867	845	0	49984
63	867	845	852	0	50829
64	845	852	926	0	51681
65	852	926	961	0	52607
66	926	961	914	0	53568
67	961	914	985	0	54482
68	914	985	1004	0	55467
69	985	1004	1008	0	56471
70	1004	1008	945	0	57479
71	1008	945	911	0	58424
72	945	911	1011	1	59335
73	911	1011	919	0	60346
74	1011	919	898	0	61265
75	919	898	907	0	62163
76	898	907	934	0	63070
77	907	934	945	0	64004
78	934	945	942	0	64949
79	945	942	926	0	65891
80	942	926	950	0	66817
81	926	950	968	0	67767
82	950	968	977	0	68735
83	968	977	942	0	69712
84	977	942	965	0	70654
85	942	965	969	0	71619
86	965	969	961	0	72588
87	969	961	933	0	73549
88	961	933	923	0	74482
89	933	923	918	0	75405
90	923	918	926	0	76323
91	918	926	911	0	77249
92	926	911	891	0	78160
93	911	891	906	0	79051
94	891	906	915	0	79957
95	906	915	895	0	80872
96	915	895	875	0	81767
97	895	875	895	0	82642
98	875	895	887	0	83537
99	895	887	883	0	84424
100	887	883	864	0	85307
101	883	864	864	0	86171
102	864	864	872	0	87035
103	864	872	879	0	87907
104	872	879	864	0	88786
105	879	864	868	0	89650
106	864	868	894	0	90518
107	868	894	662	0	91412
108	894	662	1148	1	92074
109	662	1148	864	0	93222
110	1148	864	879	0	94086
111	864	879	879	0	94965
112	879	879	891	0	95844
113	879	891	872	0	96735
114	891	872	868	0	97607
115	872	868	891	0	98475
116	868	891	895	0	99366
117	891	895	891	0	100261
118	895	891	875	0	101152
119	891	875	907	0	102027
120	875	907	910	0	102934
121	907	910	915	0	103844
122	910	915	902	0	104759
123	915	902	888	0	105661
124	902	888	902	0	106549
125	888	902	903	0	107451
126	902	903	887	0	108354
127	903	887	755	0	109241
128	887	755	977	1	109996
129	755	977	871	0	110973
130	977	871	880	0	111844
131	871	880	867	0	112724
132	880	867	868	0	113591
133	867	868	887	0	114459
134	868	887	635	0	115346
135	887	635	1190	1	115981
136	635	1190	891	0	117171
137	1190	891	876	0	118062
138	891	876	891	0	118938
139	876	891	883	0	119829
140	891	883	876	0	120712
141	883	876	867	0	121588
142	876	867	887	0	122455
143	867	887	888	0	123342
144	887	888	883	0	124230
145	888	883	864	0	125113
146	883	864	860	0	125977
147	864	860	867	0	126837
148	860	867	852	0	127704
149	867	852	829	0	128556
150	852	829	794	0	129385
151	829	794	704	0	130179
152	794	704	825	0	130883
153	704	825	798	0	131708
154	825	798	762	0	132506
155	798	762	755	0	133268
156	762	755	744	0	134023
157	755	744	770	0	134767
158	744	770	794	0	135537
159	770	794	809	0	136331
160	794	809	802	0	137140
161	809	802	809	0	137942
162	802	809	844	0	138751
163	809	844	876	0	139595
164	844	876	848	0	140471
165	876	848	821	0	141319
166	848	821	876	0	142140
167	821	876	895	0	143016
168	876	895	894	0	143911
169	895	894	868	0	144805
170	894	868	845	0	145673
171	868	845	906	0	146518
172	845	906	887	0	147424
173	906	887	856	0	148311
174	887	856	872	0	149167
175	856	872	907	0	150039
176	872	907	902	0	150946
177	907	902	872	0	151848
178	902	872	860	0	152720
179	872	860	899	0	153580
180	860	899	883	0	154479
181	899	883	868	0	155362
182	883	868	828	0	156230
183	868	828	876	0	157058
184	828	876	868	0	157934
185	876	868	871	0	158802
186	868	871	848	0	159673
187	871	848	845	0	160521
188	848	845	887	0	161366
189	845	887	883	0	162253
190	887	883	880	0	163136
191	883	880	852	0	164016
192	880	852	895	0	164868
193	852	895	614	0	165763
194	895	614	1207	1	166377
195	614	1207	836	0	167584
196	1207	836	837	0	168420
197	836	837	852	0	169257
198	837	852	844	0	170109
199	852	844	833	0	170953
200	844	833	821	0	171786
201	833	821	864	0	172607
202	821	864	903	0	173471
203	864	903	887	0	174374
204	903	887	856	0	175261
205	887	856	836	0	176117
206	856	836	864	0	176953
207	836	864	852	0	177817
208	864	852	837	0	178669
209	852	837	817	0	179506
210	837	817	840	0	180323
211	817	840	864	0	181163
212	840	864	848	0	182027
213	864	848	825	0	182875
214	848	825	891	0	183700
215	825	891	888	0	184591
216	891	888	871	0	185479
217	888	871	852	0	186350
218	871	852	887	0	187202
219	852	887	903	0	188089
220	887	903	872	0	188992
221	903	872	852	0	189864
222	872	852	891	0	190716
223	852	891	891	0	191607
224	891	891	743	0	192498
225	891	743	794	1	193241
226	743	794	988	1	194035
227	794	988	907	0	195023
228	988	907	856	0	195930
229	907	856	844	0	196786
230	856	844	852	0	197630
231	844	852	857	0	198482
232	852	857	922	0	199339
233	857	922	902	0	200261
234	922	902	868	0	201163
235	902	868	911	0	202031
236	868	911	937	0	202942
237	911	937	965	0	203879
238	937	965	923	0	204844
239	965	923	894	0	205767
240	923	894	958	0	206661
241	894	958	930	0	207619
242	958	930	902	0	208549
243	930	902	825	0	209451
244	902	825	483	0	210276
245	825	483	1358	1	210759
246	483	1358	883	0	212117
247	1358	883	864	0	213000
248	883	864	868	0	213864
249	864	868	891	0	214732
250	868	891	898	0	215623
251	891	898	895	0	216521
252	898	895	868	0	217416
253	895	868	903	0	218284
254	868	903	910	0	219187
255	903	910	887	0	220097
256	910	887	856	0	220984
257	887	856	915	0	221840
258	856	915	910	0	222755
259	915	910	884	0	223665
260	910	884	856	0	224549
261	884	856	871	0	225405
262	856	871	884	0	226276
263	871	884	906	0	227160
264	884	906	860	0	228066
265	906	860	860	0	228926
266	860	860	895	0	229786
267	860	895	903	0	230681
268	895	903	848	0	231584
269	903	848	856	0	232432
270	848	856	872	0	233288
271	856	872	844	0	234160
272	872	844	840	0	235004
273	844	840	837	0	235844
274	840	837	852	0	236681
275	837	852	856	0	237533
276	852	856	848	0	238389
277	856	848	872	0	239237
278	848	872	883	0	240109
279	872	883	720	1	240992
280	883	720	673	1	241712
281	720	673	806	1	242385
282	673	806	965	1	243191
283	806	965	1326	1	244156
284	965	1326	903	0	245482
285	1326	903	759	0	246385
286	903	759	914	1	247144
287	759	914	899	0	248058
288	914	899	887	0	248957
289	899	887	868	0	249844
290	887	868	856	0	250712
291	868	856	837	0	251568
292	856	837	945	1	252405
293	837	945	922	0	253350
294	945	922	911	0	254272
295	922	911	630	0	255183
296	911	630	1288	1	255813
297	630	1288	957	0	257101
298	1288	957	930	0	258058
299	957	930	942	0	258988
300	930	942	926	0	259930
301	942	926	922	0	260856
302	926	922	903	0	261778
303	922	903	918	0	262681
304	903	918	934	0	263599
305	918	934	938	0	264533
306	934	938	930	0	265471
307	938	930	906	0	266401
308	930	906	923	0	267307
309	906	923	933	0	268230
310	923	933	915	0	269163
311	933	915	895	0	270078
312	915	895	926	0	270973
313	895	926	922	0	271899
314	926	922	922	0	272821
315	922	922	891	0	273743
316	922	891	915	0	274634
317	891	915	922	0	275549
318	915	922	910	0	276471
319	922	910	891	0	277381
320	910	891	923	0	278272
321	891	923	933	0	279195
322	923	933	911	0	280128
323	933	911	895	0	281039
324	911	895	871	0	281934
325	895	871	969	1	282805
326	871	969	911	0	283774
327	969	911	914	0	284685
328	911	914	930	0	285599
329	914	930	938	0	286529
330	930	938	910	0	287467
331	938	910	903	0	288377
332	910	903	930	0	289280
333	903	930	938	0	290210
334	930	938	941	0	291148
335	938	941	919	0	292089
336	941	919	930	0	293008
337	919	930	941	0	293938
338	930	941	934	0	294879
339	941	934	911	0	295813
340	934	911	914	0	296724
341	911	914	922	0	297638
342	914	922	919	0	298560
343	922	919	887	0	299479
344	919	887	891	0	300366
345	887	891	887	0	301257
346	891	887	887	0	302144
347	887	887	872	0	303031
348	887	872	864	0	303903
349	872	864	883	0	304767
350	864	883	883	0	305650
351	883	883	887	0	306533
352	883	887	872	0	307420
353	887	872	903	0	308292
354	872	903	898	0	309195
355	903	898	907	0	310093
356	898	907	895	0	311000
357	907	895	914	0	311895
358	895	914	923	0	312809
359	914	923	898	0	313732
360	923	898	895	0	314630
361	898	895	903	0	315525
362	895	903	899	0	316428
363	903	899	887	0	317327
364	899	887	875	0	318214
365	887	875	888	0	319089
366	875	888	898	0	319977
367	888	898	884	0	320875
368	898	884	867	0	321759
369	884	867	868	0	322626
370	867	868	876	0	323494
371	868	876	891	0	324370
372	876	891	864	0	325261
373	891	864	856	0	326125
374	864	856	871	0	326981
375	856	871	868	0	327852
376	871	868	860	0	328720
377	868	860	852	0	329580
378	860	852	875	0	330432
379	852	875	884	0	331307
380	875	884	902	0	332191
381	884	902	899	0	333093
382	902	899	907	0	333992
383	899	907	899	0	334899
384	907	899	957	1	335798
385	899	957	903	0	336755
386	957	903	906	0	337658
387	903	906	903	0	338564
388	906	903	887	0	339467
389	903	887	856	0	340354
390	887	856	864	0	341210
391	856	864	860	0	342074
392	864	860	844	0	342934
393	860	844	829	0	343778
394	844	829	848	0	344607
395	829	848	872	0	345455
396	848	872	864	0	346327
397	872	864	860	0	347191
398	864	860	871	0	348051
399	860	871	891	0	348922
400	871	891	895	0	349813
401	891	895	880	0	350708
402	895	880	906	0	351588
403	880	906	922	0	352494
404	906	922	942	0	353416
405	922	942	922	0	354358
406	942	922	619	0	355280
407	922	619	447	1	355899
408	619	447	1592	1	356346
409	447	1592	988	0	357938
410	1592	988	938	0	358926
411	988	938	938	0	359864
412	938	938	933	0	360802
413	938	933	926	0	361735
414	933	926	907	0	362661
415	926	907	942	0	363568
416	907	942	945	0	364510
417	942	945	957	0	365455
418	945	957	942	0	366412
419	957	942	965	0	367354
420	942	965	969	0	368319
421	965	969	973	0	369288
422	969	973	937	0	370261
423	973	937	954	0	371198
424	937	954	945	0	372152
425	954	945	934	0	373097
426	945	934	911	0	374031
427	934	911	914	0	374942
428	911	914	934	0	375856
429	914	934	926	0	376790
430	934	926	899	0	377716
431	926	899	918	0	378615
432	899	918	930	0	379533
433	918	930	895	0	380463
434	930	895	728	0	381358
435	895	728	1031	1	382086
436	728	1031	887	0	383117
437	1031	887	883	0	384004
438	887	883	856	0	384887
439	883	856	856	0	385743
440	856	856	887	0	386599
441	856	887	911	0	387486
442	887	911	731	0	388397
443	911	731	1098	1	389128
444	731	1098	918	0	390226
445	1098	918	934	0	391144
446	918	934	922	0	392078
447	934	922	887	0	393000
448	922	887	911	0	393887
449	887	911	895	0	394798
450	911	895	883	0	395693
451	895	883	871	0	396576
452	883	871	849	0	397447
453	871	849	840	0	398296
454	849	840	856	0	399136
455	840	856	852	0	399992
456	856	852	833	0	400844
457	852	833	841	0	401677
458	833	841	856	0	402518
459	841	856	867	0	403374
460	856	867	860	0	404241
461	867	860	817	0	405101
462	860	817	817	0	405918
463	817	817	802	0	406735
464	817	802	805	0	407537
465	802	805	783	0	408342
466	805	783	778	0	409125
467	783	778	790	0	409903
468	778	790	786	0	410693
469	790	786	786	0	411479
470	786	786	774	0	412265
471	786	774	755	0	413039
472	774	755	743	0	413794
473	755	743	755	0	414537
474	743	755	755	0	415292
475	755	755	770	0	416047
476	755	770	782	0	416817
477	770	782	794	0	417599
478	782	794	848	0	418393
479	794	848	922	0	419241
480	848	922	1016	0	420163
481	922	1016	1000	0	421179
482	1016	1000	1000	0	422179
483	1000	1000	1012	0	423179
484	1000	1012	988	0	424191
485	1012	988	949	0	425179
486	988	949	946	0	426128
487	949	946	922	0	427074
488	946	922	899	0	427996
489	922	899	864	0	428895
490	899	864	867	0	429759
491	864	867	849	0	430626
492	867	849	840	0	431475
493	849	840	817	0	432315
494	840	817	810	0	433132
495	817	810	817	0	433942
496	810	817	825	0	434759
497	817	825	832	0	435584
498	825	832	833	0	436416
499	832	833	595	0	437249
500	833	595	1055	1	437844
501	595	1055	692	0	438899
502	1055	692	600	1	439591
503	692	600	1190	1	440191
504	600	1190	817	0	441381
505	1190	817	814	0	442198
506	817	814	840	0	443012
507	814	840	837	0	443852
508	840	837	836	0	444689
509	837	836	779	0	445525
510	836	779	1011	1	446304
511	779	1011	957	0	447315
512	1011	957	989	0	448272
513	957	989	1000	0	449261
514	989	1000	1011	0	450261
515	1000	1011	736	0	451272
516	1011	736	1288	1	452008
517	736	1288	988	0	453296
518	1288	988	981	0	454284
519	988	981	961	0	455265
520	981	961	941	0	456226
521	961	941	942	0	457167
522	941	942	926	0	458109
523	942	926	914	0	459035
524	926	914	926	0	459949
525	914	926	942	0	460875
526	926	942	950	0	461817
527	942	950	914	0	462767
528	950	914	922	0	463681
529	914	922	950	0	464603
530	922	950	937	0	465553
531	950	937	895	0	466490
532	937	895	584	0	467385
533	895	584	1206	1	467969
534	584	1206	864	0	469175
535	1206	864	875	0	470039
536	864	875	864	0	470914
537	875	864	864	0	471778
538	864	864	872	0	472642
539	864	872	852	0	473514
540	872	852	875	0	474366
541	852	875	891	0	475241
542	875	891	911	0	476132
543	891	911	895	0	477043
544	911	895	899	0	477938
545	895	899	910	0	478837
546	899	910	949	0	479747
547	910	949	942	0	480696
548	949	942	922	0	481638
549	942	922	950	0	482560
550	922	950	941	0	483510
551	950	941	938	0	484451
552	941	938	915	0	485389
553	938	915	937	0	486304
554	915	937	922	0	487241
555	937	922	899	0	488163
556	922	899	895	0	489062
557	899	895	915	0	489957
558	895	915	922	0	490872
559	915	922	910	0	491794
560	922	910	899	0	492704
561	910	899	926	0	493603
562	899	926	938	0	494529
563	926	938	926	0	495467
564	938	926	914	0	496393
565	926	914	946	0	497307
566	914	946	938	0	498253
567	946	938	926	0	499191
568	938	926	914	0	500117
569	926	914	915	0	501031
570	914	915	914	0	501946
571	915	914	914	0	502860
572	914	914	915	0	503774
573	914	915	918	0	504689
574	915	918	946	0	505607
575	918	946	949	0	506553
576	946	949	934	0	507502
577	949	934	918	0	508436
578	934	918	938	0	509354
579	918	938	945	0	510292
580	938	945	923	0	511237
581	945	923	910	0	512160
582	923	910	926	0	513070
583	910	926	938	0	513996
584	926	938	906	0	514934
585	938	906	895	0	515840
586	906	895	923	0	516735
587	895	923	918	0	517658
588	923	918	910	0	518576
589	918	910	790	0	519486
590	910	790	475	1	520276
591	790	475	444	1	520751
592	475	444	1537	1	521195
593	444	1537	879	0	522732
594	1537	879	887	0	523611
595	879	887	907	0	524498
596	887	907	902	0	525405
597	907	902	899	0	526307
598	902	899	848	0	527206
599	899	848	919	0	528054
600	848	919	591	0	528973
601	919	591	1292	1	529564
602	591	1292	879	0	530856
603	1292	879	954	0	531735
604	879	954	922	0	532689
605	954	922	930	0	533611
606	922	930	918	0	534541
607	930	918	911	0	535459
608	918	911	957	1	536370
609	911	957	918	0	537327
610	957	918	895	0	538245
611	918	895	922	0	539140
612	895	922	938	0	540062
613	922	938	942	0	541000
614	938	942	914	0	541942
615	942	914	930	0	542856
616	914	930	930	0	543786
617	930	930	934	0	544716
618	930	934	891	0	545650
619	934	891	895	0	546541
620	891	895	891	0	547436
621	895	891	899	0	548327
622	891	899	891	0	549226
623	899	891	883	0	550117
624	891	883	899	0	551000
625	883	899	914	0	551899
626	899	914	907	0	552813
627	914	907	895	0	553720
628	907	895	934	0	554615
629	895	934	949	0	555549
630	934	949	953	0	556498
631	949	953	926	0	557451
632	953	926	942	0	558377
633	926	942	957	0	559319
634	942	957	938	0	560276
635	957	938	911	0	561214
636	938	911	712	0	562125
637	911	712	1167	1	562837
638	712	1167	918	0	564004
639	1167	918	899	0	564922
640	918	899	922	0	565821
641	899	922	934	0	566743
642	922	934	938	0	567677
643	934	938	899	0	568615
644	938	899	922	0	569514
645	899	922	930	0	570436
646	922	930	949	0	571366
647	930	949	922	0	572315
648	949	922	934	0	573237
649	922	934	946	0	574171
650	934	946	945	0	575117
651	946	945	926	0	576062
652	945	926	934	0	576988
653	926	934	942	0	577922
654	934	942	922	0	578864
655	942	922	903	0	579786
656	922	903	910	0	580689
657	903	910	899	0	581599
658	910	899	887	0	582498
659	899	887	880	0	583385
660	887	880	879	0	584265
661	880	879	895	0	585144
662	879	895	887	0	586039
663	895	887	872	0	586926
664	887	872	891	0	587798
665	872	891	906	0	588689
666	891	906	919	0	589595
667	906	919	906	0	590514
668	919	906	926	0	591420
669	906	926	934	0	592346
670	926	934	934	0	593280
671	934	934	907	0	594214
672	934	907	918	0	595121
673	907	918	922	0	596039
674	918	922	895	0	596961
675	922	895	872	0	597856
676	895	872	883	0	598728
677	872	883	887	0	599611
678	883	887	876	0	600498
679	887	876	867	0	601374
680	876	867	884	0	602241
681	867	884	898	0	603125
682	884	898	911	0	604023
683	898	911	903	0	604934
684	911	903	945	0	605837
685	903	945	977	0	606782
686	945	977	976	0	607759
687	977	976	965	0	608735
688	976	965	993	0	609700
689	965	993	1003	0	610693
690	993	1003	965	0	611696
691	1003	965	938	0	612661
692	965	938	950	0	613599
693	938	950	965	0	614549
694	950	965	949	0	615514
695	965	949	938	0	616463
696	949	938	957	0	617401
697	938	957	969	0	618358
698	957	969	945	0	619327
699	969	945	965	0	620272
700	945	965	981	0	621237
701	965	981	984	0	622218
702	981	984	954	0	623202
703	984	954	969	0	624156
704	954	969	976	0	625125
705	969	976	977	0	626101
706	976	977	945	0	627078
707	977	945	969	0	628023
708	945	969	969	0	628992
709	969	969	950	0	629961
710	969	950	929	0	630911
711	950	929	950	0	631840
712	929	950	949	0	632790
713	950	949	950	0	633739
714	949	950	930	0	634689
715	950	930	922	0	635619
716	930	922	945	0	636541
717	922	945	942	0	637486
718	945	942	907	0	638428
719	942	907	902	0	639335
720	907	902	958	1	640237
721	902	958	902	0	641195
722	958	902	673	1	642097
723	902	673	1176	1	642770
724	673	1176	902	0	643946
725	1176	902	907	0	644848
726	902	907	887	0	645755
727	907	887	872	0	646642
728	887	872	887	0	647514
729	872	887	906	0	648401
730	887	906	895	0	649307
731	906	895	895	0	650202
732	895	895	926	0	651097
733	895	926	942	0	652023
734	926	942	949	0	652965
735	942	949	915	0	653914
736	949	915	844	0	654829
737	915	844	1016	1	655673
738	844	1016	914	0	656689
739	1016	914	887	0	657603
740	914	887	891	0	658490
741	887	891	891	0	659381
742	891	891	880	0	660272
743	891	880	867	0	661152
744	880	867	802	0	662019
745	867	802	949	1	662821
746	802	949	888	0	663770
747	949	888	875	0	664658
748	888	875	879	0	665533
749	875	879	919	0	666412
750	879	919	922	0	667331
751	919	922	922	0	668253
752	922	922	903	0	669175
753	922	903	945	0	670078
754	903	945	958	0	671023
755	945	958	949	0	671981
756	958	949	949	0	672930
757	949	949	973	0	673879
758	949	973	977	0	674852
759	973	977	965	0	675829
760	977	965	949	0	676794
761	965	949	961	0	677743
762	949	961	961	0	678704
763	961	961	926	0	679665
764	961	926	938	0	680591
765	926	938	938	0	681529
766	938	938	938	0	682467
767	938	938	910	0	683405
768	938	910	918	0	684315
769	910	918	938	0	685233
770	918	938	938	0	686171
771	938	938	922	0	687109
772	938	922	946	0	688031
773	922	946	965	0	688977
774	946	965	965	0	689942
775	965	965	941	0	690907
776	965	941	965	0	691848
777	941	965	981	0	692813
778	965	981	949	0	693794
779	981	949	922	0	694743
780	949	922	919	0	695665
781	922	919	926	0	696584
782	919	926	902	0	697510
783	926	902	892	0	698412
784	902	892	910	0	699304
785	892	910	930	0	700214
786	910	930	918	0	701144
787	930	918	895	0	702062
788	918	895	915	0	702957
789	895	915	902	0	703872
790	915	902	899	0	704774
791	902	899	887	0	705673
792	899	887	903	0	706560
793	887	903	926	0	707463
794	903	926	934	0	708389
795	926	934	910	0	709323
796	934	910	934	0	710233
797	910	934	946	0	711167
798	934	946	934	0	712113
799	946	934	926	0	713047
800	934	926	945	0	713973
801	926	945	938	0	714918
802	945	938	942	0	715856
803	938	942	930	0	716798
804	942	930	941	0	717728
805	930	941	957	0	718669
806	941	957	969	0	719626
807	957	969	950	0	720595
808	969	950	973	0	721545
809	950	973	976	0	722518
810	973	976	965	0	723494
811	976	965	942	0	724459
812	965	942	965	0	725401
813	942	965	961	0	726366
814	965	961	949	0	727327
815	961	949	922	0	728276
816	949	922	942	0	729198
817	922	942	946	0	730140
818	942	946	930	0	731086
819	946	930	898	0	732016
820	930	898	911	0	732914
821	898	911	918	0	733825
822	911	918	918	0	734743
823	918	918	899	0	735661
824	918	899	915	0	736560
825	899	915	926	0	737475
826	915	926	922	0	738401
827	926	922	907	0	739323
828	922	907	918	0	740230
829	907	918	938	0	741148
830	918	938	941	0	742086
831	938	941	907	0	743027
832	941	907	899	0	743934
833	907	899	918	0	744833
834	899	918	930	0	745751
835	918	930	910	0	746681
836	930	910	903	0	747591
837	910	903	922	0	748494
838	903	922	498	0	749416
839	922	498	1390	1	749914
840	498	1390	933	0	751304
841	1390	933	946	0	752237
842	933	946	934	0	753183
843	946	934	914	0	754117
844	934	914	922	0	755031
845	914	922	638	0	755953
846	922	638	1214	1	756591
847	638	1214	895	0	757805
848	1214	895	899	0	758700
849	895	899	915	0	759599
850	899	915	914	0	760514
851	915	914	914	0	761428
852	914	914	950	0	762342
853	914	950	988	0	763292
854	950	988	965	0	764280
855	988	965	985	0	765245
856	965	985	1015	0	766230
857	985	1015	973	0	767245
858	1015	973	934	0	768218
859	973	934	926	0	769152
860	934	926	926	0	770078
861	926	926	903	0	771004
862	926	903	879	0	771907
863	903	879	899	0	772786
864	879	899	899	0	773685
865	899	899	891	0	774584
866	899	891	879	0	775475
867	891	879	887	0	776354
868	879	887	895	0	777241
869	887	895	907	0	778136
870	895	907	899	0	779043
871	907	899	673	0	779942
872	899	673	1163	1	780615
873	673	1163	922	0	781778
874	1163	922	899	0	782700
875	922	899	919	0	783599
876	899	919	918	0	784518
877	919	918	926	0	785436
878	918	926	914	0	786362
879	926	914	922	0	787276
880	914	922	934	0	788198
881	922	934	946	0	789132
882	934	946	914	0	790078
883	946	914	938	0	790992
884	914	938	949	0	791930
885	938	949	954	0	792879
886	949	954	926	0	793833
887	954	926	934	0	794759
888	926	934	941	0	795693
889	934	941	946	0	796634
890	941	946	922	0	797580
891	946	922	934	0	798502
892	922	934	945	0	799436
893	934	945	965	0	800381
894	945	965	946	0	801346
895	965	946	945	0	802292
896	946	945	934	0	803237
897	945	934	930	0	804171
898	934	930	903	0	805101
899	930	903	907	0	806004
900	903	907	918	0	806911
901	907	918	914	0	807829
902	918	914	903	0	808743
903	914	903	926	0	809646
904	903	926	805	0	810572
905	926	805	1105	1	811377
906	805	1105	938	0	812482
907	1105	938	934	0	813420
908	938	934	938	0	814354
909	934	938	910	0	815292
910	938	910	911	0	816202
911	910	911	922	0	817113
912	911	922	930	0	818035
913	922	930	899	0	818965
914	930	899	910	0	819864
915	899	910	922	0	820774
916	910	922	927	0	821696
917	922	927	906	0	822623
918	927	906	942	0	823529
919	906	942	949	0	824471
920	942	949	954	0	825420
921	949	954	914	0	826374
922	954	914	934	0	827288
923	914	934	941	0	828222
924	934	941	942	0	829163
925	941	942	914	0	830105
926	942	914	927	0	831019
927	914	927	937	0	831946
928	927	937	915	0	832883
929	937	915	906	0	833798
930	915	906	922	0	834704
931	906	922	923	0	835626
932	922	923	933	0	836549
933	923	933	907	0	837482
934	933	907	930	0	838389
935	907	930	942	0	839319
936	930	942	934	0	840261
937	942	934	918	0	841195
938	934	918	938	0	842113
939	918	938	945	0	843051
940	938	945	946	0	843996
941	945	946	941	0	844942
942	946	941	946	0	845883
943	941	946	957	0	846829
944	946	957	922	0	847786
945	957	922	915	0	848708
946	922	915	918	0	849623
947	915	918	938	0	850541
948	918	938	937	0	851479
949	938	937	911	0	852416
950	937	911	934	0	853327
951	911	934	934	0	854261
952	934	934	937	0	855195
953	934	937	919	0	856132
954	937	919	957	0	857051
955	919	957	910	0	858008
956	957	910	1035	1	858918
957	910	1035	942	0	859953
958	1035	942	949	0	860895
959	942	949	958	0	861844
960	949	958	949	0	862802
961	958	949	930	0	863751
962	949	930	930	0	864681
963	930	930	942	0	865611
964	930	942	933	0	866553
965	942	933	907	0	867486
966	933	907	918	0	868393
967	907	918	938	0	869311
968	918	938	934	0	870249
969	938	934	918	0	871183
970	934	918	934	0	872101
971	918	934	969	0	873035
972	934	969	969	0	874004
973	969	969	961	0	874973
974	969	961	934	0	875934
975	961	934	945	0	876868
976	934	945	938	0	877813
977	945	938	930	0	878751
978	938	930	945	0	879681
979	930	945	962	0	880626
980	945	962	957	0	881588
981	962	957	934	0	882545
982	957	934	961	0	883479
983	934	961	949	0	884440
984	961	949	934	0	885389
985	949	934	907	0	886323
986	934	907	922	0	887230
987	907	922	922	0	888152
988	922	922	918	0	889074
989	922	918	899	0	889992
990	918	899	930	0	890891
991	899	930	930	0	891821
992	930	930	942	0	892751
993	930	942	910	0	893693
994	942	910	922	0	894603
995	910	922	946	0	895525
996	922	946	926	0	896471
997	946	926	918	0	897397
998	926	918	926	0	898315
999	918	926	954	0	899241
1000	926	954	953	0	900195
1001	954	953	934	0	901148
1002	953	934	937	0	902082
1003	934	937	950	0	903019
1004	937	950	949	0	903969
1005	950	949	926	0	904918
1006	949	926	938	0	905844
1007	926	938	946	0	906782
1008	938	946	949	0	907728
1009	946	949	930	0	908677
1010	949	930	961	0	909607
1011	930	961	969	0	910568
1012	961	969	973	0	911537
1013	969	973	953	0	912510
1014	973	953	969	0	913463
1015	953	969	984	0	914432
1016	969	984	946	0	915416
1017	984	946	934	0	916362
1018	946	934	945	0	917296
1019	934	945	938	0	918241
1020	945	938	910	0	919179
1021	938	910	892	0	920089
1022	910	892	914	0	920981
1023	892	914	907	0	921895
1024	914	907	910	0	922802
1025	907	910	891	0	923712
1026	910	891	918	0	924603
1027	891	918	923	0	925521
1028	918	923	930	0	926444
1029	923	930	863	0	927374
1030	930	863	950	1	928237
1031	863	950	906	0	929187
1032	950	906	923	0	930093
1033	906	923	898	0	931016
1034	923	898	911	0	931914
1035	898	911	926	0	932825
1036	911	926	938	0	933751
1037	926	938	930	0	934689
1038	938	930	930	0	935619
1039	930	930	949	0	936549
1040	930	949	973	0	937498
1041	949	973	938	0	938471
1042	973	938	968	0	939409
1043	938	968	962	0	940377
1044	968	962	945	0	941339
1045	962	945	541	0	942284
1046	945	541	1335	1	942825
1047	541	1335	852	0	944160
1048	1335	852	548	1	945012
1049	852	548	483	1	945560
1050	548	483	467	1	946043
1051	483	467	436	1	946510
1052	467	436	424	1	946946
1053	436	424	439	1	947370
1054	424	439	440	1	947809
1055	439	440	1397	1	948249
1056	440	1397	840	0	949646
1057	1397	840	841	0	950486
1058	840	841	848	0	951327
1059	841	848	860	0	952175
1060	848	860	852	0	953035
1061	860	852	852	0	953887
1062	852	852	954	0	954739
1063	852	954	961	0	955693
1064	954	961	949	0	956654
1065	961	949	969	0	957603
1066	949	969	1051	0	958572
1067	969	1051	1031	0	959623
1068	1051	1031	976	0	960654
1069	1031	976	1043	0	961630
1070	976	1043	953	0	962673
1071	1043	953	907	0	963626
1072	953	907	907	0	964533
1073	907	907	902	0	965440
1074	907	902	895	0	966342
1075	902	895	868	0	967237
1076	895	868	903	1	968105
1077	868	903	895	0	969008
1078	903	895	891	0	969903
1079	895	891	883	0	970794
1080	891	883	911	0	971677
1081	883	911	918	0	972588
1082	911	918	922	0	973506
1083	918	922	911	0	974428
1084	922	911	929	0	975339
1085	911	929	962	0	976268
1086	929	962	961	0	977230
1087	962	961	930	0	978191
1088	961	930	949	0	979121
1089	930	949	957	0	980070
1090	949	957	957	0	981027
1091	957	957	930	0	981984
1092	957	930	938	0	982914
1093	930	938	930	0	983852
1094	938	930	627	0	984782
1095	930	627	867	1	985409
1096	627	867	1319	1	986276
1097	867	1319	915	0	987595
1098	1319	915	906	0	988510
1099	915	906	635	0	989416
1100	906	635	1151	1	990051
1101	635	1151	584	0	991202
1102	1151	584	428	1	991786
1103	584	428	471	1	992214
1104	428	471	404	1	992685
1105	471	404	425	1	993089
1106	404	425	400	1	993514
1107	425	400	393	1	993914
1108	400	393	374	1	994307
1109	393	374	389	1	994681
1110	374	389	409	1	995070
1111	389	409	416	1	995479
1112	409	416	424	1	995895
1113	416	424	413	1	996319
1114	424	413	505	1	996732
1115	413	505	467	1	997237
1116	505	467	697	1	997704
1117	467	697	552	1	998401
1118	697	552	565	1	998953
1119	552	565	583	1	999518
1120	565	583	595	1	1000101
1121	583	595	623	1	1000696
1122	595	623	595	1	1001319
1123	623	595	557	1	1001914
1124	595	557	545	1	1002471
1125	557	545	1361	1	1003016
1126	545	1361	818	0	1004377
1127	1361	818	844	0	1005195
1128	818	844	840	0	1006039
1129	844	840	845	0	1006879
1130	840	845	832	0	1007724
1131	845	832	911	0	1008556
1132	832	911	965	0	1009467
1133	911	965	965	0	1010432
1134	965	965	1035	0	1011397
1135	965	1035	1070	0	1012432
1136	1035	1070	988	0	1013502
1137	1070	988	977	0	1014490
1138	988	977	829	0	1015467
1139	977	829	1120	1	1016296
1140	829	1120	926	0	1017416
1141	1120	926	915	0	1018342
1142	926	915	922	0	1019257
1143	915	922	922	0	1020179
1144	922	922	899	0	1021101
1145	922	899	907	0	1022000
1146	899	907	902	0	1022907
1147	907	902	903	0	1023809
1148	902	903	883	0	1024712
1149	903	883	891	0	1025595
1150	883	891	907	0	1026486
1151	891	907	918	0	1027393
1152	907	918	895	0	1028311
1153	918	895	915	0	1029206
1154	895	915	914	0	1030121
1155	915	914	918	0	1031035
1156	914	918	911	0	1031953
1157	918	911	926	0	1032864
1158	911	926	934	0	1033790
1159	926	934	926	0	1034724
1160	934	926	926	0	1035650
1161	926	926	864	0	1036576
1162	926	864	1035	1	1037440
1163	864	1035	926	0	1038475
1164	1035	926	910	0	1039401
1165	926	910	926	0	1040311
1166	910	926	942	0	1041237
1167	926	942	918	0	1042179
1168	942	918	895	0	1043097
1169	918	895	922	0	1043992
1170	895	922	934	0	1044914
1171	922	934	907	0	1045848
1172	934	907	918	0	1046755
1173	907	918	930	0	1047673
1174	918	930	946	0	1048603
1175	930	946	930	0	1049549
1176	946	930	906	0	1050479
1177	930	906	919	0	1051385
1178	906	919	918	0	1052304
1179	919	918	899	0	1053222
1180	918	899	891	0	1054121
1181	899	891	922	0	1055012
1182	891	922	934	0	1055934
1183	922	934	945	0	1056868
1184	934	945	895	0	1057813
1185	945	895	996	1	1058708
1186	895	996	961	0	1059704
1187	996	961	969	0	1060665
1188	961	969	957	0	1061634
1189	969	957	965	0	1062591
1190	957	965	973	0	1063556
1191	965	973	938	0	1064529
1192	973	938	969	0	1065467
1193	938	969	973	0	1066436
1194	969	973	968	0	1067409
1195	973	968	946	0	1068377
1196	968	946	965	0	1069323
1197	946	965	945	0	1070288
1198	965	945	541	0	1071233
1199	945	541	1300	1	1071774
1200	541	1300	907	0	1073074
1201	1300	907	902	0	1073981
1202	907	902	884	0	1074883
1203	902	884	891	0	1075767
1204	884	891	918	0	1076658
1205	891	918	942	0	1077576
1206	918	942	914	0	1078518
1207	942	914	942	0	1079432
1208	914	942	887	0	1080374
1209	942	887	1004	1	1081261
1210	887	1004	914	0	1082265
1211	1004	914	938	0	1083179
1212	914	938	941	0	1084117
1213	938	941	942	0	1085058
1214	941	942	794	0	1086000
1215	942	794	1027	1	1086794
1216	794	1027	903	0	1087821
1217	1027	903	891	0	1088724
1218	903	891	883	0	1089615
1219	891	883	903	0	1090498
1220	883	903	938	0	1091401
1221	903	938	929	0	1092339
1222	938	929	934	0	1093268
1223	929	934	954	0	1094202
1224	934	954	984	0	1095156
1225	954	984	969	0	1096140
1226	984	969	949	0	1097109
1227	969	949	973	0	1098058
1228	949	973	965	0	1099031
1229	973	965	938	0	1099996
1230	965	938	930	0	1100934
1231	938	930	626	0	1101864
1232	930	626	1304	1	1102490
1233	626	1304	922	0	1103794
1234	1304	922	903	0	1104716
1235	922	903	914	0	1105619
1236	903	914	938	0	1106533
1237	914	938	938	0	1107471
1238	938	938	933	0	1108409
1239	938	933	946	0	1109342
1240	933	946	969	0	1110288
1241	946	969	976	0	1111257
1242	969	976	954	0	1112233
1243	976	954	969	0	1113187
1244	954	969	969	0	1114156
1245	969	969	945	0	1115125
1246	969	945	938	0	1116070
1247	945	938	957	0	1117008
1248	938	957	953	0	1117965
1249	957	953	938	0	1118918
1250	953	938	922	0	1119856
1251	938	922	942	0	1120778
1252	922	942	961	0	1121720
1253	942	961	930	0	1122681
1254	961	930	942	0	1123611
1255	930	942	965	0	1124553
1256	942	965	945	0	1125518
1257	965	945	946	0	1126463
1258	945	946	926	0	1127409
1259	946	926	836	0	1128335
1260	926	836	1051	1	1129171
1261	836	1051	914	0	1130222
1262	1051	914	922	0	1131136
1263	914	922	934	0	1132058
1264	922	934	946	0	1132992
1265	934	946	945	0	1133938
1266	946	945	946	0	1134883
1267	945	946	961	0	1135829
1268	946	961	953	0	1136790
1269	961	953	926	0	1137743
1270	953	926	938	0	1138669
1271	926	938	938	0	1139607
1272	938	938	934	0	1140545
1273	938	934	895	0	1141479
1274	934	895	902	0	1142374
1275	895	902	911	0	1143276
1276	902	911	895	0	1144187
1277	911	895	891	0	1145082
1278	895	891	914	0	1145973
1279	891	914	930	0	1146887
1280	914	930	930	0	1147817
1281	930	930	907	0	1148747
1282	930	907	926	0	1149654
1283	907	926	938	0	1150580
1284	926	938	933	0	1151518
1285	938	933	903	0	1152451
1286	933	903	938	0	1153354
1287	903	938	941	0	1154292
1288	938	941	927	0	1155233
1289	941	927	914	0	1156160
1290	927	914	930	0	1157074
1291	914	930	934	0	1158004
1292	930	934	914	0	1158938
1293	934	914	903	0	1159852
1294	914	903	910	0	1160755
1295	903	910	942	0	1161665
1296	910	942	934	0	1162607
1297	942	934	922	0	1163541
1298	934	922	957	0	1164463
1299	922	957	965	0	1165420
1300	957	965	954	0	1166385
1301	965	954	937	0	1167339
1302	954	937	950	0	1168276
1303	937	950	961	0	1169226
1304	950	961	930	0	1170187
1305	961	930	934	0	1171117
1306	930	934	961	0	1172051
1307	934	961	965	0	1173012
1308	961	965	930	0	1173977
1309	965	930	953	0	1174907
1310	930	953	949	0	1175860
1311	953	949	934	0	1176809
1312	949	934	926	0	1177743
1313	934	926	942	0	1178669
1314	926	942	969	0	1179611
1315	942	969	941	0	1180580
1316	969	941	965	0	1181521
1317	941	965	969	0	1182486
1318	965	969	946	0	1183455
1319	969	946	918	0	1184401
1320	946	918	934	0	1185319
1321	918	934	938	0	1186253
1322	934	938	906	0	1187191
1323	938	906	891	0	1188097
1324	906	891	872	0	1188988
1325	891	872	953	1	1189860
1326	872	953	887	0	1190813
1327	953	887	923	0	1191700
1328	887	923	937	0	1192623
1329	923	937	926	0	1193560
1330	937	926	934	0	1194486
1331	926	934	950	0	1195420
1332	934	950	941	0	1196370
1333	950	941	919	0	1197311
1334	941	919	930	0	1198230
1335	919	930	949	0	1199160
1336	930	949	945	0	1200109
1337	949	945	927	0	1201054
1338	945	927	945	0	1201981
1339	927	945	965	0	1202926
1340	945	965	938	0	1203891
1341	965	938	934	0	1204829
1342	938	934	961	0	1205763
1343	934	961	980	0	1206724
1344	961	980	961	0	1207704
1345	980	961	946	0	1208665
1346	961	946	969	0	1209611
1347	946	969	953	0	1210580
1348	969	953	934	0	1211533
1349	953	934	938	0	1212467
1350	934	938	957	0	1213405
1351	938	957	615	0	1214362
1352	957	615	1284	1	1214977
1353	615	1284	941	0	1216261
1354	1284	941	938	0	1217202
1355	941	938	914	0	1218140
1356	938	914	907	0	1219054
1357	914	907	942	0	1219961
1358	907	942	972	0	1220903
1359	942	972	954	0	1221875
1360	972	954	949	0	1222829
1361	954	949	973	0	1223778
1362	949	973	977	0	1224751
1363	973	977	957	0	1225728
1364	977	957	949	0	1226685
1365	957	949	961	0	1227634
1366	949	961	958	0	1228595
1367	961	958	922	0	1229553
1368	958	922	914	0	1230475
1369	922	914	922	0	1231389
1370	914	922	930	0	1232311
1371	922	930	907	0	1233241
1372	930	907	910	0	1234148
1373	907	910	923	0	1235058
1374	910	923	914	0	1235981
1375	923	914	903	0	1236895
1376	914	903	910	0	1237798
1377	903	910	930	0	1238708
1378	910	930	942	0	1239638
1379	930	942	910	0	1240580
1380	942	910	938	0	1241490
1381	910	938	942	0	1242428
1382	938	942	957	0	1243370
1383	942	957	930	0	1244327
1384	957	930	949	0	1245257
1385	930	949	957	0	1246206
1386	949	957	965	0	1247163
1387	957	965	930	0	1248128
1388	965	930	954	0	1249058
1389	930	954	957	0	1250012
1390	954	957	942	0	1250969
1391	957	942	937	0	1251911
1392	942	937	954	0	1252848
1393	937	954	957	0	1253802
1394	954	957	953	0	1254759
1395	957	953	973	0	1255712
1396	953	973	984	0	1256685
1397	973	984	969	0	1257669
1398	984	969	957	0	1258638
1399	969	957	969	0	1259595
1400	957	969	973	0	1260564
1401	969	973	938	0	1261537
1402	973	938	934	0	1262475
1403	938	934	949	0	1263409
1404	934	949	969	0	1264358
1405	949	969	941	0	1265327
1406	969	941	942	0	1266268
1407	941	942	950	0	1267210
1408	942	950	953	0	1268160
1409	950	953	926	0	1269113
1410	953	926	949	0	1270039
1411	926	949	950	0	1270988
1412	949	950	969	0	1271938
1413	950	969	941	0	1272907
1414	969	941	926	0	1273848
1415	941	926	934	0	1274774
1416	926	934	946	0	1275708
1417	934	946	922	0	1276654
1418	946	922	914	0	1277576
1419	922	914	938	0	1278490
1420	914	938	946	0	1279428
1421	938	946	930	0	1280374
1422	946	930	941	0	1281304
1423	930	941	957	0	1282245
1424	941	957	942	0	1283202
1425	957	942	910	0	1284144
1426	942	910	934	0	1285054
1427	910	934	584	0	1285988
1428	934	584	1280	1	1286572
1429	584	1280	887	0	1287852
1430	1280	887	907	0	1288739
1431	887	907	903	0	1289646
1432	907	903	906	0	1290549
1433	903	906	899	0	1291455
1434	906	899	953	0	1292354
1435	899	953	985	0	1293307
1436	953	985	988	0	1294292
1437	985	988	969	0	1295280
1438	988	969	992	0	1296249
1439	969	992	973	0	1297241
1440	992	973	751	0	1298214
1441	973	751	731	1	1298965
1442	751	731	1187	1	1299696
1443	731	1187	755	0	1300883
1444	1187	755	891	0	1301638
1445	755	891	868	0	1302529
1446	891	868	875	0	1303397
1447	868	875	864	0	1304272
1448	875	864	833	0	1305136
1449	864	833	825	0	1305969
1450	833	825	895	0	1306794
1451	825	895	891	0	1307689
1452	895	891	899	0	1308580
1453	891	899	883	0	1309479
1454	899	883	821	0	1310362
1455	883	821	1121	1	1311183
1456	821	1121	937	0	1312304
1457	1121	937	926	0	1313241
1458	937	926	899	0	1314167
1459	926	899	973	0	1315066
1460	899	973	988	0	1316039
1461	973	988	973	0	1317027
1462	988	973	946	0	1318000
1463	973	946	1007	0	1318946
1464	946	1007	1028	0	1319953
1465	1007	1028	972	0	1320981
1466	1028	972	958	0	1321953
1467	972	958	933	0	1322911
1468	958	933	938	0	1323844
1469	933	938	778	0	1324782
1470	938	778	1063	1	1325560
1471	778	1063	918	0	1326623
1472	1063	918	922	0	1327541
1473	918	922	899	0	1328463
1474	922	899	922	0	1329362
1475	899	922	946	0	1330284
1476	922	946	961	0	1331230
1477	946	961	941	0	1332191
1478	961	941	973	0	1333132
1479	941	973	981	0	1334105
1480	973	981	965	0	1335086
1481	981	965	941	0	1336051
1482	965	941	954	0	1336992
1483	941	954	949	0	1337946
1484	954	949	922	0	1338895
1485	949	922	918	0	1339817
1486	922	918	926	0	1340735
1487	918	926	930	0	1341661
1488	926	930	891	0	1342591
1489	930	891	888	0	1343482
1490	891	888	891	0	1344370
1491	888	891	895	0	1345261
1492	891	895	867	0	1346156
1493	895	867	895	0	1347023
1494	867	895	915	0	1347918
1495	895	915	941	0	1348833
1496	915	941	946	0	1349774
1497	941	946	984	0	1350720
1498	946	984	1000	0	1351704
1499	984	1000	1008	0	1352704
1500	1000	1008	977	0	1353712
1501	1008	977	969	0	1354689
1502	977	969	965	0	1355658
1503	969	965	949	0	1356623
1504	965	949	926	0	1357572
1505	949	926	942	0	1358498
1506	926	942	930	0	1359440
1507	942	930	918	0	1360370
1508	930	918	914	0	1361288
1509	918	914	615	0	1362202
1510	914	615	1265	1	1362817
1511	615	1265	906	0	1364082
1512	1265	906	903	0	1364988
1513	906	903	891	0	1365891
1514	903	891	883	0	1366782
1515	891	883	841	0	1367665
1516	883	841	879	1	1368506
1517	841	879	829	0	1369385
1518	879	829	840	0	1370214
1519	829	840	833	0	1371054
1520	840	833	813	0	1371887
1521	833	813	860	0	1372700
1522	813	860	845	0	1373560
1523	860	845	848	0	1374405
1524	845	848	840	0	1375253
1525	848	840	670	0	1376093
1526	840	670	1039	1	1376763
1527	670	1039	824	0	1377802
1528	1039	824	829	0	1378626
1529	824	829	849	0	1379455
1530	829	849	867	0	1380304
1531	849	867	677	0	1381171
1532	867	677	1016	1	1381848
1533	677	1016	856	0	1382864
1534	1016	856	860	0	1383720
1535	856	860	844	0	1384580
1536	860	844	860	0	1385424
1537	844	860	895	0	1386284
1538	860	895	942	0	1387179
1539	895	942	984	0	1388121
1540	942	984	981	0	1389105
1541	984	981	1015	0	1390086
1542	981	1015	1008	0	1391101
1543	1015	1008	969	0	1392109
1544	1008	969	934	0	1393078
1545	969	934	930	0	1394012
1546	934	930	914	0	1394942
1547	930	914	891	0	1395856
1548	914	891	876	0	1396747
1549	891	876	879	0	1397623
1550	876	879	630	0	1398502
1551	879	630	1101	1	1399132
1552	630	1101	872	0	1400233
1553	1101	872	868	0	1401105
1554	872	868	848	0	1401973
1555	868	848	708	0	1402821
1556	848	708	1047	1	1403529
1557	708	1047	891	0	1404576
1558	1047	891	918	0	1405467
1559	891	918	938	0	1406385
1560	918	938	973	0	1407323
1561	938	973	992	0	1408296
1562	973	992	1008	0	1409288
1563	992	1008	1015	0	1410296
1564	1008	1015	1028	0	1411311
1565	1015	1028	1035	0	1412339
1566	1028	1035	1019	0	1413374
1567	1035	1019	1016	0	1414393
1568	1019	1016	1027	0	1415409
1569	1016	1027	572	0	1416436
1570	1027	572	1408	1	1417008
1571	572	1408	938	0	1418416
1572	1408	938	926	0	1419354
1573	938	926	903	0	1420280
1574	926	903	883	0	1421183
1575	903	883	907	0	1422066
1576	883	907	918	0	1422973
1577	907	918	907	0	1423891
1578	918	907	922	0	1424798
1579	907	922	953	0	1425720
1580	922	953	961	0	1426673
1581	953	961	934	0	1427634
1582	961	934	950	0	1428568
1583	934	950	797	0	1429518
1584	950	797	1105	1	1430315
1585	797	1105	891	0	1431420
1586	1105	891	919	0	1432311
1587	891	919	918	0	1433230
1588	919	918	899	0	1434148
1589	918	899	899	0	1435047
1590	899	899	902	0	1435946
1591	899	902	915	0	1436848
1592	902	915	879	0	1437763
1593	915	879	883	0	1438642
1594	879	883	899	0	1439525
1595	883	899	903	0	1440424
1596	899	903	891	0	1441327
1597	903	891	899	0	1442218
1598	891	899	895	0	1443117
1599	899	895	883	0	1444012
1600	895	883	883	0	1444895
1601	883	883	876	0	1445778
1602	883	876	840	0	1446654
1603	876	840	856	0	1447494
1604	840	856	829	0	1448350
1605	856	829	825	0	1449179
1606	829	825	813	0	1450004
1607	825	813	806	0	1450817
1608	813	806	793	0	1451623
1609	806	793	747	0	1452416
1610	793	747	845	0	1453163
1611	747	845	829	0	1454008
1612	845	829	813	0	1454837
1613	829	813	868	0	1455650
1614	813	868	906	0	1456518
1615	868	906	891	0	1457424
1616	906	891	852	0	1458315
1617	891	852	876	0	1459167
1618	852	876	883	0	1460043
1619	876	883	883	0	1460926
1620	883	883	860	0	1461809
1621	883	860	864	0	1462669
1622	860	864	914	0	1463533
1623	864	914	911	0	1464447
1624	914	911	899	0	1465358
1625	911	899	899	0	1466257
1626	899	899	875	0	1467156
1627	899	875	883	0	1468031
1628	875	883	888	0	1468914
1629	883	888	894	0	1469802
1630	888	894	899	0	1470696
1631	894	899	880	0	1471595
1632	899	880	871	0	1472475
1633	880	871	884	0	1473346
1634	871	884	918	0	1474230
1635	884	918	945	0	1475148
1636	918	945	965	0	1476093
1637	945	965	981	0	1477058
1638	965	981	1000	0	1478039
1639	981	1000	1012	0	1479039
1640	1000	1012	1035	0	1480051
1641	1012	1035	1015	0	1481086
1642	1035	1015	1004	0	1482101
1643	1015	1004	996	0	1483105
1644	1004	996	992	0	1484101
1645	996	992	977	0	1485093
1646	992	977	483	0	1486070
1647	977	483	1420	1	1486553
1648	483	1420	887	0	1487973
1649	1420	887	887	0	1488860
1650	887	887	930	1	1489747
1651	887	930	903	0	1490677
1652	930	903	899	0	1491580
1653	903	899	937	0	1492479
1654	899	937	961	0	1493416
1655	937	961	938	0	1494377
1656	961	938	930	0	1495315
1657	938	930	938	0	1496245
1658	930	938	930	0	1497183
1659	938	930	903	0	1498113
1660	930	903	914	0	1499016
1661	903	914	907	0	1499930
1662	914	907	618	0	1500837
1663	907	618	1183	1	1501455
1664	618	1183	856	0	1502638
1665	1183	856	872	0	1503494
1666	856	872	867	0	1504366
1667	872	867	856	0	1505233
1668	867	856	860	0	1506089
1669	856	860	888	0	1506949
1670	860	888	910	0	1507837
1671	888	910	922	0	1508747
1672	910	922	930	0	1509669
1673	922	930	973	0	1510599
1674	930	973	996	0	1511572
1675	973	996	988	0	1512568
1676	996	988	985	0	1513556
1677	988	985	1012	0	1514541
1678	985	1012	996	0	1515553
1679	1012	996	976	0	1516549
1680	996	976	989	0	1517525
1681	976	989	992	0	1518514
1682	989	992	961	0	1519506
1683	992	961	945	0	1520467
1684	961	945	954	0	1521412
1685	945	954	988	0	1522366
1686	954	988	953	0	1523354
1687	988	953	946	0	1524307
1688	953	946	961	0	1525253
1689	946	961	946	0	1526214
1690	961	946	929	0	1527160
1691	946	929	930	0	1528089
1692	929	930	740	0	1529019
1693	930	740	1124	1	1529759
1694	740	1124	895	0	1530883
1695	1124	895	883	0	1531778
1696	895	883	868	0	1532661
1697	883	868	856	0	1533529
1698	868	856	848	0	1534385
1699	856	848	526	0	1535233
1700	848	526	1187	1	1535759
1701	526	1187	821	0	1536946
1702	1187	821	824	0	1537767
1703	821	824	833	0	1538591
1704	824	833	841	0	1539424
1705	833	841	840	0	1540265
1706	841	840	868	0	1541105
1707	840	868	864	0	1541973
1708	868	864	871	0	1542837
1709	864	871	876	0	1543708
1710	871	876	906	0	1544584
1711	876	906	942	0	1545490
1712	906	942	938	0	1546432
1713	942	938	976	0	1547370
1714	938	976	993	0	1548346
1715	976	993	1015	0	1549339
1716	993	1015	1012	0	1550354
1717	1015	1012	1000	0	1551366
1718	1012	1000	1008	0	1552366
1719	1000	1008	996	0	1553374
1720	1008	996	980	0	1554370
1721	996	980	954	0	1555350
1722	980	954	929	0	1556304
1723	954	929	930	0	1557233
1724	929	930	911	0	1558163
1725	930	911	875	0	1559074
1726	911	875	872	0	1559949
1727	875	872	856	0	1560821
1728	872	856	848	0	1561677
1729	856	848	817	0	1562525
1730	848	817	814	0	1563342
1731	817	814	821	0	1564156
1732	814	821	817	0	1564977
1733	821	817	825	0	1565794
1734	817	825	478	0	1566619
1735	825	478	1156	1	1567097
1736	478	1156	778	0	1568253
1737	1156	778	701	0	1569031
1738	778	701	692	0	1569732
1739	701	692	778	0	1570424
1740	692	778	775	0	1571202
1741	778	775	774	0	1571977
1742	775	774	770	0	1572751
1743	774	770	755	0	1573521
1744	770	755	767	0	1574276
1745	755	767	766	0	1575043
1746	767	766	775	0	1575809
1747	766	775	770	0	1576584
1748	775	770	771	0	1577354
1749	770	771	747	0	1578125
1750	771	747	747	0	1578872
1751	747	747	774	0	1579619
1752	747	774	778	0	1580393
1753	774	778	802	0	1581171
1754	778	802	809	0	1581973
1755	802	809	782	0	1582782
1756	809	782	813	0	1583564
1757	782	813	864	0	1584377
1758	813	864	887	0	1585241
1759	864	887	934	0	1586128
1760	887	934	992	0	1587062
1761	934	992	1004	0	1588054
1762	992	1004	954	0	1589058
1763	1004	954	1019	0	1590012
1764	954	1019	1035	0	1591031
1765	1019	1035	996	0	1592066
1766	1035	996	985	0	1593062
1767	996	985	899	0	1594047
1768	985	899	976	0	1594946
1769	899	976	1004	0	1595922
1770	976	1004	1004	0	1596926
1771	1004	1004	942	0	1597930
1772	1004	942	945	0	1598872
1773	942	945	985	0	1599817
1774	945	985	976	0	1600802
1775	985	976	907	0	1601778
1776	976	907	953	0	1602685
1777	907	953	953	0	1603638
1778	953	953	942	0	1604591
1779	953	942	879	0	1605533
1780	942	879	892	0	1606412
1781	879	892	922	0	1607304
1782	892	922	926	0	1608226
1783	922	926	860	0	1609152
1784	926	860	899	0	1610012
1785	860	899	894	0	1610911
1786	899	894	880	0	1611805
1787	894	880	848	0	1612685
1788	880	848	872	0	1613533
1789	848	872	871	0	1614405
1790	872	871	872	0	1615276
1791	871	872	844	0	1616148
1792	872	844	856	0	1616992
1793	844	856	837	0	1617848
1794	856	837	840	0	1618685
1795	837	840	825	0	1619525
1796	840	825	810	0	1620350
1797	825	810	805	0	1621160
1798	810	805	798	0	1621965
1799	805	798	790	0	1622763
1800	798	790	801	0	1623553
1801	790	801	774	0	1624354
1802	801	774	786	0	1625128
1803	774	786	837	0	1625914
1804	786	837	899	0	1626751
1805	837	899	949	0	1627650
1806	899	949	564	0	1628599
1807	949	564	1016	1	1629163
1808	564	1016	498	1	1630179
1809	1016	498	1463	1	1630677
1810	498	1463	977	0	1632140
1811	1463	977	961	0	1633117
1812	977	961	949	0	1634078
1813	961	949	915	0	1635027
1814	949	915	949	0	1635942
1815	915	949	946	0	1636891
1816	949	946	968	0	1637837
1817	946	968	650	0	1638805
1818	968	650	1226	1	1639455
1819	650	1226	903	0	1640681
1820	1226	903	898	0	1641584
1821	903	898	876	0	1642482
1822	898	876	856	0	1643358
1823	876	856	899	0	1644214
1824	856	899	934	0	1645113
1825	899	934	891	0	1646047
1826	934	891	887	0	1646938
1827	891	887	992	0	1647825
1828	887	992	961	0	1648817
1829	992	961	911	0	1649778
1830	961	911	930	0	1650689
1831	911	930	918	0	1651619
1832	930	918	860	0	1652537
1833	918	860	860	0	1653397
1834	860	860	879	0	1654257
1835	860	879	856	0	1655136
1836	879	856	810	0	1655992
1837	856	810	859	0	1656802
1838	810	859	849	0	1657661
1839	859	849	809	0	1658510
1840	849	809	809	0	1659319
1841	809	809	864	0	1660128
1842	809	864	876	0	1660992
1843	864	876	828	0	1661868
1844	876	828	837	0	1662696
1845	828	837	841	0	1663533
1846	837	841	844	0	1664374
1847	841	844	829	0	1665218
1848	844	829	840	0	1666047
1849	829	840	856	0	1666887
1850	840	856	864	0	1667743
1851	856	864	856	0	1668607
1852	864	856	856	0	1669463
1853	856	856	860	0	1670319
1854	856	860	864	0	1671179
1855	860	864	899	0	1672043
1856	864	899	863	0	1672942
1857	899	863	825	0	1673805
1858	863	825	817	0	1674630
1859	825	817	829	0	1675447
1860	817	829	806	0	1676276
1861	829	806	821	0	1677082
1862	806	821	813	0	1677903
1863	821	813	829	0	1678716
1864	813	829	821	0	1679545
1865	829	821	860	0	1680366
1866	821	860	914	0	1681226
1867	860	914	969	0	1682140
1868	914	969	984	0	1683109
1869	969	984	1012	0	1684093
1870	984	1012	1027	0	1685105
1871	1012	1027	1035	0	1686132
1872	1027	1035	1020	0	1687167
1873	1035	1020	696	0	1688187
1874	1020	696	1397	1	1688883
1875	696	1397	992	0	1690280
1876	1397	992	981	0	1691272
1877	992	981	961	0	1692253
1878	981	961	969	0	1693214
1879	961	969	875	0	1694183
1880	969	875	1039	1	1695058
1881	875	1039	938	0	1696097
1882	1039	938	946	0	1697035
1883	938	946	949	0	1697981
1884	946	949	910	0	1698930
1885	949	910	930	0	1699840
1886	910	930	946	0	1700770
1887	930	946	930	0	1701716
1888	946	930	907	0	1702646
1889	930	907	614	0	1703553
1890	907	614	1183	1	1704167
1891	614	1183	860	0	1705350
1892	1183	860	841	0	1706210
1893	860	841	836	0	1707051
1894	841	836	553	0	1707887
1895	836	553	1120	1	1708440
1896	553	1120	829	0	1709560
1897	1120	829	852	0	1710389
1898	829	852	860	0	1711241
1899	852	860	864	0	1712101
1900	860	864	875	0	1712965
1901	864	875	927	0	1713840
1902	875	927	961	0	1714767
1903	927	961	1000	0	1715728
1904	961	1000	996	0	1716728
1905	1000	996	969	0	1717724
1906	996	969	1003	0	1718693
1907	969	1003	1000	0	1719696
1908	1003	1000	1004	0	1720696
1909	1000	1004	689	0	1721700
1910	1004	689	1272	1	1722389
1911	689	1272	962	0	1723661
1912	1272	962	945	0	1724623
1913	962	945	926	0	1725568
1914	945	926	934	0	1726494
1915	926	934	907	0	1727428
1916	934	907	669	1	1728335
1917	907	669	805	1	1729004
1918	669	805	631	1	1729809
1919	805	631	1474	1	1730440
1920	631	1474	864	0	1731914
1921	1474	864	887	0	1732778
1922	864	887	907	0	1733665
1923	887	907	918	0	1734572
1924	907	918	872	0	1735490
1925	918	872	868	0	1736362
1926	872	868	1035	1	1737230
1927	868	1035	933	0	1738265
1928	1035	933	899	0	1739198
1929	933	899	829	0	1740097
1930	899	829	1055	1	1740926
1931	829	1055	918	0	1741981
1932	1055	918	860	0	1742899
1933	918	860	848	0	1743759
1934	860	848	879	0	1744607
1935	848	879	895	0	1745486
1936	879	895	860	0	1746381
1937	895	860	848	0	1747241
1938	860	848	888	0	1748089
1939	848	888	906	0	1748977
1940	888	906	880	0	1749883
1941	906	880	867	0	1750763
1942	880	867	930	0	1751630
1943	867	930	1004	0	1752560
1944	930	1004	934	0	1753564
1945	1004	934	922	0	1754498
1946	934	922	996	0	1755420
1947	922	996	958	0	1756416
1948	996	958	898	0	1757374
1949	958	898	899	0	1758272
1950	898	899	782	0	1759171
1951	899	782	514	1	1759953
1952	782	514	1412	1	1760467
1953	514	1412	899	0	1761879
1954	1412	899	883	0	1762778
1955	899	883	888	0	1763661
1956	883	888	871	0	1764549
1957	888	871	887	0	1765420
1958	871	887	938	0	1766307
1959	887	938	977	0	1767245
1960	938	977	891	0	1768222
1961	977	891	1105	1	1769113
1962	891	1105	1004	0	1770218
1963	1105	1004	957	0	1771222
1964	1004	957	1078	1	1772179
1965	957	1078	973	0	1773257
1966	1078	973	984	0	1774230
1967	973	984	755	0	1775214
1968	984	755	1194	1	1775969
1969	755	1194	911	0	1777163
1970	1194	911	934	0	1778074
1971	911	934	941	0	1779008
1972	934	941	919	0	1779949
1973	941	919	910	0	1780868
1974	919	910	930	0	1781778
1975	910	930	946	0	1782708
1976	930	946	949	0	1783654
1977	946	949	938	0	1784603
1978	949	938	957	0	1785541
1979	938	957	969	0	1786498
1980	957	969	957	0	1787467
1981	969	957	926	0	1788424
1982	957	926	957	0	1789350
1983	926	957	942	0	1790307
1984	957	942	942	0	1791249
1985	942	942	937	0	1792191
1986	942	937	923	0	1793128
1987	937	923	926	0	1794051
1988	923	926	914	0	1794977
1989	926	914	887	0	1795891
1990	914	887	918	0	1796778
1991	887	918	619	0	1797696
1992	918	619	1241	1	1798315
