index	i-1	i+0	i+1	Filter	Time
1	712	401	933	1	1195
2	401	933	615	0	2128
3	933	615	413	0	2743
4	615	413	790	1	3156
5	413	790	626	0	3946
6	790	626	416	0	4572
7	626	416	767	1	4988
8	416	767	587	0	5755
9	767	587	592	0	6342
10	587	592	405	0	6934
11	592	405	879	1	7339
12	405	879	700	0	8218
13	879	700	424	0	8918
14	700	424	934	1	9342
15	424	934	646	0	10276
16	934	646	417	0	10922
17	646	417	844	1	11339
18	417	844	607	0	12183
19	844	607	580	0	12790
20	607	580	404	0	13370
21	580	404	736	1	13774
22	404	736	560	0	14510
23	736	560	568	0	15070
24	560	568	409	0	15638
25	568	409	727	1	16047
26	409	727	568	0	16774
27	727	568	545	0	17342
28	568	545	584	0	17887
29	545	584	416	0	18471
30	584	416	728	1	18887
31	416	728	560	0	19615
32	728	560	572	0	20175
33	560	572	405	0	20747
34	572	405	735	1	21152
35	405	735	560	0	21887
36	735	560	565	0	22447
37	560	565	564	0	23012
38	565	564	564	0	23576
39	564	564	576	0	24140
40	564	576	588	0	24716
41	576	588	603	0	25304
42	588	603	618	0	25907
43	603	618	673	0	26525
44	618	673	705	0	27198
45	673	705	782	0	27903
46	705	782	879	0	28685
47	782	879	778	0	29564
48	879	778	432	0	30342
49	778	432	1066	1	30774
50	432	1066	748	0	31840
51	1066	748	389	0	32588
52	748	389	1062	1	32977
53	389	1062	724	0	34039
54	1062	724	408	0	34763
55	724	408	922	1	35171
56	408	922	600	0	36093
57	922	600	408	0	36693
58	600	408	845	1	37101
59	408	845	661	0	37946
60	845	661	630	0	38607
61	661	630	681	0	39237
62	630	681	740	0	39918
63	681	740	793	0	40658
64	740	793	736	0	41451
65	793	736	404	0	42187
66	736	404	1012	1	42591
67	404	1012	782	0	43603
68	1012	782	716	0	44385
69	782	716	405	0	45101
70	716	405	922	1	45506
71	405	922	658	0	46428
72	922	658	420	0	47086
73	658	420	848	1	47506
74	420	848	638	0	48354
75	848	638	607	0	48992
76	638	607	428	0	49599
77	607	428	833	1	50027
78	428	833	626	0	50860
79	833	626	607	0	51486
80	626	607	405	0	52093
81	607	405	829	1	52498
82	405	829	619	0	53327
83	829	619	591	0	53946
84	619	591	412	0	54537
85	591	412	856	1	54949
86	412	856	744	0	55805
87	856	744	416	0	56549
88	744	416	1016	1	56965
89	416	1016	723	0	57981
90	1016	723	409	0	58704
91	723	409	941	1	59113
92	409	941	685	0	60054
93	941	685	638	0	60739
94	685	638	623	0	61377
95	638	623	615	0	62000
96	623	615	642	0	62615
97	615	642	401	0	63257
98	642	401	930	1	63658
99	401	930	712	0	64588
100	930	712	665	0	65300
101	712	665	646	0	65965
102	665	646	638	0	66611
103	646	638	623	0	67249
104	638	623	416	0	67872
105	623	416	918	1	68288
106	416	918	833	0	69206
107	918	833	412	0	70039
108	833	412	487	1	70451
109	412	487	595	0	70938
110	487	595	642	0	71533
111	595	642	416	0	72175
112	642	416	818	1	72591
113	416	818	591	0	73409
114	818	591	580	0	74000
115	591	580	576	0	74580
116	580	576	572	0	75156
117	576	572	579	0	75728
118	572	579	576	0	76307
119	579	576	405	0	76883
120	576	405	790	1	77288
121	405	790	638	0	78078
122	790	638	560	0	78716
123	638	560	389	0	79276
124	560	389	779	1	79665
125	389	779	575	0	80444
126	779	575	565	0	81019
127	575	565	412	0	81584
128	565	412	739	1	81996
129	412	739	569	0	82735
130	739	569	556	0	83304
131	569	556	572	0	83860
132	556	572	587	0	84432
133	572	587	600	0	85019
134	587	600	599	0	85619
135	600	599	619	0	86218
136	599	619	649	0	86837
137	619	649	654	0	87486
138	649	654	665	0	88140
139	654	665	658	0	88805
140	665	658	623	0	89463
141	658	623	614	0	90086
142	623	614	611	0	90700
143	614	611	405	0	91311
144	611	405	805	1	91716
145	405	805	604	0	92521
146	805	604	587	0	93125
147	604	587	592	0	93712
148	587	592	595	0	94304
149	592	595	583	0	94899
150	595	583	596	0	95482
151	583	596	599	0	96078
152	596	599	627	0	96677
153	599	627	634	0	97304
154	627	634	618	0	97938
155	634	618	405	0	98556
156	618	405	821	1	98961
157	405	821	619	0	99782
158	821	619	420	0	100401
159	619	420	759	1	100821
160	420	759	580	0	101580
161	759	580	579	0	102160
162	580	579	413	0	102739
163	579	413	743	1	103152
164	413	743	584	0	103895
165	743	584	575	0	104479
166	584	575	409	0	105054
167	575	409	790	1	105463
168	409	790	622	0	106253
169	790	622	413	0	106875
170	622	413	829	1	107288
171	413	829	630	0	108117
172	829	630	584	0	108747
173	630	584	412	0	109331
174	584	412	751	1	109743
175	412	751	576	0	110494
176	751	576	556	0	111070
177	576	556	561	0	111626
178	556	561	587	0	112187
179	561	587	580	0	112774
180	587	580	603	0	113354
181	580	603	413	0	113957
182	603	413	832	1	114370
183	413	832	600	0	115202
184	832	600	583	0	115802
185	600	583	420	0	116385
186	583	420	755	1	116805
187	420	755	572	0	117560
188	755	572	572	0	118132
189	572	572	401	0	118704
190	572	401	763	1	119105
191	401	763	572	0	119868
192	763	572	568	0	120440
193	572	568	397	0	121008
194	568	397	747	1	121405
195	397	747	572	0	122152
196	747	572	564	0	122724
197	572	564	560	0	123288
198	564	560	405	0	123848
199	560	405	700	1	124253
200	405	700	553	0	124953
201	700	553	572	0	125506
202	553	572	583	0	126078
203	572	583	600	0	126661
204	583	600	650	0	127261
205	600	650	626	0	127911
206	650	626	623	0	128537
207	626	623	400	0	129160
208	623	400	802	1	129560
209	400	802	599	0	130362
210	802	599	588	0	130961
211	599	588	435	0	131549
212	588	435	763	1	131984
213	435	763	599	0	132747
214	763	599	576	0	133346
215	599	576	592	0	133922
216	576	592	435	0	134514
217	592	435	775	1	134949
218	435	775	615	0	135724
219	775	615	595	0	136339
220	615	595	603	0	136934
221	595	603	611	0	137537
222	603	611	599	0	138148
223	611	599	619	0	138747
224	599	619	657	0	139366
225	619	657	701	0	140023
226	657	701	922	0	140724
227	701	922	412	0	141646
228	922	412	475	1	142058
229	412	475	669	0	142533
230	475	669	744	0	143202
231	669	744	739	0	143946
232	744	739	393	0	144685
233	739	393	1093	1	145078
234	393	1093	740	0	146171
235	1093	740	408	0	146911
236	740	408	1039	1	147319
237	408	1039	685	0	148358
238	1039	685	626	0	149043
239	685	626	401	0	149669
240	626	401	852	1	150070
241	401	852	631	0	150922
242	852	631	428	0	151553
243	631	428	766	1	151981
244	428	766	599	0	152747
245	766	599	600	0	153346
246	599	600	404	0	153946
247	600	404	1129	1	154350
248	404	1129	739	0	155479
249	1129	739	412	0	156218
250	739	412	1051	1	156630
251	412	1051	712	0	157681
252	1051	712	412	0	158393
253	712	412	674	1	158805
254	412	674	902	0	159479
255	674	902	705	0	160381
256	902	705	396	0	161086
257	705	396	810	1	161482
258	396	810	583	0	162292
259	810	583	557	0	162875
260	583	557	408	0	163432
261	557	408	732	1	163840
262	408	732	568	0	164572
263	732	568	553	0	165140
264	568	553	560	0	165693
265	553	560	401	0	166253
266	560	401	731	1	166654
267	401	731	572	0	167385
268	731	572	580	0	167957
269	572	580	584	0	168537
270	580	584	603	0	169121
271	584	603	603	0	169724
272	603	603	607	0	170327
273	603	607	626	0	170934
274	607	626	393	0	171560
275	626	393	880	1	171953
276	393	880	634	0	172833
277	880	634	611	0	173467
278	634	611	615	0	174078
279	611	615	595	0	174693
280	615	595	615	0	175288
281	595	615	615	0	175903
282	615	615	618	0	176518
283	615	618	619	0	177136
284	618	619	591	0	177755
285	619	591	401	0	178346
286	591	401	806	1	178747
287	401	806	603	0	179553
288	806	603	599	0	180156
289	603	599	408	0	180755
290	599	408	895	1	181163
291	408	895	701	0	182058
292	895	701	646	0	182759
293	701	646	397	0	183405
294	646	397	945	1	183802
295	397	945	681	0	184747
296	945	681	623	0	185428
297	681	623	420	0	186051
298	623	420	825	1	186471
299	420	825	634	0	187296
300	825	634	424	0	187930
301	634	424	755	1	188354
302	424	755	580	0	189109
303	755	580	587	0	189689
304	580	587	572	0	190276
305	587	572	584	0	190848
306	572	584	584	0	191432
307	584	584	587	0	192016
308	584	587	428	0	192603
309	587	428	743	1	193031
310	428	743	533	0	193774
311	743	533	623	0	194307
312	533	623	412	0	194930
313	623	412	794	1	195342
314	412	794	607	0	196136
315	794	607	588	0	196743
316	607	588	599	0	197331
317	588	599	588	0	197930
318	599	588	575	0	198518
319	588	575	607	0	199093
320	575	607	405	0	199700
321	607	405	926	1	200105
322	405	926	778	0	201031
323	926	778	759	0	201809
324	778	759	774	0	202568
325	759	774	740	0	203342
326	774	740	723	0	204082
327	740	723	736	0	204805
328	723	736	716	0	205541
329	736	716	401	0	206257
330	716	401	1062	1	206658
331	401	1062	685	0	207720
332	1062	685	404	0	208405
333	685	404	829	1	208809
334	404	829	619	0	209638
335	829	619	556	0	210257
336	619	556	424	0	210813
337	556	424	747	1	211237
338	424	747	576	0	211984
339	747	576	565	0	212560
340	576	565	408	0	213125
341	565	408	735	1	213533
342	408	735	565	0	214268
343	735	565	579	0	214833
344	565	579	584	0	215412
345	579	584	428	0	215996
346	584	428	778	1	216424
347	428	778	584	0	217202
348	778	584	588	0	217786
349	584	588	408	0	218374
350	588	408	817	1	218782
351	408	817	619	0	219599
352	817	619	599	0	220218
353	619	599	405	0	220817
354	599	405	860	1	221222
355	405	860	653	0	222082
356	860	653	611	0	222735
357	653	611	393	0	223346
358	611	393	845	1	223739
359	393	845	618	0	224584
360	845	618	592	0	225202
361	618	592	603	0	225794
362	592	603	584	0	226397
363	603	584	564	0	226981
364	584	564	580	0	227545
365	564	580	400	0	228125
366	580	400	779	1	228525
367	400	779	583	0	229304
368	779	583	568	0	229887
369	583	568	405	0	230455
370	568	405	759	1	230860
371	405	759	576	0	231619
372	759	576	575	0	232195
373	576	575	576	0	232770
374	575	576	393	0	233346
375	576	393	798	1	233739
376	393	798	654	0	234537
377	798	654	630	0	235191
378	654	630	401	0	235821
379	630	401	965	1	236222
380	401	965	801	0	237187
381	965	801	424	0	237988
382	801	424	479	1	238412
383	424	479	642	0	238891
384	479	642	735	0	239533
385	642	735	428	0	240268
386	735	428	1055	1	240696
387	428	1055	735	0	241751
388	1055	735	405	0	242486
389	735	405	1062	1	242891
390	405	1062	701	0	243953
391	1062	701	404	0	244654
392	701	404	891	1	245058
393	404	891	677	0	245949
394	891	677	428	0	246626
395	677	428	829	1	247054
396	428	829	619	0	247883
397	829	619	580	0	248502
398	619	580	404	0	249082
399	580	404	806	1	249486
400	404	806	626	0	250292
401	806	626	588	0	250918
402	626	588	599	0	251506
403	588	599	599	0	252105
404	599	599	596	0	252704
405	599	596	622	0	253300
406	596	622	631	0	253922
407	622	631	630	0	254553
408	631	630	622	0	255183
409	630	622	631	0	255805
410	622	631	412	0	256436
411	631	412	852	1	256848
412	412	852	654	0	257700
413	852	654	607	0	258354
414	654	607	409	0	258961
415	607	409	817	1	259370
416	409	817	607	0	260187
417	817	607	580	0	260794
418	607	580	393	0	261374
419	580	393	747	1	261767
420	393	747	568	0	262514
421	747	568	568	0	263082
422	568	568	397	0	263650
423	568	397	755	1	264047
424	397	755	575	0	264802
425	755	575	569	0	265377
426	575	569	579	0	265946
427	569	579	592	0	266525
428	579	592	583	0	267117
429	592	583	607	0	267700
430	583	607	646	0	268307
431	607	646	654	0	268953
432	646	654	681	0	269607
433	654	681	689	0	270288
434	681	689	669	0	270977
435	689	669	405	0	271646
436	669	405	891	1	272051
437	405	891	634	0	272942
438	891	634	611	0	273576
439	634	611	611	0	274187
440	611	611	622	0	274798
441	611	622	627	0	275420
442	622	627	614	0	276047
443	627	614	627	0	276661
444	614	627	623	0	277288
445	627	623	618	0	277911
446	623	618	428	0	278529
447	618	428	771	1	278957
448	428	771	595	0	279728
449	771	595	568	0	280323
450	595	568	564	0	280891
451	568	564	576	0	281455
452	564	576	572	0	282031
453	576	572	572	0	282603
454	572	572	405	0	283175
455	572	405	731	1	283580
456	405	731	561	0	284311
457	731	561	560	0	284872
458	561	560	556	0	285432
459	560	556	561	0	285988
460	556	561	560	0	286549
461	561	560	552	0	287109
462	560	552	413	0	287661
463	552	413	704	1	288074
464	413	704	553	0	288778
465	704	553	544	0	289331
466	553	544	549	0	289875
467	544	549	545	0	290424
468	549	545	545	0	290969
469	545	545	556	0	291514
470	545	556	560	0	292070
471	556	560	561	0	292630
472	560	561	556	0	293191
473	561	556	560	0	293747
474	556	560	401	0	294307
475	560	401	728	1	294708
476	401	728	560	0	295436
477	728	560	560	0	295996
478	560	560	425	0	296556
479	560	425	708	1	296981
480	425	708	560	0	297689
481	708	560	545	0	298249
482	560	545	560	0	298794
483	545	560	560	0	299354
484	560	560	553	0	299914
485	560	553	549	0	300467
486	553	549	544	0	301016
487	549	544	553	0	301560
488	544	553	548	0	302113
489	553	548	549	0	302661
490	548	549	553	0	303210
491	549	553	548	0	303763
492	553	548	405	0	304311
493	548	405	731	1	304716
494	405	731	569	0	305447
495	731	569	544	0	306016
496	569	544	541	0	306560
497	544	541	545	0	307101
498	541	545	537	0	307646
499	545	537	537	0	308183
500	537	537	541	0	308720
501	537	541	400	0	309261
502	541	400	678	1	309661
503	400	678	544	0	310339
504	678	544	529	0	310883
505	544	529	530	0	311412
506	529	530	397	0	311942
507	530	397	661	1	312339
508	397	661	525	0	313000
509	661	525	545	0	313525
510	525	545	510	0	314070
511	545	510	401	0	314580
512	510	401	645	1	314981
513	401	645	522	0	315626
514	645	522	510	0	316148
515	522	510	404	0	316658
516	510	404	646	1	317062
517	404	646	510	0	317708
518	646	510	525	0	318218
519	510	525	393	0	318743
520	525	393	650	1	319136
521	393	650	514	0	319786
522	650	514	400	0	320300
523	514	400	658	1	320700
524	400	658	510	0	321358
525	658	510	533	0	321868
526	510	533	529	0	322401
527	533	529	389	0	322930
528	529	389	685	1	323319
529	389	685	545	0	324004
530	685	545	533	0	324549
531	545	533	397	0	325082
532	533	397	696	1	325479
533	397	696	545	0	326175
534	696	545	533	0	326720
535	545	533	537	0	327253
536	533	537	405	0	327790
537	537	405	688	1	328195
538	405	688	549	0	328883
539	688	549	525	0	329432
540	549	525	401	0	329957
541	525	401	689	1	330358
542	401	689	548	0	331047
543	689	548	541	0	331595
544	548	541	541	0	332136
545	541	541	553	0	332677
546	541	553	537	0	333230
547	553	537	540	0	333767
548	537	540	401	0	334307
549	540	401	689	1	334708
550	401	689	533	0	335397
551	689	533	416	0	335930
552	533	416	635	1	336346
553	416	635	521	0	336981
554	635	521	541	0	337502
555	521	541	397	0	338043
556	541	397	681	1	338440
557	397	681	533	0	339121
558	681	533	400	0	339654
559	533	400	678	1	340054
560	400	678	521	0	340732
561	678	521	541	0	341253
562	521	541	373	0	341794
563	541	373	677	1	342167
564	373	677	510	0	342844
565	677	510	541	0	343354
566	510	541	385	0	343895
567	541	385	681	1	344280
568	385	681	525	0	344961
569	681	525	405	0	345486
570	525	405	681	1	345891
571	405	681	541	0	346572
572	681	541	401	0	347113
573	541	401	688	1	347514
574	401	688	533	0	348202
575	688	533	545	0	348735
576	533	545	393	0	349280
577	545	393	673	1	349673
578	393	673	541	0	350346
579	673	541	522	0	350887
580	541	522	389	0	351409
581	522	389	677	1	351798
582	389	677	525	0	352475
583	677	525	436	0	353000
584	525	436	661	1	353436
585	436	661	526	0	354097
586	661	526	463	0	354623
587	526	463	595	1	355086
588	463	595	541	0	355681
589	595	541	552	0	356222
590	541	552	557	0	356774
591	552	557	416	0	357331
592	557	416	724	1	357747
593	416	724	537	0	358471
594	724	537	541	0	359008
595	537	541	556	0	359549
596	541	556	553	0	360105
597	556	553	556	0	360658
598	553	556	560	0	361214
599	556	560	409	0	361774
600	560	409	794	1	362183
601	409	794	599	0	362977
602	794	599	576	0	363576
603	599	576	416	0	364152
604	576	416	844	1	364568
605	416	844	607	0	365412
606	844	607	401	0	366019
607	607	401	767	1	366420
608	401	767	587	0	367187
609	767	587	409	0	367774
610	587	409	751	1	368183
611	409	751	591	0	368934
612	751	591	421	0	369525
613	591	421	712	1	369946
614	421	712	568	0	370658
615	712	568	572	0	371226
616	568	572	556	0	371798
617	572	556	560	0	372354
618	556	560	557	0	372914
619	560	557	397	0	373471
620	557	397	786	1	373868
621	397	786	630	0	374654
622	786	630	588	0	375284
623	630	588	400	0	375872
624	588	400	786	1	376272
625	400	786	611	0	377058
626	786	611	580	0	377669
627	611	580	409	0	378249
628	580	409	832	1	378658
629	409	832	673	0	379490
630	832	673	592	0	380163
631	673	592	397	0	380755
632	592	397	790	1	381152
633	397	790	591	0	381942
634	790	591	428	0	382533
635	591	428	720	1	382961
636	428	720	560	0	383681
637	720	560	432	0	384241
638	560	432	712	1	384673
639	432	712	564	0	385385
640	712	564	569	0	385949
641	564	569	591	0	386518
642	569	591	595	0	387109
643	591	595	584	0	387704
644	595	584	607	0	388288
645	584	607	599	0	388895
646	607	599	424	0	389494
647	599	424	743	1	389918
648	424	743	569	0	390661
649	743	569	587	0	391230
650	569	587	405	0	391817
651	587	405	801	1	392222
652	405	801	705	0	393023
653	801	705	455	0	393728
654	705	455	899	1	394183
655	455	899	673	0	395082
656	899	673	447	0	395755
657	673	447	903	1	396202
658	447	903	642	0	397105
659	903	642	588	0	397747
660	642	588	603	0	398335
661	588	603	642	0	398938
662	603	642	930	0	399580
663	642	930	766	0	400510
664	930	766	413	0	401276
665	766	413	502	1	401689
666	413	502	618	0	402191
667	502	618	751	0	402809
668	618	751	759	0	403560
669	751	759	401	0	404319
670	759	401	486	1	404720
671	401	486	650	0	405206
672	486	650	755	0	405856
673	650	755	759	0	406611
674	755	759	408	0	407370
675	759	408	494	1	407778
676	408	494	627	0	408272
677	494	627	747	0	408899
678	627	747	755	0	409646
679	747	755	397	0	410401
680	755	397	482	1	410798
681	397	482	662	0	411280
682	482	662	751	0	411942
683	662	751	766	0	412693
684	751	766	763	0	413459
685	766	763	755	0	414222
686	763	755	762	0	414977
687	755	762	409	0	415739
688	762	409	478	1	416148
689	409	478	666	0	416626
690	478	666	751	0	417292
691	666	751	755	0	418043
692	751	755	766	0	418798
693	755	766	775	0	419564
694	766	775	754	0	420339
695	775	754	767	0	421093
696	754	767	401	0	421860
697	767	401	486	1	422261
698	401	486	642	0	422747
699	486	642	755	0	423389
700	642	755	759	0	424144
701	755	759	758	0	424903
702	759	758	759	0	425661
703	758	759	759	0	426420
704	759	759	416	0	427179
705	759	416	1090	1	427595
706	416	1090	747	0	428685
707	1090	747	728	0	429432
708	747	728	708	0	430160
709	728	708	704	0	430868
710	708	704	693	0	431572
711	704	693	684	0	432265
712	693	684	724	0	432949
713	684	724	413	0	433673
714	724	413	1050	1	434086
715	413	1050	697	0	435136
716	1050	697	397	0	435833
717	697	397	883	1	436230
718	397	883	611	0	437113
719	883	611	408	0	437724
720	611	408	767	1	438132
721	408	767	568	0	438899
722	767	568	416	0	439467
723	568	416	747	1	439883
724	416	747	568	0	440630
725	747	568	421	0	441198
726	568	421	720	1	441619
727	421	720	544	0	442339
728	720	544	421	0	442883
729	544	421	704	1	443304
730	421	704	545	0	444008
731	704	545	416	0	444553
732	545	416	724	1	444969
733	416	724	556	0	445693
734	724	556	560	0	446249
735	556	560	413	0	446809
736	560	413	708	1	447222
737	413	708	545	0	447930
738	708	545	412	0	448475
739	545	412	708	1	448887
740	412	708	545	0	449595
741	708	545	568	0	450140
742	545	568	568	0	450708
743	568	568	557	0	451276
744	568	557	572	0	451833
745	557	572	424	0	452405
746	572	424	731	1	452829
747	424	731	576	0	453560
748	731	576	440	0	454136
749	576	440	712	1	454576
750	440	712	556	0	455288
751	712	556	576	0	455844
752	556	576	561	0	456420
753	576	561	572	0	456981
754	561	572	579	0	457553
755	572	579	584	0	458132
756	579	584	405	0	458716
757	584	405	782	1	459121
758	405	782	591	0	459903
759	782	591	409	0	460494
760	591	409	755	1	460903
761	409	755	556	0	461658
762	755	556	572	0	462214
763	556	572	572	0	462786
764	572	572	580	0	463358
765	572	580	576	0	463938
766	580	576	408	0	464514
767	576	408	774	1	464922
768	408	774	604	0	465696
769	774	604	579	0	466300
770	604	579	467	0	466879
771	579	467	670	0	467346
772	467	670	572	0	468016
773	670	572	556	0	468588
774	572	556	568	0	469144
775	556	568	576	0	469712
776	568	576	451	0	470288
777	576	451	712	1	470739
778	451	712	576	0	471451
779	712	576	444	0	472027
780	576	444	696	1	472471
781	444	696	565	0	473167
782	696	565	544	0	473732
783	565	544	401	0	474276
784	544	401	697	1	474677
785	401	697	533	0	475374
786	697	533	540	0	475907
787	533	540	401	0	476447
788	540	401	716	1	476848
789	401	716	549	0	477564
790	716	549	408	0	478113
791	549	408	712	1	478521
792	408	712	549	0	479233
793	712	549	413	0	479782
794	549	413	696	1	480195
795	413	696	541	0	480891
796	696	541	545	0	481432
797	541	545	397	0	481977
798	545	397	708	1	482374
799	397	708	537	0	483082
800	708	537	544	0	483619
801	537	544	393	0	484163
802	544	393	681	1	484556
803	393	681	522	0	485237
804	681	522	533	0	485759
805	522	533	401	0	486292
806	533	401	649	1	486693
807	401	649	530	0	487342
808	649	530	517	0	487872
809	530	517	397	0	488389
810	517	397	638	1	488786
811	397	638	498	0	489424
812	638	498	518	0	489922
813	498	518	385	0	490440
814	518	385	622	1	490825
815	385	622	495	0	491447
816	622	495	502	0	491942
817	495	502	377	0	492444
818	502	377	591	1	492821
819	377	591	487	0	493412
820	591	487	486	0	493899
821	487	486	385	0	494385
822	486	385	565	1	494770
823	385	565	486	0	495335
824	565	486	471	0	495821
825	486	471	401	0	496292
826	471	401	548	1	496693
827	401	548	455	0	497241
828	548	455	475	0	497696
829	455	475	393	0	498171
830	475	393	537	1	498564
831	393	537	448	0	499101
832	537	448	463	0	499549
833	448	463	408	0	500012
834	463	408	510	1	500420
835	408	510	451	0	500930
836	510	451	456	0	501381
837	451	456	400	0	501837
838	456	400	510	1	502237
839	400	510	440	0	502747
840	510	440	459	0	503187
841	440	459	405	0	503646
842	459	405	505	1	504051
843	405	505	444	0	504556
844	505	444	451	0	505000
845	444	451	440	0	505451
846	451	440	420	0	505891
847	440	420	483	1	506311
848	420	483	443	0	506794
849	483	443	401	0	507237
850	443	401	506	1	507638
851	401	506	444	0	508144
852	506	444	396	0	508588
853	444	396	506	1	508984
854	396	506	440	0	509490
855	506	440	401	0	509930
856	440	401	498	1	510331
857	401	498	447	0	510829
858	498	447	452	0	511276
859	447	452	404	0	511728
860	452	404	350	1	512132
861	404	350	584	1	512482
862	350	584	389	0	513066
863	584	389	514	1	513455
864	389	514	443	0	513969
865	514	443	390	0	514412
866	443	390	513	1	514802
867	390	513	444	0	515315
868	513	444	451	0	515759
869	444	451	381	0	516210
870	451	381	526	1	516591
871	381	526	436	0	517117
872	526	436	455	0	517553
873	436	455	439	0	518008
874	455	439	401	0	518447
875	439	401	502	1	518848
876	401	502	440	0	519350
877	502	440	455	0	519790
878	440	455	444	0	520245
879	455	444	447	0	520689
880	444	447	405	0	521136
881	447	405	494	1	521541
882	405	494	447	0	522035
883	494	447	397	0	522482
884	447	397	502	1	522879
885	397	502	444	0	523381
886	502	444	385	0	523825
887	444	385	514	1	524210
888	385	514	443	0	524724
889	514	443	386	0	525167
890	443	386	517	1	525553
891	386	517	448	0	526070
892	517	448	393	0	526518
893	448	393	505	1	526911
894	393	505	444	0	527416
895	505	444	451	0	527860
896	444	451	378	0	528311
897	451	378	521	1	528689
898	378	521	440	0	529210
899	521	440	393	0	529650
900	440	393	513	1	530043
901	393	513	432	0	530556
902	513	432	409	0	530988
903	432	409	502	1	531397
904	409	502	459	0	531899
905	502	459	377	0	532358
906	459	377	518	1	532735
907	377	518	436	0	533253
908	518	436	397	0	533689
909	436	397	502	1	534086
910	397	502	443	0	534588
911	502	443	413	0	535031
912	443	413	478	1	535444
913	413	478	444	0	535922
914	478	444	439	0	536366
915	444	439	382	0	536805
916	439	382	513	1	537187
917	382	513	428	0	537700
918	513	428	456	0	538128
919	428	456	373	0	538584
920	456	373	510	1	538957
921	373	510	432	0	539467
922	510	432	447	0	539899
923	432	447	397	0	540346
924	447	397	494	1	540743
925	397	494	440	0	541237
926	494	440	448	0	541677
927	440	448	396	0	542125
928	448	396	495	1	542521
929	396	495	439	0	543016
930	495	439	444	0	543455
931	439	444	385	0	543899
932	444	385	514	1	544284
933	385	514	439	0	544798
934	514	439	456	0	545237
935	439	456	443	0	545693
936	456	443	378	0	546136
937	443	378	521	1	546514
938	378	521	444	0	547035
939	521	444	455	0	547479
940	444	455	440	0	547934
941	455	440	385	0	548374
942	440	385	529	1	548759
943	385	529	436	0	549288
944	529	436	455	0	549724
945	436	455	451	0	550179
946	455	451	370	0	550630
947	451	370	541	1	551000
948	370	541	436	0	551541
949	541	436	451	0	551977
950	436	451	385	0	552428
951	451	385	522	1	552813
952	385	522	439	0	553335
953	522	439	456	0	553774
954	439	456	381	0	554230
955	456	381	533	1	554611
956	381	533	440	0	555144
957	533	440	451	0	555584
958	440	451	389	0	556035
959	451	389	533	1	556424
960	389	533	448	0	556957
961	533	448	455	0	557405
962	448	455	467	0	557860
963	455	467	459	0	558327
964	467	459	409	0	558786
965	459	409	517	1	559195
966	409	517	459	0	559712
967	517	459	463	0	560171
968	459	463	467	0	560634
969	463	467	381	0	561101
970	467	381	576	1	561482
971	381	576	471	0	562058
972	576	471	479	0	562529
973	471	479	490	0	563008
974	479	490	370	0	563498
975	490	370	607	1	563868
976	370	607	482	0	564475
977	607	482	487	0	564957
978	482	487	486	0	565444
979	487	486	374	0	565930
980	486	374	599	1	566304
981	374	599	443	0	566903
982	599	443	537	0	567346
983	443	537	491	0	567883
984	537	491	498	0	568374
985	491	498	381	0	568872
986	498	381	650	1	569253
987	381	650	502	0	569903
988	650	502	506	0	570405
989	502	506	509	0	570911
990	506	509	385	0	571420
991	509	385	635	1	571805
992	385	635	502	0	572440
993	635	502	505	0	572942
994	502	505	514	0	573447
995	505	514	370	0	573961
996	514	370	673	1	574331
997	370	673	529	0	575004
998	673	529	521	0	575533
999	529	521	522	0	576054
1000	521	522	533	0	576576
1001	522	533	381	0	577109
1002	533	381	724	1	577490
1003	381	724	553	0	578214
1004	724	553	521	0	578767
1005	553	521	377	0	579288
1006	521	377	701	1	579665
1007	377	701	541	0	580366
1008	701	541	513	0	580907
1009	541	513	537	0	581420
1010	513	537	549	0	581957
1011	537	549	389	0	582506
1012	549	389	681	1	582895
1013	389	681	517	0	583576
1014	681	517	530	0	584093
1015	517	530	521	0	584623
1016	530	521	529	0	585144
1017	521	529	370	0	585673
1018	529	370	727	1	586043
1019	370	727	553	0	586770
1020	727	553	521	0	587323
1021	553	521	382	0	587844
1022	521	382	681	1	588226
1023	382	681	525	0	588907
1024	681	525	514	0	589432
1025	525	514	525	0	589946
1026	514	525	517	0	590471
1027	525	517	374	0	590988
1028	517	374	654	1	591362
1029	374	654	521	0	592016
1030	654	521	517	0	592537
1031	521	517	518	0	593054
1032	517	518	381	0	593572
1033	518	381	662	1	593953
1034	381	662	525	0	594615
1035	662	525	518	0	595140
1036	525	518	517	0	595658
1037	518	517	378	0	596175
1038	517	378	634	1	596553
1039	378	634	502	0	597187
1040	634	502	506	0	597689
1041	502	506	509	0	598195
1042	506	509	510	0	598704
1043	509	510	377	0	599214
1044	510	377	654	1	599591
1045	377	654	514	0	600245
1046	654	514	513	0	600759
1047	514	513	518	0	601272
1048	513	518	381	0	601790
1049	518	381	666	1	602171
1050	381	666	439	0	602837
1051	666	439	603	1	603276
1052	439	603	514	0	603879
1053	603	514	370	0	604393
1054	514	370	638	1	604763
1055	370	638	506	0	605401
1056	638	506	505	0	605907
1057	506	505	514	0	606412
1058	505	514	374	0	606926
1059	514	374	669	1	607300
1060	374	669	428	0	607969
1061	669	428	630	1	608397
1062	428	630	522	0	609027
1063	630	522	529	0	609549
1064	522	529	389	0	610078
1065	529	389	704	1	610467
1066	389	704	545	0	611171
1067	704	545	533	0	611716
1068	545	533	529	0	612249
1069	533	529	459	0	612778
1070	529	459	596	0	613237
1071	459	596	537	0	613833
1072	596	537	541	0	614370
1073	537	541	544	0	614911
1074	541	544	541	0	615455
1075	544	541	537	0	615996
1076	541	537	537	0	616533
1077	537	537	533	0	617070
1078	537	533	525	0	617603
1079	533	525	522	0	618128
1080	525	522	389	0	618650
1081	522	389	650	1	619039
1082	389	650	509	0	619689
1083	650	509	514	0	620198
1084	509	514	506	0	620712
1085	514	506	381	0	621218
1086	506	381	638	1	621599
1087	381	638	502	0	622237
1088	638	502	506	0	622739
1089	502	506	424	0	623245
1090	506	424	277	1	623669
1091	424	277	330	1	623946
1092	277	330	440	1	624276
1093	330	440	568	1	624716
1094	440	568	498	0	625284
1095	568	498	502	0	625782
1096	498	502	510	0	626284
1097	502	510	517	0	626794
1098	510	517	514	0	627311
1099	517	514	510	0	627825
1100	514	510	513	0	628335
1101	510	513	522	0	628848
1102	513	522	525	0	629370
1103	522	525	533	0	629895
1104	525	533	533	0	630428
1105	533	533	553	0	630961
1106	533	553	540	0	631514
1107	553	540	541	0	632054
1108	540	541	533	0	632595
1109	541	533	541	0	633128
1110	533	541	529	0	633669
1111	541	529	530	0	634198
1112	529	530	529	0	634728
1113	530	529	525	0	635257
1114	529	525	533	0	635782
1115	525	533	525	0	636315
1116	533	525	530	0	636840
1117	525	530	389	0	637370
1118	530	389	669	1	637759
1119	389	669	525	0	638428
1120	669	525	526	0	638953
1121	525	526	517	0	639479
1122	526	517	393	0	639996
1123	517	393	646	1	640389
1124	393	646	514	0	641035
1125	646	514	525	0	641549
1126	514	525	525	0	642074
1127	525	525	389	0	642599
1128	525	389	662	1	642988
1129	389	662	525	0	643650
1130	662	525	521	0	644175
1131	525	521	526	0	644696
1132	521	526	393	0	645222
1133	526	393	712	1	645615
1134	393	712	548	0	646327
1135	712	548	534	0	646875
1136	548	534	544	0	647409
1137	534	544	553	0	647953
1138	544	553	556	0	648506
1139	553	556	545	0	649062
1140	556	545	564	0	649607
1141	545	564	561	0	650171
1142	564	561	552	0	650732
1143	561	552	564	0	651284
1144	552	564	557	0	651848
1145	564	557	552	0	652405
1146	557	552	397	0	652957
1147	552	397	689	1	653354
1148	397	689	552	0	654043
1149	689	552	537	0	654595
1150	552	537	541	0	655132
1151	537	541	389	0	655673
1152	541	389	693	1	656062
1153	389	693	541	0	656755
1154	693	541	529	0	657296
1155	541	529	510	0	657825
1156	529	510	408	0	658335
1157	510	408	685	1	658743
1158	408	685	541	0	659428
1159	685	541	529	0	659969
1160	541	529	545	0	660498
1161	529	545	552	0	661043
1162	545	552	568	0	661595
1163	552	568	580	0	662163
1164	568	580	599	0	662743
1165	580	599	627	0	663342
1166	599	627	416	0	663969
1167	627	416	891	1	664385
1168	416	891	599	0	665276
1169	891	599	576	0	665875
1170	599	576	561	0	666451
1171	576	561	568	0	667012
1172	561	568	580	0	667580
1173	568	580	583	0	668160
1174	580	583	584	0	668743
1175	583	584	591	0	669327
1176	584	591	600	0	669918
1177	591	600	607	0	670518
1178	600	607	587	0	671125
1179	607	587	603	0	671712
1180	587	603	603	0	672315
1181	603	603	615	0	672918
1182	603	615	592	0	673533
1183	615	592	607	0	674125
1184	592	607	603	0	674732
1185	607	603	607	0	675335
1186	603	607	576	0	675942
1187	607	576	498	0	676518
1188	576	498	712	1	677016
1189	498	712	576	0	677728
1190	712	576	575	0	678304
1191	576	575	603	0	678879
1192	575	603	592	0	679482
1193	603	592	587	0	680074
1194	592	587	592	0	680661
1195	587	592	599	0	681253
1196	592	599	611	0	681852
1197	599	611	611	0	682463
1198	611	611	607	0	683074
1199	611	607	611	0	683681
1200	607	611	587	0	684292
1201	611	587	568	0	684879
1202	587	568	565	0	685447
1203	568	565	579	0	686012
1204	565	579	397	0	686591
1205	579	397	767	1	686988
1206	397	767	576	0	687755
1207	767	576	471	0	688331
1208	576	471	692	1	688802
1209	471	692	560	0	689494
1210	692	560	588	0	690054
1211	560	588	588	0	690642
1212	588	588	420	0	691230
1213	588	420	762	1	691650
1214	420	762	561	0	692412
1215	762	561	556	0	692973
1216	561	556	405	0	693529
1217	556	405	720	1	693934
1218	405	720	548	0	694654
1219	720	548	557	0	695202
1220	548	557	560	0	695759
1221	557	560	401	0	696319
1222	560	401	864	1	696720
1223	401	864	735	0	697584
1224	864	735	685	0	698319
1225	735	685	401	0	699004
1226	685	401	887	1	699405
1227	401	887	619	0	700292
1228	887	619	416	0	700911
1229	619	416	731	1	701327
1230	416	731	572	0	702058
1231	731	572	549	0	702630
1232	572	549	560	0	703179
1233	549	560	393	0	703739
1234	560	393	743	1	704132
1235	393	743	561	0	704875
1236	743	561	552	0	705436
1237	561	552	553	0	705988
1238	552	553	545	0	706541
1239	553	545	548	0	707086
1240	545	548	557	0	707634
1241	548	557	568	0	708191
1242	557	568	564	0	708759
1243	568	564	576	0	709323
1244	564	576	572	0	709899
1245	576	572	568	0	710471
1246	572	568	572	0	711039
1247	568	572	580	0	711611
1248	572	580	576	0	712191
1249	580	576	572	0	712767
1250	576	572	544	0	713339
1251	572	544	561	0	713883
1252	544	561	537	0	714444
1253	561	537	552	0	714981
1254	537	552	549	0	715533
1255	552	549	552	0	716082
1256	549	552	561	0	716634
1257	552	561	400	0	717195
1258	561	400	697	1	717595
1259	400	697	545	0	718292
1260	697	545	544	0	718837
1261	545	544	541	0	719381
1262	544	541	409	0	719922
1263	541	409	677	1	720331
1264	409	677	537	0	721008
1265	677	537	541	0	721545
1266	537	541	560	0	722086
1267	541	560	397	0	722646
1268	560	397	712	1	723043
1269	397	712	552	0	723755
1270	712	552	541	0	724307
1271	552	541	537	0	724848
1272	541	537	385	0	725385
1273	537	385	709	1	725770
1274	385	709	548	0	726479
1275	709	548	541	0	727027
1276	548	541	549	0	727568
1277	541	549	393	0	728117
1278	549	393	743	1	728510
1279	393	743	568	0	729253
1280	743	568	560	0	729821
1281	568	560	557	0	730381
1282	560	557	416	0	730938
1283	557	416	689	1	731354
1284	416	689	548	0	732043
1285	689	548	545	0	732591
1286	548	545	545	0	733136
1287	545	545	412	0	733681
1288	545	412	670	1	734093
1289	412	670	533	0	734763
1290	670	533	548	0	735296
1291	533	548	541	0	735844
1292	548	541	409	0	736385
1293	541	409	696	1	736794
1294	409	696	545	0	737490
1295	696	545	549	0	738035
1296	545	549	552	0	738584
1297	549	552	549	0	739136
1298	552	549	548	0	739685
1299	549	548	553	0	740233
1300	548	553	549	0	740786
1301	553	549	564	0	741335
1302	549	564	568	0	741899
1303	564	568	556	0	742467
1304	568	556	561	0	743023
1305	556	561	576	0	743584
1306	561	576	568	0	744160
1307	576	568	579	0	744728
1308	568	579	549	0	745307
1309	579	549	560	0	745856
1310	549	560	565	0	746416
1311	560	565	560	0	746981
1312	565	560	397	0	747541
1313	560	397	731	1	747938
1314	397	731	545	0	748669
1315	731	545	541	0	749214
1316	545	541	541	0	749755
1317	541	541	529	0	750296
1318	541	529	436	0	750825
1319	529	436	677	1	751261
1320	436	677	548	0	751938
1321	677	548	393	0	752486
1322	548	393	697	1	752879
1323	393	697	541	0	753576
1324	697	541	525	0	754117
1325	541	525	401	0	754642
1326	525	401	646	1	755043
1327	401	646	521	0	755689
1328	646	521	525	0	756210
1329	521	525	522	0	756735
1330	525	522	397	0	757257
1331	522	397	677	1	757654
1332	397	677	537	0	758331
1333	677	537	544	0	758868
1334	537	544	541	0	759412
1335	544	541	553	0	759953
1336	541	553	548	0	760506
1337	553	548	569	0	761054
1338	548	569	400	0	761623
1339	569	400	720	1	762023
1340	400	720	557	0	762743
1341	720	557	548	0	763300
1342	557	548	549	0	763848
1343	548	549	556	0	764397
1344	549	556	549	0	764953
1345	556	549	564	0	765502
1346	549	564	557	0	766066
1347	564	557	568	0	766623
1348	557	568	579	0	767191
1349	568	579	572	0	767770
1350	579	572	588	0	768342
1351	572	588	595	0	768930
1352	588	595	607	0	769525
1353	595	607	615	0	770132
1354	607	615	603	0	770747
1355	615	603	596	0	771350
1356	603	596	583	0	771946
1357	596	583	576	0	772529
1358	583	576	576	0	773105
1359	576	576	580	0	773681
1360	576	580	416	0	774261
1361	580	416	743	1	774677
1362	416	743	576	0	775420
1363	743	576	572	0	775996
1364	576	572	568	0	776568
1365	572	568	568	0	777136
1366	568	568	592	0	777704
1367	568	592	599	0	778296
1368	592	599	432	0	778895
1369	599	432	770	1	779327
1370	432	770	584	0	780097
1371	770	584	587	0	780681
1372	584	587	592	0	781268
1373	587	592	603	0	781860
1374	592	603	615	0	782463
1375	603	615	626	0	783078
1376	615	626	611	0	783704
1377	626	611	627	0	784315
1378	611	627	642	0	784942
1379	627	642	428	0	785584
1380	642	428	844	1	786012
1381	428	844	615	0	786856
1382	844	615	576	0	787471
1383	615	576	564	0	788047
1384	576	564	576	0	788611
1385	564	576	580	0	789187
1386	576	580	579	0	789767
1387	580	579	405	0	790346
1388	579	405	802	1	790751
1389	405	802	587	0	791553
1390	802	587	572	0	792140
1391	587	572	397	0	792712
1392	572	397	743	1	793109
1393	397	743	560	0	793852
1394	743	560	557	0	794412
1395	560	557	576	0	794969
1396	557	576	583	0	795545
1397	576	583	607	0	796128
1398	583	607	631	0	796735
1399	607	631	626	0	797366
1400	631	626	627	0	797992
1401	626	627	642	0	798619
1402	627	642	653	0	799261
1403	642	653	607	0	799914
1404	653	607	600	0	800521
1405	607	600	607	0	801121
1406	600	607	622	0	801728
1407	607	622	603	0	802350
1408	622	603	615	0	802953
1409	603	615	409	0	803568
1410	615	409	863	1	803977
1411	409	863	615	0	804840
1412	863	615	417	0	805455
1413	615	417	778	1	805872
1414	417	778	576	0	806650
1415	778	576	572	0	807226
1416	576	572	564	0	807798
1417	572	564	572	0	808362
1418	564	572	580	0	808934
1419	572	580	587	0	809514
1420	580	587	615	0	810101
1421	587	615	409	0	810716
1422	615	409	922	1	811125
1423	409	922	669	0	812047
1424	922	669	412	0	812716
1425	669	412	818	1	813128
1426	412	818	583	0	813946
1427	818	583	584	0	814529
1428	583	584	424	0	815113
1429	584	424	755	1	815537
1430	424	755	580	0	816292
1431	755	580	568	0	816872
1432	580	568	611	0	817440
1433	568	611	607	0	818051
1434	611	607	626	0	818658
1435	607	626	432	0	819284
1436	626	432	864	1	819716
1437	432	864	615	0	820580
1438	864	615	603	0	821195
1439	615	603	416	0	821798
1440	603	416	763	1	822214
1441	416	763	568	0	822977
1442	763	568	556	0	823545
1443	568	556	397	0	824101
1444	556	397	735	1	824498
1445	397	735	553	0	825233
1446	735	553	564	0	825786
1447	553	564	584	0	826350
1448	564	584	412	0	826934
1449	584	412	743	1	827346
1450	412	743	588	0	828089
1451	743	588	568	0	828677
1452	588	568	572	0	829245
1453	568	572	409	0	829817
1454	572	409	751	1	830226
1455	409	751	579	0	830977
1456	751	579	561	0	831556
1457	579	561	579	0	832117
1458	561	579	429	0	832696
1459	579	429	739	1	833125
1460	429	739	564	0	833864
1461	739	564	576	0	834428
1462	564	576	584	0	835004
1463	576	584	583	0	835588
1464	584	583	409	0	836171
1465	583	409	766	1	836580
1466	409	766	584	0	837346
1467	766	584	591	0	837930
1468	584	591	584	0	838521
1469	591	584	588	0	839105
1470	584	588	587	0	839693
1471	588	587	592	0	840280
1472	587	592	412	0	840872
1473	592	412	778	1	841284
1474	412	778	607	0	842062
1475	778	607	588	0	842669
1476	607	588	587	0	843257
1477	588	587	580	0	843844
1478	587	580	588	0	844424
1479	580	588	603	0	845012
1480	588	603	404	0	845615
1481	603	404	790	1	846019
1482	404	790	592	0	846809
1483	790	592	580	0	847401
1484	592	580	583	0	847981
1485	580	583	580	0	848564
1486	583	580	588	0	849144
1487	580	588	603	0	849732
1488	588	603	599	0	850335
1489	603	599	595	0	850934
1490	599	595	596	0	851529
1491	595	596	603	0	852125
1492	596	603	595	0	852728
1493	603	595	595	0	853323
1494	595	595	600	0	853918
1495	595	600	599	0	854518
1496	600	599	428	0	855117
1497	599	428	762	1	855545
1498	428	762	588	0	856307
1499	762	588	580	0	856895
1500	588	580	576	0	857475
1501	580	576	575	0	858051
1502	576	575	576	0	858626
1503	575	576	576	0	859202
1504	576	576	576	0	859778
1505	576	576	397	0	860354
1506	576	397	790	1	860751
1507	397	790	595	0	861541
1508	790	595	564	0	862136
1509	595	564	565	0	862700
1510	564	565	548	0	863265
1511	565	548	580	0	863813
1512	548	580	564	0	864393
1513	580	564	580	0	864957
1514	564	580	568	0	865537
1515	580	568	591	0	866105
1516	568	591	619	0	866696
1517	591	619	611	0	867315
1518	619	611	619	0	867926
1519	611	619	634	0	868545
1520	619	634	665	0	869179
1521	634	665	642	0	869844
1522	665	642	600	0	870486
1523	642	600	610	0	871086
1524	600	610	608	0	871696
1525	610	608	614	0	872304
1526	608	614	615	0	872918
1527	614	615	397	0	873533
1528	615	397	821	1	873930
1529	397	821	623	0	874751
1530	821	623	420	0	875374
1531	623	420	774	1	875794
1532	420	774	588	0	876568
1533	774	588	579	0	877156
1534	588	579	405	0	877735
1535	579	405	771	1	878140
1536	405	771	599	0	878911
1537	771	599	595	0	879510
1538	599	595	389	0	880105
1539	595	389	813	1	880494
1540	389	813	635	0	881307
1541	813	635	420	0	881942
1542	635	420	817	1	882362
1543	420	817	658	0	883179
1544	817	658	420	0	883837
1545	658	420	864	1	884257
1546	420	864	665	0	885121
1547	864	665	420	0	885786
1548	665	420	833	1	886206
1549	420	833	622	0	887039
1550	833	622	421	0	887661
1551	622	421	805	1	888082
1552	421	805	588	0	888887
1553	805	588	583	0	889475
1554	588	583	405	0	890058
1555	583	405	732	1	890463
1556	405	732	560	0	891195
1557	732	560	549	0	891755
1558	560	549	428	0	892304
1559	549	428	731	1	892732
1560	428	731	588	0	893463
1561	731	588	591	0	894051
1562	588	591	619	0	894642
1563	591	619	653	0	895261
1564	619	653	642	0	895914
1565	653	642	650	0	896556
1566	642	650	393	0	897206
1567	650	393	907	1	897599
1568	393	907	642	0	898506
1569	907	642	622	0	899148
1570	642	622	619	0	899770
1571	622	619	599	0	900389
1572	619	599	611	0	900988
1573	599	611	607	0	901599
1574	611	607	615	0	902206
1575	607	615	619	0	902821
1576	615	619	630	0	903440
1577	619	630	654	0	904070
1578	630	654	401	0	904724
1579	654	401	914	1	905125
1580	401	914	630	0	906039
1581	914	630	631	0	906669
1582	630	631	396	0	907300
1583	631	396	822	1	907696
1584	396	822	614	0	908518
1585	822	614	596	0	909132
1586	614	596	591	0	909728
1587	596	591	615	0	910319
1588	591	615	657	0	910934
1589	615	657	697	0	911591
1590	657	697	724	0	912288
1591	697	724	797	0	913012
1592	724	797	424	0	913809
1593	797	424	491	1	914233
1594	424	491	720	0	914724
1595	491	720	758	0	915444
1596	720	758	759	0	916202
1597	758	759	747	0	916961
1598	759	747	739	0	917708
1599	747	739	724	0	918447
1600	739	724	728	0	919171
1601	724	728	724	0	919899
1602	728	724	723	0	920623
1603	724	723	724	0	921346
1604	723	724	728	0	922070
1605	724	728	731	0	922798
1606	728	731	743	0	923529
1607	731	743	720	0	924272
1608	743	720	409	0	924992
1609	720	409	1066	1	925401
1610	409	1066	708	0	926467
1611	1066	708	409	0	927175
1612	708	409	821	1	927584
1613	409	821	583	0	928405
1614	821	583	588	0	928988
1615	583	588	420	0	929576
1616	588	420	782	1	929996
1617	420	782	607	0	930778
1618	782	607	611	0	931385
1619	607	611	623	0	931996
1620	611	623	626	0	932619
1621	623	626	646	0	933245
1622	626	646	716	0	933891
1623	646	716	794	0	934607
1624	716	794	875	0	935401
1625	794	875	825	0	936276
1626	875	825	409	0	937101
1627	825	409	455	1	937510
1628	409	455	669	0	937965
1629	455	669	736	0	938634
1630	669	736	435	0	939370
1631	736	435	1039	1	939805
1632	435	1039	677	0	940844
1633	1039	677	623	0	941521
1634	677	623	599	0	942144
1635	623	599	619	0	942743
1636	599	619	634	0	943362
1637	619	634	650	0	943996
1638	634	650	634	0	944646
1639	650	634	650	0	945280
1640	634	650	696	0	945930
1641	650	696	748	0	946626
1642	696	748	797	0	947374
1643	748	797	860	0	948171
1644	797	860	809	0	949031
1645	860	809	771	0	949840
1646	809	771	766	0	950611
1647	771	766	751	0	951377
1648	766	751	744	0	952128
1649	751	744	743	0	952872
1650	744	743	735	0	953615
1651	743	735	736	0	954350
1652	735	736	739	0	955086
1653	736	739	728	0	955825
1654	739	728	727	0	956553
1655	728	727	739	0	957280
1656	727	739	409	0	958019
1657	739	409	1066	1	958428
1658	409	1066	701	0	959494
1659	1066	701	404	0	960195
1660	701	404	786	1	960599
1661	404	786	568	0	961385
1662	786	568	557	0	961953
1663	568	557	564	0	962510
1664	557	564	572	0	963074
1665	564	572	584	0	963646
1666	572	584	428	0	964230
1667	584	428	786	1	964658
1668	428	786	622	0	965444
1669	786	622	413	0	966066
1670	622	413	809	1	966479
1671	413	809	599	0	967288
1672	809	599	595	0	967887
1673	599	595	607	0	968482
1674	595	607	588	0	969089
1675	607	588	599	0	969677
1676	588	599	603	0	970276
1677	599	603	615	0	970879
1678	603	615	417	0	971494
1679	615	417	821	1	971911
1680	417	821	614	0	972732
1681	821	614	592	0	973346
1682	614	592	587	0	973938
1683	592	587	576	0	974525
1684	587	576	572	0	975101
1685	576	572	584	0	975673
1686	572	584	587	0	976257
1687	584	587	600	0	976844
1688	587	600	614	0	977444
1689	600	614	611	0	978058
1690	614	611	409	0	978669
1691	611	409	840	1	979078
1692	409	840	615	0	979918
1693	840	615	595	0	980533
1694	615	595	417	0	981128
1695	595	417	755	1	981545
1696	417	755	583	0	982300
1697	755	583	572	0	982883
1698	583	572	580	0	983455
1699	572	580	588	0	984035
1700	580	588	591	0	984623
1701	588	591	447	0	985214
1702	591	447	759	1	985661
1703	447	759	603	0	986420
1704	759	603	584	0	987023
1705	603	584	595	0	987607
1706	584	595	600	0	988202
1707	595	600	603	0	988802
1708	600	603	603	0	989405
1709	603	603	603	0	990008
1710	603	603	622	0	990611
1711	603	622	650	0	991233
1712	622	650	421	0	991883
1713	650	421	871	1	992304
1714	421	871	607	0	993175
1715	871	607	405	0	993782
1716	607	405	782	1	994187
1717	405	782	572	0	994969
1718	782	572	412	0	995541
1719	572	412	740	1	995953
1720	412	740	568	0	996693
1721	740	568	564	0	997261
1722	568	564	393	0	997825
1723	564	393	801	1	998218
1724	393	801	654	0	999019
1725	801	654	607	0	999673
1726	654	607	611	0	1000280
1727	607	611	603	0	1000891
1728	611	603	595	0	1001494
1729	603	595	588	0	1002089
1730	595	588	409	0	1002677
1731	588	409	762	1	1003086
1732	409	762	596	0	1003848
1733	762	596	572	0	1004444
1734	596	572	564	0	1005016
1735	572	564	416	0	1005580
1736	564	416	724	1	1005996
1737	416	724	568	0	1006720
1738	724	568	556	0	1007288
1739	568	556	405	0	1007844
1740	556	405	712	1	1008249
1741	405	712	549	0	1008961
1742	712	549	541	0	1009510
1743	549	541	396	0	1010051
1744	541	396	716	1	1010447
1745	396	716	549	0	1011163
1746	716	549	545	0	1011712
1747	549	545	401	0	1012257
1748	545	401	700	1	1012658
1749	401	700	545	0	1013358
1750	700	545	548	0	1013903
1751	545	548	401	0	1014451
1752	548	401	697	1	1014852
1753	401	697	544	0	1015549
1754	697	544	541	0	1016093
1755	544	541	397	0	1016634
1756	541	397	693	1	1017031
1757	397	693	533	0	1017724
1758	693	533	548	0	1018257
1759	533	548	397	0	1018805
1760	548	397	709	1	1019202
1761	397	709	552	0	1019911
1762	709	552	416	0	1020463
1763	552	416	701	1	1020879
1764	416	701	556	0	1021580
1765	701	556	560	0	1022136
1766	556	560	397	0	1022696
1767	560	397	751	1	1023093
1768	397	751	592	0	1023844
1769	751	592	572	0	1024436
1770	592	572	568	0	1025008
1771	572	568	401	0	1025576
1772	568	401	762	1	1025977
1773	401	762	572	0	1026739
1774	762	572	561	0	1027311
1775	572	561	435	0	1027872
1776	561	435	728	1	1028307
1777	435	728	568	0	1029035
1778	728	568	564	0	1029603
1779	568	564	568	0	1030167
1780	564	568	401	0	1030735
1781	568	401	743	1	1031136
1782	401	743	568	0	1031879
1783	743	568	565	0	1032447
1784	568	565	552	0	1033012
1785	565	552	564	0	1033564
1786	552	564	580	0	1034128
1787	564	580	568	0	1034708
1788	580	568	568	0	1035276
1789	568	568	584	0	1035844
1790	568	584	568	0	1036428
1791	584	568	584	0	1036996
1792	568	584	587	0	1037580
1793	584	587	600	0	1038167
1794	587	600	599	0	1038767
1795	600	599	404	0	1039366
1796	599	404	779	1	1039770
1797	404	779	572	0	1040549
1798	779	572	548	0	1041121
1799	572	548	557	0	1041669
1800	548	557	412	0	1042226
1801	557	412	712	1	1042638
1802	412	712	553	0	1043350
1803	712	553	548	0	1043903
1804	553	548	409	0	1044451
1805	548	409	700	1	1044860
1806	409	700	553	0	1045560
1807	700	553	548	0	1046113
1808	553	548	545	0	1046661
1809	548	545	588	0	1047206
1810	545	588	583	0	1047794
1811	588	583	584	0	1048377
1812	583	584	564	0	1048961
1813	584	564	576	0	1049525
1814	564	576	436	0	1050101
1815	576	436	786	1	1050537
1816	436	786	630	0	1051323
1817	786	630	596	0	1051953
1818	630	596	583	0	1052549
1819	596	583	584	0	1053132
1820	583	584	607	0	1053716
1821	584	607	588	0	1054323
1822	607	588	571	0	1054911
1823	588	571	588	0	1055482
1824	571	588	595	0	1056070
1825	588	595	600	0	1056665
1826	595	600	439	0	1057265
1827	600	439	747	1	1057704
1828	439	747	572	0	1058451
1829	747	572	557	0	1059023
1830	572	557	404	0	1059580
1831	557	404	712	1	1059984
1832	404	712	541	0	1060696
1833	712	541	541	0	1061237
1834	541	541	397	0	1061778
1835	541	397	689	1	1062175
1836	397	689	548	0	1062864
1837	689	548	549	0	1063412
1838	548	549	572	0	1063961
1839	549	572	413	0	1064533
1840	572	413	786	1	1064946
1841	413	786	599	0	1065732
1842	786	599	580	0	1066331
1843	599	580	431	0	1066911
1844	580	431	779	1	1067342
1845	431	779	611	0	1068121
1846	779	611	575	0	1068732
1847	611	575	604	0	1069307
1848	575	604	614	0	1069911
1849	604	614	631	0	1070525
1850	614	631	642	0	1071156
1851	631	642	638	0	1071798
1852	642	638	626	0	1072436
1853	638	626	611	0	1073062
1854	626	611	623	0	1073673
1855	611	623	389	0	1074296
1856	623	389	860	1	1074685
1857	389	860	618	0	1075545
1858	860	618	580	0	1076163
1859	618	580	428	0	1076743
1860	580	428	763	1	1077171
1861	428	763	576	0	1077934
1862	763	576	576	0	1078510
1863	576	576	572	0	1079086
1864	576	572	424	0	1079658
1865	572	424	743	1	1080082
1866	424	743	580	0	1080825
1867	743	580	568	0	1081405
1868	580	568	397	0	1081973
1869	568	397	731	1	1082370
1870	397	731	560	0	1083101
1871	731	560	549	0	1083661
1872	560	549	568	0	1084210
1873	549	568	599	0	1084778
1874	568	599	635	0	1085377
1875	599	635	684	0	1086012
1876	635	684	689	0	1086696
1877	684	689	724	0	1087385
1878	689	724	794	0	1088109
1879	724	794	829	0	1088903
1880	794	829	848	0	1089732
1881	829	848	774	0	1090580
1882	848	774	767	0	1091354
1883	774	767	751	0	1092121
1884	767	751	404	0	1092872
1885	751	404	1070	1	1093276
1886	404	1070	673	0	1094346
1887	1070	673	401	0	1095019
1888	673	401	763	1	1095420
1889	401	763	549	0	1096183
1890	763	549	552	0	1096732
1891	549	552	397	0	1097284
1892	552	397	704	1	1097681
1893	397	704	541	0	1098385
1894	704	541	541	0	1098926
1895	541	541	401	0	1099467
1896	541	401	700	1	1099868
1897	401	700	549	0	1100568
1898	700	549	556	0	1101117
1899	549	556	397	0	1101673
1900	556	397	743	1	1102070
1901	397	743	576	0	1102813
1902	743	576	584	0	1103389
1903	576	584	401	0	1103973
1904	584	401	797	1	1104374
1905	401	797	615	0	1105171
1906	797	615	591	0	1105786
1907	615	591	409	0	1106377
1908	591	409	813	1	1106786
1909	409	813	596	0	1107599
1910	813	596	575	0	1108195
1911	596	575	584	0	1108770
1912	575	584	580	0	1109354
1913	584	580	576	0	1109934
1914	580	576	568	0	1110510
1915	576	568	412	0	1111078
1916	568	412	771	1	1111490
1917	412	771	607	0	1112261
1918	771	607	587	0	1112868
1919	607	587	397	0	1113455
1920	587	397	837	1	1113852
1921	397	837	634	0	1114689
1922	837	634	428	0	1115323
1923	634	428	805	1	1115751
1924	428	805	611	0	1116556
1925	805	611	592	0	1117167
1926	611	592	416	0	1117759
1927	592	416	879	1	1118175
1928	416	879	744	0	1119054
1929	879	744	751	0	1119798
1930	744	751	400	0	1120549
1931	751	400	506	1	1120949
1932	400	506	685	0	1121455
1933	506	685	732	0	1122140
1934	685	732	778	0	1122872
1935	732	778	404	0	1123650
1936	778	404	1117	1	1124054
1937	404	1117	747	0	1125171
1938	1117	747	413	0	1125918
1939	747	413	1109	1	1126331
1940	413	1109	743	0	1127440
1941	1109	743	405	0	1128183
1942	743	405	1101	1	1128588
1943	405	1101	735	0	1129689
1944	1101	735	413	0	1130424
1945	735	413	1050	1	1130837
1946	413	1050	693	0	1131887
1947	1050	693	408	0	1132580
1948	693	408	895	1	1132988
1949	408	895	716	0	1133883
1950	895	716	420	0	1134599
1951	716	420	1016	1	1135019
1952	420	1016	755	0	1136035
1953	1016	755	716	0	1136790
1954	755	716	759	0	1137506
1955	716	759	805	0	1138265
1956	759	805	821	0	1139070
1957	805	821	767	0	1139891
1958	821	767	762	0	1140658
1959	767	762	751	0	1141420
1960	762	751	767	0	1142171
1961	751	767	762	0	1142938
1962	767	762	751	0	1143700
1963	762	751	763	0	1144451
1964	751	763	409	0	1145214
1965	763	409	1112	1	1145623
1966	409	1112	755	0	1146735
1967	1112	755	409	0	1147490
1968	755	409	1050	1	1147899
1969	409	1050	658	0	1148949
1970	1050	658	599	0	1149607
1971	658	599	584	0	1150206
1972	599	584	603	0	1150790
1973	584	603	595	0	1151393
1974	603	595	615	0	1151988
1975	595	615	611	0	1152603
1976	615	611	611	0	1153214
1977	611	611	689	0	1153825
1978	611	689	988	0	1154514
1979	689	988	817	0	1155502
1980	988	817	409	0	1156319
1981	817	409	482	1	1156728
1982	409	482	697	0	1157210
1983	482	697	782	0	1157907
1984	697	782	412	0	1158689
1985	782	412	479	1	1159101
1986	412	479	669	0	1159580
1987	479	669	759	0	1160249
1988	669	759	432	0	1161008
1989	759	432	1097	1	1161440
1990	432	1097	677	0	1162537
1991	1097	677	619	0	1163214
1992	677	619	603	0	1163833
1993	619	603	591	0	1164436
1994	603	591	603	0	1165027
1995	591	603	405	0	1165630
1996	603	405	767	1	1166035
1997	405	767	579	0	1166802
1998	767	579	421	0	1167381
1999	579	421	813	1	1167802
2000	421	813	611	0	1168615
2001	813	611	591	0	1169226
2002	611	591	416	0	1169817
2003	591	416	790	1	1170233
2004	416	790	584	0	1171023
2005	790	584	572	0	1171607
2006	584	572	405	0	1172179
2007	572	405	751	1	1172584
2008	405	751	564	0	1173335
2009	751	564	568	0	1173899
2010	564	568	408	0	1174467
2011	568	408	736	1	1174875
2012	408	736	572	0	1175611
2013	736	572	420	0	1176183
2014	572	420	767	1	1176603
2015	420	767	603	0	1177370
2016	767	603	587	0	1177973
2017	603	587	421	0	1178560
2018	587	421	754	1	1178981
2019	421	754	588	0	1179735
2020	754	588	580	0	1180323
2021	588	580	576	0	1180903
2022	580	576	579	0	1181479
2023	576	579	432	0	1182058
2024	579	432	755	1	1182490
2025	432	755	599	0	1183245
2026	755	599	588	0	1183844
2027	599	588	591	0	1184432
2028	588	591	584	0	1185023
2029	591	584	436	0	1185607
2030	584	436	716	1	1186043
2031	436	716	568	0	1186759
2032	716	568	572	0	1187327
2033	568	572	568	0	1187899
2034	572	568	572	0	1188467
2035	568	572	568	0	1189039
2036	572	568	576	0	1189607
2037	568	576	580	0	1190183
2038	576	580	443	0	1190763
2039	580	443	708	1	1191206
2040	443	708	576	0	1191914
2041	708	576	572	0	1192490
2042	576	572	572	0	1193062
2043	572	572	576	0	1193634
2044	572	576	572	0	1194210
2045	576	572	580	0	1194782
2046	572	580	580	0	1195362
2047	580	580	393	0	1195942
2048	580	393	790	1	1196335
2049	393	790	583	0	1197125
2050	790	583	420	0	1197708
2051	583	420	732	1	1198128
2052	420	732	556	0	1198860
2053	732	556	428	0	1199416
2054	556	428	728	1	1199844
2055	428	728	584	0	1200572
2056	728	584	435	0	1201156
2057	584	435	740	1	1201591
2058	435	740	572	0	1202331
2059	740	572	436	0	1202903
2060	572	436	731	1	1203339
2061	436	731	584	0	1204070
2062	731	584	587	0	1204654
2063	584	587	592	0	1205241
2064	587	592	599	0	1205833
2065	592	599	595	0	1206432
2066	599	595	596	0	1207027
2067	595	596	599	0	1207623
2068	596	599	599	0	1208222
2069	599	599	603	0	1208821
2070	599	603	595	0	1209424
2071	603	595	401	0	1210019
2072	595	401	767	1	1210420
2073	401	767	580	0	1211187
2074	767	580	428	0	1211767
2075	580	428	731	1	1212195
2076	428	731	576	0	1212926
2077	731	576	424	0	1213502
2078	576	424	708	1	1213926
2079	424	708	557	0	1214634
2080	708	557	560	0	1215191
2081	557	560	560	0	1215751
2082	560	560	553	0	1216311
2083	560	553	552	0	1216864
2084	553	552	572	0	1217416
2085	552	572	409	0	1217988
2086	572	409	770	1	1218397
2087	409	770	611	0	1219167
2088	770	611	588	0	1219778
2089	611	588	591	0	1220366
2090	588	591	576	0	1220957
2091	591	576	576	0	1221533
2092	576	576	572	0	1222109
2093	576	572	405	0	1222681
2094	572	405	782	1	1223086
2095	405	782	591	0	1223868
2096	782	591	595	0	1224459
2097	591	595	596	0	1225054
2098	595	596	595	0	1225650
2099	596	595	595	0	1226245
2100	595	595	588	0	1226840
2101	595	588	595	0	1227428
2102	588	595	600	0	1228023
2103	595	600	595	0	1228623
2104	600	595	412	0	1229218
2105	595	412	782	1	1229630
2106	412	782	596	0	1230412
2107	782	596	424	0	1231008
2108	596	424	751	1	1231432
2109	424	751	584	0	1232183
2110	751	584	431	0	1232767
2111	584	431	740	1	1233198
2112	431	740	607	0	1233938
2113	740	607	599	0	1234545
2114	607	599	623	0	1235144
2115	599	623	634	0	1235767
2116	623	634	634	0	1236401
2117	634	634	401	0	1237035
2118	634	401	976	1	1237436
2119	401	976	681	0	1238412
2120	976	681	397	0	1239093
2121	681	397	884	1	1239490
2122	397	884	614	0	1240374
2123	884	614	413	0	1240988
2124	614	413	790	1	1241401
2125	413	790	603	0	1242191
2126	790	603	428	0	1242794
2127	603	428	778	1	1243222
2128	428	778	623	0	1244000
2129	778	623	607	0	1244623
2130	623	607	393	0	1245230
2131	607	393	875	1	1245623
2132	393	875	611	0	1246498
2133	875	611	424	0	1247109
2134	611	424	782	1	1247533
2135	424	782	599	0	1248315
2136	782	599	596	0	1248914
2137	599	596	618	0	1249510
2138	596	618	654	0	1250128
2139	618	654	440	0	1250782
2140	654	440	945	1	1251222
2141	440	945	635	0	1252167
2142	945	635	420	0	1252802
2143	635	420	782	1	1253222
2144	420	782	603	0	1254004
2145	782	603	576	0	1254607
2146	603	576	603	0	1255183
2147	576	603	615	0	1255786
2148	603	615	615	0	1256401
2149	615	615	618	0	1257016
2150	615	618	631	0	1257634
2151	618	631	614	0	1258265
2152	631	614	596	0	1258879
2153	614	596	412	0	1259475
2154	596	412	790	1	1259887
2155	412	790	607	0	1260677
2156	790	607	424	0	1261284
2157	607	424	771	1	1261708
2158	424	771	603	0	1262479
2159	771	603	579	0	1263082
2160	603	579	592	0	1263661
2161	579	592	607	0	1264253
2162	592	607	455	0	1264860
2163	607	455	786	1	1265315
2164	455	786	646	0	1266101
2165	786	646	627	0	1266747
2166	646	627	638	0	1267374
2167	627	638	393	0	1268012
2168	638	393	899	1	1268405
2169	393	899	634	0	1269304
2170	899	634	416	0	1269938
2171	634	416	809	1	1270354
2172	416	809	631	0	1271163
2173	809	631	420	0	1271794
2174	631	420	805	1	1272214
2175	420	805	654	0	1273019
2176	805	654	428	0	1273673
2177	654	428	841	1	1274101
2178	428	841	661	0	1274942
2179	841	661	630	0	1275603
2180	661	630	646	0	1276233
2181	630	646	685	0	1276879
2182	646	685	720	0	1277564
2183	685	720	743	0	1278284
2184	720	743	401	0	1279027
2185	743	401	1090	1	1279428
2186	401	1090	762	0	1280518
2187	1090	762	759	0	1281280
2188	762	759	735	0	1282039
2189	759	735	736	0	1282774
2190	735	736	727	0	1283510
2191	736	727	732	0	1284237
2192	727	732	735	0	1284969
2193	732	735	732	0	1285704
2194	735	732	735	0	1286436
2195	732	735	736	0	1287171
2196	735	736	739	0	1287907
2197	736	739	724	0	1288646
2198	739	724	735	0	1289370
2199	724	735	728	0	1290105
2200	735	728	727	0	1290833
2201	728	727	724	0	1291560
2202	727	724	708	0	1292284
2203	724	708	708	0	1292992
2204	708	708	705	0	1293700
2205	708	705	404	0	1294405
2206	705	404	993	1	1294809
2207	404	993	618	0	1295802
2208	993	618	568	0	1296420
2209	618	568	568	1	1296988
2210	568	568	572	1	1297556
2211	568	572	580	1	1298128
2212	572	580	393	1	1298708
2213	580	393	883	0	1299101
2214	393	883	444	0	1299984
2215	883	444	300	1	1300428
2216	444	300	754	1	1300728
2217	300	754	720	0	1301482
2218	754	720	705	0	1302202
2219	720	705	727	0	1302907
2220	705	727	740	0	1303634
2221	727	740	743	0	1304374
2222	740	743	712	0	1305117
2223	743	712	412	0	1305829
2224	712	412	845	1	1306241
2225	412	845	575	0	1307086
2226	845	575	432	0	1307661
2227	575	432	755	1	1308093
2228	432	755	576	0	1308848
2229	755	576	440	0	1309424
2230	576	440	720	1	1309864
2231	440	720	568	0	1310584
2232	720	568	580	0	1311152
2233	568	580	583	0	1311732
2234	580	583	592	0	1312315
2235	583	592	599	0	1312907
2236	592	599	626	0	1313506
2237	599	626	397	0	1314132
2238	626	397	953	1	1314529
2239	397	953	678	0	1315482
2240	953	678	408	0	1316160
2241	678	408	856	1	1316568
2242	408	856	623	0	1317424
2243	856	623	408	0	1318047
2244	623	408	802	1	1318455
2245	408	802	595	0	1319257
2246	802	595	440	0	1319852
2247	595	440	778	1	1320292
2248	440	778	580	0	1321070
2249	778	580	432	0	1321650
2250	580	432	747	1	1322082
2251	432	747	583	0	1322829
2252	747	583	596	0	1323412
2253	583	596	401	0	1324008
2254	596	401	984	1	1324409
2255	401	984	833	0	1325393
2256	984	833	856	0	1326226
2257	833	856	790	0	1327082
2258	856	790	778	0	1327872
2259	790	778	778	0	1328650
2260	778	778	405	0	1329428
2261	778	405	474	1	1329833
2262	405	474	677	0	1330307
2263	474	677	759	0	1330984
2264	677	759	405	0	1331743
2265	759	405	1117	1	1332148
2266	405	1117	751	0	1333265
2267	1117	751	408	0	1334016
2268	751	408	1074	1	1334424
2269	408	1074	732	0	1335498
2270	1074	732	719	0	1336230
2271	732	719	712	0	1336949
2272	719	712	720	0	1337661
2273	712	720	724	0	1338381
2274	720	724	732	0	1339105
2275	724	732	727	0	1339837
2276	732	727	724	0	1340564
2277	727	724	432	0	1341288
2278	724	432	1031	1	1341720
2279	432	1031	735	0	1342751
2280	1031	735	405	0	1343486
2281	735	405	1039	1	1343891
2282	405	1039	642	0	1344930
2283	1039	642	409	0	1345572
2284	642	409	778	1	1345981
2285	409	778	568	0	1346759
2286	778	568	432	0	1347327
2287	568	432	716	1	1347759
2288	432	716	556	0	1348475
2289	716	556	588	0	1349031
2290	556	588	618	0	1349619
2291	588	618	677	0	1350237
2292	618	677	767	0	1350914
2293	677	767	397	0	1351681
2294	767	397	486	1	1352078
2295	397	486	701	0	1352564
2296	486	701	758	0	1353265
2297	701	758	755	0	1354023
2298	758	755	701	0	1354778
2299	755	701	661	0	1355479
2300	701	661	642	0	1356140
2301	661	642	646	0	1356782
2302	642	646	646	0	1357428
2303	646	646	634	0	1358074
2304	646	634	623	0	1358708
2305	634	623	436	0	1359331
2306	623	436	431	1	1359767
2307	436	431	487	1	1360198
2308	431	487	510	0	1360685
2309	487	510	591	1	1361195
2310	510	591	584	0	1361786
2311	591	584	412	0	1362370
2312	584	412	806	1	1362782
2313	412	806	607	0	1363588
2314	806	607	439	0	1364195
2315	607	439	775	1	1364634
2316	439	775	591	0	1365409
2317	775	591	588	0	1366000
2318	591	588	599	0	1366588
2319	588	599	634	0	1367187
2320	599	634	739	0	1367821
2321	634	739	961	0	1368560
2322	739	961	806	0	1369521
2323	961	806	778	0	1370327
2324	806	778	755	0	1371105
2325	778	755	770	0	1371860
2326	755	770	767	0	1372630
2327	770	767	766	0	1373397
2328	767	766	763	0	1374163
2329	766	763	759	0	1374926
2330	763	759	412	0	1375685
2331	759	412	1094	1	1376097
2332	412	1094	743	0	1377191
2333	1094	743	731	0	1377934
2334	743	731	728	0	1378665
2335	731	728	728	0	1379393
2336	728	728	719	0	1380121
2337	728	719	728	0	1380840
2338	719	728	736	0	1381568
2339	728	736	735	0	1382304
2340	736	735	412	0	1383039
2341	735	412	1074	1	1383451
2342	412	1074	740	0	1384525
2343	1074	740	408	0	1385265
2344	740	408	1062	1	1385673
2345	408	1062	677	0	1386735
2346	1062	677	413	0	1387412
2347	677	413	836	1	1387825
2348	413	836	631	0	1388661
2349	836	631	416	0	1389292
2350	631	416	895	1	1389708
2351	416	895	782	0	1390603
2352	895	782	417	0	1391385
2353	782	417	498	1	1391802
2354	417	498	646	0	1392300
2355	498	646	735	0	1392946
2356	646	735	416	0	1393681
2357	735	416	1090	1	1394097
2358	416	1090	727	0	1395187
2359	1090	727	736	0	1395914
2360	727	736	735	0	1396650
2361	736	735	732	0	1397385
2362	735	732	739	0	1398117
2363	732	739	732	0	1398856
2364	739	732	727	0	1399588
2365	732	727	736	0	1400315
2366	727	736	731	0	1401051
2367	736	731	728	0	1401782
2368	731	728	712	0	1402510
2369	728	712	716	0	1403222
2370	712	716	653	0	1403938
2371	716	653	639	0	1404591
2372	653	639	630	0	1405230
2373	639	630	622	0	1405860
2374	630	622	413	0	1406482
2375	622	413	821	1	1406895
2376	413	821	615	0	1407716
2377	821	615	611	0	1408331
2378	615	611	424	0	1408942
2379	611	424	809	1	1409366
2380	424	809	607	0	1410175
2381	809	607	432	0	1410782
2382	607	432	751	1	1411214
2383	432	751	568	0	1411965
2384	751	568	409	0	1412533
2385	568	409	754	1	1412942
2386	409	754	569	0	1413696
2387	754	569	420	0	1414265
2388	569	420	747	1	1414685
2389	420	747	580	0	1415432
2390	747	580	408	0	1416012
2391	580	408	794	1	1416420
2392	408	794	603	0	1417214
2393	794	603	576	0	1417817
2394	603	576	409	0	1418393
2395	576	409	805	1	1418802
2396	409	805	599	0	1419607
2397	805	599	580	0	1420206
2398	599	580	405	0	1420786
2399	580	405	825	1	1421191
2400	405	825	599	0	1422016
2401	825	599	572	0	1422615
2402	599	572	580	0	1423187
2403	572	580	447	0	1423767
2404	580	447	697	1	1424214
2405	447	697	575	0	1424911
2406	697	575	580	0	1425486
2407	575	580	405	0	1426066
2408	580	405	790	1	1426471
2409	405	790	595	0	1427261
2410	790	595	580	0	1427856
2411	595	580	580	0	1428436
2412	580	580	587	0	1429016
2413	580	587	595	0	1429603
2414	587	595	592	0	1430198
2415	595	592	412	0	1430790
2416	592	412	751	1	1431202
2417	412	751	580	0	1431953
2418	751	580	584	0	1432533
2419	580	584	576	0	1433117
2420	584	576	572	0	1433693
2421	576	572	564	0	1434265
2422	572	564	560	0	1434829
2423	564	560	553	0	1435389
2424	560	553	564	0	1435942
2425	553	564	568	0	1436506
2426	564	568	580	0	1437074
2427	568	580	404	0	1437654
2428	580	404	763	1	1438058
2429	404	763	580	0	1438821
2430	763	580	568	0	1439401
2431	580	568	572	0	1439969
2432	568	572	572	0	1440541
2433	572	572	568	0	1441113
2434	572	568	572	0	1441681
2435	568	572	591	0	1442253
2436	572	591	393	0	1442844
2437	591	393	814	1	1443237
2438	393	814	599	0	1444051
2439	814	599	611	0	1444650
2440	599	611	428	0	1445261
2441	611	428	786	1	1445689
2442	428	786	603	0	1446475
2443	786	603	587	0	1447078
2444	603	587	596	0	1447665
2445	587	596	599	0	1448261
2446	596	599	619	0	1448860
2447	599	619	634	0	1449479
2448	619	634	638	0	1450113
2449	634	638	669	0	1450751
2450	638	669	685	0	1451420
2451	669	685	677	0	1452105
2452	685	677	673	0	1452782
2453	677	673	673	0	1453455
2454	673	673	631	0	1454128
2455	673	631	412	0	1454759
2456	631	412	845	1	1455171
2457	412	845	618	0	1456016
2458	845	618	599	0	1456634
2459	618	599	611	0	1457233
2460	599	611	611	0	1457844
2461	611	611	615	0	1458455
2462	611	615	611	0	1459070
2463	615	611	424	0	1459681
2464	611	424	813	1	1460105
2465	424	813	615	0	1460918
2466	813	615	595	0	1461533
2467	615	595	413	0	1462128
2468	595	413	790	1	1462541
2469	413	790	595	0	1463331
2470	790	595	588	0	1463926
2471	595	588	587	0	1464514
2472	588	587	595	0	1465101
2473	587	595	588	0	1465696
2474	595	588	580	0	1466284
2475	588	580	432	0	1466864
2476	580	432	747	1	1467296
2477	432	747	587	0	1468043
2478	747	587	584	0	1468630
2479	587	584	401	0	1469214
2480	584	401	790	1	1469615
2481	401	790	614	0	1470405
2482	790	614	596	0	1471019
2483	614	596	622	0	1471615
2484	596	622	650	0	1472237
2485	622	650	654	0	1472887
2486	650	654	681	0	1473541
2487	654	681	397	0	1474222
2488	681	397	953	1	1474619
2489	397	953	646	0	1475572
2490	953	646	408	0	1476218
2491	646	408	837	1	1476626
2492	408	837	615	0	1477463
2493	837	615	583	0	1478078
2494	615	583	607	0	1478661
2495	583	607	607	0	1479268
2496	607	607	627	0	1479875
2497	607	627	704	0	1480502
2498	627	704	401	0	1481206
2499	704	401	584	1	1481607
2500	401	584	770	0	1482191
2501	584	770	809	0	1482961
2502	770	809	802	0	1483770
2503	809	802	401	0	1484572
2504	802	401	498	1	1484973
2505	401	498	712	0	1485471
2506	498	712	798	0	1486183
2507	712	798	778	0	1486981
2508	798	778	404	0	1487759
2509	778	404	483	1	1488163
2510	404	483	700	0	1488646
2511	483	700	763	0	1489346
2512	700	763	759	0	1490109
2513	763	759	404	0	1490868
2514	759	404	1121	1	1491272
2515	404	1121	751	0	1492393
2516	1121	751	735	0	1493144
2517	751	735	747	0	1493879
2518	735	747	740	0	1494626
2519	747	740	735	0	1495366
2520	740	735	747	0	1496101
2521	735	747	401	0	1496848
2522	747	401	1136	1	1497249
2523	401	1136	751	0	1498385
2524	1136	751	409	0	1499136
2525	751	409	1113	1	1499545
2526	409	1113	758	0	1500658
2527	1113	758	417	0	1501416
2528	758	417	1070	1	1501833
2529	417	1070	735	0	1502903
2530	1070	735	736	0	1503638
2531	735	736	719	0	1504374
2532	736	719	740	0	1505093
2533	719	740	747	0	1505833
2534	740	747	412	0	1506580
2535	747	412	1090	1	1506992
2536	412	1090	755	0	1508082
2537	1090	755	762	0	1508837
2538	755	762	767	0	1509599
2539	762	767	778	0	1510366
2540	767	778	790	0	1511144
2541	778	790	416	0	1511934
2542	790	416	514	1	1512350
2543	416	514	650	0	1512864
2544	514	650	782	0	1513514
2545	650	782	801	0	1514296
2546	782	801	393	0	1515097
2547	801	393	479	1	1515490
2548	393	479	689	0	1515969
2549	479	689	754	0	1516658
2550	689	754	755	0	1517412
2551	754	755	401	0	1518167
2552	755	401	1125	1	1518568
2553	401	1125	747	0	1519693
2554	1125	747	755	0	1520440
2555	747	755	412	0	1521195
2556	755	412	1093	1	1521607
2557	412	1093	747	0	1522700
2558	1093	747	744	0	1523447
2559	747	744	727	0	1524191
2560	744	727	736	0	1524918
2561	727	736	766	0	1525654
2562	736	766	759	0	1526420
2563	766	759	767	0	1527179
2564	759	767	774	0	1527946
2565	767	774	782	0	1528720
2566	774	782	778	0	1529502
2567	782	778	416	0	1530280
2568	778	416	483	1	1530696
2569	416	483	685	0	1531179
2570	483	685	762	0	1531864
2571	685	762	783	0	1532626
2572	762	783	770	0	1533409
2573	783	770	774	0	1534179
2574	770	774	763	0	1534953
2575	774	763	755	0	1535716
2576	763	755	751	0	1536471
2577	755	751	762	0	1537222
2578	751	762	755	0	1537984
2579	762	755	755	0	1538739
2580	755	755	759	0	1539494
2581	755	759	759	0	1540253
2582	759	759	766	0	1541012
2583	759	766	767	0	1541778
2584	766	767	404	0	1542545
2585	767	404	1129	1	1542949
2586	404	1129	755	0	1544078
2587	1129	755	751	0	1544833
2588	755	751	755	0	1545584
2589	751	755	747	0	1546339
2590	755	747	735	0	1547086
2591	747	735	743	0	1547821
2592	735	743	743	0	1548564
2593	743	743	747	0	1549307
2594	743	747	740	0	1550054
2595	747	740	751	0	1550794
2596	740	751	743	0	1551545
2597	751	743	739	0	1552288
2598	743	739	728	0	1553027
2599	739	728	692	0	1553755
2600	728	692	631	0	1554447
2601	692	631	424	0	1555078
2602	631	424	766	1	1555502
2603	424	766	576	0	1556268
2604	766	576	572	0	1556844
2605	576	572	409	0	1557416
2606	572	409	739	1	1557825
2607	409	739	564	0	1558564
2608	739	564	568	0	1559128
2609	564	568	409	0	1559696
2610	568	409	735	1	1560105
2611	409	735	569	0	1560840
2612	735	569	424	0	1561409
2613	569	424	751	1	1561833
2614	424	751	576	0	1562584
2615	751	576	575	0	1563160
2616	576	575	580	0	1563735
2617	575	580	580	0	1564315
2618	580	580	584	0	1564895
2619	580	584	599	0	1565479
2620	584	599	424	0	1566078
2621	599	424	794	1	1566502
2622	424	794	603	0	1567296
2623	794	603	580	0	1567899
2624	603	580	603	0	1568479
2625	580	603	587	0	1569082
2626	603	587	596	0	1569669
2627	587	596	591	0	1570265
2628	596	591	591	0	1570856
2629	591	591	592	0	1571447
2630	591	592	603	0	1572039
2631	592	603	603	0	1572642
2632	603	603	420	0	1573245
2633	603	420	782	1	1573665
2634	420	782	592	0	1574447
2635	782	592	584	0	1575039
2636	592	584	400	0	1575623
2637	584	400	763	1	1576023
2638	400	763	572	0	1576786
2639	763	572	564	0	1577358
2640	572	564	401	0	1577922
2641	564	401	763	1	1578323
2642	401	763	568	0	1579086
2643	763	568	583	0	1579654
2644	568	583	600	0	1580237
2645	583	600	607	0	1580837
2646	600	607	607	0	1581444
2647	607	607	408	0	1582051
2648	607	408	825	1	1582459
2649	408	825	611	0	1583284
2650	825	611	591	0	1583895
2651	611	591	580	0	1584486
2652	591	580	580	0	1585066
2653	580	580	576	0	1585646
2654	580	576	576	0	1586222
2655	576	576	400	0	1586798
2656	576	400	759	1	1587198
2657	400	759	596	0	1587957
2658	759	596	424	0	1588553
2659	596	424	755	1	1588977
2660	424	755	603	0	1589732
2661	755	603	428	0	1590335
2662	603	428	747	1	1590763
2663	428	747	587	0	1591510
2664	747	587	584	0	1592097
2665	587	584	584	0	1592681
2666	584	584	575	0	1593265
2667	584	575	584	0	1593840
2668	575	584	432	0	1594424
2669	584	432	747	1	1594856
2670	432	747	580	0	1595603
2671	747	580	584	0	1596183
2672	580	584	560	0	1596767
2673	584	560	580	0	1597327
2674	560	580	435	0	1597907
2675	580	435	829	1	1598342
2676	435	829	704	0	1599171
2677	829	704	417	0	1599875
2678	704	417	926	1	1600292
2679	417	926	634	0	1601218
2680	926	634	607	0	1601852
2681	634	607	603	0	1602459
2682	607	603	607	0	1603062
2683	603	607	607	0	1603669
2684	607	607	428	0	1604276
2685	607	428	778	1	1604704
2686	428	778	596	0	1605482
2687	778	596	416	0	1606078
2688	596	416	774	1	1606494
2689	416	774	580	0	1607268
2690	774	580	576	0	1607848
2691	580	576	405	0	1608424
2692	576	405	762	1	1608829
2693	405	762	580	0	1609591
2694	762	580	568	0	1610171
2695	580	568	401	0	1610739
2696	568	401	759	1	1611140
2697	401	759	572	0	1611899
2698	759	572	564	0	1612471
2699	572	564	409	0	1613035
2700	564	409	766	1	1613444
2701	409	766	607	0	1614210
2702	766	607	595	0	1614817
2703	607	595	588	0	1615412
2704	595	588	591	0	1616000
2705	588	591	592	0	1616591
2706	591	592	412	0	1617183
2707	592	412	817	1	1617595
2708	412	817	623	0	1618412
2709	817	623	607	0	1619035
2710	623	607	611	0	1619642
2711	607	611	615	0	1620253
2712	611	615	618	0	1620868
2713	615	618	603	0	1621486
2714	618	603	592	0	1622089
2715	603	592	424	0	1622681
2716	592	424	767	1	1623105
2717	424	767	603	0	1623872
2718	767	603	432	0	1624475
2719	603	432	786	1	1624907
2720	432	786	603	0	1625693
2721	786	603	424	0	1626296
2722	603	424	774	1	1626720
2723	424	774	611	0	1627494
2724	774	611	432	0	1628105
2725	611	432	798	1	1628537
2726	432	798	630	0	1629335
2727	798	630	436	0	1629965
2728	630	436	747	1	1630401
2729	436	747	576	0	1631148
2730	747	576	591	0	1631724
2731	576	591	607	0	1632315
2732	591	607	658	0	1632922
2733	607	658	735	0	1633580
2734	658	735	759	0	1634315
2735	735	759	829	0	1635074
2736	759	829	782	0	1635903
2737	829	782	428	0	1636685
2738	782	428	1074	1	1637113
2739	428	1074	681	0	1638187
2740	1074	681	416	0	1638868
2741	681	416	825	1	1639284
2742	416	825	591	0	1640109
2743	825	591	576	0	1640700
2744	591	576	405	0	1641276
2745	576	405	786	1	1641681
2746	405	786	615	0	1642467
2747	786	615	439	0	1643082
2748	615	439	763	1	1643521
2749	439	763	595	0	1644284
2750	763	595	444	0	1644879
2751	595	444	774	1	1645323
2752	444	774	615	0	1646097
2753	774	615	599	0	1646712
2754	615	599	603	0	1647311
2755	599	603	619	0	1647914
2756	603	619	459	0	1648533
2757	619	459	864	1	1648992
2758	459	864	646	0	1649856
2759	864	646	444	0	1650502
2760	646	444	902	1	1650946
2761	444	902	666	0	1651848
2762	902	666	428	0	1652514
2763	666	428	840	1	1652942
2764	428	840	677	0	1653782
2765	840	677	452	0	1654459
2766	677	452	840	1	1654911
2767	452	840	677	0	1655751
2768	840	677	642	0	1656428
2769	677	642	646	0	1657070
2770	642	646	642	0	1657716
2771	646	642	638	0	1658358
2772	642	638	634	0	1658996
2773	638	634	607	0	1659630
2774	634	607	623	0	1660237
2775	607	623	642	0	1660860
2776	623	642	642	0	1661502
2777	642	642	650	0	1662144
2778	642	650	700	0	1662794
2779	650	700	953	0	1663494
2780	700	953	783	0	1664447
2781	953	783	751	0	1665230
2782	783	751	412	0	1665981
2783	751	412	1082	1	1666393
2784	412	1082	735	0	1667475
2785	1082	735	432	0	1668210
2786	735	432	996	1	1668642
2787	432	996	720	0	1669638
2788	996	720	704	0	1670358
2789	720	704	708	0	1671062
2790	704	708	716	0	1671770
2791	708	716	736	0	1672486
2792	716	736	770	0	1673222
2793	736	770	736	0	1673992
2794	770	736	743	0	1674728
2795	736	743	416	0	1675471
2796	743	416	1109	1	1675887
2797	416	1109	654	0	1676996
2798	1109	654	432	0	1677650
2799	654	432	829	1	1678082
2800	432	829	634	0	1678911
2801	829	634	583	0	1679545
2802	634	583	588	0	1680128
2803	583	588	599	0	1680716
2804	588	599	405	0	1681315
2805	599	405	848	1	1681720
2806	405	848	662	0	1682568
2807	848	662	451	0	1683230
2808	662	451	790	1	1683681
2809	451	790	603	0	1684471
2810	790	603	603	0	1685074
2811	603	603	619	0	1685677
2812	603	619	408	0	1686296
2813	619	408	860	1	1686704
2814	408	860	611	0	1687564
2815	860	611	599	0	1688175
2816	611	599	417	0	1688774
2817	599	417	813	1	1689191
2818	417	813	615	0	1690004
2819	813	615	603	0	1690619
2820	615	603	611	0	1691222
2821	603	611	630	0	1691833
2822	611	630	607	0	1692463
2823	630	607	619	0	1693070
2824	607	619	626	0	1693689
2825	619	626	697	0	1694315
2826	626	697	408	0	1695012
2827	697	408	1121	1	1695420
2828	408	1121	875	0	1696541
2829	1121	875	786	0	1697416
2830	875	786	759	0	1698202
2831	786	759	747	0	1698961
2832	759	747	736	0	1699708
2833	747	736	743	0	1700444
2834	736	743	420	0	1701187
2835	743	420	1051	1	1701607
2836	420	1051	653	0	1702658
2837	1051	653	592	0	1703311
2838	653	592	576	0	1703903
2839	592	576	607	0	1704479
2840	576	607	607	0	1705086
2841	607	607	646	0	1705693
2842	607	646	708	0	1706339
2843	646	708	755	0	1707047
2844	708	755	751	0	1707802
2845	755	751	424	0	1708553
2846	751	424	1089	1	1708977
2847	424	1089	798	0	1710066
2848	1089	798	412	0	1710864
2849	798	412	961	1	1711276
2850	412	961	603	0	1712237
2851	961	603	413	0	1712840
2852	603	413	774	1	1713253
2853	413	774	572	0	1714027
2854	774	572	576	0	1714599
2855	572	576	420	0	1715175
2856	576	420	887	1	1715595
2857	420	887	436	0	1716482
2858	887	436	993	1	1716918
2859	436	993	708	0	1717911
2860	993	708	700	0	1718619
2861	708	700	689	0	1719319
2862	700	689	657	0	1720008
2863	689	657	413	0	1720665
2864	657	413	953	1	1721078
2865	413	953	743	0	1722031
2866	953	743	417	0	1722774
2867	743	417	996	1	1723191
2868	417	996	665	0	1724187
2869	996	665	603	0	1724852
2870	665	603	596	0	1725455
2871	603	596	642	0	1726051
2872	596	642	665	0	1726693
2873	642	665	401	0	1727358
2874	665	401	910	1	1727759
2875	401	910	631	0	1728669
2876	910	631	599	0	1729300
2877	631	599	634	0	1729899
2878	599	634	623	0	1730533
2879	634	623	614	0	1731156
2880	623	614	635	0	1731770
2881	614	635	661	0	1732405
2882	635	661	677	0	1733066
2883	661	677	673	0	1733743
2884	677	673	401	0	1734416
2885	673	401	953	1	1734817
2886	401	953	654	0	1735770
2887	953	654	638	0	1736424
2888	654	638	658	0	1737062
2889	638	658	634	0	1737720
2890	658	634	646	0	1738354
2891	634	646	416	0	1739000
2892	646	416	938	1	1739416
2893	416	938	677	0	1740354
2894	938	677	654	0	1741031
2895	677	654	401	0	1741685
2896	654	401	953	1	1742086
2897	401	953	657	0	1743039
2898	953	657	646	0	1743696
2899	657	646	677	0	1744342
2900	646	677	767	0	1745019
2901	677	767	895	0	1745786
2902	767	895	774	0	1746681
2903	895	774	759	0	1747455
2904	774	759	767	0	1748214
2905	759	767	762	0	1748981
2906	767	762	413	0	1749743
2907	762	413	1140	1	1750156
2908	413	1140	766	0	1751296
2909	1140	766	751	0	1752062
2910	766	751	751	0	1752813
2911	751	751	747	0	1753564
2912	751	747	740	0	1754311
2913	747	740	716	0	1755051
2914	740	716	739	0	1755767
2915	716	739	716	0	1756506
2916	739	716	724	0	1757222
2917	716	724	416	0	1757946
2918	724	416	1050	1	1758362
2919	416	1050	829	0	1759412
2920	1050	829	771	0	1760241
2921	829	771	766	0	1761012
2922	771	766	771	0	1761778
2923	766	771	770	0	1762549
2924	771	770	763	0	1763319
2925	770	763	751	0	1764082
2926	763	751	758	0	1764833
2927	751	758	771	0	1765591
2928	758	771	416	0	1766362
2929	771	416	1129	1	1766778
2930	416	1129	770	0	1767907
2931	1129	770	767	0	1768677
2932	770	767	770	0	1769444
2933	767	770	759	0	1770214
2934	770	759	762	0	1770973
2935	759	762	775	0	1771735
2936	762	775	770	0	1772510
2937	775	770	782	0	1773280
2938	770	782	417	0	1774062
2939	782	417	490	1	1774479
2940	417	490	689	0	1774969
2941	490	689	793	0	1775658
2942	689	793	794	0	1776451
2943	793	794	782	0	1777245
2944	794	782	778	0	1778027
2945	782	778	775	0	1778805
2946	778	775	412	0	1779580
2947	775	412	1125	1	1779992
2948	412	1125	762	0	1781117
2949	1125	762	740	0	1781879
2950	762	740	716	0	1782619
2951	740	716	739	0	1783335
2952	716	739	747	0	1784074
2953	739	747	405	0	1784821
2954	747	405	1132	1	1785226
2955	405	1132	755	0	1786358
2956	1132	755	759	0	1787113
2957	755	759	747	0	1787872
2958	759	747	743	0	1788619
2959	747	743	416	0	1789362
2960	743	416	992	1	1789778
2961	416	992	619	0	1790770
2962	992	619	416	0	1791389
2963	619	416	833	1	1791805
2964	416	833	615	0	1792638
2965	833	615	611	0	1793253
2966	615	611	630	0	1793864
2967	611	630	650	0	1794494
2968	630	650	681	0	1795144
2969	650	681	759	0	1795825
2970	681	759	852	0	1796584
2971	759	852	895	0	1797436
2972	852	895	794	0	1798331
